44.259
46.495
53.697
55.958
66.741
84.555
90.670
91.351
92.990
92.120
92.903
93.687
92.825
91.553
91.705
90.899
92.862
94.208
94.001
93.747
95.130
95.592
95.920
96.576
96.698
96.396
95.764
94.668
91.704
87.325
87.449
87.602
91.261
92.896
95.062
95.873
95.456
96.103
96.405
96.442
95.720
95.441
95.435
95.586
93.545
92.540
88.222
89.021
88.564
86.240
88.163
89.427
88.408
89.192
91.391
92.407
92.931
92.515
92.619
93.525
92.965
93.766
93.090
92.808
92.795
92.047
93.018
92.821
93.476
94.694
94.905
95.156
96.065
96.097
95.823
96.205
96.140
95.240
94.807
94.227
93.691
94.219
93.999
95.079
93.814
93.646
88.662
88.436
90.355
93.740
94.233
94.796
94.803
95.079
96.359
96.039
94.231
93.006
93.912
94.683
95.383
95.385
94.854
95.381
94.649
94.433
95.290
94.942
95.680
95.990
96.352
97.022
96.516
95.963
94.536
93.228
91.330
86.693
89.025
93.548
94.160
92.347
93.636
95.221
95.614
96.503
96.732
96.591
93.088
90.919
94.603
95.609
95.559
94.801
91.611
