37.655
45.239
52.253
58.174
84.744
90.733
91.480
93.019
92.489
93.622
94.482
93.321
92.349
93.224
92.192
94.097
95.337
95.446
95.211
96.093
96.041
96.096
96.856
96.839
96.522
95.843
94.805
91.933
87.668
87.926
87.807
91.438
93.038
95.128
95.953
95.530
96.173
96.396
96.321
95.540
95.088
94.849
94.582
91.874
90.974
85.111
84.606
80.584
80.399
81.317
85.882
85.449
86.482
89.552
90.589
92.068
91.630
91.955
92.513
91.731
92.908
91.938
90.974
91.106
90.884
92.207
92.308
93.406
94.739
94.662
95.090
96.247
96.195
95.728
96.246
96.314
95.351
94.802
94.322
93.785
94.382
94.154
95.165
93.942
93.740
88.686
88.302
90.312
93.585
94.354
95.143
95.029
95.147
96.577
96.239
94.345
93.217
94.096
94.854
95.428
95.309
94.852
95.364
94.626
94.430
95.337
94.978
95.738
96.152
96.522
97.387
97.054
96.692
95.504
94.357
92.621
87.526
90.221
94.453
94.874
93.194
94.358
95.838
96.143
96.840
96.960
96.731
92.800
90.631
94.910
95.876
96.066
95.244
93.884
90.328
