56.849
73.241
89.074
95.227
95.997
95.917
95.568
94.757
90.533
86.809
84.469
82.866
91.832
94.859
94.554
94.592
94.078
93.304
92.304
90.869
92.459
92.965
93.365
94.326
93.851
94.437
94.950
94.684
94.376
94.297
95.735
95.925
95.952
95.455
94.557
91.515
86.858
86.971
87.699
91.494
92.974
94.867
95.528
95.441
96.204
96.453
96.453
95.990
96.227
96.167
96.123
95.111
94.546
90.807
89.777
89.014
90.040
92.081
94.063
92.100
92.847
94.473
94.651
94.907
94.205
93.971
94.694
94.854
95.056
94.382
94.599
94.697
95.109
95.605
95.419
95.743
96.182
96.110
96.476
96.840
96.539
96.282
96.658
96.345
95.557
95.154
94.345
93.996
94.675
94.372
95.510
94.431
94.327
90.615
90.232
91.455
94.611
95.286
95.861
95.372
95.387
96.779
96.198
94.393
93.221
94.149
94.819
95.140
94.593
93.489
93.221
92.038
92.305
93.016
93.471
94.410
95.441
95.913
96.892
96.438
96.418
95.699
95.181
94.892
90.298
92.569
95.304
95.629
94.735
95.747
96.347
96.436
96.723
96.080
94.707
