45.770
71.427
90.844
94.247
95.079
95.041
96.459
96.607
96.690
96.340
96.990
97.313
97.046
96.851
96.864
93.481
93.048
90.300
92.008
95.276
95.955
94.656
94.781
95.858
95.818
95.675
94.981
94.922
95.411
95.610
96.008
95.445
95.827
96.150
96.351
96.919
96.777
97.114
97.419
97.130
97.560
97.751
97.176
96.724
97.004
96.386
95.566
94.999
94.125
93.256
94.538
94.365
95.747
94.916
94.883
92.252
91.740
92.577
95.636
96.209
96.938
96.206
96.057
97.546
97.076
94.741
93.904
94.088
94.736
95.308
95.333
94.994
95.779
94.793
93.988
95.179
94.737
95.572
95.958
96.425
97.867
98.158
98.049
97.789
97.007
96.710
93.254
95.457
96.918
97.110
96.696
97.468
97.940
98.074
97.807
97.526
97.503
93.076
91.775
96.652
97.909
98.273
98.069
97.850
97.704
96.268
94.742
93.674
94.120
96.690
97.769
97.280
97.550
97.446
97.303
97.421
96.490
96.971
97.230
96.771
97.690
97.805
97.689
97.588
97.811
97.204
97.024
97.574
97.058
96.690
95.762
94.873
92.752
82.793
66.430
