81.378
87.660
89.964
92.045
92.741
92.023
93.616
91.484
91.188
90.024
91.538
93.850
94.652
92.428
92.309
93.603
92.865
93.001
91.986
91.838
93.208
93.314
93.567
92.885
93.404
93.360
94.300
95.298
95.590
95.862
95.958
95.609
95.732
95.667
94.967
94.575
94.154
93.057
92.152
89.757
87.474
87.714
89.121
90.760
92.278
91.635
91.812
86.549
87.234
89.791
93.062
94.573
95.502
94.805
94.202
95.560
95.092
91.978
90.128
90.468
91.865
93.570
93.405
93.614
94.437
93.361
91.855
92.777
91.234
91.970
92.444
93.988
95.992
96.917
97.217
97.130
95.995
95.661
90.936
92.945
95.245
95.426
95.322
96.694
96.790
96.502
95.745
95.303
94.248
90.333
90.002
94.973
96.126
96.669
96.246
96.565
96.566
95.158
93.444
92.802
93.275
95.715
96.261
96.106
96.098
96.539
96.521
96.556
95.805
96.355
96.657
96.162
97.224
97.168
97.087
96.888
96.976
95.954
95.758
96.539
95.719
94.711
92.722
90.253
84.156
74.896
64.354
64.694
65.478
65.994
69.218
75.542
73.036
76.740
78.242
