76.335
77.321
81.524
85.499
82.232
81.025
83.874
86.997
82.257
79.944
83.258
83.421
84.561
82.832
84.120
79.156
72.606
64.102
62.647
70.523
77.151
80.017
83.049
84.165
84.441
86.770
86.325
86.387
85.835
88.039
91.708
92.870
93.758
93.614
94.192
93.415
93.535
94.494
93.793
94.579
93.904
94.651
94.800
94.977
93.769
92.425
90.298
88.574
79.715
78.731
86.560
82.819
84.689
88.628
90.674
92.169
94.176
95.820
95.705
91.255
90.685
94.540
95.357
94.848
91.936
88.510
82.452
76.367
65.705
66.079
69.134
76.811
83.627
87.317
92.046
91.942
93.833
94.448
94.022
93.079
94.172
92.057
93.384
95.132
94.869
93.096
94.622
94.026
93.863
94.539
95.021
93.921
93.231
90.304
87.254
83.901
83.690
84.264
88.177
87.687
91.097
92.168
88.537
88.005
91.430
88.610
83.637
84.186
86.952
81.878
78.040
83.103
77.151
72.621
64.101
54.964
57.347
50.076
44.063
42.217
40.548
40.547
43.706
44.964
47.683
46.126
48.197
46.356
46.574
39.160
40.485
39.212
40.958
37.533
39.632
