92.028
93.881
93.876
93.061
90.291
85.600
85.424
84.755
90.276
92.224
94.603
95.658
95.518
96.334
96.792
96.932
96.398
96.931
97.159
96.846
96.152
96.153
92.300
91.339
87.328
89.973
93.140
94.828
92.738
93.253
94.774
94.617
94.756
93.933
93.768
94.539
94.625
95.182
94.422
94.785
95.019
95.453
96.235
96.082
96.199
96.397
96.509
97.126
97.169
96.866
96.613
97.015
96.394
95.647
95.164
94.374
93.763
94.325
94.186
95.062
94.304
94.368
90.771
89.999
91.445
94.387
94.581
94.646
93.229
93.949
95.335
92.930
91.091
91.487
91.988
92.143
91.524
91.523
90.813
91.633
90.675
91.519
93.159
93.668
95.209
95.518
95.484
96.180
95.839
95.489
94.955
92.987
93.114
87.825
87.099
89.742
90.538
93.167
95.638
96.250
96.669
96.955
96.336
96.770
91.594
90.526
94.681
96.687
97.154
97.482
97.115
96.965
95.029
93.193
92.427
92.866
95.807
97.137
96.694
96.887
96.487
95.970
94.570
94.254
94.850
94.325
93.845
95.169
93.994
92.978
93.033
92.812
87.073
72.708
50.437
