50.095
63.146
74.617
89.936
93.538
93.490
94.619
94.066
94.735
95.252
94.482
93.887
94.460
93.588
95.318
96.267
96.127
95.984
96.572
96.184
96.290
96.945
96.958
96.605
96.046
95.061
92.043
88.299
88.968
89.488
92.272
93.693
95.474
96.254
95.924
96.569
96.778
96.702
96.021
95.905
95.831
95.583
93.684
93.051
88.067
86.932
83.148
84.115
82.881
88.760
87.442
88.608
91.398
92.068
93.167
92.679
92.824
93.410
92.992
93.905
92.933
92.548
92.643
92.701
93.886
93.892
94.735
95.518
95.367
95.865
96.643
96.427
96.056
96.605
96.533
95.538
95.070
94.568
94.072
94.669
94.362
95.413
94.185
93.998
89.908
89.189
90.782
94.014
94.749
95.542
95.149
95.247
96.699
96.294
94.411
93.246
94.226
95.037
95.601
95.591
95.045
95.555
94.853
94.633
95.599
95.205
95.967
96.411
96.671
97.561
97.368
97.023
96.246
95.181
94.100
89.167
91.198
94.759
95.250
94.231
95.374
96.370
96.686
97.202
97.249
97.055
93.389
91.164
95.592
96.538
96.724
96.238
95.456
94.049
85.932
