73.092
79.041
78.903
73.443
72.554
75.284
76.838
80.506
79.850
81.115
77.698
67.261
68.436
74.291
81.230
85.932
88.339
88.825
87.876
88.393
88.786
86.809
85.891
86.686
89.611
92.001
92.714
92.666
93.899
93.125
92.577
92.997
91.497
92.042
91.478
92.902
93.919
95.467
95.146
94.798
92.809
93.077
85.080
83.765
89.469
88.603
90.364
93.388
93.863
94.370
94.255
94.796
94.339
89.867
90.025
94.293
95.602
95.779
94.297
94.095
92.132
89.687
87.424
87.209
88.095
91.033
91.645
93.395
94.777
94.887
95.279
95.357
94.564
94.605
95.218
94.334
95.538
95.744
95.521
94.966
95.341
94.781
94.202
94.928
94.425
92.682
90.502
87.654
82.362
74.316
73.896
71.082
76.825
77.365
83.592
85.883
84.023
83.109
88.500
88.765
85.264
86.691
90.270
89.506
85.630
90.488
86.891
84.924
82.447
83.521
83.597
87.906
83.096
81.178
83.600
81.724
83.387
82.150
83.642
86.006
84.264
83.357
84.789
85.070
85.498
85.834
86.749
89.600
89.264
89.317
88.085
88.690
89.407
86.640
84.200
