73.128
84.306
90.821
92.529
92.555
91.858
94.615
93.770
92.297
91.697
92.736
94.152
95.097
95.326
94.772
95.602
94.806
94.642
95.690
95.091
96.024
96.174
96.300
97.293
97.559
97.147
96.831
95.516
95.456
89.124
89.633
93.370
93.533
94.130
96.203
96.798
97.257
97.488
97.511
97.566
93.346
91.558
96.435
97.676
98.012
97.724
97.189
96.697
94.917
93.024
92.497
93.087
95.878
97.124
97.010
97.292
97.134
96.956
97.017
96.307
96.625
96.886
96.273
97.287
97.485
97.166
96.894
97.184
96.513
96.235
96.855
96.641
96.146
95.531
93.958
90.960
86.628
87.007
87.726
91.670
92.940
94.871
96.004
95.466
96.124
96.895
96.834
96.133
96.718
97.156
96.688
96.112
96.435
93.550
93.155
92.370
92.229
94.179
94.317
91.544
91.279
92.724
92.377
91.354
90.568
91.216
92.832
93.236
93.189
93.020
93.894
94.457
94.425
94.983
94.886
95.290
95.249
94.899
96.096
96.433
95.520
95.266
96.167
95.704
94.126
93.703
93.489
92.616
92.347
91.951
92.018
88.799
86.206
77.294
73.816
