71.578
83.573
87.836
84.852
84.652
88.224
90.342
85.944
85.620
88.613
88.334
88.479
84.978
86.139
80.520
73.902
67.148
62.406
69.457
77.023
77.212
80.530
79.049
80.753
85.379
85.170
84.730
86.687
88.925
92.237
92.661
93.727
93.078
93.708
92.804
93.628
94.657
94.256
95.164
94.627
94.676
94.125
93.768
91.206
89.349
85.567
81.914
73.497
69.695
75.284
72.127
78.443
85.516
88.987
91.787
94.532
95.887
96.193
92.071
91.007
94.451
95.569
95.007
93.385
89.463
83.916
77.825
67.605
68.273
73.869
81.219
87.608
89.648
93.557
92.466
93.887
93.935
93.574
92.583
92.883
90.229
91.871
93.663
91.872
89.774
91.745
84.599
89.622
91.295
93.987
93.047
93.558
91.452
89.652
87.017
86.708
88.399
91.494
91.510
93.453
94.717
92.814
92.646
94.480
94.055
90.386
90.161
92.505
90.980
86.973
89.586
85.587
82.621
77.587
74.328
71.787
71.982
68.162
62.816
54.293
46.161
46.673
46.259
45.398
45.848
49.307
46.726
46.850
41.213
43.878
39.220
42.286
36.961
36.873
29.544
