40.144
50.420
52.770
58.414
74.416
82.174
84.713
82.408
84.883
89.286
87.178
85.617
88.215
91.363
88.081
85.805
88.900
89.396
89.961
88.635
89.761
85.502
79.691
71.810
68.833
76.055
83.359
83.794
87.838
87.279
88.908
91.966
92.051
90.740
89.757
91.704
93.560
94.391
94.724
94.350
94.693
93.933
93.841
94.881
94.383
95.233
95.277
95.760
96.250
96.425
95.204
93.880
90.664
87.857
78.824
79.665
88.821
89.430
86.482
90.280
92.887
94.000
95.583
96.707
96.621
92.015
91.106
95.467
96.534
96.062
93.377
90.145
84.524
80.907
72.417
74.069
77.044
79.630
84.497
87.850
92.993
93.248
95.335
95.800
95.108
94.516
95.040
92.853
94.828
96.233
95.843
94.309
96.177
95.500
95.481
96.122
96.254
95.652
94.901
92.730
89.295
84.444
84.342
84.556
90.042
90.904
93.239
94.247
92.409
91.789
93.942
92.069
87.852
87.580
89.432
84.932
81.025
84.803
74.043
70.532
50.784
46.391
50.072
41.992
38.207
35.215
36.262
35.799
37.323
36.500
35.283
36.686
40.325
36.306
37.252
