36.746
43.534
40.036
37.756
46.000
43.281
51.869
61.368
65.799
70.438
73.268
77.134
80.792
78.720
76.265
81.024
84.622
81.809
79.002
79.463
81.917
80.871
79.174
75.309
72.377
62.066
50.155
44.748
48.894
60.503
66.347
63.814
64.998
64.136
73.150
64.804
69.664
76.705
79.927
87.969
89.093
91.507
92.211
92.680
92.506
92.584
93.456
92.828
93.777
92.230
92.789
91.225
92.226
88.906
87.682
81.713
79.859
67.927
65.504
71.361
67.131
75.304
82.859
85.332
89.069
92.404
94.829
94.984
90.520
90.446
94.085
94.894
93.798
90.271
85.447
79.124
73.279
64.546
66.946
70.153
73.281
80.670
84.155
90.340
90.105
93.339
93.665
93.426
91.860
92.292
89.188
91.248
93.641
92.416
88.914
92.510
91.036
91.736
90.595
92.511
90.201
90.190
86.423
82.352
79.803
80.158
78.959
85.063
84.793
87.907
90.367
88.379
85.119
90.438
88.669
83.458
83.212
85.680
80.967
76.242
81.248
69.237
63.867
49.050
40.866
48.116
42.110
43.939
36.088
34.936
34.652
33.916
32.486
32.886
29.189
