34.363
45.944
42.672
43.245
41.292
47.756
52.332
80.098
87.894
88.853
87.932
91.851
93.680
92.094
92.033
94.408
95.151
94.402
94.493
95.271
91.505
89.761
85.994
89.350
92.825
94.956
93.087
93.333
94.688
94.366
94.428
93.541
92.821
94.096
94.081
94.093
93.118
94.048
94.185
95.213
96.027
96.154
96.345
96.336
96.052
96.435
96.364
95.491
95.039
94.512
93.467
92.197
90.156
86.943
86.232
88.774
89.996
92.872
92.143
92.962
89.010
89.462
91.060
94.090
94.909
95.520
94.495
94.403
95.309
94.050
92.447
90.251
88.535
91.338
92.475
92.991
92.374
93.671
92.745
92.014
93.768
92.928
94.452
94.249
95.576
96.691
97.240
96.776
96.666
95.432
95.176
89.972
90.403
92.969
92.979
95.048
96.737
96.925
97.122
96.972
96.734
96.472
91.390
91.090
95.779
97.177
97.540
97.318
97.244
97.089
95.252
93.400
92.492
93.078
95.767
96.897
96.680
97.023
96.911
96.760
96.608
95.997
96.517
96.592
95.847
96.935
96.985
96.591
96.449
96.783
95.896
94.814
95.418
94.237
89.329
