73.773
85.005
87.035
90.268
88.893
88.540
83.466
81.776
84.777
90.270
93.517
95.130
94.299
93.292
95.472
95.346
92.836
91.849
92.043
93.496
94.851
95.167
94.810
95.640
94.806
94.255
95.271
94.417
95.197
95.331
95.867
97.125
97.796
97.648
97.530
96.571
96.254
91.625
93.941
96.189
96.109
95.675
96.877
97.225
97.364
97.218
97.241
97.221
93.407
91.687
96.433
97.663
97.981
97.538
97.217
96.943
95.376
93.700
92.977
93.397
95.974
97.027
96.860
97.220
97.192
97.039
97.208
96.403
96.844
97.153
96.657
97.598
97.711
97.568
97.409
97.668
97.033
96.688
97.270
96.772
95.910
94.711
92.783
88.431
81.315
82.222
80.812
85.503
86.138
91.974
93.706
92.743
94.332
95.714
95.659
94.770
95.914
96.578
96.093
95.685
96.075
93.074
92.358
90.849
91.734
94.608
94.904
92.935
92.550
93.688
93.180
92.232
91.830
91.766
93.396
93.610
93.664
93.081
94.017
94.559
94.769
95.480
95.468
95.936
95.860
95.417
96.149
96.308
95.326
94.906
95.357
94.235
92.326
90.714
85.809
