65.069
71.926
77.026
86.616
88.991
91.040
92.871
92.065
92.969
94.097
94.596
94.400
94.565
95.976
96.259
96.314
95.824
94.781
91.977
87.618
87.552
87.605
91.360
93.081
95.156
95.946
95.703
96.515
96.697
96.847
96.364
96.779
96.745
96.750
95.944
95.636
92.213
92.808
91.132
91.640
93.753
95.040
92.825
93.223
94.736
94.591
94.600
93.725
93.489
94.480
94.611
95.168
94.383
94.812
95.130
95.382
96.226
95.974
96.019
96.639
96.561
97.025
97.258
96.905
96.577
96.997
96.572
95.652
95.169
94.526
93.991
94.533
94.386
95.489
94.501
94.391
90.471
89.914
91.583
94.684
95.415
95.970
95.412
95.492
96.911
96.349
94.560
93.686
94.318
94.893
95.350
95.087
94.110
93.891
93.225
93.560
94.256
94.383
95.310
95.879
96.182
97.131
96.666
96.459
95.559
94.636
94.140
89.711
92.075
95.012
95.429
94.758
95.761
96.463
96.570
96.859
96.255
95.836
91.077
87.492
91.279
94.267
96.152
96.546
96.268
96.259
93.402
91.604
90.554
90.852
94.760
96.178
94.898
93.815
88.780
