56.025
61.102
65.566
80.000
82.196
86.593
90.990
89.302
89.062
90.327
89.344
91.114
90.029
89.678
90.465
89.831
90.299
88.773
88.192
88.916
90.184
92.283
93.974
94.953
95.520
94.826
94.821
95.673
95.271
94.456
94.765
94.873
93.751
92.342
91.770
91.621
92.389
92.842
93.679
92.372
91.847
86.489
87.062
89.830
92.857
94.298
95.410
94.861
94.467
95.967
95.393
92.676
91.572
92.469
93.851
94.731
94.961
94.624
95.340
94.637
94.122
94.945
94.151
95.005
95.197
95.881
97.149
97.571
97.449
97.132
95.867
95.493
90.324
91.924
94.840
94.962
94.880
96.425
96.777
96.682
96.686
96.758
96.243
92.694
91.716
95.881
96.658
96.829
95.683
95.475
94.438
92.559
90.318
88.416
87.674
90.457
92.342
92.281
94.465
95.267
96.145
96.835
96.082
96.154
96.552
96.007
97.088
97.221
97.111
96.873
97.177
96.241
96.105
96.892
96.606
96.073
94.946
93.142
88.889
82.255
79.465
80.733
85.528
85.783
90.200
91.873
91.249
91.330
92.814
92.542
91.332
89.610
90.051
86.765
84.885
