67.454
75.665
80.426
90.021
86.615
88.297
90.303
89.736
91.380
90.761
90.756
91.455
91.030
92.004
91.014
90.389
91.096
91.700
93.554
94.575
95.623
96.019
95.432
95.944
96.669
96.094
95.671
96.221
96.112
95.072
94.474
94.039
93.513
94.263
93.933
94.838
93.332
92.836
86.875
87.057
90.064
93.468
94.753
95.772
95.215
95.013
96.639
96.271
93.959
92.954
94.085
94.925
95.502
95.664
95.133
95.631
94.836
94.643
95.554
95.156
96.005
96.356
96.567
97.693
97.894
97.655
97.366
96.222
95.809
90.976
93.057
95.625
95.840
95.389
96.670
97.143
97.412
97.556
97.511
97.442
92.877
91.770
96.496
97.600
97.924
97.149
96.679
95.948
94.007
91.703
90.536
90.412
93.474
95.517
95.524
96.638
96.742
96.945
97.246
96.403
96.796
97.025
96.434
97.460
97.583
97.484
97.263
97.524
96.751
96.567
97.236
97.033
96.763
96.036
94.732
91.633
87.205
86.472
88.598
92.599
93.954
95.255
95.916
95.432
96.104
96.476
96.157
95.052
95.399
95.581
94.545
93.344
93.227
84.262
79.392
