92.711
94.835
94.490
93.629
91.260
84.413
78.856
80.665
79.314
89.088
92.728
93.046
92.796
91.959
91.013
90.288
89.458
90.984
92.492
92.430
93.413
93.650
94.576
94.643
94.646
94.835
94.671
95.944
95.912
95.892
95.345
94.373
91.189
86.483
86.833
86.728
90.611
92.118
94.273
94.922
95.087
95.850
95.793
95.904
95.444
95.518
95.241
95.447
93.869
93.196
89.004
88.762
86.368
88.378
89.882
92.561
90.435
91.267
93.255
93.608
94.037
93.475
93.252
94.173
94.116
94.389
93.660
93.710
93.600
93.969
94.701
94.463
94.922
95.343
95.456
95.914
96.395
96.199
95.888
96.324
96.141
95.235
94.702
94.099
93.580
94.254
93.941
95.103
93.875
93.708
88.923
89.083
90.647
93.812
94.561
95.054
94.757
94.887
96.363
95.715
93.940
92.562
93.683
94.561
95.057
94.871
93.635
93.466
92.360
92.475
93.353
93.569
94.658
95.335
95.773
96.737
96.186
96.074
95.186
94.339
93.468
88.538
90.621
94.194
94.633
93.475
94.734
95.661
95.855
96.247
95.788
94.846
88.122
78.464
58.620
