70.206
73.434
73.806
80.734
83.887
90.160
91.655
93.006
93.333
94.447
93.790
93.759
94.569
94.147
95.201
94.646
94.663
94.449
94.873
93.013
93.179
91.069
90.759
82.022
80.294
84.752
84.918
86.378
91.476
92.761
94.819
95.963
96.486
96.975
92.431
90.993
95.708
97.205
97.184
96.895
95.795
94.477
92.776
90.645
90.896
92.063
94.665
96.214
96.404
96.833
96.514
96.454
96.196
95.573
95.784
96.149
95.136
96.085
96.559
96.064
94.533
94.952
94.068
93.512
93.001
93.875
92.493
92.758
90.397
87.297
84.232
83.995
85.549
90.182
91.074
93.289
95.182
94.590
94.964
96.191
96.370
95.393
95.944
96.748
96.290
95.596
96.118
93.017
92.785
91.664
91.795
92.338
90.647
86.738
85.027
88.620
88.934
86.218
87.739
89.817
92.075
91.725
91.776
92.525
93.637
93.952
92.983
92.339
90.873
90.678
89.250
90.279
93.197
93.223
91.112
92.968
94.401
93.673
91.737
92.134
92.017
90.435
88.892
86.157
85.837
80.055
73.017
70.427
57.991
47.879
46.865
45.690
48.548
41.945
40.808
