66.119
69.086
60.177
62.739
64.901
69.662
71.140
69.768
73.276
69.443
60.111
59.848
68.248
76.674
81.083
82.754
85.024
84.036
84.527
85.087
84.431
83.336
84.145
87.970
90.986
91.582
92.109
93.152
92.472
91.737
92.134
90.347
90.634
89.382
91.205
92.370
94.551
94.356
94.164
91.799
92.659
83.582
81.278
88.602
86.664
88.552
91.867
92.240
93.057
92.542
93.918
93.238
89.024
89.572
94.077
95.189
95.120
92.982
92.146
88.867
85.807
83.411
84.232
84.501
87.886
88.949
91.888
93.889
94.042
95.047
95.098
94.429
94.558
95.122
94.153
95.335
95.849
95.505
94.733
95.307
94.761
93.913
94.465
93.674
91.502
88.581
84.595
76.981
67.897
65.911
64.407
71.288
71.778
78.504
80.782
78.433
77.089
83.934
84.980
80.994
79.804
86.492
85.539
78.526
85.475
81.041
78.036
75.023
75.945
75.502
82.122
77.667
72.529
73.980
73.235
78.802
77.691
80.554
81.623
78.850
80.331
81.516
80.473
81.274
80.502
80.152
83.732
80.768
82.833
82.447
81.235
84.798
82.602
74.328
81.383
