64.293
78.796
74.387
76.568
82.208
85.611
90.837
91.979
93.254
93.523
94.583
94.001
93.906
94.761
94.370
95.396
94.887
94.885
94.825
95.101
93.529
93.393
91.359
91.032
81.622
79.594
84.016
83.299
86.288
91.790
93.148
95.022
96.153
96.662
97.128
92.502
91.220
95.851
97.280
97.307
96.988
95.903
94.514
92.760
90.584
90.740
91.646
94.590
96.126
96.379
96.864
96.576
96.488
96.321
95.653
95.855
96.184
95.217
96.154
96.668
96.137
94.762
95.176
94.289
93.747
93.456
94.081
93.142
93.138
91.027
87.828
84.764
85.043
86.432
90.437
91.234
93.502
95.386
94.631
94.962
96.298
96.379
95.178
95.763
96.638
96.075
95.162
95.838
92.598
92.002
90.638
90.905
91.637
90.415
86.558
84.691
88.063
88.070
85.253
86.089
88.499
90.424
90.510
90.677
91.234
92.522
93.193
92.291
91.966
90.673
90.564
89.218
90.074
93.156
93.338
91.351
92.728
94.359
93.800
91.656
91.896
91.959
90.375
88.918
86.653
86.351
80.585
72.785
64.460
53.256
42.732
43.495
43.806
43.290
40.294
