52.114
61.158
85.471
92.019
92.876
94.516
95.574
95.491
96.555
96.345
96.345
96.345
95.466
95.621
89.998
91.040
94.098
94.265
95.134
96.702
97.100
97.308
97.337
96.297
96.640
91.255
89.610
94.268
96.782
97.580
97.832
97.556
97.320
95.762
94.086
93.162
93.943
96.470
97.536
97.265
97.383
97.032
96.461
95.705
95.286
95.964
96.538
96.131
96.754
96.161
96.374
96.035
95.101
93.935
92.927
94.247
94.645
94.785
94.125
93.493
90.537
86.236
87.189
88.503
92.141
93.408
95.001
96.137
95.886
96.648
97.127
97.070
96.625
97.268
97.538
97.146
96.815
96.935
94.511
94.502
93.930
93.588
95.757
95.575
93.937
93.664
94.985
94.927
94.357
93.322
93.239
94.354
94.758
95.088
94.408
95.253
95.777
95.750
96.344
96.204
96.464
96.640
96.395
97.126
97.282
96.518
96.382
96.977
96.327
95.219
94.863
94.570
93.565
93.923
93.393
94.515
92.719
92.136
85.901
86.741
88.701
92.372
94.399
95.301
94.480
93.988
95.934
94.258
92.256
91.587
89.757
90.910
89.645
88.850
71.735
