72.326
83.566
85.551
89.552
93.516
95.277
95.883
95.946
95.109
92.457
88.307
88.665
88.828
92.476
93.965
95.815
96.402
96.124
96.817
97.171
97.128
96.589
97.008
97.137
96.829
96.041
95.710
91.598
90.880
87.256
89.290
91.764
94.108
91.755
92.787
94.539
94.564
94.755
94.100
93.915
94.590
94.623
95.284
94.515
94.748
94.925
95.324
96.104
95.698
95.621
96.382
96.498
97.013
97.310
96.995
96.661
97.148
96.738
95.872
95.481
94.863
94.287
94.863
94.616
95.631
94.642
94.583
91.486
90.334
91.631
94.670
95.153
95.253
94.868
95.243
96.661
95.653
94.346
93.732
94.625
95.003
94.718
94.493
92.826
91.889
91.252
92.850
93.757
94.671
95.844
96.319
96.240
96.871
95.736
94.825
92.790
89.970
88.270
83.870
86.022
89.821
92.359
92.055
94.279
95.704
96.246
97.084
96.338
96.710
92.739
89.664
92.736
95.078
96.163
96.905
96.285
95.888
93.019
90.695
89.456
90.311
94.312
96.188
95.384
95.440
93.734
92.130
90.388
86.341
83.646
79.966
80.152
79.951
73.854
46.635
