96.495
96.615
96.046
88.573
88.521
94.546
96.202
96.704
96.050
95.939
95.417
92.082
90.357
87.915
86.727
92.817
95.449
94.952
95.247
95.103
94.869
95.061
94.371
94.790
95.352
94.624
95.726
96.138
96.224
96.040
96.160
95.659
95.344
96.371
96.392
96.051
95.392
94.432
91.810
87.402
87.285
87.934
91.445
93.124
94.798
95.513
95.413
96.116
96.284
96.384
95.983
96.135
96.096
96.161
95.032
94.713
90.272
89.341
86.296
88.904
92.010
94.010
91.889
92.156
93.872
94.090
94.642
93.726
93.587
94.336
94.447
94.747
93.985
94.214
94.498
94.885
95.325
95.291
95.668
96.062
95.927
96.356
96.639
96.372
96.128
96.494
96.178
95.374
94.949
94.388
93.775
94.315
94.160
95.172
94.038
93.910
89.053
89.116
90.917
94.063
94.805
95.462
94.866
94.917
96.389
95.725
93.829
93.095
93.552
94.437
95.010
95.007
94.288
94.850
93.970
93.835
94.637
94.305
95.140
95.620
96.164
97.135
97.020
96.827
96.087
94.941
94.543
89.044
90.278
93.535
93.422
93.810
95.578
96.149
95.063
