72.811
90.094
93.791
93.779
93.092
93.557
93.865
93.686
95.158
95.192
94.830
95.105
95.606
95.063
94.105
94.377
92.956
90.270
84.029
72.436
66.633
56.185
67.296
68.496
82.873
86.726
89.962
91.761
92.288
93.657
94.266
95.201
94.707
95.234
95.371
95.498
94.127
93.756
89.488
89.645
87.111
89.189
92.436
94.530
92.545
92.757
94.223
94.173
94.244
93.478
93.225
94.150
94.238
94.683
93.866
94.215
94.703
95.080
95.689
95.456
95.386
95.518
95.669
95.960
95.684
94.987
95.354
95.122
93.547
92.935
92.858
90.925
89.184
90.033
89.488
91.064
90.831
92.053
88.506
88.461
89.693
92.854
93.885
94.325
93.208
92.798
93.323
91.824
90.027
86.367
86.823
89.688
91.874
92.594
92.908
93.589
93.086
92.372
93.044
92.012
92.760
92.484
93.757
95.170
95.954
95.811
95.694
94.656
94.156
88.971
90.146
92.821
93.407
94.008
95.584
95.753
95.758
95.595
95.323
94.941
91.584
90.443
94.191
95.663
96.274
95.960
95.933
95.822
93.287
90.895
89.499
88.916
92.832
92.488
91.846
