73.059
78.897
77.307
80.769
84.385
81.303
80.006
82.892
85.690
81.361
78.222
81.233
82.391
82.997
81.569
82.342
77.716
70.315
61.455
59.614
67.633
75.113
78.999
80.870
82.674
82.233
84.147
81.681
83.476
83.053
85.368
90.091
91.159
92.340
92.352
92.615
92.148
92.299
93.466
93.010
93.959
93.011
93.930
94.070
94.659
93.465
92.421
89.813
88.839
79.934
77.167
85.258
80.790
84.427
88.706
90.320
91.837
93.711
95.407
95.197
90.402
90.029
94.064
95.148
94.806
91.502
88.037
82.147
79.276
72.393
73.262
75.409
77.258
82.637
86.720
91.936
91.989
93.902
93.982
93.428
92.839
93.434
91.872
93.485
94.618
94.316
92.944
94.075
93.474
93.035
93.614
94.154
92.827
91.866
88.610
84.850
81.502
81.585
81.321
86.549
86.025
89.399
90.792
87.471
86.154
90.398
86.847
82.441
83.215
85.117
79.639
76.022
80.502
71.289
67.123
56.027
48.684
48.883
41.718
37.383
36.342
36.939
36.781
38.774
38.661
44.882
42.893
45.722
47.334
46.350
41.004
41.926
36.189
43.175
28.895
