39.712
48.179
69.192
77.055
80.490
80.297
82.590
86.890
85.194
84.023
86.295
90.105
86.501
84.193
87.005
88.090
88.172
86.597
87.428
83.259
76.928
68.953
66.682
74.244
80.351
81.463
84.422
83.950
85.168
88.732
88.530
87.992
87.409
89.602
92.529
93.363
94.057
93.739
94.197
93.501
93.516
94.505
93.855
94.787
94.511
95.136
95.287
95.213
93.534
90.956
87.110
83.590
74.373
74.553
83.734
83.229
82.865
87.093
90.281
91.997
94.613
96.055
95.893
91.415
90.758
94.612
95.243
94.451
91.551
86.861
81.510
76.220
67.103
67.825
70.157
74.842
81.595
84.564
90.498
89.999
93.041
94.101
93.487
91.316
92.071
89.638
92.034
94.128
93.501
90.930
94.394
94.301
94.459
94.987
95.536
94.701
93.868
91.464
87.974
83.852
83.714
83.333
88.907
89.649
91.979
93.048
90.966
89.897
92.575
90.218
85.663
84.981
87.225
81.902
77.170
81.081
69.019
62.508
49.933
46.543
45.422
41.473
39.347
34.917
36.251
36.292
38.160
37.642
37.811
36.162
35.179
35.413
37.969
35.255
37.298
