68.126
83.432
90.064
92.399
93.509
95.209
94.103
94.543
95.448
95.746
95.243
95.142
96.496
96.576
96.551
96.070
95.216
92.717
88.277
88.643
89.110
91.973
93.935
95.574
96.292
95.963
96.857
97.152
97.177
96.796
97.340
97.464
97.221
96.676
96.621
93.766
93.977
93.069
92.794
95.089
95.451
93.441
93.669
95.094
95.134
94.795
93.833
93.735
94.598
94.823
95.330
94.502
95.023
95.598
95.634
96.511
96.285
96.408
96.859
96.740
97.288
97.506
97.000
96.716
97.192
96.713
95.847
95.409
94.899
94.261
94.803
94.559
95.638
94.524
94.290
90.527
89.419
91.233
94.869
95.438
96.093
95.486
95.600
96.986
96.598
94.643
94.127
94.444
95.032
95.514
95.389
94.379
94.468
93.732
94.130
94.646
94.666
95.660
96.334
96.461
97.481
97.242
97.018
96.375
95.491
95.153
90.503
92.914
95.449
95.877
95.324
96.390
97.009
97.210
97.393
96.775
96.765
93.242
90.158
93.617
96.103
97.113
97.450
97.126
97.084
94.979
93.274
92.134
92.909
95.939
97.227
96.466
96.328
95.391
91.420
