45.904
47.155
50.021
58.611
82.430
92.824
94.968
96.221
97.318
97.143
97.446
92.481
90.850
95.718
97.245
97.442
97.566
96.752
96.168
93.576
91.223
91.362
92.341
95.440
97.047
96.725
96.972
96.443
96.151
95.410
95.042
95.247
94.881
93.423
94.679
94.414
92.256
91.054
92.245
84.878
90.439
91.792
94.542
94.677
95.489
94.834
92.838
88.893
89.580
89.038
92.643
94.305
95.649
96.261
96.084
96.795
97.135
97.057
96.578
97.076
97.234
96.899
96.289
96.384
93.181
93.098
91.278
91.704
93.664
93.487
90.444
90.414
92.921
93.423
93.453
92.995
93.345
94.260
94.105
95.209
94.369
94.766
95.166
94.852
95.222
94.307
94.364
94.388
95.267
96.663
96.780
96.512
96.588
97.212
96.848
95.829
95.287
94.966
94.393
94.973
94.501
95.035
93.452
92.960
88.537
86.890
87.431
90.846
90.569
90.921
88.362
90.521
93.271
90.696
89.584
91.333
92.892
93.963
93.044
94.008
93.019
93.909
93.676
94.030
95.214
94.998
96.050
96.382
96.305
96.341
95.725
93.550
92.314
86.472
80.844
