52.263
67.658
67.046
71.431
72.314
76.981
78.903
84.270
90.027
88.237
88.132
89.258
88.086
90.251
88.759
87.894
89.637
88.664
88.355
87.157
87.074
87.050
89.206
91.125
93.301
94.015
94.280
92.909
92.078
92.725
91.914
90.532
88.903
88.598
87.122
83.765
80.840
82.192
84.857
86.817
89.090
88.181
88.132
84.035
84.314
87.475
90.818
93.394
94.810
94.255
92.852
94.300
94.168
90.135
88.388
87.667
89.316
91.582
91.272
92.200
93.701
91.898
89.177
90.079
87.159
86.960
87.795
91.013
94.115
95.920
96.898
97.030
95.985
95.566
90.518
93.178
95.512
95.559
94.843
96.190
95.904
94.780
92.991
92.207
89.404
86.567
87.665
92.973
93.432
94.147
92.511
93.789
93.407
92.044
90.102
88.663
87.448
90.040
90.616
90.604
91.885
93.769
95.103
96.089
95.686
96.038
96.530
95.972
97.002
97.269
97.193
96.889
97.171
96.353
95.823
96.374
94.662
92.757
89.634
86.994
80.258
67.777
51.362
47.927
41.058
39.138
45.541
44.170
37.619
36.911
43.795
38.384
37.948
35.481
29.361
