45.383
53.117
61.105
80.964
88.479
91.115
90.331
88.967
92.382
92.406
90.338
90.188
90.963
93.241
94.602
95.205
94.643
95.612
94.648
94.672
95.559
94.856
95.779
95.779
95.960
96.615
97.285
96.681
96.618
95.076
94.946
88.115
88.481
92.569
93.083
93.374
95.723
96.212
96.816
97.117
97.328
97.388
93.189
91.632
96.139
97.542
97.821
97.455
96.849
96.123
94.448
92.481
91.928
92.592
95.268
96.650
96.613
97.059
96.914
96.802
96.877
96.056
96.370
96.658
96.033
97.098
97.191
96.948
96.655
96.997
96.236
95.965
96.572
96.424
95.362
94.624
92.519
89.136
85.475
86.511
88.404
91.639
92.641
94.275
95.754
95.121
95.633
96.534
96.562
95.576
96.175
96.810
96.312
95.591
96.040
93.042
92.016
90.541
91.268
93.444
93.254
90.133
89.119
90.679
90.082
87.869
88.062
89.408
91.546
91.771
91.252
91.953
93.262
93.864
93.592
93.709
93.727
94.352
93.715
92.948
94.844
95.182
93.382
93.523
95.025
94.440
92.336
92.133
92.406
90.951
89.714
88.138
87.621
79.362
66.530
