93.240
95.644
96.654
96.612
96.529
95.404
95.153
90.017
91.617
94.642
94.761
94.617
96.252
96.501
96.510
96.116
95.708
95.495
91.328
90.564
94.942
96.463
97.013
96.879
96.883
96.753
94.793
92.945
91.849
92.684
95.603
96.688
96.498
96.596
96.443
96.139
96.008
95.364
95.762
96.238
95.694
96.821
96.713
96.671
96.487
96.351
95.793
94.859
95.612
95.186
93.819
91.653
88.569
83.711
74.232
71.710
68.176
78.544
83.079
87.382
89.914
90.813
92.960
94.041
94.305
94.192
95.431
95.884
95.888
95.477
95.905
93.107
92.786
91.586
92.137
94.719
94.988
92.999
92.816
94.074
93.895
93.432
92.450
92.422
93.612
93.919
94.139
93.358
94.205
94.788
95.075
95.735
95.607
95.779
95.831
95.591
96.307
95.967
95.121
95.242
95.271
93.931
93.072
92.304
90.760
90.029
90.130
90.548
91.692
90.415
90.659
84.590
85.043
87.662
91.112
93.403
94.433
93.680
92.828
94.173
93.456
90.495
88.266
87.218
90.491
92.014
92.829
92.145
92.891
91.581
91.083
91.757
91.035
91.186
85.485
