61.283
82.430
85.770
86.345
85.374
88.814
88.169
86.703
86.766
88.308
91.438
93.288
94.202
94.159
95.407
94.563
94.320
95.309
94.508
95.521
95.217
95.404
95.815
96.635
95.700
95.853
94.209
94.180
86.521
86.587
90.173
90.869
91.619
94.589
95.231
96.145
96.706
97.073
97.257
92.824
91.369
96.068
97.459
97.651
97.216
96.481
95.439
93.780
91.670
91.336
92.114
94.902
96.268
96.474
96.960
96.759
96.702
96.767
95.981
96.234
96.526
95.743
96.839
97.084
96.739
96.278
96.663
95.891
95.492
95.788
95.667
94.302
93.553
91.102
87.576
83.594
84.274
85.920
90.245
91.131
93.423
95.310
94.556
95.106
96.270
96.376
95.325
95.886
96.718
96.192
95.242
95.948
92.906
92.018
90.678
91.027
92.488
92.037
88.430
86.862
89.181
88.828
86.343
87.234
89.193
91.587
91.072
90.810
91.844
93.005
93.204
92.735
92.848
92.394
92.931
91.699
91.479
94.032
94.315
92.181
92.741
94.388
93.780
91.271
91.401
91.563
89.698
88.327
86.488
85.738
78.795
68.315
56.471
46.357
34.322
