59.889
86.234
94.091
95.998
96.776
97.575
97.401
97.629
93.019
91.206
96.131
97.595
97.681
97.709
96.847
96.117
93.197
90.363
90.080
91.751
95.082
96.994
96.782
97.162
96.470
96.373
95.926
95.303
94.279
93.095
91.538
93.763
93.987
91.530
92.217
93.698
91.784
93.529
94.405
95.941
95.853
95.848
94.983
92.743
88.439
89.268
88.886
92.484
94.178
95.574
96.275
96.011
96.790
97.151
97.075
96.643
97.128
97.342
96.982
96.373
96.549
93.634
93.421
91.613
91.703
93.135
93.303
90.309
90.565
93.054
93.671
93.647
92.915
93.260
94.155
94.146
94.991
94.189
94.658
95.111
94.809
95.303
94.449
94.746
95.390
95.674
96.829
97.095
96.637
96.552
97.138
96.736
95.722
95.229
94.980
94.316
94.865
94.460
95.186
93.714
93.262
88.179
87.254
88.677
91.223
91.939
92.608
91.769
92.740
95.246
92.945
91.679
92.720
93.492
94.658
94.614
95.201
94.459
95.381
94.770
94.625
95.700
95.101
96.115
96.488
96.569
97.134
96.624
95.272
93.791
90.359
86.336
77.721
55.057
40.775
