65.769
78.346
90.005
93.275
94.462
95.045
94.475
91.719
87.669
87.335
87.697
92.056
93.712
95.592
96.175
96.002
96.668
97.010
97.096
96.570
96.983
97.153
96.922
96.204
95.916
92.297
91.620
88.035
90.240
92.783
94.536
92.156
93.150
94.733
94.737
94.813
94.112
94.007
94.702
94.729
95.382
94.641
94.933
95.180
95.489
96.196
95.742
95.326
96.253
96.537
97.032
97.162
96.997
96.691
97.112
96.621
95.830
95.460
94.734
94.183
94.748
94.522
95.490
94.570
94.555
91.036
90.007
91.458
94.695
95.030
94.600
94.370
95.035
96.118
94.488
93.530
93.132
93.869
93.950
92.952
92.492
90.138
88.057
88.341
90.662
91.910
93.335
95.145
95.612
95.407
95.764
93.946
92.947
90.219
87.161
85.951
83.070
85.291
87.850
90.227
90.502
92.676
94.688
95.213
96.312
95.122
95.546
90.872
87.131
90.055
93.308
94.999
96.323
95.658
95.711
92.547
90.435
89.330
90.472
94.463
96.307
95.128
94.777
92.276
89.821
87.180
83.179
81.141
76.180
78.818
79.068
60.452
49.235
58.341
63.267
