59.923
70.943
74.448
80.893
83.651
85.459
86.179
85.692
79.691
76.073
81.805
87.045
91.146
92.962
92.639
91.343
93.243
92.952
90.600
89.335
89.366
91.405
93.509
93.713
93.682
94.434
93.621
92.850
93.921
92.821
93.496
93.372
94.505
95.954
96.993
96.906
96.632
95.189
95.098
88.988
90.096
94.064
93.792
93.835
95.887
96.289
96.344
96.124
96.275
96.086
91.815
90.741
95.386
96.870
97.250
96.579
96.293
95.625
93.150
91.123
90.774
91.243
94.549
95.628
95.995
96.472
96.396
96.340
96.311
95.471
95.971
96.490
95.840
96.945
97.003
96.876
96.529
96.749
95.982
95.542
96.373
95.754
94.567
92.588
90.320
84.638
75.702
75.402
72.417
79.698
81.053
87.582
89.407
87.591
89.144
92.907
92.922
90.950
92.707
94.414
93.749
92.646
94.376
90.861
89.579
86.995
88.850
90.804
92.840
89.637
88.730
89.748
88.290
89.340
88.424
89.184
91.080
90.397
90.932
90.680
91.249
91.623
91.967
92.400
93.312
93.825
94.025
93.212
94.139
94.499
93.075
92.186
92.773
91.270
84.710
