83.403
94.321
96.137
95.942
95.784
94.823
91.978
87.622
87.090
87.833
91.962
93.827
95.721
96.310
96.107
96.822
97.200
97.266
96.827
97.302
97.496
97.168
96.654
96.579
93.276
92.542
89.058
90.801
94.152
95.385
93.498
94.032
95.319
95.277
95.230
94.512
94.397
95.050
95.081
95.645
94.981
95.299
95.596
95.859
96.602
96.493
96.621
96.943
96.868
97.409
97.574
97.149
96.841
97.273
96.737
95.980
95.658
94.921
94.372
94.909
94.722
95.705
94.896
94.864
91.756
90.657
91.967
95.163
95.687
95.947
95.265
95.500
96.715
95.818
94.199
93.753
94.287
94.644
94.602
94.769
93.596
93.868
92.604
93.554
94.765
94.935
96.033
96.466
96.475
97.371
97.289
96.669
96.232
94.710
94.481
90.558
91.873
93.411
94.805
94.940
96.331
97.005
97.453
97.649
97.183
97.431
93.870
91.838
95.390
97.210
97.735
97.863
97.460
97.358
95.630
94.139
93.272
93.725
96.258
97.446
97.020
97.228
96.865
96.347
95.760
94.436
95.272
94.612
94.768
95.985
94.978
94.680
95.100
93.753
73.154
