60.102
77.648
91.200
94.803
93.449
93.658
95.025
95.576
95.141
95.454
96.709
96.855
96.773
96.241
95.334
92.662
88.257
88.602
89.010
92.413
94.024
95.815
96.460
96.171
96.932
97.275
97.266
96.801
97.349
97.459
97.157
96.588
96.417
93.032
92.765
90.391
91.232
94.320
95.357
93.322
93.756
95.220
95.150
94.974
94.171
94.060
94.796
94.951
95.493
94.783
95.135
95.528
95.769
96.547
96.281
96.398
96.944
96.819
97.368
97.639
97.129
96.786
97.293
96.812
95.950
95.588
94.958
94.392
94.964
94.716
95.813
94.771
94.595
91.443
90.404
91.788
95.121
95.709
96.249
95.702
95.770
97.242
96.776
94.981
94.096
94.826
95.325
95.772
95.622
94.875
94.900
94.208
94.417
95.183
95.096
95.951
96.568
96.692
97.776
97.312
97.116
96.169
95.305
94.600
90.186
92.473
95.323
95.897
95.248
96.299
97.082
97.338
97.691
97.054
97.075
93.311
90.394
93.908
96.029
96.997
97.473
96.951
96.898
94.634
92.675
91.553
92.220
95.527
97.111
96.099
96.126
95.257
93.774
89.538
80.121
