95.081
96.584
96.421
96.071
94.923
94.555
89.479
90.688
93.831
94.313
94.176
95.994
96.447
96.545
96.377
95.829
95.791
91.404
90.533
94.825
96.323
96.974
96.958
96.891
96.672
94.665
92.759
91.631
92.666
95.522
96.603
96.455
96.602
96.253
95.866
95.677
94.981
95.331
95.765
95.286
96.419
96.325
96.261
96.018
95.899
95.255
94.584
95.338
95.173
94.003
92.212
90.335
86.525
77.627
79.463
77.757
84.547
87.877
90.313
92.781
93.041
94.519
95.177
95.566
95.187
95.990
96.344
96.275
95.758
96.061
93.475
93.178
92.186
92.332
94.509
94.712
92.808
92.577
94.042
94.049
93.551
92.379
92.624
93.528
93.751
94.084
93.439
94.218
94.777
94.827
95.707
95.527
95.716
95.880
95.771
96.464
96.307
95.604
95.585
95.784
94.688
93.949
93.221
92.372
91.483
91.631
92.052
92.817
92.016
91.845
86.549
86.500
88.494
92.045
93.877
94.702
94.025
93.735
94.911
94.077
91.616
90.958
90.272
91.688
92.552
92.980
91.979
92.856
91.588
90.888
92.045
91.298
92.248
90.785
91.288
