93.871
96.525
96.432
96.841
93.012
90.599
95.081
96.449
96.685
96.573
95.647
94.239
90.955
87.612
87.289
90.086
93.602
95.937
95.639
96.111
95.282
94.998
94.307
94.162
93.324
92.188
89.490
92.234
92.700
89.591
89.335
91.687
87.312
91.230
92.137
94.613
94.464
95.102
94.278
92.058
87.897
88.796
88.342
91.729
93.645
95.056
95.952
95.774
96.391
96.736
96.894
96.379
96.697
97.004
96.862
96.169
96.267
93.697
94.058
93.333
92.310
92.282
91.520
88.600
88.731
92.085
93.205
93.243
92.833
93.173
94.214
94.149
94.963
94.175
94.741
95.055
94.550
94.478
92.853
92.573
93.414
94.520
95.886
96.150
95.930
96.175
96.669
96.280
95.424
94.939
94.694
93.924
94.453
94.027
94.473
93.125
92.627
86.821
86.240
87.301
89.765
89.386
88.911
87.338
89.755
92.550
89.799
89.070
91.331
92.822
93.924
93.749
94.476
93.797
94.470
94.033
94.100
94.850
94.693
95.542
95.800
95.859
95.930
95.111
92.621
90.434
84.025
77.550
61.363
49.280
43.489
44.115
72.753
78.932
71.436
