72.744
74.470
80.790
81.730
84.726
83.707
82.492
84.636
83.388
81.644
83.569
82.768
84.559
87.564
90.884
92.409
91.300
92.502
94.798
94.234
93.715
94.857
95.376
93.962
93.149
93.041
92.632
93.152
92.975
93.539
91.555
89.956
83.033
83.089
87.184
90.352
91.723
93.388
93.421
93.383
95.095
94.602
92.348
91.309
92.588
93.987
94.601
94.914
94.326
95.019
94.251
94.098
94.987
94.518
95.472
95.756
96.087
97.062
97.151
96.506
95.606
93.808
92.664
85.387
85.093
91.658
91.153
91.640
93.972
95.483
95.960
96.799
97.011
96.940
91.996
91.208
95.673
96.734
96.854
95.700
93.981
90.206
86.142
79.080
78.981
81.144
85.001
89.946
91.338
94.555
94.386
95.427
96.086
95.250
94.698
95.303
93.882
95.463
96.461
96.245
95.592
96.392
95.991
95.727
96.525
96.442
96.121
95.323
93.790
90.634
85.053
84.216
84.700
90.271
92.088
93.839
94.887
94.459
95.091
95.813
95.415
93.873
93.270
93.983
92.547
89.237
89.819
81.534
79.086
70.408
58.393
55.609
47.944
45.782
36.614
