37.388
43.226
43.973
45.136
52.666
50.918
54.603
66.255
84.253
88.233
86.829
84.233
86.520
87.839
86.183
84.562
85.794
90.194
92.873
93.855
94.203
94.926
94.108
93.939
94.818
93.869
94.585
93.552
94.106
94.334
96.108
95.612
96.293
94.986
95.015
88.609
89.688
93.074
92.665
92.666
94.965
94.930
95.430
95.661
96.428
96.726
92.271
90.989
95.857
97.236
97.382
96.658
96.131
95.183
93.664
91.869
91.461
91.944
94.825
95.916
96.357
96.784
96.708
96.666
96.652
95.868
96.302
96.738
96.045
97.076
97.236
97.058
96.669
96.874
96.071
95.592
95.744
95.040
92.923
90.968
87.439
83.660
81.463
83.443
84.207
86.948
86.824
90.425
93.390
92.064
92.250
94.652
95.240
93.327
94.245
95.847
95.444
94.331
95.426
91.966
90.703
88.462
90.399
92.510
92.208
88.930
86.537
88.292
87.157
84.367
84.148
85.990
88.671
89.214
88.801
89.501
91.331
92.436
91.787
91.998
92.099
92.647
90.935
89.944
92.272
91.683
88.261
89.754
91.275
89.298
85.729
87.188
86.161
80.087
75.103
