83.074
90.274
89.642
90.490
92.141
93.321
93.423
94.926
95.083
95.456
95.713
95.986
95.665
95.515
96.543
96.610
96.486
95.949
94.907
92.232
87.822
88.298
88.707
91.858
93.428
95.232
95.907
95.630
96.289
96.323
96.460
95.985
96.281
96.018
96.157
95.259
94.419
90.296
92.362
90.687
91.303
93.874
95.126
93.254
93.463
94.833
94.813
94.815
94.042
93.806
94.701
94.833
95.379
94.646
94.959
95.387
95.504
96.122
95.908
95.982
96.584
96.479
96.769
97.071
96.872
96.488
96.800
96.536
95.695
95.228
94.645
94.032
94.645
94.379
95.495
94.424
94.290
90.496
89.955
91.303
94.575
95.452
96.061
95.478
95.454
96.933
96.370
94.546
93.657
94.368
94.999
95.475
95.337
94.613
94.799
94.094
94.121
94.949
94.754
95.460
95.964
96.335
97.256
97.029
96.917
96.239
95.487
95.005
90.726
93.059
95.540
95.863
95.157
96.041
96.607
96.766
96.920
96.538
96.137
92.454
89.924
93.829
95.712
96.646
96.633
96.381
96.221
93.432
91.367
90.051
90.148
93.800
94.341
92.374
85.739
