39.687
47.910
42.993
46.080
50.107
58.757
80.977
86.988
88.437
88.044
91.649
93.254
91.893
92.042
94.429
95.007
94.436
94.695
95.532
92.372
91.263
88.617
90.431
93.688
95.098
93.191
93.321
94.725
94.470
94.423
93.605
92.994
94.250
94.203
94.335
93.536
94.366
94.588
95.296
96.091
96.082
96.129
96.009
95.890
96.276
96.137
95.323
95.071
94.585
93.386
92.340
90.281
87.389
87.049
88.804
89.829
92.431
91.455
92.301
89.006
89.020
90.246
93.437
94.203
94.734
93.420
93.452
94.420
92.607
90.757
87.839
87.752
91.419
92.810
93.545
93.013
93.872
93.103
92.601
93.781
93.186
93.874
93.611
95.167
96.322
96.723
96.370
96.431
95.216
94.898
89.644
89.938
92.489
92.525
94.659
96.438
96.561
96.719
96.546
96.325
96.049
91.280
90.664
95.641
97.058
97.328
97.049
97.073
97.061
95.380
93.543
92.678
93.497
95.962
96.987
96.761
96.982
96.920
96.717
96.616
95.947
96.506
96.588
95.825
96.868
96.946
96.500
96.385
96.665
95.690
94.543
95.420
94.539
91.891
83.949
