68.487
82.423
83.244
85.471
84.551
84.209
86.729
84.682
83.313
85.192
84.205
86.496
88.118
90.941
92.266
91.666
92.778
94.976
94.682
94.366
95.335
95.683
94.362
93.806
93.467
93.043
93.515
93.179
93.826
92.223
91.043
87.074
83.511
87.771
90.579
91.470
93.168
93.006
93.330
95.073
94.481
92.647
91.632
92.816
94.198
94.841
95.156
94.618
95.244
94.546
94.284
95.233
94.737
95.615
95.900
96.170
97.053
97.092
96.365
95.449
93.300
91.822
84.588
84.755
91.038
90.657
91.147
93.675
95.380
95.906
96.868
97.120
97.131
92.526
91.419
95.935
96.991
96.966
95.961
94.000
90.762
87.198
80.776
80.471
82.735
86.428
91.023
92.047
95.104
94.701
95.768
96.282
95.657
95.143
95.552
94.092
95.508
96.659
96.316
95.466
96.454
96.014
95.858
96.512
96.495
96.182
95.458
94.049
91.039
85.511
85.033
85.584
91.023
92.597
94.309
95.208
94.903
95.502
96.197
95.926
94.602
94.051
94.946
93.986
90.774
91.479
83.929
82.458
75.845
65.503
60.946
50.467
48.527
38.535
31.072
