59.433
65.424
74.201
90.344
92.945
94.754
94.484
94.247
93.832
88.911
85.448
83.893
81.401
90.113
93.520
93.405
93.174
93.007
92.892
93.005
91.914
93.388
94.288
93.904
94.710
94.898
95.618
95.551
95.336
94.977
94.636
95.830
95.542
95.423
94.519
93.970
90.862
86.596
86.320
86.970
89.968
91.222
93.000
93.579
94.253
95.041
94.679
95.013
94.782
95.029
94.548
94.995
94.002
93.390
89.974
89.487
87.086
88.841
91.221
93.406
91.324
92.070
93.796
93.961
94.290
93.642
93.353
94.246
94.350
94.556
93.758
93.981
94.060
94.566
95.131
94.937
95.287
95.736
95.739
95.899
96.254
96.198
95.897
96.032
95.760
95.224
94.644
93.722
93.537
94.289
93.998
95.117
93.962
93.824
89.290
89.192
90.892
94.098
94.898
95.466
95.055
95.041
96.437
95.793
93.980
92.763
93.699
94.322
94.726
94.032
93.067
92.828
91.115
90.889
91.613
91.440
92.419
93.456
94.786
96.132
95.834
96.320
95.752
94.988
94.383
89.518
91.533
94.711
95.061
94.152
95.381
95.894
95.644
95.605
94.037
