71.969
87.246
90.436
92.439
92.042
93.989
93.477
93.166
94.185
93.579
94.823
94.767
94.862
95.485
96.173
95.666
95.918
94.416
94.622
87.204
85.145
89.667
90.334
92.978
95.531
95.913
96.476
96.534
96.586
96.837
92.017
90.887
95.756
97.231
97.555
97.335
96.976
96.665
94.637
92.735
91.902
92.853
95.674
96.863
96.710
97.006
96.719
96.470
96.475
95.606
95.837
96.200
95.651
96.762
96.764
96.445
96.060
96.179
95.118
94.340
94.618
94.416
93.269
91.939
89.502
84.631
81.368
83.465
83.566
89.369
91.031
92.818
94.617
94.601
95.317
96.116
96.408
95.745
96.472
96.898
96.569
96.013
96.292
93.629
93.418
92.574
92.350
94.457
94.571
92.092
91.963
93.644
93.497
92.654
91.985
92.142
93.523
93.833
94.079
93.515
94.303
94.856
94.870
95.542
95.332
95.308
95.033
95.199
96.216
95.840
94.936
95.379
95.851
94.771
93.716
93.397
92.987
91.883
91.163
90.506
90.532
88.819
88.994
83.052
85.044
85.746
88.217
90.948
91.863
90.539
89.225
89.888
86.683
75.713
62.247
