56.530
75.237
84.983
90.469
92.309
91.389
93.943
95.578
96.474
96.395
96.090
95.140
92.456
88.048
87.937
87.432
91.297
93.310
95.514
96.211
95.900
96.739
97.123
97.100
96.580
96.986
97.172
96.908
96.072
95.663
91.637
91.346
88.491
89.291
91.024
93.204
91.022
91.731
93.846
94.081
94.395
93.624
93.484
94.304
94.294
95.026
94.143
94.538
94.866
95.105
95.712
95.238
95.077
96.121
96.357
96.804
97.198
96.956
96.662
97.106
96.737
95.794
95.365
94.765
94.157
94.731
94.538
95.629
94.572
94.380
90.732
89.707
91.172
94.514
94.901
95.026
94.675
95.263
96.738
96.103
94.541
93.963
94.607
95.055
95.307
95.472
94.546
94.780
94.316
94.431
95.239
95.094
95.992
96.482
96.604
97.323
96.774
95.743
94.354
92.093
90.451
85.321
87.036
91.198
93.218
92.509
94.111
95.864
96.541
97.265
97.006
97.116
94.442
92.182
94.715
96.088
96.653
96.812
96.028
95.403
92.298
89.591
88.609
89.054
93.557
95.880
95.105
95.506
94.031
93.490
93.008
89.330
84.948
79.653
74.970
