61.997
77.667
80.687
83.198
90.587
87.164
87.780
89.346
87.985
90.187
89.642
89.524
90.840
90.257
90.730
89.550
89.610
89.901
91.108
92.810
93.927
95.200
95.663
94.994
95.636
96.413
95.796
95.320
95.914
95.832
94.609
93.798
93.461
93.088
93.829
93.632
94.478
92.992
92.446
85.809
86.045
89.461
93.021
94.561
95.580
95.030
94.719
96.374
95.917
93.440
92.249
93.628
94.634
95.292
95.429
94.980
95.483
94.638
94.489
95.407
94.950
95.858
96.155
96.401
97.556
97.759
97.563
97.202
95.948
95.562
90.416
92.257
95.220
95.308
95.054
96.549
97.006
97.199
97.360
97.355
97.189
92.558
91.505
96.284
97.323
97.635
96.999
96.419
95.463
93.240
90.336
88.978
89.247
92.383
94.759
95.062
96.282
96.297
96.708
96.946
96.187
96.472
96.807
96.149
97.257
97.403
97.325
97.054
97.317
96.398
96.294
97.063
96.862
96.570
95.821
94.281
91.211
86.231
85.472
87.445
91.826
93.170
94.645
95.387
94.762
95.491
95.914
95.586
94.256
94.548
94.660
93.202
89.965
88.616
73.647
