55.795
56.962
61.886
65.219
73.286
75.151
81.539
87.693
85.519
84.792
86.187
85.053
87.756
86.455
85.668
87.126
86.174
85.676
84.519
84.791
84.547
86.785
88.710
91.902
93.151
93.658
91.982
90.877
92.107
91.264
89.451
87.926
88.049
86.268
82.626
79.714
81.248
84.173
86.297
88.534
87.688
87.270
81.856
83.072
86.590
90.020
92.819
94.290
93.798
92.461
93.862
93.461
89.433
87.728
87.097
88.803
91.107
90.944
91.756
93.384
91.343
88.937
89.905
87.063
86.761
87.553
90.948
93.998
95.839
96.737
96.710
95.413
95.080
89.504
91.842
94.662
94.717
94.162
95.795
95.618
94.521
92.842
92.281
89.549
86.737
87.724
92.927
93.157
93.843
91.890
92.937
91.958
90.576
88.522
86.871
85.365
87.538
88.605
89.254
91.099
93.043
94.622
95.727
95.236
95.484
96.147
95.577
96.653
96.915
96.902
96.568
96.860
96.051
95.467
96.146
94.557
92.560
89.260
86.762
80.235
66.605
51.492
46.774
40.618
39.976
45.415
43.717
38.339
39.725
41.756
37.227
38.359
39.125
36.376
32.485
