53.857
72.717
83.313
85.493
89.855
93.953
95.225
95.979
95.848
95.125
92.483
88.496
88.743
88.873
92.532
94.023
95.832
96.451
96.183
96.888
97.226
97.202
96.725
97.144
97.271
96.977
96.292
95.969
92.169
91.643
88.415
90.206
92.900
94.655
92.418
93.275
94.908
94.955
95.075
94.366
94.215
94.842
94.911
95.525
94.774
95.032
95.303
95.658
96.329
95.868
95.806
96.539
96.615
97.130
97.416
97.063
96.762
97.234
96.787
95.947
95.588
94.937
94.350
94.896
94.674
95.668
94.706
94.675
91.933
90.427
91.617
94.791
95.270
95.486
94.990
95.258
96.768
95.899
94.371
93.774
94.561
94.919
94.538
94.124
92.211
91.434
90.268
92.033
93.337
94.256
95.649
96.244
96.187
96.932
95.833
95.199
93.178
90.407
88.930
84.622
87.082
90.580
92.765
92.441
94.693
95.946
96.419
97.151
96.258
96.457
92.273
88.942
92.187
94.822
96.165
96.996
96.456
96.082
93.403
91.167
89.817
90.672
94.566
96.385
95.528
95.469
93.770
91.847
90.090
85.846
83.602
79.975
81.256
80.131
68.318
