60.736
69.480
78.341
87.355
91.973
93.315
94.844
95.578
95.555
96.470
96.491
96.340
96.382
95.518
95.682
90.185
91.057
94.225
94.185
95.153
96.665
97.012
97.231
97.240
96.482
96.703
91.498
89.641
94.469
96.767
97.586
97.749
97.526
97.303
95.704
94.001
93.174
93.925
96.450
97.497
97.232
97.298
96.929
96.268
95.668
94.961
95.795
96.412
96.090
96.760
96.132
96.291
96.106
95.315
94.197
93.008
94.341
94.541
94.483
93.950
93.154
90.300
85.933
87.153
88.371
91.783
93.181
94.819
96.009
95.772
96.537
97.017
97.017
96.581
97.206
97.436
97.094
96.756
96.903
94.424
94.429
93.894
93.628
95.742
95.558
93.829
93.594
94.969
94.868
94.354
93.344
93.246
94.401
94.781
95.109
94.412
95.208
95.763
95.730
96.346
96.192
96.450
96.615
96.367
97.104
97.212
96.507
96.367
96.917
96.248
95.165
94.805
94.459
93.508
93.802
93.266
94.331
92.628
91.883
86.834
86.889
88.546
92.182
94.324
95.214
94.389
93.838
95.740
93.871
91.711
90.504
88.082
90.354
87.550
86.850
