72.036
67.031
62.030
61.295
53.200
46.847
49.234
49.734
76.675
89.262
92.422
94.532
96.099
95.816
96.440
92.096
90.230
94.132
95.856
96.142
96.560
95.709
94.435
91.509
88.018
87.969
90.675
94.075
96.261
95.821
96.193
94.962
94.394
93.217
92.712
91.774
91.091
88.654
91.025
90.421
87.306
86.250
88.656
85.271
88.150
89.088
92.768
92.733
93.489
91.983
88.026
83.063
85.072
84.053
89.071
91.156
93.284
94.769
94.718
95.661
96.200
96.377
95.903
96.533
96.786
96.563
95.950
96.236
93.313
93.695
92.766
92.017
92.572
91.562
88.155
87.867
91.741
92.941
92.513
91.846
92.578
93.642
93.674
94.382
93.750
94.439
94.924
94.389
94.620
92.889
92.478
92.878
94.104
95.740
95.751
95.421
95.872
96.351
95.634
94.578
93.948
93.511
92.639
93.035
92.605
92.901
91.295
90.819
85.066
83.819
85.036
87.346
87.631
86.957
84.517
86.986
89.957
85.742
84.494
87.574
89.094
91.587
91.317
92.676
91.684
92.612
92.588
93.109
93.575
93.768
94.803
94.899
94.964
94.699
92.275
