93.635
93.565
93.428
94.291
93.975
92.656
91.503
91.481
90.687
90.783
91.015
91.149
89.415
87.783
80.009
80.704
83.643
88.301
91.017
92.730
92.067
91.934
93.421
93.265
90.713
90.322
91.592
92.937
93.976
94.484
93.547
94.663
93.746
93.758
94.490
93.911
94.816
95.006
95.386
96.257
96.576
96.030
95.431
93.800
93.595
86.256
85.748
90.400
90.299
92.003
94.747
95.580
96.104
96.418
96.440
96.251
91.576
90.825
94.991
96.540
96.878
96.403
95.933
94.865
92.499
90.186
89.430
90.756
93.497
94.738
95.231
95.986
95.748
95.709
95.714
94.748
95.021
95.332
94.603
95.829
95.972
95.543
95.216
95.655
94.939
94.663
95.648
95.706
95.089
94.213
92.644
89.350
84.192
84.058
84.637
89.100
90.732
92.583
94.136
93.480
94.155
95.177
95.121
93.998
94.421
94.997
94.691
93.106
94.285
91.146
89.998
88.590
88.445
90.298
91.539
87.323
86.525
89.149
88.683
88.138
87.556
88.641
90.085
90.132
90.058
89.905
90.384
90.927
91.138
92.444
92.825
93.287
93.003
92.562
92.821
