46.944
50.530
60.084
61.232
71.056
74.747
73.277
77.184
74.638
65.360
65.519
73.042
80.176
84.363
86.814
87.899
86.672
87.968
88.196
87.159
85.853
86.344
89.715
92.220
92.675
92.922
93.705
93.019
92.297
93.169
91.739
92.225
91.361
92.875
94.207
95.795
95.537
95.302
93.138
93.442
85.535
84.376
90.866
89.950
90.569
93.479
94.015
94.419
94.403
95.219
94.699
90.570
90.065
94.681
96.026
96.211
94.708
94.009
91.552
88.321
86.020
86.757
86.981
90.831
91.713
93.845
95.223
95.248
95.672
95.619
94.957
95.208
95.894
94.971
96.103
96.382
96.218
95.573
95.988
95.290
94.732
95.471
94.814
93.088
90.756
87.589
80.581
72.680
72.200
70.238
76.649
76.065
82.937
84.548
82.351
82.567
88.507
88.187
84.442
85.561
90.085
88.484
84.298
89.538
85.191
82.587
78.737
80.073
79.519
85.432
81.384
76.792
78.056
76.637
81.318
79.887
82.774
83.762
81.094
82.760
83.756
83.339
83.226
83.269
82.709
86.555
84.836
87.561
85.609
86.266
88.797
86.779
81.290
85.802
81.947
