56.821
73.737
86.243
84.260
84.530
86.259
88.752
92.333
93.351
94.357
94.128
95.318
94.492
94.418
95.230
94.639
95.711
95.448
95.453
95.637
95.821
94.428
94.103
91.910
91.620
82.144
80.545
85.310
85.098
87.320
92.631
93.995
95.580
96.592
96.986
97.321
92.804
91.516
95.972
97.459
97.479
97.217
96.144
94.896
93.109
90.971
90.873
92.051
94.760
96.340
96.462
96.945
96.635
96.649
96.596
95.871
96.090
96.301
95.321
96.328
96.873
96.286
95.143
95.790
94.852
94.574
94.299
95.072
94.080
94.248
92.237
89.272
85.455
85.940
87.647
91.544
92.554
94.353
95.775
95.107
95.616
96.584
96.539
95.697
96.183
96.859
96.326
95.577
96.143
93.211
92.470
91.136
91.475
92.235
90.900
86.954
85.331
88.914
89.115
86.143
87.250
89.662
91.410
91.483
91.379
92.265
93.392
93.850
93.172
92.665
91.350
91.313
90.139
91.047
93.822
94.193
92.235
93.465
94.986
94.428
92.554
92.672
92.966
91.464
90.370
88.291
88.199
81.813
73.900
67.256
54.243
43.428
42.296
35.729
37.090
