44.667
47.167
53.698
57.953
52.773
61.321
79.813
85.231
86.857
86.558
85.185
87.379
84.217
85.015
85.224
86.051
90.691
92.691
93.702
93.802
94.646
93.879
93.787
94.667
93.995
94.908
94.255
94.603
95.178
96.370
95.840
96.059
94.346
94.618
87.588
87.550
91.657
90.903
92.275
95.155
95.398
95.953
96.160
96.670
96.901
92.440
91.204
95.798
97.243
97.489
97.006
96.364
95.459
93.801
91.800
91.317
91.950
94.883
96.051
96.369
96.822
96.660
96.622
96.460
95.707
96.218
96.614
95.899
96.931
97.079
96.849
96.402
96.557
95.547
95.113
95.565
95.179
93.515
92.103
88.989
84.983
81.361
83.400
84.153
88.123
88.404
91.682
94.231
92.923
93.390
95.392
95.597
93.666
94.647
96.059
95.386
94.319
95.412
91.977
90.787
89.194
90.316
92.361
92.371
89.151
87.492
88.927
87.534
85.808
86.122
86.900
89.130
89.784
89.111
89.208
90.902
91.967
91.923
92.250
92.468
93.093
91.926
91.168
93.230
93.430
90.463
91.176
92.643
91.378
88.166
88.064
87.699
84.712
79.323
66.956
