80.957
86.873
87.051
87.291
89.663
90.541
90.782
88.336
91.053
87.785
87.116
85.164
87.496
90.046
93.135
90.466
90.492
92.261
91.436
92.472
91.251
91.287
92.599
92.459
92.904
92.194
92.450
92.400
93.459
94.683
95.116
95.523
95.707
95.294
95.175
94.949
94.484
93.963
92.609
91.476
91.078
88.582
84.931
86.140
87.795
89.727
91.702
91.534
91.863
85.526
86.694
89.468
92.663
94.352
95.384
94.669
93.960
95.357
94.726
91.404
89.654
89.305
90.262
91.989
91.764
92.147
93.290
91.584
89.565
90.648
88.567
89.059
89.634
91.907
94.689
96.186
96.969
96.960
95.824
95.479
90.358
92.578
95.145
95.295
94.997
96.414
96.555
95.921
94.389
93.659
91.907
88.083
88.703
94.017
95.354
95.934
95.416
96.180
96.182
94.205
92.053
91.251
91.527
94.793
95.791
95.519
95.648
96.067
96.067
96.215
95.419
95.792
96.344
95.796
96.959
96.984
96.904
96.678
96.865
96.165
95.479
96.215
94.772
93.381
90.647
88.694
83.834
69.638
53.412
45.184
41.573
40.368
43.483
41.983
31.948
