91.173
92.141
93.635
92.965
93.607
94.495
93.354
92.067
92.563
91.839
93.847
94.955
94.523
94.646
95.800
95.926
96.197
96.931
96.976
96.634
96.068
95.028
91.995
87.869
88.668
88.850
91.627
93.404
95.261
96.022
95.793
96.509
96.651
96.672
96.095
95.764
95.547
95.750
93.603
92.770
89.678
88.165
86.459
86.204
88.198
90.574
89.021
89.986
92.557
93.204
94.038
93.416
93.453
94.224
93.970
94.565
93.902
93.697
93.279
93.512
94.133
93.841
94.586
95.643
95.668
95.967
96.783
96.613
96.243
96.703
96.540
95.622
95.194
94.621
94.085
94.687
94.414
95.479
94.246
93.987
90.089
89.128
90.800
94.239
94.852
95.402
95.217
95.385
96.839
96.481
94.549
93.657
94.368
95.112
95.679
95.736
95.100
95.629
94.861
94.639
95.608
95.094
95.823
96.318
96.639
97.511
97.102
96.637
95.325
93.878
92.200
87.482
89.824
94.157
94.861
93.234
94.539
96.057
96.454
97.093
97.128
96.838
93.037
91.042
95.085
96.085
96.266
95.765
94.837
93.309
87.591
75.943
58.599
48.327
40.539
