37.442
39.145
43.335
43.990
48.359
49.925
59.807
80.368
87.534
87.910
90.084
88.517
89.931
91.303
89.762
87.772
87.857
87.287
89.760
91.671
91.316
91.372
93.747
94.976
95.662
96.394
96.587
96.361
95.648
94.527
91.621
86.802
86.437
86.058
90.219
91.899
94.314
95.049
94.676
95.470
95.383
95.393
94.606
93.914
93.391
93.740
91.144
89.030
84.480
87.151
86.661
83.310
84.987
86.508
86.168
87.207
89.668
91.623
92.578
92.484
92.787
93.543
92.307
93.548
92.977
92.295
92.082
90.884
91.467
90.946
91.740
93.620
94.142
94.245
95.558
95.935
95.596
95.772
95.960
95.167
94.605
93.964
93.559
94.123
94.082
95.050
93.988
93.849
88.527
88.496
90.556
93.664
93.759
94.074
94.541
95.129
96.242
96.099
94.366
93.235
93.938
94.673
95.341
95.339
94.826
95.307
94.692
94.402
95.128
94.649
95.117
95.460
96.152
96.718
95.901
95.232
92.833
91.240
88.184
83.906
86.521
91.883
93.124
90.490
91.515
94.059
94.311
95.937
96.039
95.531
92.601
90.247
93.403
94.138
93.028
