87.614
91.847
93.756
94.037
95.468
95.875
95.740
95.576
94.295
94.205
88.138
87.862
91.927
92.062
93.652
95.716
96.274
96.399
96.275
95.387
95.186
89.738
88.938
93.338
95.731
96.604
96.815
96.807
96.534
94.491
92.651
91.483
92.715
95.481
96.621
96.502
96.547
96.097
95.434
94.651
94.003
94.932
95.543
95.070
95.916
95.366
95.503
95.249
94.414
93.380
92.435
93.706
94.072
93.604
92.254
91.512
87.870
81.165
81.654
81.423
86.695
89.436
91.641
93.484
93.627
95.000
95.487
95.811
95.398
96.162
96.485
96.397
95.905
96.208
93.647
93.387
92.478
92.512
94.647
94.588
92.461
92.201
93.888
93.861
93.063
92.108
92.390
93.518
93.888
94.058
93.553
94.408
94.907
94.992
95.602
95.386
95.619
95.810
95.650
96.476
96.425
95.681
95.626
96.006
95.109
94.202
93.577
92.901
91.933
92.139
92.241
93.009
91.523
91.020
84.044
84.293
87.284
91.020
93.295
94.226
93.563
93.246
94.849
93.570
91.264
90.756
89.748
90.742
90.364
90.824
86.288
82.187
82.484
80.881
78.009
