29.015
33.711
41.485
39.395
41.223
47.817
77.892
91.581
94.478
96.032
97.225
97.013
97.426
92.872
91.104
95.547
97.063
97.328
97.447
96.557
95.622
92.627
89.480
89.456
91.269
94.941
96.879
96.515
96.828
96.011
95.548
94.858
94.543
93.792
92.849
91.617
93.514
92.811
89.865
88.533
91.139
87.631
89.864
91.764
94.135
94.611
95.213
94.507
92.353
87.871
87.928
87.788
92.106
93.849
95.386
96.073
95.880
96.667
97.064
97.027
96.662
97.178
97.333
97.014
96.510
96.579
93.580
93.792
92.370
92.043
93.059
92.535
88.762
89.059
92.089
93.105
92.764
92.485
93.187
94.186
94.002
95.160
94.586
95.044
95.415
94.737
94.899
93.498
93.733
93.679
94.809
96.429
96.652
96.247
96.508
97.158
96.736
95.751
95.301
94.798
94.186
94.690
94.282
94.678
92.932
92.085
87.712
85.904
86.258
89.726
89.330
89.852
87.249
89.367
92.737
89.942
88.812
90.900
92.334
93.577
92.294
93.570
92.486
93.422
93.810
94.042
95.057
94.939
95.929
96.250
96.157
96.188
95.263
93.199
89.355
