87.866
90.320
92.799
93.733
93.928
95.132
95.031
94.992
94.805
93.230
93.238
86.665
86.311
90.353
90.556
92.684
95.179
95.833
96.094
96.077
94.836
95.060
89.482
88.630
92.623
95.235
96.281
96.768
96.579
96.116
94.063
92.217
90.988
92.307
95.109
96.288
96.259
96.460
95.801
94.903
93.857
92.971
94.271
94.762
94.543
95.193
94.295
94.388
94.327
93.202
91.965
91.332
92.735
93.278
93.046
92.101
91.263
87.817
80.853
82.176
82.096
87.976
90.320
92.279
94.081
93.953
95.145
95.723
95.893
95.371
96.048
96.481
96.272
95.603
96.034
93.434
93.128
91.951
92.172
94.133
94.047
91.944
91.378
93.269
93.231
92.243
91.337
91.788
92.942
93.285
93.372
93.003
93.939
94.406
94.427
95.134
94.869
95.183
95.234
95.077
96.084
96.086
95.159
95.170
95.755
94.901
93.750
93.219
92.839
91.557
91.751
91.576
92.114
90.581
89.971
81.599
82.135
85.237
89.737
92.315
93.308
92.499
92.122
93.786
92.023
89.438
88.629
87.591
89.144
87.254
89.659
81.732
75.296
71.463
58.148
