62.307
66.755
72.966
82.721
80.053
78.351
82.914
85.994
90.275
91.741
93.192
93.017
94.596
93.808
93.764
94.321
93.708
94.828
94.354
94.450
94.426
94.842
93.204
93.153
90.980
90.531
80.891
79.475
83.330
82.790
86.657
91.670
92.862
94.732
95.742
96.152
96.511
91.682
90.709
95.078
96.746
96.740
96.401
95.430
93.887
91.996
89.916
89.616
91.103
93.659
95.380
95.625
96.336
95.893
95.866
95.775
94.916
95.190
95.385
94.324
95.393
95.980
95.272
94.152
94.764
93.541
93.195
92.943
93.998
92.574
92.619
90.369
87.080
82.218
83.030
83.912
89.170
90.586
92.692
94.597
93.970
94.590
95.700
95.776
94.912
95.424
96.163
95.788
94.731
95.497
92.319
91.605
89.871
90.133
91.120
90.262
85.989
84.545
88.330
88.536
85.691
87.178
89.695
91.372
91.048
90.525
91.822
92.859
93.131
92.391
92.086
90.801
90.596
89.383
90.264
93.211
93.299
91.381
92.466
94.003
93.293
91.447
91.567
91.710
90.105
88.717
86.732
86.526
80.291
72.798
66.637
54.025
42.717
39.450
33.737
