54.933
63.590
85.647
91.276
94.342
95.125
95.047
96.156
96.415
96.553
96.523
97.118
97.309
96.935
96.698
96.790
93.418
92.998
90.368
91.893
95.039
95.848
94.414
94.597
95.716
95.673
95.543
94.862
94.727
95.344
95.476
95.881
95.292
95.727
95.988
96.279
96.833
96.726
97.054
97.354
97.028
97.519
97.720
97.142
96.743
97.040
96.292
95.646
95.210
94.120
93.356
94.385
94.384
95.534
94.784
94.757
92.072
91.679
92.515
95.457
96.137
96.869
96.146
96.020
97.479
97.096
94.923
94.060
94.350
95.119
95.642
95.896
95.283
95.937
95.072
94.780
95.592
95.048
95.670
95.913
96.525
97.826
98.179
98.050
97.759
96.952
96.656
93.080
95.317
96.824
97.040
96.624
97.435
97.908
98.057
97.775
97.615
97.435
93.415
91.904
96.684
97.888
98.259
98.058
97.821
97.644
96.206
94.664
93.647
94.107
96.647
97.686
97.241
97.516
97.422
97.253
97.389
96.439
96.925
97.187
96.730
97.673
97.778
97.673
97.562
97.775
97.167
97.010
97.574
97.251
96.932
95.865
94.540
91.690
79.018
