67.866
77.741
82.053
86.291
87.721
87.734
87.414
82.652
78.189
83.253
87.738
91.750
93.461
92.991
91.970
93.996
93.332
91.202
89.891
90.104
92.156
93.789
94.029
93.803
94.506
93.602
93.142
94.150
93.310
94.095
94.100
94.938
96.356
97.137
97.032
96.741
95.357
95.305
89.405
90.631
94.342
94.190
94.208
96.085
96.545
96.628
96.520
96.522
96.363
91.928
90.633
95.449
96.971
97.404
96.857
96.547
96.015
93.611
91.591
91.211
91.617
94.901
96.034
96.149
96.589
96.502
96.403
96.339
95.470
96.002
96.528
95.897
97.003
97.063
96.926
96.600
96.826
96.083
95.642
96.485
95.920
95.032
93.353
91.171
86.211
78.912
78.364
75.206
80.991
80.253
87.809
90.483
89.061
90.600
93.868
93.818
92.392
93.733
95.038
94.516
93.492
94.773
91.357
90.293
87.954
89.637
91.835
93.474
90.527
89.918
91.228
90.169
90.549
89.949
90.124
91.931
91.777
92.037
91.453
92.174
92.542
92.824
93.563
94.056
94.563
94.690
94.072
94.956
95.325
94.181
93.214
93.921
92.858
90.212
82.456
