74.679
88.235
87.392
89.484
90.028
90.334
92.686
93.086
94.601
94.512
94.721
95.394
96.029
95.525
95.998
94.666
95.165
88.411
87.329
91.179
91.662
93.496
95.936
96.226
96.644
96.679
96.515
96.775
91.922
90.606
95.568
97.169
97.662
97.524
97.237
96.952
95.043
93.337
92.468
93.101
96.001
97.154
96.933
97.145
96.867
96.556
96.389
95.711
96.077
96.571
96.006
97.005
96.872
96.742
96.239
95.920
94.646
93.327
93.235
93.498
92.363
91.060
88.349
85.280
82.349
83.278
84.122
89.634
91.077
93.027
94.961
94.923
95.616
96.448
96.662
95.946
96.684
97.075
96.677
96.145
96.423
93.568
93.538
92.817
92.843
95.030
95.179
92.976
92.664
94.207
93.950
93.548
92.775
92.697
94.069
94.359
94.740
93.996
94.703
95.160
95.263
95.886
95.713
95.782
95.469
95.574
96.576
96.257
95.332
95.741
96.249
95.139
94.047
93.964
93.245
91.939
91.592
90.893
91.357
89.710
89.651
84.689
86.504
86.727
89.462
91.568
92.310
90.644
89.814
91.270
88.101
84.147
75.994
53.278
46.049
