89.529
94.063
95.871
96.653
96.833
96.861
95.822
95.542
90.487
92.037
94.995
95.225
95.164
96.624
96.865
96.688
96.295
95.561
94.852
90.549
89.389
94.110
95.771
96.734
96.792
97.080
97.028
95.283
93.534
92.494
93.405
96.075
97.118
96.844
96.694
96.599
96.116
95.769
95.466
96.166
96.625
96.103
97.047
96.934
96.986
96.786
96.539
95.925
94.873
95.813
95.165
94.197
92.509
91.347
87.574
79.731
77.974
76.586
83.754
85.859
88.678
90.758
92.137
94.040
94.600
94.930
94.853
95.877
96.073
96.237
96.128
96.387
93.898
93.892
93.170
93.125
95.411
95.344
93.397
93.306
94.700
94.591
94.149
93.216
93.042
94.230
94.615
94.898
94.170
94.934
95.471
95.589
96.138
95.953
96.187
96.405
96.154
96.749
96.570
95.973
95.902
95.986
94.887
94.295
93.609
92.324
91.862
92.259
92.554
93.619
92.287
91.948
87.828
86.311
88.760
92.289
94.298
95.266
94.535
94.020
95.681
94.666
92.410
91.207
90.287
91.708
92.115
92.491
90.325
90.530
88.281
86.973
87.796
85.471
78.205
