86.860
90.019
88.435
88.457
90.464
91.599
89.238
87.919
89.509
89.384
89.255
88.362
88.439
85.395
81.789
74.965
72.339
76.695
81.564
81.433
83.999
82.123
84.408
87.635
86.883
86.228
87.103
89.144
92.163
92.789
93.738
93.328
93.950
93.234
93.645
94.621
94.104
94.788
94.471
94.693
94.531
94.444
92.382
91.522
88.690
87.092
78.694
75.665
79.571
77.940
82.884
88.762
91.025
93.037
94.799
95.997
96.173
92.228
91.284
94.948
96.141
95.648
94.189
91.887
88.708
85.674
81.982
81.387
83.397
86.503
89.908
91.551
94.227
94.055
95.002
94.963
94.407
94.299
94.342
92.514
93.695
94.804
93.695
92.154
92.864
87.948
91.941
92.399
94.272
93.586
93.447
91.401
88.467
85.318
85.181
86.180
90.314
90.743
92.633
94.087
92.847
92.505
94.165
93.903
91.291
90.844
92.090
90.899
87.578
89.296
82.244
76.884
74.224
75.753
74.540
79.341
76.465
69.907
76.049
77.102
76.767
79.958
81.008
83.715
82.168
83.776
82.993
83.515
83.794
83.726
82.124
77.345
65.708
53.540
48.462
