88.942
92.982
92.590
93.140
94.359
93.100
91.753
91.718
90.892
93.437
94.300
94.193
94.510
95.834
95.827
96.057
96.782
96.909
96.552
96.014
95.040
92.329
88.634
89.481
89.921
92.355
93.783
95.365
95.971
95.662
96.116
96.218
96.126
95.323
95.079
94.725
94.533
91.650
91.067
87.109
86.824
84.491
84.245
87.480
90.254
89.158
89.963
91.814
92.484
93.761
93.031
92.968
93.782
92.917
93.752
93.172
92.088
91.850
92.452
93.337
93.360
94.149
95.334
95.157
95.401
96.389
96.354
95.837
96.244
96.361
95.444
94.833
94.495
94.010
94.633
94.258
95.262
93.946
93.661
88.697
88.374
90.400
93.859
94.841
95.466
95.201
95.206
96.726
96.321
94.298
93.241
94.163
95.027
95.594
95.699
95.045
95.542
94.818
94.612
95.574
95.116
95.815
96.244
96.595
97.415
97.106
96.756
95.378
93.781
92.277
87.588
89.982
94.330
94.944
93.447
94.546
95.945
96.141
96.857
96.975
96.531
92.565
91.036
94.932
95.813
96.175
95.799
94.180
92.448
88.481
79.626
63.678
43.208
36.049
27.016
