57.931
75.630
70.856
83.741
84.330
86.701
88.805
89.071
89.671
89.435
87.965
89.219
87.726
86.398
87.469
88.391
91.182
92.653
94.523
95.275
94.498
94.846
96.176
95.829
95.146
95.841
96.026
94.877
94.158
93.899
93.336
94.063
93.772
94.669
93.071
92.113
87.141
87.095
89.494
92.991
93.954
95.046
94.581
94.462
96.268
95.687
93.204
92.430
93.567
94.642
95.179
95.400
94.811
95.422
94.705
94.497
95.363
94.956
95.850
96.196
96.449
97.543
97.700
97.332
96.926
95.351
94.927
89.099
89.989
94.395
94.167
94.169
96.035
96.742
96.984
97.341
97.382
97.329
92.845
91.826
96.275
97.383
97.594
96.639
95.876
94.056
91.271
87.404
85.446
86.084
89.479
92.831
93.661
95.833
95.958
96.521
96.938
96.139
96.254
96.594
95.725
96.911
97.291
97.077
96.757
97.147
96.368
96.213
96.943
96.819
96.550
95.826
94.575
91.628
86.713
85.996
87.191
91.560
93.189
94.774
95.638
95.149
95.813
96.328
95.846
94.415
94.453
94.809
93.338
91.184
91.334
82.334
75.669
60.125
44.604
