87.431
92.220
94.027
94.634
95.973
96.681
96.935
96.656
97.115
97.295
97.128
96.744
96.670
93.316
93.034
90.695
92.014
95.368
95.890
94.566
94.570
95.641
95.564
95.456
94.652
94.616
95.135
95.354
95.800
95.228
95.540
95.922
96.147
96.746
96.651
96.933
97.164
96.908
97.383
97.503
96.937
96.702
96.999
96.111
95.482
95.045
93.681
92.921
93.321
93.623
94.845
94.094
94.234
91.277
90.932
92.050
95.049
95.894
96.657
95.908
95.485
97.055
96.545
93.715
92.261
92.147
92.663
93.893
93.965
94.045
95.120
93.841
92.663
94.021
93.048
94.309
94.640
95.515
97.315
97.830
97.846
97.690
96.877
96.484
92.706
95.052
96.737
96.899
96.486
97.319
97.762
97.801
97.487
97.135
96.979
92.440
91.450
96.330
97.614
98.058
97.859
97.669
97.548
96.049
94.534
93.474
93.866
96.502
97.595
97.100
97.341
97.335
97.191
97.300
96.389
96.779
97.094
96.619
97.601
97.726
97.588
97.470
97.700
97.087
96.773
97.285
96.440
95.677
93.950
92.989
89.975
79.148
60.893
44.567
34.164
