54.358
67.917
89.864
94.194
94.117
95.037
94.935
95.509
96.074
95.321
95.113
95.636
94.851
96.248
96.924
96.717
96.516
96.960
96.386
96.434
97.082
97.063
96.720
96.197
95.306
92.411
88.708
89.484
90.016
92.558
93.912
95.628
96.299
96.018
96.674
96.819
96.719
96.108
96.007
95.719
95.472
94.024
93.445
88.807
87.989
84.372
87.262
87.679
91.208
89.797
90.820
92.813
93.253
94.170
93.492
93.407
94.042
93.710
94.359
93.569
93.370
93.335
93.463
94.523
94.545
95.317
96.054
95.845
96.247
96.922
96.703
96.263
96.771
96.657
95.702
95.233
94.735
94.268
94.864
94.563
95.641
94.473
94.269
90.357
89.768
91.343
94.488
95.229
95.908
95.452
95.507
96.982
96.535
94.726
93.751
94.569
95.249
95.766
95.752
95.185
95.674
94.972
94.742
95.636
95.293
96.023
96.510
96.748
97.725
97.610
97.300
96.642
95.647
94.814
90.096
92.110
95.179
95.622
94.827
95.946
96.745
97.026
97.417
97.367
97.117
93.282
91.114
95.900
96.762
96.980
96.517
95.995
95.055
90.808
82.211
