58.823
67.812
79.289
82.572
84.540
85.272
87.009
86.936
85.944
87.468
86.225
84.632
86.511
85.817
87.989
89.918
92.522
93.387
92.878
93.729
95.435
94.843
94.409
95.414
95.681
94.390
93.494
93.383
92.883
93.445
93.278
94.011
92.025
90.647
85.590
84.703
87.588
90.987
91.990
93.867
93.665
93.633
95.414
95.225
92.719
92.085
93.168
94.303
94.872
95.259
94.448
95.361
94.597
94.368
95.108
94.660
95.627
95.998
96.295
97.306
97.454
96.886
96.206
94.784
93.757
87.771
88.662
93.067
93.304
92.869
94.765
95.907
96.443
97.087
97.192
97.107
92.290
91.423
95.902
97.040
97.243
96.308
94.917
92.213
88.454
82.375
82.097
83.693
87.684
91.766
92.769
95.423
95.265
95.980
96.561
95.661
95.281
96.000
94.668
96.090
96.801
96.662
96.149
96.806
96.265
96.050
96.780
96.669
96.339
95.525
94.207
91.176
86.043
85.328
86.200
90.933
92.572
94.083
95.181
94.766
95.450
96.106
95.664
94.366
94.141
94.740
93.672
91.109
91.772
84.562
81.503
72.310
64.310
59.248
51.722
