61.790
74.019
75.860
77.108
78.375
80.160
72.684
78.712
78.769
78.639
77.593
80.211
81.440
88.440
85.453
84.722
86.429
85.088
88.325
87.038
87.365
88.882
87.812
87.843
87.297
87.275
86.857
88.957
90.754
92.654
93.558
93.821
92.870
92.453
92.879
92.068
90.972
89.460
88.620
87.670
84.050
80.597
82.577
84.949
87.059
89.013
88.183
88.333
82.972
81.794
86.335
89.943
92.465
93.836
93.296
92.038
93.454
92.659
88.827
87.214
87.175
88.830
90.693
90.722
91.147
92.551
90.534
88.715
89.779
87.380
87.313
87.702
90.593
93.523
95.419
96.286
96.275
94.855
94.491
88.380
90.179
93.714
93.643
93.607
95.563
95.486
94.715
92.855
92.241
89.704
86.864
87.734
92.982
94.102
94.750
93.391
94.566
93.952
91.858
89.493
88.679
88.463
91.967
92.308
92.951
93.617
94.672
95.288
95.487
94.906
95.215
95.866
95.252
96.461
96.448
96.432
96.028
96.188
95.291
94.574
95.413
94.057
92.171
89.381
86.723
81.067
66.553
51.674
45.320
40.648
39.126
42.111
40.454
33.868
31.080
