49.056
53.231
66.188
87.214
94.023
95.730
96.664
97.464
97.289
97.503
92.562
90.934
95.915
97.377
97.645
97.691
96.986
96.641
94.080
91.718
91.570
92.613
95.760
97.267
96.910
97.105
96.646
96.341
95.821
95.304
95.544
94.944
93.677
95.237
94.985
93.260
92.658
93.042
84.630
92.124
93.318
95.417
95.508
95.884
95.162
93.003
89.067
89.744
89.447
92.906
94.427
95.763
96.391
96.222
96.898
97.226
97.154
96.701
97.217
97.355
97.033
96.559
96.599
93.642
93.589
92.200
92.424
94.617
94.652
91.947
92.170
94.316
94.595
94.579
93.772
93.816
94.654
94.809
95.539
94.694
95.151
95.530
95.385
95.946
95.236
95.109
95.524
96.046
97.080
97.242
96.886
96.749
97.343
96.943
95.910
95.436
95.091
94.517
95.083
94.669
95.442
94.109
93.752
89.673
88.760
89.161
92.132
92.196
92.309
90.749
92.267
94.727
92.189
91.055
92.326
93.583
94.598
94.150
94.753
93.887
94.527
94.089
94.335
95.434
95.118
96.132
96.502
96.501
96.866
96.266
94.664
93.579
89.731
85.415
75.271
