83.784
90.344
92.324
91.958
92.239
94.465
94.718
94.792
95.087
95.723
93.030
92.855
91.482
92.376
94.879
95.379
93.469
93.421
94.800
94.486
94.378
93.488
93.424
94.352
94.545
95.059
94.383
94.803
94.992
95.381
96.229
96.222
96.419
96.574
96.331
96.321
96.014
95.495
95.244
94.615
93.410
92.837
91.322
88.001
88.536
89.920
91.139
93.008
92.895
93.246
89.478
89.543
91.245
94.174
95.265
96.140
95.375
94.803
96.175
95.821
92.675
90.875
90.575
91.266
93.080
92.773
93.182
94.312
92.732
90.802
91.752
90.103
90.815
91.550
93.166
95.676
96.718
97.442
97.428
96.453
96.031
91.582
93.945
96.085
96.194
95.900
97.011
97.134
96.591
95.454
94.800
93.737
89.732
89.829
94.933
96.232
96.713
96.495
96.986
97.193
95.699
94.051
93.361
93.901
96.371
97.181
96.811
96.616
96.955
96.763
96.860
96.043
96.516
96.892
96.395
97.410
97.460
97.376
97.227
97.356
96.670
96.179
96.781
95.419
94.286
92.105
90.368
85.701
73.407
55.651
48.041
42.395
42.559
50.246
50.510
