79.887
88.371
91.943
94.423
94.230
93.690
95.181
95.697
95.589
95.191
95.683
92.404
92.115
90.403
91.480
94.309
95.156
93.280
93.140
94.589
94.208
94.204
93.479
93.398
94.357
94.518
94.948
94.352
94.708
95.004
95.346
96.070
96.040
96.177
95.971
95.853
96.323
95.740
94.585
95.034
94.627
92.658
91.488
91.055
88.010
86.631
87.506
87.103
89.489
89.111
90.395
87.898
88.018
89.295
92.051
94.104
95.041
93.911
91.985
93.274
92.311
86.562
83.792
84.296
88.354
90.670
92.455
93.013
94.460
93.509
92.529
93.553
92.398
93.598
92.592
93.976
95.681
96.939
97.004
97.079
96.176
95.866
91.408
93.764
95.657
95.694
95.498
96.676
96.847
96.780
96.364
96.317
96.149
91.819
91.136
95.590
96.951
97.438
97.027
97.128
97.048
95.402
93.677
92.932
93.408
96.055
97.059
96.692
96.762
96.909
96.732
96.722
95.852
96.291
96.678
96.146
97.237
97.307
97.190
96.988
97.179
96.416
95.756
96.240
95.265
93.074
90.654
86.113
73.913
57.979
48.106
40.657
35.574
31.877
28.345
