45.297
50.568
69.281
80.090
88.122
90.081
92.342
92.779
94.304
93.923
93.533
94.526
93.960
95.034
94.364
94.373
94.421
95.365
94.316
94.962
93.315
93.737
85.671
82.474
86.996
86.171
90.300
94.152
94.637
95.679
96.112
96.580
97.009
92.383
91.072
95.947
97.370
97.545
97.176
96.545
95.832
94.361
92.498
91.921
92.756
95.442
96.595
96.705
97.026
96.808
96.630
96.547
95.845
96.019
96.393
95.690
96.758
96.859
96.504
95.761
95.818
94.722
93.887
93.285
93.714
91.960
91.553
88.790
85.646
82.257
81.756
83.494
89.084
89.757
92.508
94.850
94.228
94.604
96.038
96.360
95.186
95.933
96.846
96.387
95.700
96.247
93.333
92.950
91.714
92.258
94.011
93.412
90.398
88.838
90.929
90.004
87.975
88.126
88.785
91.801
91.903
91.222
91.792
93.436
93.697
93.563
93.593
93.316
93.436
92.083
92.202
94.258
93.924
91.919
92.784
94.065
93.015
90.669
90.978
90.822
88.929
87.696
84.924
84.358
77.391
71.922
65.075
60.852
65.670
74.936
80.060
77.038
80.166
79.231
76.553
