46.426
47.407
56.029
72.559
79.456
82.320
81.032
83.683
88.109
85.684
84.392
87.375
90.562
86.791
84.370
87.108
87.709
87.963
86.918
87.649
83.650
77.399
69.105
66.788
73.712
81.293
81.375
85.025
84.646
86.396
89.573
89.576
88.738
88.289
90.088
92.764
93.671
94.360
93.986
94.482
93.727
93.725
94.766
94.083
95.043
94.875
95.391
95.730
95.912
94.359
92.802
89.087
86.497
76.423
75.500
85.208
85.293
84.355
88.992
91.743
93.402
95.260
96.453
96.386
91.564
90.922
95.210
96.245
95.741
93.110
89.605
83.402
80.420
71.551
73.855
77.288
79.105
84.098
87.846
92.852
92.827
94.977
95.416
94.742
94.078
94.439
92.301
94.253
95.804
95.134
93.325
95.683
94.929
94.969
95.501
95.826
95.079
94.247
91.796
88.138
83.412
83.731
83.187
88.702
89.637
92.362
93.425
91.350
90.858
93.376
91.333
86.910
86.985
88.925
84.129
80.495
84.099
75.299
65.925
55.193
48.154
51.606
44.707
43.841
35.615
34.846
39.099
40.734
41.015
38.517
38.830
42.203
35.664
40.002
35.046
