53.138
72.062
82.288
90.896
94.130
92.764
93.173
94.790
95.387
95.142
95.509
96.715
96.854
96.744
96.181
95.244
92.598
88.350
88.790
89.080
92.264
93.857
95.707
96.401
96.082
96.852
97.220
97.181
96.677
97.208
97.306
97.057
96.352
96.112
92.593
92.447
90.060
90.697
93.579
95.038
92.827
93.313
94.881
94.750
94.650
93.783
93.665
94.510
94.634
95.209
94.427
94.814
95.166
95.473
96.326
96.110
96.254
96.837
96.695
97.248
97.546
97.019
96.670
97.200
96.745
95.849
95.454
94.865
94.310
94.877
94.652
95.735
94.666
94.464
90.932
90.002
91.627
94.952
95.586
96.168
95.634
95.701
97.168
96.733
94.962
94.146
94.785
95.258
95.728
95.610
94.919
94.914
94.379
94.506
95.137
95.138
96.000
96.532
96.669
97.710
97.253
97.081
96.081
95.233
94.513
89.790
92.423
95.361
95.917
95.138
96.215
96.981
97.193
97.578
96.897
96.865
93.075
90.152
93.133
95.306
96.631
97.219
96.765
96.598
94.167
92.104
90.669
91.473
94.970
96.697
95.649
95.485
94.362
92.954
88.902
