63.591
80.788
82.747
85.431
85.841
87.781
87.251
86.127
87.907
86.683
84.940
86.669
86.191
88.487
89.708
92.570
93.702
92.982
93.785
95.640
95.094
94.611
95.576
95.859
94.578
93.847
93.608
93.107
93.698
93.485
94.278
92.316
91.190
86.563
85.890
88.782
91.880
92.925
94.471
94.264
94.111
95.870
95.485
93.144
92.249
93.394
94.501
95.081
95.313
94.675
95.355
94.603
94.357
95.230
94.801
95.698
96.057
96.332
97.363
97.475
97.033
96.380
95.050
93.792
87.893
89.114
93.816
93.831
93.187
94.888
96.107
96.490
97.098
97.239
97.120
92.244
91.300
96.012
97.037
97.207
96.224
94.745
91.874
88.225
82.098
81.415
83.250
87.000
91.368
92.262
95.130
94.975
95.877
96.537
95.768
95.396
96.017
94.650
96.074
96.995
96.794
96.287
96.912
96.393
96.190
96.898
96.721
96.443
95.716
94.420
91.412
86.469
86.018
87.031
91.392
93.011
94.548
95.390
94.969
95.693
96.232
95.784
94.507
94.170
94.706
93.642
91.041
91.140
83.249
80.942
72.245
63.320
59.053
49.916
46.782
