73.409
74.739
73.970
72.278
74.603
75.186
71.820
72.891
74.021
73.616
76.209
82.278
86.539
88.765
87.750
89.669
92.915
92.252
91.438
93.102
94.410
92.621
91.407
91.859
91.792
92.201
91.809
92.012
89.767
87.142
80.971
77.353
82.473
86.578
87.939
90.177
90.448
91.141
93.175
92.705
90.841
90.022
91.376
93.260
94.097
94.592
93.985
94.775
93.931
93.845
94.761
94.184
95.177
95.383
95.764
96.514
96.678
95.648
94.647
92.105
90.722
81.950
81.079
89.023
87.871
88.396
92.101
94.073
94.985
96.237
96.736
96.631
91.605
90.877
95.461
96.526
96.494
94.748
92.497
88.078
84.542
76.802
77.611
80.054
83.160
88.151
90.070
93.880
93.930
95.317
95.863
95.072
94.681
95.219
93.718
95.186
96.310
95.929
94.983
96.023
95.547
95.260
96.016
96.094
95.631
94.786
92.941
89.738
83.908
83.354
83.055
89.439
91.104
93.117
94.176
93.679
94.007
95.015
94.287
92.080
91.242
92.145
89.539
84.915
87.156
78.386
74.036
62.581
53.432
54.310
48.696
48.377
36.889
32.417
30.192
