36.277
44.449
45.453
52.053
52.007
61.999
81.668
88.354
89.269
91.215
90.285
91.384
92.385
91.234
89.511
89.701
88.829
91.154
92.904
92.661
92.580
94.443
95.300
95.841
96.508
96.693
96.431
95.728
94.640
91.706
87.378
87.511
87.557
91.318
92.820
95.034
95.755
95.385
95.985
96.147
96.191
95.457
94.942
94.772
94.937
92.417
90.910
86.178
87.816
87.100
83.720
85.564
86.903
86.131
87.075
89.788
91.347
92.238
91.968
92.478
93.249
92.299
93.550
92.931
92.254
92.245
91.036
92.044
91.675
92.457
93.951
94.376
94.591
95.767
96.029
95.740
96.108
96.177
95.269
94.793
94.248
93.666
94.238
94.010
95.066
93.866
93.666
88.182
88.139
90.203
93.415
93.739
94.281
94.515
94.989
96.282
96.015
94.291
93.059
93.972
94.715
95.358
95.271
94.788
95.302
94.526
94.353
95.229
94.883
95.555
95.885
96.332
96.863
96.155
95.501
93.588
92.052
89.331
84.987
87.327
92.493
93.405
91.121
92.450
94.412
94.849
96.172
96.374
96.144
92.131
89.943
93.894
94.860
94.752
93.402
