74.306
80.417
82.387
81.911
86.152
83.603
81.467
84.040
86.567
90.594
92.219
93.592
93.434
94.882
94.045
93.901
94.635
93.971
94.993
94.689
94.836
95.294
95.882
94.839
94.732
93.035
92.832
84.579
83.850
87.860
88.199
89.998
93.607
94.580
95.677
96.263
96.507
96.790
92.183
91.029
95.410
97.045
97.184
96.880
96.163
95.087
93.321
91.355
90.889
91.885
94.566
96.020
96.096
96.675
96.344
96.276
96.238
95.448
95.696
95.967
95.155
96.181
96.548
96.095
95.463
95.768
94.872
94.347
94.554
94.851
93.464
92.955
90.576
87.114
82.485
83.232
84.473
89.344
90.750
92.865
94.739
94.139
94.785
95.908
95.978
95.098
95.712
96.439
96.035
95.128
95.823
92.819
92.249
90.726
91.181
92.511
91.760
88.208
86.425
89.461
89.299
86.473
87.924
90.001
91.814
91.569
91.138
92.062
93.216
93.485
93.119
92.986
92.211
92.452
91.071
91.394
93.998
94.127
92.157
92.881
94.305
93.629
91.651
91.627
91.678
90.042
88.697
86.880
86.857
80.532
71.645
62.953
53.334
39.868
37.565
