72.686
78.504
86.117
85.757
85.803
79.666
81.760
83.379
88.775
92.720
94.455
93.499
92.058
94.399
94.099
91.687
90.834
91.045
92.921
94.546
95.040
94.828
95.581
94.742
94.373
95.277
94.431
95.165
95.046
95.614
96.703
97.581
97.400
97.392
96.357
96.100
91.259
93.345
95.735
95.630
95.344
96.720
96.986
97.163
97.014
97.143
97.188
93.096
91.498
96.329
97.609
97.948
97.526
97.182
96.903
95.430
93.664
92.969
93.484
96.048
97.098
96.935
97.252
97.164
96.991
97.164
96.371
96.789
97.132
96.575
97.542
97.655
97.500
97.307
97.539
96.896
96.508
97.037
96.527
95.334
94.080
92.034
87.727
81.509
83.878
82.984
86.609
87.285
92.309
94.030
93.210
94.363
95.719
95.862
94.888
95.960
96.713
96.240
95.887
96.309
93.462
92.964
91.878
92.225
94.772
94.824
92.772
92.164
93.431
92.747
91.585
91.270
91.369
93.157
93.392
93.482
93.159
94.081
94.645
94.691
95.339
95.289
95.736
95.443
95.032
95.933
95.907
94.721
94.419
95.015
93.489
91.314
91.089
88.777
66.372
