95.596
95.685
95.025
93.668
93.812
87.861
88.733
92.090
92.781
93.329
95.627
96.261
96.599
96.652
96.191
96.201
91.755
90.596
94.759
96.466
96.997
96.991
96.817
96.420
94.440
92.469
91.189
92.440
95.317
96.434
96.307
96.500
96.036
95.608
95.381
94.549
94.957
95.265
94.685
95.921
95.752
95.478
95.243
95.194
94.522
93.906
94.949
95.248
94.513
93.528
92.036
88.099
80.526
81.608
80.939
87.917
90.638
92.620
94.145
94.039
95.277
95.756
95.998
95.656
96.250
96.540
96.425
95.777
96.118
93.446
93.120
92.055
92.179
94.551
94.534
92.667
92.331
93.908
94.016
93.410
92.326
92.576
93.420
93.649
93.956
93.410
94.193
94.730
94.746
95.591
95.367
95.587
95.728
95.651
96.465
96.433
95.715
95.657
96.006
95.172
94.245
93.586
92.994
91.942
92.225
92.368
93.074
92.120
91.958
86.341
86.000
88.015
91.950
93.622
94.357
93.540
93.456
94.572
93.797
91.401
91.355
91.098
92.356
93.165
93.578
92.524
93.851
92.919
92.767
93.634
93.197
94.351
94.616
94.991
94.642
