88.585
91.921
92.164
90.002
88.385
88.553
88.330
87.230
87.585
86.195
84.450
80.809
70.565
71.492
76.396
83.884
88.376
90.802
90.309
89.650
91.274
91.129
88.798
88.608
89.887
91.861
93.278
93.895
93.119
94.344
93.465
93.401
94.032
93.317
94.253
94.228
94.744
95.549
96.225
95.643
95.220
93.489
93.517
86.094
85.282
90.106
89.886
91.491
94.324
95.042
95.656
95.881
96.050
95.930
91.296
90.568
94.740
96.373
96.661
95.944
95.579
94.386
92.160
89.953
89.254
90.481
93.146
94.363
95.041
95.879
95.664
95.673
95.639
94.791
94.936
95.377
94.610
95.829
95.927
95.621
95.203
95.538
94.880
94.474
95.321
95.265
94.164
93.055
91.014
87.422
81.451
81.710
81.605
86.955
88.044
91.032
92.939
92.012
92.501
94.340
94.350
92.641
93.521
94.538
94.031
92.248
93.857
90.500
89.472
87.247
88.039
89.160
91.012
86.800
85.876
88.332
87.094
85.846
85.561
86.860
88.915
88.833
87.538
88.510
89.320
90.068
90.258
91.436
92.284
92.856
92.395
91.590
93.075
93.300
89.150
