67.894
89.630
94.187
94.091
95.066
94.869
95.448
95.790
95.122
94.656
94.991
94.055
95.701
96.539
96.301
96.040
96.815
96.429
96.459
97.122
97.143
96.826
96.269
95.358
92.467
88.647
89.274
89.738
92.512
93.963
95.696
96.356
96.054
96.688
96.915
96.790
96.138
96.159
96.099
95.703
94.149
93.543
88.817
87.840
84.069
86.690
87.642
91.015
89.361
90.359
92.653
92.922
93.873
93.249
93.199
93.879
93.633
94.291
93.465
93.261
93.407
93.531
94.594
94.545
95.255
95.973
95.831
96.246
96.940
96.678
96.235
96.802
96.658
95.677
95.191
94.719
94.237
94.870
94.520
95.623
94.420
94.169
90.365
89.553
91.069
94.327
95.139
95.824
95.457
95.548
97.004
96.659
94.895
93.930
94.713
95.344
95.876
95.891
95.272
95.756
95.029
94.823
95.739
95.350
96.078
96.577
96.813
97.759
97.583
97.178
96.293
95.206
94.148
89.348
91.712
95.252
95.662
94.431
95.636
96.639
96.992
97.493
97.447
97.329
93.822
91.714
95.961
96.949
97.050
96.634
95.916
94.959
90.341
82.931
62.672
