41.687
47.407
52.265
72.658
88.070
92.236
92.424
92.141
94.742
95.508
94.355
94.285
95.941
96.387
95.988
96.043
96.453
93.485
92.804
90.156
91.817
95.034
95.834
94.383
94.566
95.678
95.537
95.434
94.699
94.463
95.233
95.362
95.543
94.943
95.575
95.771
96.216
96.762
96.682
96.965
97.190
96.866
97.219
97.396
96.699
96.163
96.022
95.538
94.713
93.225
91.344
91.133
93.206
93.648
95.466
94.369
94.461
91.535
91.284
92.305
95.294
96.016
96.712
95.998
95.806
97.355
96.910
94.512
93.497
94.274
95.467
95.927
96.269
95.318
95.871
95.000
94.976
95.969
95.559
95.875
95.911
96.848
97.953
98.110
97.937
97.697
96.905
96.638
92.980
95.192
96.714
96.907
96.539
97.368
97.788
97.943
97.701
97.684
97.396
93.589
91.989
96.616
97.801
98.173
97.832
97.731
97.619
96.130
94.647
93.595
94.034
96.633
97.582
97.206
97.424
97.416
97.276
97.339
96.466
96.937
97.183
96.691
97.674
97.771
97.663
97.535
97.757
97.088
96.898
97.449
97.307
97.121
96.334
94.378
88.881
