50.935
64.912
65.946
73.510
85.253
91.377
93.721
92.654
91.112
94.460
94.292
92.202
91.449
92.316
94.065
95.145
95.541
95.078
95.765
94.863
94.760
95.739
95.157
96.031
96.136
96.268
97.149
97.714
97.367
97.394
96.309
96.064
90.779
92.742
95.486
95.519
95.067
96.610
96.922
97.336
97.434
97.545
97.604
93.613
91.772
96.521
97.784
98.121
97.788
97.309
96.754
95.476
93.805
93.129
93.643
96.230
97.241
97.190
97.402
97.296
97.123
97.208
96.444
96.885
97.189
96.655
97.595
97.736
97.570
97.372
97.618
96.950
96.659
97.148
96.836
96.022
95.309
93.355
90.363
86.329
86.857
88.337
92.111
93.039
94.952
96.118
95.432
95.902
96.833
96.858
95.840
96.478
97.177
96.708
96.232
96.617
93.939
93.087
91.956
92.679
94.849
94.552
92.194
91.443
92.457
91.597
90.203
89.982
90.613
92.436
92.966
92.495
92.675
94.103
94.594
94.474
94.640
94.755
95.380
94.955
94.021
95.484
95.858
94.315
94.176
95.318
94.757
92.790
92.425
92.631
91.274
90.337
88.825
87.951
78.238
