49.531
67.642
79.103
83.385
89.247
92.837
91.486
91.766
92.967
92.544
93.052
92.204
91.616
92.220
92.043
92.529
91.089
90.460
91.352
92.371
94.267
95.078
95.789
96.344
95.712
95.874
96.585
96.153
95.542
95.989
96.019
94.926
94.128
93.824
93.393
94.193
94.069
95.050
93.774
93.386
88.840
89.162
91.076
94.139
95.353
96.266
95.649
95.387
96.944
96.618
94.369
93.348
94.265
95.075
95.684
95.769
95.223
95.779
95.047
94.727
95.609
95.082
95.905
96.295
96.552
97.769
98.000
97.866
97.588
96.624
96.264
92.028
93.982
96.200
96.324
95.936
96.963
97.370
97.279
97.375
97.421
97.181
93.344
92.146
96.522
97.354
97.504
96.534
96.237
95.520
93.627
91.575
89.807
89.064
92.276
94.165
93.983
95.677
96.092
96.752
97.249
96.530
96.685
97.063
96.524
97.493
97.738
97.636
97.437
97.745
97.093
96.808
97.464
97.148
96.886
96.056
94.703
91.648
86.191
85.582
86.999
91.245
92.830
94.514
95.353
94.710
95.404
95.756
95.297
93.863
94.043
93.643
91.549
88.666
84.453
