53.978
58.601
84.697
94.015
95.946
96.746
97.589
97.435
97.598
92.876
91.141
96.079
97.519
97.713
97.754
96.906
96.304
93.559
90.822
90.645
92.159
95.310
97.152
96.871
97.150
96.586
96.409
95.913
95.443
95.152
94.340
92.494
94.604
94.738
92.378
92.462
93.690
90.293
93.175
93.994
95.832
95.844
96.018
95.258
92.985
88.897
89.650
89.309
92.789
94.359
95.752
96.408
96.176
96.905
97.239
97.156
96.685
97.206
97.379
97.013
96.497
96.582
93.623
93.563
92.075
92.098
93.752
93.657
90.982
91.212
93.517
94.081
94.039
93.430
93.568
94.450
94.461
95.324
94.491
94.918
95.333
95.007
95.518
94.704
94.889
95.470
95.814
96.947
97.209
96.787
96.688
97.316
96.928
95.885
95.377
95.056
94.471
95.050
94.657
95.412
94.076
93.655
89.141
88.145
89.105
91.709
92.219
92.547
91.465
92.628
95.161
92.710
91.724
92.895
93.924
94.850
94.713
95.123
94.426
95.163
94.534
94.550
95.635
95.185
96.196
96.581
96.633
97.110
96.580
95.010
93.533
89.852
85.975
76.876
49.167
