76.872
82.881
87.085
92.306
94.586
95.397
95.588
94.701
92.005
87.449
87.415
87.676
91.603
93.369
95.448
96.121
95.876
96.682
97.041
97.062
96.557
96.967
97.107
96.852
96.107
95.758
91.700
91.316
87.445
89.761
92.299
94.274
92.089
92.961
94.573
94.647
94.835
94.116
93.966
94.606
94.745
95.346
94.570
94.875
95.171
95.546
96.175
95.732
95.550
96.355
96.525
97.020
97.253
96.999
96.692
97.111
96.647
95.801
95.422
94.707
94.083
94.716
94.486
95.506
94.565
94.559
91.415
90.250
91.598
94.716
95.128
95.112
94.723
95.167
96.463
95.228
93.943
93.384
94.205
94.581
94.072
93.836
91.896
90.621
90.309
92.369
93.252
94.244
95.554
96.059
95.966
96.499
95.166
94.130
91.860
88.661
87.297
83.264
85.466
88.951
91.573
91.573
93.735
95.375
95.925
96.854
95.995
96.471
92.131
89.139
91.944
94.608
95.813
96.711
96.103
95.833
92.846
90.540
89.348
90.243
94.323
96.243
95.337
95.294
93.300
91.458
88.913
84.993
82.967
77.742
79.984
79.750
74.021
50.671
44.625
