90.980
92.004
90.651
85.945
74.454
68.823
67.978
70.468
83.961
88.188
89.716
89.464
88.337
87.700
86.495
86.041
88.388
90.462
90.450
91.327
91.698
92.863
93.225
93.342
93.750
93.828
95.493
95.469
95.856
95.372
94.786
91.819
87.399
87.852
87.365
91.288
92.748
94.064
94.508
94.719
95.329
94.785
94.925
94.611
94.222
93.574
94.021
92.075
90.233
86.849
88.347
87.521
86.995
88.768
90.785
89.722
90.313
92.149
92.910
93.636
93.074
92.875
93.836
93.388
93.741
93.118
92.831
92.795
92.625
93.343
93.044
93.749
94.649
94.936
95.160
95.827
95.916
95.601
95.819
96.033
95.209
94.653
94.296
93.809
94.517
94.223
95.204
93.992
93.814
88.808
88.846
90.713
93.917
94.349
94.738
94.692
94.986
96.200
95.782
94.119
93.137
93.994
94.786
95.059
94.377
92.892
92.480
91.078
91.470
92.157
92.401
93.715
94.711
95.244
96.252
95.240
95.290
94.052
93.385
92.190
87.708
90.054
93.879
94.050
92.525
93.624
94.816
94.672
95.254
94.236
92.816
86.320
63.185
44.984
36.225
