37.191
47.119
47.809
56.718
60.012
84.662
93.120
95.350
96.534
97.572
97.326
97.520
92.719
90.928
95.888
97.338
97.609
97.672
96.781
95.923
93.192
90.345
90.464
91.947
95.390
97.127
96.789
97.039
96.455
96.162
95.753
95.138
94.912
94.659
93.613
95.282
95.202
93.358
92.261
94.243
91.183
92.871
93.693
95.420
95.528
95.785
95.052
92.924
88.825
89.249
88.564
92.649
94.301
95.682
96.286
96.122
96.837
97.159
97.086
96.700
97.224
97.359
97.036
96.589
96.626
93.708
93.807
92.546
92.441
93.404
92.676
89.440
89.260
92.267
93.079
92.426
92.495
93.362
94.321
94.192
95.229
94.777
95.226
95.508
94.896
94.852
93.589
94.056
94.020
94.913
96.431
96.716
96.328
96.544
97.298
96.899
95.953
95.486
95.043
94.469
95.065
94.561
95.016
93.131
92.371
88.933
86.500
86.508
90.700
90.571
91.658
89.402
90.965
93.801
91.408
90.280
92.082
93.299
94.420
93.694
94.691
93.718
94.583
94.268
94.328
95.469
95.116
96.059
96.490
96.546
96.848
96.455
94.750
93.361
85.507
