90.474
95.228
95.645
94.792
92.657
89.826
80.643
68.330
65.385
73.363
88.542
91.950
92.451
93.132
92.711
92.988
92.903
92.135
92.616
93.317
92.426
93.709
94.409
94.577
94.373
94.639
93.849
94.721
95.974
96.235
96.042
95.656
94.656
91.556
87.674
88.739
88.901
92.043
93.225
95.041
95.667
95.510
96.052
96.224
96.133
95.527
95.510
95.224
95.322
93.461
92.443
88.150
87.814
87.490
86.368
87.006
89.890
88.333
89.670
92.145
92.974
93.642
93.139
93.095
93.949
93.680
94.115
93.495
93.284
93.091
92.863
93.715
93.266
93.855
94.638
95.010
95.449
96.107
96.003
95.752
96.214
96.121
95.223
94.697
94.108
93.683
94.295
93.970
95.073
93.756
93.565
89.017
88.414
90.022
93.510
94.128
94.549
94.443
94.710
96.115
95.664
94.045
92.785
93.978
94.903
95.309
95.362
94.493
94.446
93.720
93.856
94.672
94.722
95.426
95.874
96.171
96.813
96.412
95.995
94.945
93.687
92.225
87.098
89.379
93.639
94.053
92.602
94.006
95.327
95.850
96.473
96.439
96.311
92.997
81.043
