40.780
54.630
55.251
69.569
77.818
85.507
83.446
89.191
93.039
95.265
95.837
95.938
95.214
92.595
88.191
88.431
88.100
91.812
93.590
95.657
96.354
96.022
96.779
97.134
97.124
96.601
96.933
97.094
96.942
96.046
95.281
91.181
91.297
88.176
89.072
91.011
92.753
90.716
91.443
93.951
94.309
94.569
93.900
93.741
94.478
94.539
95.217
94.359
94.716
95.014
95.213
95.496
94.833
94.350
95.577
96.178
96.563
96.972
96.976
96.728
97.146
96.783
95.875
95.447
94.842
94.258
94.841
94.638
95.699
94.661
94.512
91.057
90.068
91.379
94.579
94.596
94.174
94.096
95.128
96.353
95.279
94.169
93.858
94.570
94.982
94.785
94.690
93.197
92.465
91.952
93.474
94.154
94.614
95.729
96.265
96.205
96.532
94.924
93.630
90.575
87.034
84.582
81.213
82.749
87.146
90.103
89.417
91.939
94.439
95.256
96.445
95.787
96.132
92.710
88.849
90.497
93.041
94.703
95.550
94.717
94.220
90.348
87.626
85.751
87.185
92.160
95.051
93.554
93.346
90.474
88.478
86.669
77.431
59.098
40.204
