38.153
44.192
46.292
52.846
53.969
49.921
57.806
56.803
64.707
73.638
79.205
83.072
81.489
83.687
88.659
86.560
84.967
88.024
90.983
87.832
85.316
87.285
88.104
88.321
87.306
87.015
83.457
77.117
68.232
65.980
73.461
79.712
82.345
84.639
84.902
85.990
88.911
87.579
87.248
86.568
88.667
91.850
92.891
93.577
93.400
93.610
92.935
92.929
94.077
93.604
94.476
94.298
94.964
95.402
95.602
94.238
92.977
89.009
87.325
77.554
75.927
84.284
82.789
84.694
89.239
91.574
93.328
95.093
96.184
96.030
91.166
90.542
94.732
95.897
95.530
92.928
89.601
83.567
80.108
71.287
73.216
75.289
78.001
83.722
86.792
92.141
92.373
94.591
94.978
94.411
93.844
94.427
92.514
94.205
95.495
95.082
93.309
95.278
94.525
94.417
95.033
95.345
94.531
93.540
90.870
86.609
81.850
81.927
80.622
87.484
88.347
90.953
92.418
91.065
89.783
92.811
90.955
86.736
86.258
88.136
83.971
79.849
83.493
73.208
68.731
52.277
44.738
47.831
43.597
48.055
37.308
39.590
36.851
35.817
31.532
