83.716
91.695
93.325
95.012
95.653
95.941
96.016
94.987
94.839
89.379
89.873
93.424
93.603
94.376
96.072
96.375
96.121
95.693
94.484
93.780
88.420
87.691
92.628
94.759
96.120
96.427
96.822
96.777
94.816
93.094
92.010
92.939
95.759
96.824
96.625
96.346
96.043
95.177
94.611
93.984
95.266
95.973
95.538
96.269
95.683
96.064
95.837
95.056
94.224
92.903
94.093
93.900
93.044
91.498
90.541
86.407
78.750
78.942
78.301
84.918
87.583
89.867
91.727
92.762
94.313
94.722
95.268
95.103
95.961
96.171
96.244
95.905
96.200
93.651
93.500
92.735
92.784
95.027
95.011
93.038
92.835
94.302
94.216
93.708
92.816
92.726
93.921
94.235
94.480
93.837
94.666
95.170
95.264
95.851
95.665
95.889
96.090
95.871
96.580
96.357
95.714
95.715
95.884
94.759
94.046
93.391
92.344
91.622
91.657
92.013
92.887
91.652
91.147
85.881
86.137
88.259
91.559
93.714
94.660
93.921
93.437
94.922
93.544
91.245
90.241
88.887
90.268
89.828
90.415
87.002
84.909
83.262
81.582
79.806
67.427
