74.346
90.933
94.084
94.967
95.227
96.615
96.918
97.093
96.863
97.337
97.456
97.218
96.881
96.736
93.082
92.749
89.723
91.684
95.004
95.805
94.457
94.598
95.713
95.647
95.578
94.838
94.819
95.286
95.464
95.931
95.352
95.675
95.978
96.203
96.802
96.679
97.022
97.318
97.050
97.528
97.731
97.209
96.849
97.299
96.530
95.933
95.555
94.587
93.715
94.299
94.389
95.502
94.728
94.747
91.853
91.434
92.417
95.474
96.107
96.847
96.116
95.905
97.406
96.922
94.444
93.405
93.393
93.720
94.690
94.644
94.523
95.437
94.201
93.339
94.498
93.798
94.931
95.418
95.950
97.624
98.006
97.973
97.738
96.961
96.607
93.023
95.335
96.867
97.044
96.627
97.402
97.871
97.993
97.697
97.369
97.279
92.691
91.422
96.468
97.755
98.187
98.000
97.760
97.604
96.096
94.562
93.503
93.879
96.566
97.669
97.161
97.435
97.370
97.230
97.330
96.400
96.843
97.175
96.683
97.633
97.763
97.652
97.542
97.760
97.161
96.917
97.463
96.750
96.206
94.998
94.207
92.099
82.273
64.135
45.034
