68.942
79.277
90.469
92.520
93.603
93.228
94.545
93.986
93.698
94.724
94.427
95.460
95.546
95.536
96.409
96.639
96.183
96.299
94.907
94.983
88.044
86.486
90.952
91.162
93.663
95.938
96.387
96.830
97.043
97.010
97.193
92.517
91.078
96.085
97.475
97.794
97.590
97.168
96.905
95.124
93.302
92.560
93.259
95.986
97.179
96.967
97.207
96.968
96.737
96.690
96.014
96.258
96.608
96.002
97.027
97.082
96.799
96.422
96.528
95.626
95.034
95.202
95.229
94.594
93.939
91.790
89.138
85.596
85.335
86.287
90.979
92.317
94.271
95.564
95.328
96.025
96.688
96.769
96.190
96.824
97.178
96.761
96.323
96.524
93.826
93.712
92.918
92.636
94.927
95.053
92.856
92.706
94.257
94.084
93.392
92.753
92.624
93.966
94.345
94.681
93.925
94.695
95.160
95.266
95.887
95.685
95.713
95.573
95.723
96.588
96.536
95.691
95.871
96.436
95.592
94.539
94.259
93.716
92.731
92.472
91.948
92.437
90.482
90.318
85.892
86.848
87.402
89.353
92.000
92.705
92.015
90.694
92.489
88.850
72.722
