75.746
80.764
91.100
88.480
89.421
91.066
90.635
92.135
91.599
91.215
92.123
91.655
92.010
90.910
90.593
90.760
91.983
93.503
94.629
95.551
95.955
95.342
95.767
96.595
96.038
95.560
96.119
96.060
94.971
94.285
93.868
93.323
93.966
93.688
94.600
93.078
92.415
87.169
87.627
90.068
93.361
94.750
95.787
95.183
94.883
96.503
96.096
93.651
92.464
93.706
94.651
95.354
95.487
95.015
95.484
94.698
94.501
95.388
95.004
95.846
96.169
96.417
97.597
97.795
97.613
97.333
96.281
95.928
91.260
93.438
95.760
95.920
95.422
96.613
97.107
97.289
97.438
97.394
97.276
92.455
91.171
96.233
97.414
97.784
97.021
96.595
95.786
93.802
91.549
89.917
89.611
93.059
95.232
95.348
96.411
96.467
96.696
97.077
96.157
96.573
96.935
96.344
97.392
97.530
97.443
97.216
97.499
96.819
96.504
97.186
96.929
96.631
95.840
94.344
91.075
86.638
85.406
87.462
92.156
93.531
94.823
95.674
95.293
95.974
96.368
96.049
94.966
95.193
95.397
94.404
92.613
92.289
84.109
77.779
59.113
