50.057
58.948
60.892
62.112
65.832
71.303
73.671
76.373
77.658
81.238
88.389
86.466
86.577
87.408
86.314
89.621
87.571
87.081
88.729
87.601
87.344
85.699
85.841
86.060
88.455
90.583
92.991
93.764
94.127
92.698
91.219
92.129
91.372
89.516
87.797
87.846
86.241
82.284
79.225
81.498
84.712
86.653
88.977
88.250
88.794
81.861
83.294
87.305
90.985
93.513
94.845
94.405
93.111
94.324
94.241
90.482
88.359
87.355
89.140
91.391
90.948
91.840
93.530
91.666
89.016
89.921
87.006
86.537
87.276
90.675
93.687
95.656
96.848
96.955
95.969
95.524
90.557
93.098
95.450
95.462
94.823
96.130
95.780
94.485
92.277
91.853
88.945
86.510
87.507
92.889
93.199
93.903
91.766
93.283
92.813
91.738
89.681
88.455
87.344
89.955
89.838
90.254
91.607
93.597
95.027
96.053
95.591
95.852
96.436
95.900
96.969
97.190
97.110
96.827
97.085
96.351
95.727
96.302
94.489
92.524
89.486
86.853
80.434
68.223
52.909
48.267
41.164
39.657
45.029
44.180
37.381
37.883
41.271
37.815
31.352
