70.646
87.269
92.918
93.686
95.041
95.897
96.089
97.167
97.213
97.186
97.106
96.282
96.054
91.100
92.843
95.575
95.600
95.802
97.017
97.417
97.584
97.592
96.960
96.960
92.023
90.600
95.220
97.168
97.841
97.877
97.615
97.421
95.934
94.361
93.439
94.030
96.570
97.563
97.267
97.411
97.199
96.755
96.277
95.842
96.500
96.976
96.521
97.303
97.100
97.165
96.964
96.461
95.753
94.815
96.000
95.872
95.805
94.990
94.098
91.118
86.574
86.778
88.236
91.905
93.380
95.177
96.099
95.835
96.643
97.104
96.999
96.530
97.187
97.409
97.044
96.789
96.858
94.238
94.243
93.629
93.482
95.893
95.768
94.213
93.946
95.215
95.030
94.516
93.512
93.319
94.510
94.881
95.171
94.477
95.311
95.820
95.880
96.419
96.326
96.631
96.817
96.507
97.183
97.418
96.596
96.423
96.989
96.409
95.261
94.911
94.502
93.583
94.102
93.561
94.726
92.885
92.292
86.357
86.912
88.988
92.780
94.736
95.778
94.962
94.403
96.516
95.423
93.350
92.567
92.116
93.002
92.045
92.456
87.282
82.165
