31.672
36.540
37.691
42.157
40.231
47.999
51.491
75.875
89.087
93.014
95.088
96.705
96.427
96.862
91.790
90.139
94.337
96.003
96.643
96.906
95.992
95.000
91.548
88.167
88.071
90.478
94.476
96.647
96.031
96.321
94.902
94.056
93.047
92.628
90.661
88.896
87.501
90.475
88.685
84.750
83.581
87.121
83.596
87.324
89.902
93.269
93.934
94.866
94.139
91.903
87.447
88.026
87.546
91.919
93.610
95.139
95.930
95.787
96.547
96.918
96.951
96.602
97.082
97.247
97.044
96.605
96.571
93.890
94.359
93.327
92.583
93.127
92.244
88.386
89.049
92.401
93.489
93.487
92.918
93.590
94.489
94.383
95.394
94.774
95.237
95.661
94.969
94.935
93.436
93.003
93.450
94.740
96.318
96.485
96.225
96.594
97.104
96.619
95.702
95.220
94.724
94.060
94.600
94.185
94.498
92.864
92.270
88.745
86.262
86.146
89.383
88.375
88.135
85.286
88.147
91.661
88.178
87.346
89.995
91.645
93.152
92.022
93.138
91.996
92.653
92.777
93.609
94.284
94.553
95.632
95.835
95.654
95.539
94.132
89.507
