40.465
42.447
44.654
49.097
56.119
80.038
86.809
88.669
88.593
92.138
93.886
92.460
92.538
94.883
95.393
94.911
95.134
95.873
92.914
92.188
89.897
91.064
94.296
95.404
93.655
93.867
95.106
94.803
94.840
94.011
93.585
94.673
94.705
94.852
94.098
94.885
95.076
95.711
96.390
96.403
96.617
96.698
96.382
96.654
96.643
95.860
95.401
94.994
94.061
93.028
90.823
87.918
88.022
89.907
91.340
93.846
93.100
93.610
90.227
90.357
91.608
94.549
95.501
96.162
95.411
95.006
96.452
95.751
92.429
90.248
90.915
93.529
94.429
94.906
94.265
94.995
94.130
93.753
94.660
94.197
94.584
94.422
95.833
97.214
97.594
97.502
97.407
96.534
96.338
92.301
94.533
96.119
96.307
96.072
97.065
97.350
97.403
97.059
96.927
96.540
92.339
91.316
96.105
97.358
97.745
97.367
97.404
97.366
95.882
94.257
93.351
93.866
96.352
97.255
96.943
97.157
97.199
97.060
97.085
96.272
96.780
97.010
96.512
97.527
97.585
97.492
97.298
97.458
96.660
96.224
96.802
96.486
95.894
94.305
89.152
