63.181
73.784
80.016
78.798
81.499
85.667
82.774
81.838
84.271
87.260
82.508
80.317
82.414
82.445
83.559
82.357
82.670
78.622
71.653
63.391
60.108
68.104
74.856
78.609
78.955
80.914
80.192
83.900
80.067
82.598
82.879
85.724
90.305
91.401
92.516
92.653
92.774
92.429
92.648
93.761
93.368
94.337
93.533
94.218
94.092
94.218
92.728
91.285
88.035
86.918
76.531
73.694
80.631
74.849
82.455
88.101
90.049
91.693
93.914
95.532
95.407
90.647
89.967
93.883
94.860
94.588
92.012
88.719
82.605
76.565
62.987
62.743
66.230
77.321
84.158
87.172
91.723
91.339
93.257
93.401
93.023
91.830
92.906
90.717
92.441
93.960
93.557
91.608
93.344
92.322
92.518
93.078
94.028
92.828
92.288
89.264
85.555
82.868
82.956
82.683
86.923
86.821
89.843
91.267
88.246
87.421
91.165
88.899
84.342
84.308
86.770
83.245
78.494
83.112
77.853
73.955
63.445
55.022
56.497
49.218
47.774
40.887
42.292
47.723
51.683
55.630
55.550
54.023
56.320
53.741
55.975
48.683
48.243
41.950
49.027
