77.753
88.034
89.401
91.098
93.721
94.217
93.427
94.687
95.560
95.407
94.115
95.011
91.150
90.515
88.114
89.880
92.820
94.513
92.320
92.313
93.730
93.027
93.657
92.655
92.538
93.633
93.624
94.107
93.453
93.776
93.949
94.637
95.591
95.775
96.014
95.891
95.638
96.080
95.619
94.460
94.723
94.301
92.249
90.862
89.436
86.740
85.964
86.820
87.127
89.681
89.506
90.527
86.972
87.483
89.408
92.062
94.331
95.229
94.276
92.632
94.097
93.449
88.754
86.321
86.098
88.716
91.211
92.554
93.071
94.490
93.500
92.232
93.267
92.097
92.941
92.186
94.007
95.704
97.008
97.102
97.083
96.119
95.738
91.026
93.377
95.584
95.656
95.412
96.631
96.828
96.765
96.286
96.236
96.030
92.000
91.182
95.638
96.945
97.408
96.969
96.956
96.791
95.008
93.163
92.340
92.693
95.587
96.719
96.381
96.695
96.788
96.672
96.705
95.819
96.188
96.611
96.064
97.196
97.257
97.130
96.927
97.158
96.439
95.886
96.382
95.421
93.356
90.902
85.842
69.858
57.676
48.305
41.072
35.318
29.073
