48.442
66.849
73.210
78.161
78.688
81.287
85.432
83.358
81.909
84.598
88.307
84.606
81.785
84.193
85.399
85.197
84.006
84.525
80.902
74.239
66.071
64.067
71.948
77.569
79.686
82.029
82.212
83.016
85.860
85.583
85.256
84.846
87.187
91.130
92.134
93.079
92.980
93.507
92.911
92.840
93.801
93.073
93.932
93.225
94.124
93.952
93.844
91.921
89.610
85.904
83.586
73.754
72.762
81.594
77.699
81.672
86.267
88.879
90.656
93.607
95.129
94.904
90.333
90.214
93.703
93.960
93.244
90.961
86.599
79.845
71.992
59.740
59.278
61.515
73.313
81.958
84.766
89.857
88.997
91.443
92.583
92.239
89.455
90.766
88.479
90.453
92.758
92.325
89.435
92.634
92.380
93.066
93.538
94.497
93.170
92.272
89.267
85.536
81.011
80.496
78.372
85.340
85.964
89.420
90.586
88.633
87.877
91.111
89.132
85.375
84.479
86.932
82.953
78.084
82.516
75.458
70.580
58.583
52.589
55.470
50.199
45.875
41.324
40.970
36.929
39.097
36.499
33.764
33.833
39.277
38.287
35.781
32.200
42.938
25.279
