84.016
86.562
90.289
90.121
89.825
92.244
92.517
94.555
94.433
94.169
95.039
95.536
95.293
96.022
94.775
94.832
87.940
87.417
91.602
91.722
93.726
95.991
96.203
96.680
96.650
96.236
96.844
91.756
90.619
95.390
97.163
97.532
97.538
97.221
96.904
95.089
93.205
92.197
93.202
95.958
97.124
96.874
97.123
96.810
96.444
96.315
95.534
95.883
96.253
95.725
96.741
96.632
96.449
96.144
95.783
94.577
93.048
92.858
93.015
91.822
90.993
89.644
87.029
83.920
84.538
86.805
90.866
92.146
93.583
95.474
95.365
96.015
96.660
96.737
96.267
96.858
97.170
96.854
96.370
96.642
94.027
93.925
93.142
92.961
95.060
94.946
92.982
92.644
94.341
94.255
93.459
92.706
92.800
93.920
94.275
94.583
94.013
94.786
95.263
95.276
95.978
95.742
95.872
95.693
95.741
96.671
96.337
95.568
95.864
96.397
95.281
94.329
94.286
93.840
92.327
91.912
91.244
91.923
90.329
90.315
84.575
86.031
87.144
90.695
92.648
93.424
91.861
91.106
92.533
89.871
86.392
78.916
66.629
64.154
47.731
