45.646
53.990
69.289
66.174
71.183
72.933
77.540
78.729
83.712
89.477
87.416
87.366
88.195
86.955
89.530
87.880
86.982
88.855
87.493
87.205
85.635
85.898
86.197
88.545
90.469
92.933
93.750
94.118
92.668
91.702
92.460
91.702
89.984
88.395
88.290
86.805
82.926
80.343
81.946
84.912
86.951
89.104
88.158
88.132
83.352
83.912
87.329
90.773
93.407
94.771
94.289
92.948
94.236
94.227
90.360
88.512
87.809
89.399
91.709
91.314
92.344
93.774
91.999
89.251
90.024
87.124
86.696
87.556
90.859
93.942
95.774
96.920
97.061
95.973
95.506
90.504
93.149
95.493
95.532
94.912
96.206
95.851
94.604
92.630
92.001
89.102
86.696
87.761
92.960
93.302
93.938
92.008
93.488
93.147
91.919
89.926
88.655
87.572
89.914
90.113
90.302
91.501
93.670
95.162
96.135
95.706
96.045
96.553
96.011
97.030
97.278
97.221
96.941
97.181
96.357
95.822
96.406
94.644
92.694
89.659
87.046
80.481
68.449
52.835
48.749
41.270
39.025
45.506
44.126
36.719
35.053
42.580
37.696
38.160
33.048
