34.396
36.356
38.519
40.352
45.066
55.969
66.546
76.115
80.282
79.650
82.441
86.566
84.867
83.607
86.354
89.767
86.342
83.871
86.992
88.144
88.422
86.967
87.125
82.917
76.909
68.213
64.977
73.046
79.865
80.880
83.430
83.320
85.306
88.261
87.722
87.514
87.232
89.682
92.474
93.346
93.927
93.627
93.793
93.096
93.213
94.341
93.879
94.763
94.492
95.097
95.097
95.083
93.151
91.051
86.984
83.602
74.375
73.603
83.000
81.775
81.896
87.042
89.913
92.090
94.566
96.018
95.877
91.197
90.643
94.623
95.580
94.830
91.779
87.386
81.496
76.199
67.476
68.485
71.870
75.086
81.960
85.605
91.305
91.273
93.982
94.513
94.051
92.756
93.493
90.684
92.946
94.923
94.368
91.681
94.614
93.943
94.228
94.595
95.368
94.574
93.908
91.393
87.908
84.014
83.951
83.845
89.132
89.828
91.951
93.041
91.033
89.637
92.459
90.026
85.548
85.150
87.070
82.112
76.951
81.023
69.949
63.375
50.118
45.181
43.803
41.689
40.754
35.305
37.797
36.605
39.724
35.722
33.647
34.234
31.763
