69.204
70.901
77.814
82.603
75.578
82.359
82.728
81.988
81.499
84.015
86.070
91.240
88.612
88.784
90.040
89.151
91.037
89.462
89.492
91.005
90.542
90.717
89.912
90.075
89.875
91.436
92.795
93.987
94.661
94.919
94.258
93.797
94.162
93.425
92.505
91.426
90.460
89.668
86.508
83.140
84.622
86.306
88.677
90.288
89.910
90.053
83.300
84.548
87.990
91.537
93.457
94.629
93.906
93.054
94.417
93.689
90.136
88.311
88.166
89.730
91.780
91.733
92.132
93.239
91.851
89.866
91.076
88.790
89.363
89.533
91.987
94.685
96.105
96.691
96.636
95.268
94.961
89.361
91.268
94.171
94.383
94.378
96.080
96.112
95.497
94.307
93.774
92.251
88.575
88.849
93.953
95.050
95.584
94.643
95.316
95.035
93.145
91.022
89.980
90.015
93.251
93.699
93.943
94.587
95.371
95.793
95.946
95.238
95.609
96.130
95.568
96.721
96.702
96.677
96.341
96.466
95.539
94.997
95.892
94.689
93.067
90.398
87.676
79.883
69.613
55.059
54.550
48.957
50.459
62.846
64.661
61.409
60.475
62.124
66.162
