73.254
91.158
95.675
96.076
95.515
94.942
93.388
85.124
77.559
74.637
75.781
88.166
93.335
93.474
93.996
93.488
93.539
93.126
92.341
92.879
93.408
93.022
94.258
94.538
94.920
94.965
95.152
95.281
95.117
96.281
96.438
96.402
95.918
95.055
92.255
88.690
89.294
89.513
92.371
93.742
95.422
96.110
95.821
96.412
96.730
96.590
95.969
95.946
95.860
95.814
94.059
93.380
89.400
87.748
85.972
87.366
89.537
92.082
90.321
91.291
93.229
93.859
94.385
93.957
93.702
94.342
94.287
94.565
93.857
93.691
93.672
93.884
94.645
94.338
95.004
95.489
95.570
95.982
96.541
96.409
96.095
96.555
96.399
95.553
95.103
94.569
94.157
94.774
94.408
95.542
94.379
94.209
90.188
89.822
91.189
94.333
94.907
95.382
95.153
95.343
96.735
96.292
94.588
93.505
94.459
95.175
95.485
95.272
94.369
94.478
93.755
93.902
94.566
94.752
95.566
96.156
96.402
97.126
96.615
96.378
95.471
94.726
93.678
89.128
91.495
94.891
95.270
93.869
94.885
95.931
96.247
96.804
96.681
96.521
92.078
