84.702
92.221
93.291
94.957
95.731
95.951
97.068
96.917
96.897
96.705
95.608
95.665
90.052
91.210
94.314
94.453
95.200
96.736
97.198
97.384
97.417
96.680
96.776
91.867
90.408
94.711
96.850
97.626
97.797
97.510
97.320
95.800
94.032
93.115
93.880
96.432
97.493
97.230
97.349
97.048
96.448
95.947
95.119
96.080
96.626
96.212
96.834
96.271
96.428
96.309
95.886
94.814
94.643
95.693
95.875
95.676
94.960
93.848
90.871
86.255
86.446
87.727
91.649
93.098
94.862
95.918
95.668
96.533
97.020
96.961
96.475
97.156
97.425
97.058
96.730
96.879
94.445
94.360
93.710
93.509
95.750
95.554
93.961
93.644
94.937
94.871
94.293
93.167
93.123
94.279
94.679
94.949
94.274
95.157
95.658
95.685
96.299
96.152
96.439
96.615
96.349
97.088
97.236
96.453
96.323
96.889
96.244
95.089
94.741
94.352
93.396
93.826
93.284
94.444
92.601
92.093
85.830
86.294
88.657
92.376
94.372
95.352
94.525
94.033
96.100
94.839
92.627
91.746
91.295
92.756
91.645
92.748
88.308
84.589
72.336
