73.677
73.258
77.118
85.339
87.572
87.495
88.247
89.117
88.864
88.009
89.349
87.780
86.217
87.555
87.845
90.304
91.600
93.663
94.390
93.953
94.377
95.882
95.412
94.919
95.684
95.874
94.681
93.885
93.694
93.159
93.728
93.563
94.348
92.582
91.810
88.431
87.468
89.216
92.426
93.370
94.748
94.457
94.335
96.065
95.941
93.395
92.450
93.461
94.488
95.183
95.373
94.761
95.391
94.654
94.428
95.227
94.821
95.685
96.050
96.338
97.454
97.599
97.181
96.592
95.445
94.540
89.337
91.191
94.669
94.949
93.949
95.378
96.296
96.698
97.203
97.277
97.143
92.047
91.105
96.081
97.179
97.355
96.415
95.216
93.025
89.123
83.853
83.192
84.225
88.160
92.201
93.043
95.456
95.495
96.173
96.654
95.897
95.687
96.377
95.124
96.439
97.174
97.058
96.536
97.157
96.614
96.365
97.059
96.842
96.536
95.684
94.256
90.879
86.605
85.815
87.356
91.751
93.111
94.516
95.481
95.032
95.678
96.198
95.797
94.414
94.364
94.859
93.643
91.306
91.765
85.180
79.914
68.992
60.009
52.645
