92.435
95.639
96.581
97.517
97.375
97.530
93.158
91.201
95.927
97.390
97.565
97.570
96.590
95.607
92.478
89.396
88.931
90.954
94.602
96.717
96.529
96.960
96.073
95.905
95.345
94.496
93.064
91.112
90.011
92.597
92.552
89.539
90.316
92.898
89.402
92.822
94.033
96.023
95.816
95.817
94.757
92.341
87.616
88.290
87.307
91.594
93.496
95.349
96.105
95.833
96.665
97.083
97.051
96.628
97.079
97.317
96.999
96.359
96.516
93.355
93.243
91.418
91.355
92.828
92.778
89.644
89.717
92.777
93.429
93.610
93.231
93.624
94.420
94.294
95.287
94.527
94.892
95.322
94.836
95.050
94.118
94.204
95.055
95.465
96.733
97.087
96.620
96.553
97.124
96.685
95.704
95.277
94.862
94.161
94.709
94.382
95.037
93.585
93.120
88.250
87.085
88.351
90.539
91.368
91.651
90.617
92.172
95.132
92.457
91.259
92.423
93.369
94.586
94.463
95.021
94.173
95.157
94.472
94.446
95.547
95.023
96.011
96.357
96.518
97.173
96.646
94.909
92.600
87.722
81.991
73.041
50.008
40.591
40.927
33.436
