86.944
91.077
83.551
84.404
90.460
92.740
93.235
92.194
89.825
84.413
72.427
62.431
57.285
65.534
81.958
87.869
89.110
90.568
90.015
90.918
91.018
90.992
90.913
92.458
91.050
92.100
93.249
93.987
93.155
93.583
94.059
93.365
94.731
94.894
94.532
93.648
92.492
89.190
85.376
85.497
85.115
88.850
90.248
92.435
93.682
93.782
94.263
94.510
94.811
93.817
93.250
93.030
93.196
90.125
89.419
85.248
79.540
80.244
79.842
83.146
86.884
86.028
86.877
89.509
90.476
92.259
91.465
91.300
92.162
91.228
92.111
91.105
90.083
90.310
90.015
90.991
91.181
91.968
93.140
93.492
93.647
94.773
94.961
94.558
94.901
94.994
94.217
93.537
92.853
92.492
92.970
92.940
93.791
92.604
92.413
86.210
86.616
88.947
91.939
92.818
93.260
93.503
93.663
94.922
93.901
92.258
91.014
91.403
92.898
93.479
93.306
92.288
91.995
91.057
90.957
91.817
91.900
93.175
93.574
94.759
95.593
95.120
94.788
93.248
92.019
91.047
85.219
86.565
91.082
90.525
90.444
92.088
93.683
93.841
93.138
