56.224
63.047
51.647
61.065
63.159
59.675
54.722
61.472
56.029
61.381
72.451
77.652
82.385
82.803
85.590
89.899
88.619
87.293
90.334
92.707
90.159
88.624
89.899
90.037
90.216
89.627
88.993
85.551
80.635
72.170
69.815
75.453
81.553
82.650
85.005
84.915
86.909
89.863
89.154
88.604
87.907
90.122
92.636
93.591
94.138
93.854
94.403
93.534
93.453
94.481
93.967
94.895
94.786
95.237
95.656
95.801
94.256
92.884
88.836
86.523
76.233
74.664
85.159
82.646
83.498
89.150
91.774
93.601
95.367
96.327
96.246
91.440
90.713
94.928
95.910
95.710
93.541
90.224
84.926
81.089
71.904
73.946
77.271
80.169
85.603
88.213
92.846
92.518
94.389
95.107
94.302
93.464
93.818
91.853
93.915
95.423
94.844
92.970
95.184
94.274
94.536
95.171
95.591
94.914
94.169
91.961
88.630
83.710
82.932
82.724
88.880
90.214
92.283
93.658
92.705
92.371
94.215
93.168
89.999
88.863
90.677
87.186
82.249
85.326
75.636
72.279
59.942
50.986
51.530
42.947
42.952
34.591
33.793
32.764
29.990
