34.463
41.008
49.372
50.528
58.311
73.799
81.158
83.937
82.724
84.566
88.972
86.788
85.575
88.356
91.253
87.948
85.615
88.083
88.700
89.255
88.421
89.126
85.036
79.679
71.789
69.333
75.726
82.825
83.158
86.777
86.415
88.150
90.994
91.128
90.062
89.006
90.803
92.966
93.899
94.315
94.037
94.405
93.663
93.565
94.598
94.044
94.917
94.933
95.473
96.035
96.215
94.952
93.515
90.038
87.613
78.084
77.489
87.450
86.563
85.332
89.874
92.241
93.788
95.508
96.529
96.476
91.657
90.896
95.221
96.366
95.908
93.269
89.995
84.109
81.039
72.597
74.049
77.136
79.282
84.343
87.876
92.948
92.990
95.095
95.486
94.792
94.326
94.761
92.732
94.694
95.882
95.424
93.844
95.695
94.788
94.956
95.673
95.946
95.257
94.357
92.098
88.401
82.878
82.905
82.089
88.644
89.515
92.266
93.399
91.560
91.093
93.459
91.255
87.214
87.223
88.826
84.045
80.196
83.902
74.334
65.989
56.268
49.802
51.545
46.153
46.168
36.301
37.797
40.089
41.081
41.436
38.303
41.134
41.374
32.606
