92.017
93.262
93.139
91.099
87.388
88.677
88.731
92.203
93.662
95.251
96.175
96.134
96.705
97.040
97.210
96.838
97.305
97.508
97.269
96.866
96.822
93.863
93.348
90.655
92.111
95.098
95.733
93.963
94.251
95.549
95.525
95.424
94.697
94.545
95.194
95.388
95.850
95.210
95.638
96.031
96.220
96.735
96.445
96.225
96.372
96.751
97.309
97.160
96.921
96.802
97.196
96.556
95.846
95.507
94.844
94.191
94.609
94.298
95.045
94.240
94.381
91.493
91.015
91.878
94.469
94.502
94.223
92.847
93.759
94.722
91.307
89.262
89.766
90.740
90.971
90.214
89.768
88.252
88.950
87.775
89.717
91.636
93.194
95.097
95.289
95.041
95.463
94.484
93.935
93.769
91.624
92.430
88.187
88.162
89.514
90.391
92.688
95.124
95.735
96.227
96.636
95.848
96.470
90.498
89.757
93.745
96.190
96.832
97.447
97.113
97.228
95.538
94.077
93.252
93.771
96.393
97.561
97.016
97.010
96.338
95.383
93.291
92.897
93.714
92.902
92.792
94.164
92.079
90.708
90.579
89.896
79.805
65.538
49.067
42.684
