89.501
91.399
92.929
92.655
90.889
89.573
89.451
88.485
88.013
88.376
87.220
85.531
82.524
71.023
73.881
77.659
84.088
88.499
90.551
89.855
89.492
90.955
90.796
88.284
88.272
89.858
91.524
92.865
93.545
92.523
93.987
93.181
93.026
93.641
93.026
94.060
94.102
94.511
95.165
95.733
95.055
94.482
92.633
92.285
84.595
83.663
88.401
88.706
90.676
93.799
94.598
95.339
95.649
95.660
95.476
90.642
90.055
94.240
95.955
96.254
95.731
95.328
94.120
91.752
89.531
88.646
90.003
92.828
94.178
94.769
95.564
95.159
95.111
95.005
94.121
94.199
94.583
93.867
95.026
95.175
94.728
94.303
94.722
94.014
93.663
94.607
94.874
93.766
92.868
90.961
87.569
80.818
80.817
80.253
86.185
88.351
91.005
92.766
92.216
92.933
94.330
94.373
93.259
93.872
94.676
94.335
92.874
93.972
90.808
89.804
87.965
87.979
89.318
90.792
86.543
85.687
88.435
87.938
86.252
86.082
87.328
89.383
89.232
88.534
89.191
89.880
90.489
90.428
91.740
92.125
92.652
92.094
91.601
93.283
92.936
