47.602
61.364
78.704
89.342
91.378
93.185
92.973
94.542
94.066
93.596
94.628
94.019
95.184
95.136
95.313
95.718
96.422
95.610
95.843
94.325
94.435
87.097
84.900
89.325
89.420
92.408
95.361
95.909
96.557
96.802
96.891
97.075
92.209
91.030
95.918
97.300
97.659
97.444
96.981
96.653
94.654
92.740
91.981
92.833
95.698
96.954
96.754
97.056
96.794
96.581
96.620
95.808
95.983
96.319
95.708
96.766
96.821
96.521
96.050
96.229
95.219
94.585
94.509
94.947
93.731
93.021
90.917
87.954
84.017
83.163
83.987
89.550
91.089
93.252
95.007
94.814
95.581
96.459
96.585
95.995
96.646
97.055
96.697
96.092
96.375
93.733
93.525
92.501
92.424
94.485
94.654
92.247
91.998
93.684
93.543
92.750
92.247
92.311
93.744
94.003
94.230
93.673
94.483
94.958
94.961
95.565
95.352
95.203
94.756
95.107
96.260
95.797
94.748
95.407
95.936
94.880
93.705
93.638
93.086
91.688
90.936
90.074
90.368
88.500
88.737
84.233
84.757
85.309
86.522
89.650
90.131
89.022
87.308
88.165
82.717
