41.452
44.941
52.253
51.724
45.995
53.601
50.143
59.071
71.751
77.703
81.531
80.632
83.210
87.884
86.196
84.794
87.971
91.181
88.202
85.971
88.318
89.225
89.162
87.837
87.259
83.510
77.457
68.441
66.773
73.665
79.349
81.436
83.446
83.789
85.623
88.503
87.385
87.212
86.776
89.128
92.293
93.157
93.797
93.523
93.698
93.025
93.175
94.298
93.915
94.919
94.620
95.131
95.287
95.380
93.605
91.994
87.585
85.200
75.175
73.501
83.251
80.630
82.611
87.911
90.685
92.691
94.896
96.216
96.122
91.424
90.709
94.717
95.773
95.181
92.418
88.469
82.747
78.220
68.402
70.587
73.959
76.400
82.835
85.964
91.548
91.642
94.249
94.730
94.121
93.159
93.762
91.354
93.427
95.212
94.683
92.467
94.957
94.134
94.313
94.802
95.361
94.592
93.956
91.421
87.778
84.106
84.005
84.112
89.719
90.492
92.459
93.821
92.264
91.092
93.439
91.623
86.981
86.411
88.220
83.518
78.993
82.300
69.409
63.041
49.606
42.431
44.225
40.030
41.991
35.648
34.757
34.274
31.874
29.853
30.814
