91.220
94.934
96.513
96.545
96.836
91.924
90.427
94.868
96.372
96.546
96.463
94.931
92.831
89.232
85.952
85.432
87.859
92.111
95.062
95.099
95.939
94.688
94.578
93.963
93.280
91.556
89.425
87.520
90.462
90.505
86.769
87.477
90.890
88.188
91.340
92.256
94.913
94.596
94.903
93.401
90.734
85.670
86.481
85.341
90.523
92.432
94.477
95.485
95.139
95.880
96.435
96.567
95.938
96.180
96.627
96.443
95.324
95.633
92.316
92.444
90.317
89.932
89.561
89.456
86.274
85.301
89.379
90.451
91.199
91.247
92.285
93.424
92.752
94.107
93.534
93.756
93.973
92.883
92.421
90.877
90.996
92.031
93.149
95.102
95.660
95.222
95.587
96.238
95.828
94.852
94.411
93.970
93.240
93.565
93.236
93.256
91.645
91.069
83.175
82.679
84.525
85.585
86.766
87.458
85.836
87.951
91.498
88.056
87.666
89.491
91.531
93.469
93.511
94.372
93.693
94.394
93.836
93.930
94.719
94.456
95.344
95.505
95.745
95.911
95.260
92.854
89.348
82.329
74.379
60.532
44.439
40.005
39.672
35.646
34.745
