49.966
77.405
86.627
92.157
93.592
93.114
92.125
94.956
94.327
92.498
91.789
92.509
94.182
95.112
95.408
94.831
95.643
94.832
94.688
95.661
95.075
96.010
96.192
96.331
97.370
97.711
97.354
97.118
95.869
95.735
89.852
90.896
94.199
94.496
94.728
96.478
97.033
97.419
97.570
97.558
97.559
93.395
91.727
96.461
97.675
98.044
97.736
97.239
96.800
95.004
93.244
92.591
93.119
95.866
97.085
96.986
97.284
97.155
96.977
97.081
96.347
96.684
96.987
96.411
97.398
97.516
97.321
97.090
97.358
96.739
96.421
97.045
96.770
96.212
95.452
93.727
90.569
86.203
86.957
87.895
91.581
92.864
94.740
95.986
95.419
96.099
96.873
96.821
96.045
96.669
97.100
96.636
96.062
96.350
93.386
92.684
91.596
91.902
94.230
94.381
91.700
91.473
92.783
92.230
90.758
90.748
91.456
93.260
93.367
93.027
93.167
94.087
94.615
94.598
95.020
94.990
95.492
95.466
94.846
96.151
96.580
95.567
95.232
96.145
95.690
94.106
93.533
93.297
92.413
91.943
91.719
91.693
88.413
85.019
75.295
