88.084
93.620
93.382
94.664
93.791
94.112
94.383
93.163
92.953
93.233
92.438
94.401
95.265
94.925
95.046
95.844
95.652
95.901
96.778
96.846
96.511
95.908
94.826
92.030
87.250
87.133
87.432
91.300
93.165
95.198
96.029
95.758
96.508
96.785
96.852
96.237
96.390
96.313
96.314
94.676
93.797
90.055
89.403
87.620
88.442
89.723
92.002
90.258
91.108
93.239
93.641
94.287
93.612
93.554
94.382
94.291
94.842
94.117
94.077
94.061
94.160
94.823
94.649
95.139
95.979
95.915
96.369
96.953
96.688
96.335
96.808
96.507
95.615
95.280
94.549
93.998
94.558
94.359
95.423
94.307
94.075
90.190
89.500
90.988
94.363
94.995
95.606
95.269
95.364
96.833
96.338
94.520
93.487
94.248
94.970
95.508
95.371
94.843
95.321
94.482
94.278
95.332
94.888
95.739
96.228
96.539
97.483
97.210
96.801
95.668
94.414
93.032
88.224
90.551
94.711
95.228
93.861
95.147
96.372
96.720
97.223
97.115
96.934
92.846
90.604
95.033
96.391
96.711
96.469
95.548
94.420
89.511
81.386
64.235
50.164
