51.306
51.520
74.962
83.459
83.998
89.300
93.703
94.754
95.684
95.523
94.827
92.161
87.893
88.252
88.107
91.866
93.542
95.570
96.235
95.976
96.735
97.114
97.087
96.547
96.927
97.087
96.803
95.918
95.528
91.414
90.895
87.526
89.505
91.835
94.101
91.832
92.553
94.305
94.342
94.661
93.873
93.755
94.484
94.489
95.176
94.353
94.601
94.944
95.332
96.009
95.576
95.497
96.324
96.432
96.917
97.250
96.936
96.626
97.092
96.679
95.783
95.397
94.801
94.168
94.713
94.497
95.515
94.480
94.385
90.950
89.813
91.300
94.521
95.044
95.303
94.805
95.139
96.642
95.800
94.209
93.554
94.277
94.578
94.113
93.246
91.058
90.092
88.448
90.605
92.142
93.480
95.189
95.944
95.867
96.754
95.542
95.170
92.867
90.402
89.122
85.096
87.107
90.880
92.984
92.417
94.436
95.818
96.133
96.885
95.724
95.954
91.355
87.515
91.016
94.128
95.661
96.629
96.161
95.692
92.781
90.547
89.035
89.961
93.997
95.957
95.108
94.997
92.961
90.971
89.030
83.746
81.272
76.323
80.226
77.269
