45.497
49.555
53.029
46.466
51.259
76.965
85.198
84.711
88.966
92.715
95.053
95.826
95.863
95.082
92.379
87.972
88.414
87.980
91.919
93.552
95.562
96.223
95.941
96.690
96.988
97.027
96.495
96.810
96.959
96.858
95.917
95.187
91.440
91.777
88.883
89.415
90.528
92.603
90.146
91.400
93.859
94.238
94.478
93.835
93.687
94.467
94.525
95.232
94.413
94.735
95.009
95.086
95.333
94.396
93.901
95.286
96.073
96.390
96.813
96.896
96.649
97.065
96.698
95.811
95.354
94.721
94.166
94.768
94.557
95.615
94.618
94.447
91.056
90.131
91.435
94.512
94.517
94.015
94.205
95.143
96.334
95.419
94.333
93.824
94.547
94.929
94.954
94.613
93.068
91.923
91.696
93.171
93.809
94.447
95.547
96.091
96.062
96.167
94.149
93.059
89.996
87.166
84.018
81.046
83.156
88.056
90.195
89.213
91.172
93.737
94.605
96.053
95.317
95.576
91.849
87.540
89.727
92.406
93.899
95.070
94.142
93.547
89.959
86.696
85.051
86.553
91.781
94.643
93.017
92.729
89.726
87.168
84.977
73.503
54.158
