87.907
91.025
92.561
92.643
94.372
93.779
93.254
94.558
93.574
94.386
93.933
94.940
96.187
97.174
96.534
96.862
95.635
95.814
89.891
90.628
93.526
94.209
94.724
96.475
96.746
97.166
96.967
97.043
96.990
92.428
91.174
95.968
97.418
97.889
97.609
97.366
97.142
95.436
93.745
92.731
93.377
96.206
97.300
97.068
97.204
97.041
96.789
96.825
96.096
96.425
96.848
96.335
97.314
97.409
97.253
96.944
97.078
96.182
95.378
95.634
95.422
94.068
92.219
89.999
83.345
74.142
60.474
57.081
72.056
84.201
90.250
92.186
92.668
94.456
95.518
95.604
95.327
96.500
96.959
96.631
96.341
96.590
93.930
93.811
93.234
93.028
95.317
95.441
93.443
93.148
94.623
94.414
93.887
93.196
93.136
94.314
94.697
94.969
94.267
94.919
95.431
95.555
96.142
95.985
96.131
95.728
95.834
96.772
96.281
95.036
95.618
95.754
93.990
92.817
92.855
91.419
89.687
90.183
89.020
90.455
89.580
89.959
86.435
87.724
87.924
90.718
92.897
93.969
92.603
91.338
92.689
91.298
84.400
71.948
43.391
