85.340
93.863
96.097
96.823
97.524
97.342
97.420
92.703
90.754
95.723
97.372
97.588
97.548
96.664
95.889
92.551
89.584
89.102
90.605
94.614
96.614
96.458
96.851
96.094
95.974
95.253
94.367
93.366
91.778
90.681
93.205
93.153
90.638
91.554
93.574
91.561
93.618
94.599
96.142
96.031
95.794
94.803
92.415
87.942
88.085
87.204
91.704
93.538
95.368
96.054
95.824
96.561
96.976
96.885
96.277
96.772
97.051
96.652
95.763
96.051
92.335
92.032
89.086
90.135
91.805
92.657
89.335
89.565
92.455
92.748
93.292
92.586
92.848
93.829
93.536
94.835
93.934
94.171
94.449
94.072
94.676
94.084
94.471
95.418
95.453
96.707
97.158
96.634
96.378
97.043
96.700
95.579
95.014
94.691
94.026
94.737
94.280
95.082
93.645
93.069
87.692
86.909
88.366
90.360
92.203
92.502
91.958
92.836
95.800
93.123
91.924
92.605
93.643
94.592
94.633
95.045
94.170
95.046
94.294
94.200
95.382
94.908
95.901
96.312
96.534
97.335
96.813
95.507
93.419
89.694
83.877
76.635
53.764
40.543
41.699
