43.297
48.874
57.229
56.893
64.468
83.323
90.522
93.345
92.114
90.441
93.862
94.046
92.007
91.583
92.327
94.485
95.439
95.833
95.200
95.795
94.951
94.965
96.041
95.428
96.295
96.284
96.378
97.148
97.737
97.303
97.415
96.277
96.082
90.644
92.252
95.194
95.191
94.945
96.598
96.861
97.347
97.511
97.670
97.744
93.801
92.111
96.652
97.858
98.158
97.830
97.315
96.725
95.538
93.895
93.191
93.696
96.242
97.258
97.253
97.477
97.374
97.195
97.265
96.570
96.967
97.245
96.688
97.640
97.773
97.590
97.376
97.634
96.972
96.668
97.177
96.926
96.090
95.413
93.200
90.558
87.709
88.742
90.700
93.166
93.693
95.376
96.517
95.639
95.934
96.956
96.974
95.767
96.471
97.230
96.746
96.270
96.655
93.794
93.016
91.942
92.685
94.920
94.276
91.936
90.758
91.847
90.884
88.988
88.577
89.190
91.283
92.203
91.940
91.890
93.717
94.403
94.178
94.398
94.464
95.178
94.554
93.577
95.294
95.571
93.755
93.930
95.147
94.479
92.186
92.037
92.223
90.711
89.629
87.559
84.858
