81.484
94.360
94.987
95.066
94.591
92.324
88.084
88.232
87.997
91.859
93.668
95.530
96.238
96.028
96.779
97.122
97.155
96.658
97.201
97.386
97.028
96.467
96.465
93.050
92.424
89.747
91.086
94.251
95.239
93.243
93.683
95.102
95.053
94.943
94.209
93.999
94.731
94.821
95.396
94.665
95.006
95.304
95.584
96.430
96.297
96.305
96.575
96.715
97.307
97.381
97.089
96.775
97.239
96.775
95.925
95.493
94.884
94.342
94.942
94.705
95.683
94.787
94.662
91.449
90.266
91.695
94.910
94.996
94.914
93.846
94.700
95.910
94.366
92.929
93.171
93.764
93.571
92.923
93.095
92.103
92.826
91.707
92.621
94.020
94.464
95.767
96.161
96.063
96.663
96.246
95.713
95.259
93.418
93.056
88.304
87.913
90.295
91.497
93.331
95.653
96.358
96.804
97.232
96.718
97.117
92.582
91.085
95.153
97.005
97.361
97.695
97.243
97.188
95.437
93.785
92.988
93.490
96.120
97.335
96.906
97.115
96.746
96.243
95.266
94.734
95.640
94.972
94.471
95.610
94.880
94.080
94.115
93.302
85.086
64.112
