83.148
86.669
88.018
87.974
87.900
86.289
81.252
83.391
85.765
84.918
87.534
86.937
84.327
85.031
83.773
80.981
78.111
68.973
70.202
74.301
81.392
82.903
83.855
82.159
80.731
84.399
85.866
83.142
81.553
88.635
88.104
85.277
86.600
90.553
88.748
87.465
87.046
88.851
90.557
89.946
86.847
88.691
88.646
84.253
81.027
82.559
80.614
71.983
64.582
62.841
48.267
41.420
43.006
36.977
37.500
35.773
36.163
41.339
45.022
56.299
64.090
64.681
72.198
70.424
77.803
82.942
84.413
84.722
84.097
84.416
84.773
85.049
83.455
83.089
83.478
82.502
80.644
82.019
82.124
81.823
80.570
82.065
80.545
80.590
79.885
82.866
82.152
81.327
79.554
81.330
77.130
80.245
76.360
76.699
78.968
80.111
77.528
77.462
78.969
79.540
77.234
75.301
75.940
79.241
78.258
76.419
81.488
83.063
84.056
82.865
84.562
87.386
87.884
89.499
91.388
89.557
88.931
90.661
89.769
90.346
91.693
93.045
92.368
91.849
92.477
93.051
91.665
92.584
92.855
91.612
89.383
89.954
90.030
86.554
83.999
85.855
85.691
81.314
79.562
81.039
80.297
77.326
76.251
72.584
75.074
75.493
73.800
74.496
78.941
79.142
77.530
79.874
79.014
76.029
79.479
80.087
82.769
84.240
86.223
86.129
84.239
82.900
79.658
77.038
74.701
78.910
72.009
78.759
82.497
82.860
83.949
84.506
83.368
83.485
84.787
82.821
84.002
83.201
82.389
81.228
74.278
68.125
72.466
70.017
75.449
76.247
76.486
76.137
74.549
