43.821
52.147
45.699
44.624
47.698
43.407
46.880
52.444
59.907
65.180
68.962
76.024
78.578
83.114
83.951
86.484
86.745
87.412
86.043
83.605
80.327
78.727
81.719
84.101
86.255
87.006
87.218
87.327
85.661
83.936
78.231
72.442
76.895
80.220
86.226
85.919
87.851
85.554
84.765
87.540
89.153
86.000
85.305
90.748
90.437
87.797
89.058
91.791
90.268
89.221
88.984
90.281
91.432
91.294
89.355
90.663
90.357
87.433
85.351
86.192
83.673
79.433
76.151
74.639
58.490
46.930
47.015
43.994
43.306
38.804
40.924
39.281
40.899
48.161
46.161
47.854
56.641
52.293
66.739
75.641
78.468
77.770
78.795
80.613
80.556
79.471
79.855
80.328
80.290
79.656
80.192
80.921
79.959
81.435
82.381
81.565
80.415
82.512
83.038
85.167
84.721
81.986
80.383
82.494
78.254
81.457
77.396
78.458
81.838
81.574
79.142
79.739
81.151
80.665
78.834
77.440
77.973
80.453
79.233
77.061
81.278
83.528
84.435
83.843
84.875
87.992
89.075
90.416
91.735
90.356
90.418
91.599
90.004
90.273
91.658
92.959
91.758
91.580
92.538
93.044
91.264
91.751
92.647
91.473
88.595
89.588
90.566
87.236
84.255
86.548
87.305
82.557
80.845
82.446
82.297
78.805
77.031
75.081
75.906
75.542
72.522
72.832
76.585
76.561
73.680
74.893
71.531
66.422
69.419
69.735
68.185
72.300
69.777
70.291
67.622
66.244
69.288
69.360
66.674
71.701
62.370
69.352
75.711
74.001
76.788
78.046
76.834
75.693
73.834
