66.977
77.646
82.207
86.073
89.799
90.741
90.760
88.968
86.235
81.809
80.675
84.893
77.339
82.912
88.650
89.325
90.286
91.612
91.262
91.504
91.374
90.193
88.805
86.411
84.726
81.571
76.629
77.790
79.147
83.236
86.345
85.619
88.625
88.725
90.718
90.761
91.559
91.119
91.041
90.177
87.020
84.667
82.131
86.171
89.099
88.468
89.578
90.052
89.746
88.253
88.453
84.668
78.549
82.175
83.585
88.692
86.971
88.728
87.072
86.319
88.060
89.606
87.651
86.384
90.550
90.718
88.825
89.545
91.976
90.716
89.717
89.329
90.436
91.714
91.424
89.553
90.364
90.326
87.487
85.647
85.160
82.961
79.633
75.017
71.832
53.655
47.558
46.090
43.562
41.050
36.454
37.833
41.442
45.053
49.506
52.149
50.974
66.244
62.516
75.685
83.100
83.959
85.163
83.952
83.483
84.393
84.026
81.983
80.633
80.565
79.877
77.312
76.975
75.805
76.904
73.601
70.143
70.665
70.984
68.888
63.570
63.094
66.366
62.134
65.038
63.191
71.675
70.826
71.515
74.226
75.696
76.783
74.814
74.451
77.664
77.049
73.623
73.472
77.056
77.923
75.753
80.952
83.535
85.062
81.815
83.899
89.172
89.321
90.258
92.149
91.431
91.139
91.933
90.786
90.812
92.062
92.980
91.866
91.455
92.701
93.095
91.479
92.346
92.829
91.595
89.384
90.357
90.869
86.886
84.721
86.953
87.006
81.924
80.393
82.518
81.959
78.560
76.283
75.856
77.333
74.433
71.625
70.215
70.307
66.696
65.745
64.344
54.748
47.170
