44.121
51.736
50.127
58.049
73.536
78.748
83.815
86.064
85.614
87.186
85.820
83.637
79.948
71.494
74.549
78.788
82.727
86.155
87.328
84.668
84.558
86.886
88.540
85.012
84.446
90.455
89.998
86.917
88.007
91.293
89.564
88.135
88.265
89.193
90.677
90.515
88.215
89.934
89.686
85.894
83.388
84.856
82.962
77.470
73.002
71.744
54.723
47.048
46.798
42.826
42.528
38.055
39.549
39.156
39.484
47.436
44.903
44.881
52.497
49.135
65.547
78.221
81.714
82.542
82.202
82.969
85.526
85.428
83.381
83.722
85.812
85.186
83.886
85.403
86.722
87.084
86.109
87.443
86.442
86.085
87.165
88.784
88.427
86.887
85.953
87.252
84.158
85.160
81.899
81.399
84.647
85.302
82.352
82.243
84.073
83.368
81.473
79.437
80.202
82.852
81.642
77.883
82.360
84.936
84.775
85.372
85.621
87.698
89.323
90.977
91.821
90.157
90.427
91.757
90.123
90.464
91.573
93.198
92.106
91.562
92.652
93.254
91.584
91.972
92.970
91.806
89.062
89.931
90.881
87.874
85.352
87.030
88.058
84.592
82.861
84.118
84.426
82.141
80.129
77.680
79.605
82.551
81.022
80.100
84.265
85.097
82.902
85.135
83.993
82.540
84.317
85.565
87.056
87.894
88.575
87.590
85.633
82.648
79.048
75.482
72.737
76.369
68.769
71.807
77.122
77.071
81.013
84.767
85.637
86.819
87.202
87.211
86.736
87.121
86.549
84.016
79.126
76.787
77.899
78.853
83.074
83.940
84.810
86.092
86.190
87.709
86.883
86.690
80.955
