49.287
57.469
54.208
49.511
51.246
56.502
49.853
55.568
49.314
48.581
54.002
54.746
50.550
53.874
62.003
62.707
67.778
69.951
69.590
71.206
74.597
72.475
74.347
77.182
76.418
73.713
77.200
79.224
78.577
82.416
85.157
88.188
86.796
88.703
91.634
90.815
92.385
93.371
92.487
91.488
93.116
91.999
92.487
93.510
94.408
92.682
92.243
94.202
94.520
93.706
94.482
94.726
94.414
93.672
93.451
92.903
91.114
88.931
88.323
87.509
84.237
81.245
82.130
80.787
78.660
75.789
75.123
74.750
73.058
69.696
70.757
69.687
66.554
67.714
67.642
66.693
65.256
71.767
74.245
77.332
77.481
80.944
80.920
82.867
82.172
78.421
82.344
79.562
84.462
76.809
83.848
86.903
87.625
88.825
87.155
87.837
85.650
85.719
82.719
82.671
80.754
80.132
76.270
72.552
73.014
74.319
78.332
80.953
81.257
83.485
83.728
86.363
86.719
89.137
87.754
89.128
86.038
84.370
84.506
80.928
82.266
85.932
87.295
87.918
89.590
88.835
85.960
85.318
80.164
75.233
79.141
81.449
86.758
84.554
87.090
85.823
84.264
85.740
88.169
86.225
86.052
89.512
88.765
87.299
88.954
90.370
89.608
88.231
88.116
90.981
92.610
92.904
89.999
90.399
90.786
87.873
86.023
85.522
84.053
80.060
78.054
77.903
73.882
64.870
55.864
51.100
40.431
37.963
43.395
36.841
37.731
35.065
35.538
43.383
31.427
39.727
36.053
34.555
35.363
38.647
31.774
30.349
30.831
30.683
26.753
25.035
26.012
23.995
23.453
