47.537
51.310
44.530
50.497
52.071
51.947
49.331
45.780
50.132
48.592
48.288
45.802
52.943
58.914
55.867
48.471
52.472
52.007
51.530
49.784
48.809
45.471
46.502
44.954
38.425
39.405
35.694
37.866
37.098
37.868
40.813
43.297
53.728
56.452
74.980
81.574
84.889
87.088
87.641
85.880
87.004
88.793
86.794
85.225
87.928
88.562
85.681
84.689
85.646
85.511
82.794
82.710
83.296
83.913
81.571
82.140
83.692
82.241
80.667
82.356
86.017
86.865
85.019
85.290
87.301
84.391
87.237
86.100
86.547
86.008
85.984
83.948
84.698
83.584
83.404
82.650
81.791
79.904
82.808
82.923
81.093
85.721
86.848
87.343
83.119
82.445
86.096
85.261
84.476
85.728
85.075
82.190
83.250
83.153
82.241
83.561
85.208
86.118
86.775
85.533
87.127
86.850
87.395
86.605
85.940
84.966
85.443
84.253
82.180
81.874
82.245
81.879
80.334
80.781
80.062
80.448
79.932
79.091
76.785
78.537
81.683
81.200
79.887
82.718
84.498
82.584
82.928
80.009
76.514
79.074
80.806
81.112
83.786
84.598
84.891
84.747
82.426
80.956
79.164
76.842
83.353
72.585
82.269
88.322
89.631
90.235
90.999
90.825
89.615
88.261
85.902
84.379
84.284
81.968
80.524
75.629
76.422
77.428
79.804
81.993
84.002
86.370
87.459
89.199
90.416
90.999
91.956
91.890
90.893
87.805
86.865
85.764
89.523
91.779
90.869
90.759
89.746
89.005
86.680
86.378
81.715
76.005
76.594
80.296
79.334
80.218
80.108
76.332
61.655
