90.807
89.929
91.664
93.935
94.450
96.667
94.752
96.563
96.200
92.440
91.473
94.259
91.649
87.928
86.482
88.842
86.125
83.035
83.508
84.109
81.825
79.705
78.882
77.612
76.637
74.186
70.993
72.858
72.461
70.268
71.031
75.219
71.329
72.027
80.924
82.067
85.406
84.753
86.617
87.861
87.661
88.144
84.681
85.798
85.227
88.247
80.083
86.370
88.775
90.012
90.307
90.056
89.865
89.143
89.670
87.947
88.530
86.657
88.292
86.711
83.062
85.219
84.604
86.777
90.327
87.276
88.482
86.897
89.034
87.157
87.525
86.191
84.745
85.118
81.561
82.123
77.293
82.068
85.072
82.703
85.097
82.471
86.753
87.304
86.878
84.463
79.107
81.852
80.871
86.645
83.968
84.613
80.414
80.595
84.432
83.737
79.043
81.534
88.548
86.597
84.324
89.340
92.263
91.162
89.738
92.420
94.896
95.464
96.570
93.949
92.923
94.912
94.112
90.252
90.109
92.302
89.419
85.293
86.702
86.025
82.112
76.462
73.948
69.950
60.131
55.009
51.247
48.372
50.486
45.159
45.913
40.482
37.607
42.247
42.115
41.386
45.034
47.902
47.640
45.326
50.073
50.753
52.715
51.671
53.930
57.054
57.126
59.217
62.067
64.210
56.577
63.473
60.494
59.649
63.403
56.624
54.895
63.008
64.924
61.258
66.292
60.326
64.926
67.540
64.210
64.353
68.040
63.302
63.449
63.829
64.197
52.156
57.044
52.892
49.666
50.649
49.947
43.666
47.546
50.279
50.615
41.720
45.234
56.000
46.608
49.058
56.477
63.143
53.844
