38.295
43.696
33.382
39.566
46.536
47.225
50.071
61.552
64.179
67.604
68.187
68.025
70.291
72.571
70.480
72.306
75.610
73.861
71.225
74.694
77.700
77.647
82.265
84.343
87.909
86.510
88.527
91.668
90.707
92.264
93.432
92.574
91.232
93.262
92.004
92.525
93.570
94.497
92.736
92.169
94.141
94.424
93.608
94.377
94.743
94.472
93.583
93.518
93.084
90.969
88.558
88.220
87.108
83.730
80.852
81.057
79.651
77.530
74.229
72.186
71.541
70.402
66.595
66.078
65.785
64.367
63.433
64.159
62.017
60.337
69.553
71.340
77.227
77.361
81.872
82.914
84.570
84.306
82.573
82.369
80.838
84.856
79.751
84.308
87.418
88.072
88.965
88.408
88.525
86.946
86.278
83.670
82.746
80.072
79.137
75.085
71.879
72.686
73.054
77.624
80.940
80.056
82.738
83.266
86.411
86.628
89.142
88.023
88.993
87.742
85.168
84.806
81.502
84.001
87.048
87.027
87.598
89.294
87.910
85.167
84.302
78.737
72.830
77.750
79.436
85.896
83.388
86.507
85.155
83.759
85.385
87.998
85.455
85.325
89.639
88.902
87.287
89.200
91.099
90.801
89.148
89.451
91.757
93.087
93.507
90.757
90.163
91.345
89.036
85.964
84.994
84.195
80.550
77.085
77.255
72.898
60.638
51.063
46.735
37.419
37.023
40.046
36.512
36.576
34.587
35.576
42.981
32.407
43.516
41.107
39.550
32.174
32.145
35.797
37.510
38.668
43.159
38.302
36.444
42.459
42.917
41.938
38.689
42.340
47.761
34.846
43.557
49.083
41.675
