46.913
48.797
58.106
56.380
52.819
54.661
57.608
58.965
57.908
52.946
56.673
55.489
56.181
54.486
59.238
57.999
59.337
49.871
54.547
54.410
54.179
49.798
51.472
48.720
48.807
46.041
41.381
42.153
38.951
39.571
38.937
38.245
41.362
43.747
53.644
56.870
74.339
81.998
85.777
87.896
88.303
86.806
88.069
89.850
88.075
86.592
88.846
89.439
87.140
85.595
86.611
86.485
83.632
83.260
84.176
84.737
81.988
82.446
84.208
82.637
80.440
82.534
85.572
87.475
85.757
85.845
88.000
85.622
88.337
87.289
87.190
86.881
87.008
85.185
85.429
84.364
84.395
83.612
82.709
80.883
83.868
84.212
82.499
86.780
87.767
88.527
84.494
83.908
86.875
85.829
85.769
86.768
86.009
84.045
85.972
85.614
86.261
86.695
88.698
88.916
89.236
88.273
89.539
88.525
89.600
89.065
88.265
87.212
88.123
87.040
84.711
84.314
85.099
83.994
82.555
82.874
82.384
81.936
81.590
81.437
78.608
79.398
83.253
82.620
81.073
83.951
85.651
83.539
83.966
80.886
77.531
80.050
81.875
82.565
85.237
86.607
86.901
86.982
84.728
83.040
80.822
77.857
84.328
73.251
83.004
88.729
89.871
90.419
91.418
91.195
90.635
89.634
87.150
86.019
85.294
83.361
81.482
76.072
76.994
78.363
81.322
83.087
84.611
87.270
87.781
89.568
90.540
90.848
92.059
91.930
91.155
88.412
87.475
86.543
90.126
92.295
91.338
91.142
89.736
88.977
86.667
86.143
81.199
76.646
74.313
77.538
69.411
78.733
76.092
