58.693
65.835
70.148
68.178
77.217
80.849
84.677
87.947
90.970
91.702
91.702
90.164
87.746
83.647
81.954
86.253
78.930
84.729
89.906
90.503
91.019
92.213
91.784
92.065
91.915
90.830
89.772
87.840
86.799
83.409
79.372
78.167
80.756
83.949
87.198
86.424
89.069
89.184
90.988
90.965
91.666
91.606
91.772
91.225
88.788
86.698
84.692
88.457
90.175
89.262
89.905
89.951
89.420
88.105
88.514
85.082
79.535
82.068
83.661
88.435
86.164
87.765
86.073
85.108
86.842
88.531
86.529
85.297
89.719
90.100
88.232
88.639
91.368
90.319
89.260
88.666
90.049
91.195
90.908
88.523
89.388
89.190
85.915
83.457
83.409
80.846
76.379
69.943
66.489
48.560
42.802
44.216
40.123
40.157
36.109
36.907
41.454
46.676
58.917
68.733
67.996
76.955
75.129
81.999
87.069
87.616
88.373
85.921
85.667
86.402
85.535
83.365
82.404
82.533
81.374
78.787
78.444
78.152
78.003
75.119
74.122
73.711
72.305
70.383
65.381
64.459
66.809
62.569
66.667
64.573
71.986
69.566
71.299
73.546
75.051
75.813
74.278
74.295
76.782
76.507
73.392
73.465
77.032
77.371
76.192
81.316
83.451
85.343
81.761
84.452
89.079
88.785
89.628
91.860
91.141
90.513
91.360
90.665
90.582
91.665
92.780
91.993
91.450
92.507
93.079
91.690
92.618
92.824
91.808
89.846
90.372
90.542
86.765
84.638
86.277
86.145
81.406
79.466
81.492
80.816
77.170
75.444
74.912
76.022
70.832
67.632
64.484
61.893
57.905
