47.734
44.944
51.139
55.481
55.898
56.812
52.152
60.973
58.308
65.848
68.548
71.498
70.762
72.627
75.428
76.754
72.825
80.180
82.790
85.724
87.905
90.532
91.086
91.340
89.775
86.621
82.350
81.608
85.650
78.415
84.651
89.633
90.317
90.455
91.573
91.083
91.662
91.419
90.434
88.973
87.806
86.377
83.070
77.515
73.676
76.931
79.523
85.258
84.632
87.493
88.036
89.786
90.242
90.371
90.802
90.986
90.859
88.747
86.144
84.325
88.296
89.610
88.404
88.581
86.855
86.566
85.812
85.341
80.707
74.586
76.127
76.967
83.871
80.354
81.491
80.219
76.074
79.563
80.944
78.118
74.875
82.080
83.367
82.050
81.458
85.441
86.745
86.119
83.175
84.682
84.844
84.790
82.414
81.916
81.807
78.658
74.345
72.642
70.280
61.978
53.036
49.597
38.399
37.085
39.097
33.776
34.449
32.287
35.737
38.407
43.690
58.242
69.956
72.059
78.303
77.568
81.276
86.382
87.334
87.999
83.227
84.851
86.405
84.779
81.225
81.936
82.808
80.495
78.191
79.438
79.206
77.142
75.002
76.164
75.806
73.075
71.907
72.422
72.431
73.124
71.360
73.870
69.739
74.572
70.361
73.162
73.588
74.515
73.622
73.006
74.170
75.549
74.655
72.325
73.211
76.981
75.444
74.157
79.780
81.724
81.921
78.506
80.733
84.295
82.824
82.258
85.331
85.507
82.903
83.317
84.950
84.869
85.523
86.625
87.424
86.972
87.404
88.138
87.328
87.808
86.694
85.684
83.924
84.329
83.139
77.847
77.737
76.313
74.758
