82.888
90.662
92.279
91.893
91.675
90.949
91.608
92.888
92.689
92.886
93.666
93.662
94.177
93.772
92.649
91.826
92.475
91.570
89.937
90.487
91.003
89.713
88.483
88.118
86.347
84.748
83.556
81.717
79.368
76.108
77.051
74.003
77.682
74.721
79.014
82.527
81.850
80.184
84.238
86.007
84.102
84.200
86.644
86.953
86.586
85.331
86.642
90.302
89.759
90.959
87.359
88.521
91.788
92.169
92.441
93.053
93.276
93.268
93.711
92.212
92.012
93.352
93.822
92.258
91.500
93.677
93.957
92.901
93.654
94.088
93.448
92.620
92.812
93.141
90.490
88.705
89.775
89.328
84.574
83.328
84.546
82.815
79.418
78.597
76.590
77.821
78.062
75.579
77.173
81.420
79.145
80.056
85.655
83.956
85.081
87.237
89.384
91.611
92.728
93.629
93.494
92.599
89.830
87.469
84.778
80.140
85.426
74.014
83.293
90.171
91.219
92.031
93.629
93.806
94.015
93.643
93.046
92.193
90.994
90.677
85.972
82.216
81.830
82.985
86.325
88.931
88.728
90.906
91.643
92.888
93.470
93.745
94.141
93.758
92.587
90.911
89.568
88.647
92.487
94.010
93.400
93.273
93.043
92.494
91.323
91.158
87.684
83.240
86.649
87.812
91.502
89.493
91.274
90.883
89.951
90.771
92.631
91.593
90.573
93.006
93.048
91.186
91.975
93.217
92.124
90.795
90.920
91.957
92.883
93.245
91.993
92.849
92.645
90.699
89.639
89.243
87.845
85.298
82.288
81.983
78.207
74.315
65.266
60.684
47.396
48.284
45.797
41.208
34.087
