50.832
65.038
77.552
83.379
85.040
86.594
89.107
91.274
91.640
92.432
91.591
90.371
88.825
85.375
81.376
80.232
84.208
87.745
88.580
90.781
90.975
91.838
90.655
90.124
84.948
76.257
80.632
84.062
89.656
88.928
90.434
88.234
86.901
89.116
90.180
87.123
86.460
91.386
91.013
88.353
89.342
92.099
90.504
89.235
89.090
89.825
91.300
90.512
88.753
90.438
89.732
86.428
84.823
85.626
82.939
77.799
72.863
71.788
53.424
43.987
45.093
42.301
43.027
39.584
41.757
41.511
42.035
48.271
45.601
49.752
56.302
55.919
74.433
84.026
87.245
87.701
86.129
87.027
89.094
88.653
86.810
86.744
88.383
87.570
86.333
87.455
88.427
88.419
87.854
89.046
87.957
87.653
88.355
90.057
89.350
88.122
87.925
88.576
84.582
85.577
81.893
81.474
84.913
85.678
82.452
82.431
84.953
84.372
81.787
80.447
81.909
84.718
83.236
80.548
85.008
87.035
87.169
85.974
86.525
89.986
91.082
91.678
92.811
92.290
92.053
92.650
91.314
91.382
92.575
93.631
92.607
92.047
92.999
92.957
90.726
91.158
92.535
91.059
88.055
89.156
90.549
87.498
84.796
87.058
88.436
84.466
82.878
84.435
85.126
82.408
80.455
79.155
80.597
83.430
82.619
82.089
86.043
87.311
85.986
87.342
85.353
83.598
85.379
86.889
87.460
89.965
90.710
91.196
89.885
87.559
86.001
82.322
78.634
82.049
74.471
79.260
85.944
86.364
88.299
89.831
90.424
90.690
91.207
90.327
89.129
88.176
86.698
82.550
68.381
