62.813
74.704
82.965
84.484
86.151
88.729
90.942
91.367
92.231
91.423
90.205
88.766
85.407
81.526
80.637
84.199
87.535
88.389
90.669
90.738
91.594
90.344
89.803
84.849
76.962
80.732
83.861
89.472
88.760
90.239
88.023
86.816
88.949
90.020
86.976
86.253
91.254
90.765
88.064
88.989
91.945
90.315
88.965
88.740
89.670
91.216
90.327
88.533
90.308
89.677
86.153
84.528
85.393
82.706
77.241
72.420
71.484
52.870
43.787
44.581
41.541
42.245
38.723
40.963
40.345
41.228
47.550
44.904
49.120
56.246
55.320
73.864
83.444
86.781
87.238
85.738
86.585
88.612
88.188
86.410
86.320
87.844
87.061
85.895
86.912
87.620
87.622
87.266
88.301
86.868
86.617
87.532
89.325
88.865
87.496
86.970
87.673
83.855
85.126
81.488
81.163
84.559
85.234
82.122
82.214
84.646
84.064
81.578
80.282
81.598
84.387
82.907
80.236
84.645
86.675
86.737
85.525
86.172
89.639
90.741
91.440
92.647
92.006
91.878
92.463
91.228
91.192
92.389
93.508
92.541
92.040
92.887
92.893
90.697
91.135
92.441
91.014
88.103
89.122
90.410
87.395
84.623
86.854
88.177
84.104
82.569
84.038
84.574
81.918
79.948
78.488
79.969
82.543
81.495
81.002
85.288
86.163
84.424
86.121
84.141
82.380
84.035
85.925
86.307
89.119
89.996
90.615
89.406
87.106
85.548
82.398
78.225
81.596
73.834
78.717
85.546
85.887
87.897
89.304
89.944
90.123
90.654
89.650
88.370
87.530
85.594
80.304
68.266
52.151
