58.930
73.846
83.456
86.502
87.006
88.376
88.388
87.099
86.936
87.691
87.362
84.371
81.829
83.261
83.989
80.255
76.567
78.737
79.467
74.743
73.650
71.456
74.110
73.082
73.886
74.176
78.179
76.923
78.981
83.446
82.959
79.238
85.464
88.211
90.228
91.504
93.265
93.119
92.638
91.392
89.217
84.237
81.540
87.286
80.420
87.309
91.349
91.960
92.010
92.982
92.758
93.140
92.779
92.321
91.691
90.886
90.523
87.033
82.378
82.211
83.615
86.678
89.230
88.801
90.429
91.050
92.211
92.583
92.509
92.871
92.955
92.597
90.212
88.592
86.035
90.423
91.825
90.463
91.285
90.556
90.518
89.691
89.934
86.923
82.188
84.215
85.580
89.535
87.326
88.095
86.447
84.804
86.467
87.811
85.269
84.007
88.026
87.277
85.660
86.329
87.389
86.480
86.162
85.260
85.503
87.131
86.772
85.502
86.935
86.501
83.450
80.740
80.718
78.294
70.703
60.499
54.199
46.928
41.239
42.537
40.649
41.350
39.854
40.686
44.312
50.217
62.057
76.162
75.658
81.574
82.025
84.829
90.255
90.830
91.554
87.821
88.597
89.664
88.767
86.476
86.147
87.057
86.504
83.664
84.198
86.407
84.971
82.762
84.008
84.393
82.532
79.991
81.135
80.108
81.762
80.963
81.130
77.339
78.766
73.977
74.864
77.063
80.040
76.957
76.643
79.206
79.470
76.788
76.032
77.345
80.643
78.370
77.168
83.526
85.588
86.074
82.695
84.454
87.717
87.478
87.179
88.362
88.236
86.763
85.362
86.828
81.897
81.422
79.182
