44.299
50.246
56.867
60.106
60.863
71.547
77.280
83.084
83.239
86.363
89.834
88.380
90.741
92.932
91.707
90.302
92.738
91.681
92.215
93.284
94.309
92.505
91.844
93.787
94.118
93.295
94.006
94.465
94.062
92.856
92.899
92.270
89.463
86.896
86.994
85.684
81.823
79.749
78.673
76.880
74.129
68.570
66.372
64.747
61.819
58.427
57.327
54.208
55.720
56.199
56.859
56.788
57.837
65.452
67.956
71.018
70.666
73.681
73.129
76.042
74.433
72.535
73.845
73.140
75.721
68.525
73.444
78.349
80.788
83.988
81.574
82.838
80.172
80.337
77.863
76.809
74.673
73.840
71.177
69.938
69.721
69.270
73.848
76.819
75.291
78.769
78.439
82.147
81.600
85.051
82.404
83.307
79.499
77.509
74.966
72.091
73.066
78.283
79.752
82.300
85.481
84.369
81.273
81.350
73.538
69.128
73.773
76.547
83.378
79.850
84.738
83.638
80.778
82.776
87.466
84.058
83.028
88.771
88.680
86.596
88.219
90.494
90.014
88.486
88.560
90.879
92.618
92.968
89.834
89.407
90.769
87.771
84.162
83.944
83.657
79.528
75.439
76.239
73.786
61.060
48.953
44.989
38.344
37.843
39.810
37.055
36.471
34.379
34.773
44.067
34.399
45.713
41.677
39.516
37.485
36.573
32.285
37.978
37.674
37.955
39.167
37.071
41.959
41.310
41.743
43.499
43.991
49.597
44.673
44.360
46.764
43.481
35.887
40.877
36.178
37.209
35.515
34.306
35.909
32.357
37.762
34.802
31.508
32.541
31.407
27.274
27.137
29.313
25.193
