81.160
83.025
80.317
80.326
70.063
73.149
77.377
75.483
84.406
84.677
78.850
83.454
82.065
81.020
76.317
66.583
69.852
75.083
79.531
83.286
84.346
81.877
82.021
84.598
86.547
83.548
82.522
89.124
89.020
86.035
87.155
90.523
88.828
87.672
87.518
88.456
89.850
89.975
87.689
89.279
89.040
85.457
83.090
84.148
82.242
76.506
72.667
71.721
55.479
45.689
45.625
43.135
44.519
38.675
42.432
39.578
40.812
48.987
45.001
47.723
52.965
51.710
64.914
77.064
80.131
81.251
81.208
81.876
84.015
84.277
82.722
83.117
84.594
84.402
83.332
84.605
85.912
86.677
85.744
86.584
85.914
85.695
86.624
88.133
87.793
85.879
84.533
86.274
82.756
84.138
80.408
80.567
83.679
84.022
81.267
81.124
83.051
82.231
80.342
78.556
79.327
81.430
79.893
76.765
81.038
82.986
83.323
83.259
84.167
86.610
87.786
89.537
90.993
88.856
88.964
90.555
88.976
89.480
90.628
92.489
91.338
90.985
91.734
92.584
90.901
91.269
92.122
91.128
88.367
89.194
89.779
86.733
84.134
85.994
86.302
82.704
81.179
82.338
82.031
79.877
78.139
75.520
77.806
80.189
79.028
78.671
82.749
83.957
81.762
84.289
83.826
82.150
83.941
85.475
86.618
87.291
88.028
87.142
85.732
82.879
79.321
76.490
73.186
76.553
68.435
73.261
78.680
77.006
80.619
82.751
84.356
84.964
86.152
86.047
86.339
86.090
86.097
83.548
78.271
76.275
77.642
78.242
82.609
82.642
83.475
84.132
84.047
83.645
81.342
