43.324
43.934
48.338
46.977
56.248
59.861
79.409
86.244
88.159
89.870
89.889
88.514
89.414
91.493
90.525
88.982
91.036
91.660
90.294
88.766
89.788
89.279
87.222
86.787
87.977
88.148
86.314
87.358
88.616
86.960
85.502
87.549
89.328
90.427
88.824
87.647
89.085
86.505
88.361
86.841
87.539
89.915
89.833
88.482
89.440
89.657
89.313
88.720
87.940
86.807
88.701
89.635
88.109
91.254
92.499
93.237
91.912
91.653
93.681
94.359
94.356
94.366
94.453
94.552
94.612
93.062
92.547
93.652
94.343
92.798
91.883
94.115
94.441
93.612
94.339
94.754
94.633
93.983
93.961
94.487
93.223
91.724
92.510
92.585
89.944
89.391
89.677
89.359
87.251
85.508
83.966
84.171
86.441
85.227
84.184
87.007
87.480
86.121
87.397
83.925
82.843
84.300
87.215
87.979
89.542
90.628
91.087
91.773
89.117
86.579
84.350
80.113
85.509
73.559
83.263
90.261
91.369
92.327
93.804
93.994
93.729
93.545
92.502
91.572
90.318
89.664
85.523
81.174
81.920
83.247
86.827
89.039
89.493
91.453
92.324
93.571
94.212
94.462
94.618
94.152
92.779
91.063
89.492
88.571
92.335
93.970
94.132
94.562
94.521
94.115
93.048
92.554
88.995
84.259
87.804
89.290
92.992
92.114
93.352
92.744
92.092
92.814
93.906
92.988
92.293
94.157
94.030
92.431
93.056
93.807
92.657
91.484
91.721
92.662
93.436
93.893
93.125
93.944
93.859
92.573
91.827
92.145
91.142
89.302
86.579
87.178
84.344
77.366
55.315
