48.815
52.061
62.774
80.408
83.420
86.518
88.374
87.312
88.623
87.577
85.981
82.041
72.468
76.933
80.700
85.800
86.743
88.511
85.497
84.295
87.203
88.196
84.325
83.745
89.677
89.381
86.201
86.832
90.729
88.992
87.190
86.907
88.536
90.225
88.811
86.284
88.553
87.743
82.496
79.886
81.991
79.467
67.531
59.000
56.798
46.783
39.109
41.414
35.840
37.672
35.241
36.956
42.704
48.475
58.216
70.378
68.692
76.764
76.601
80.047
85.073
87.739
87.569
85.676
86.900
88.574
87.142
84.969
85.449
85.843
83.481
81.533
84.018
83.866
82.336
81.642
84.256
81.413
80.592
81.081
83.381
83.186
83.700
82.135
83.699
80.499
82.333
79.699
78.459
80.715
82.869
80.304
79.361
80.983
82.061
79.849
77.753
78.334
82.179
81.349
78.588
84.174
86.161
86.593
85.543
86.256
89.402
90.033
91.050
92.401
91.479
90.924
91.990
90.962
91.221
92.095
93.439
92.586
91.975
92.825
93.315
92.153
92.614
93.127
92.181
89.800
90.280
90.848
87.710
84.948
86.482
87.524
83.472
81.629
82.990
83.450
80.300
79.242
76.924
78.913
81.151
80.105
79.412
83.462
83.699
82.031
83.961
81.348
77.348
81.712
83.953
86.157
88.292
89.825
90.344
89.833
87.602
85.551
81.983
79.311
82.995
74.228
80.515
85.299
85.242
87.221
89.988
90.193
90.441
90.578
89.519
88.887
88.417
87.295
84.488
78.077
75.859
78.579
81.478
84.862
85.618
87.328
88.377
89.390
90.040
89.664
90.052
88.516
83.198
