78.356
85.377
87.341
89.376
88.958
90.187
88.831
87.373
82.929
74.286
78.425
81.825
86.471
87.888
89.572
86.691
85.572
88.120
89.398
85.815
85.467
90.774
90.390
87.753
88.645
91.375
89.857
88.517
88.665
89.206
90.680
89.996
88.337
89.917
89.221
85.663
83.891
84.918
82.489
76.418
68.765
65.308
51.144
44.581
45.000
40.945
43.569
39.933
40.360
42.787
46.487
51.282
52.495
51.758
61.857
63.533
76.765
84.038
87.614
88.017
86.408
86.780
89.211
88.577
86.098
86.220
87.787
86.853
84.537
86.390
87.565
87.733
85.849
88.058
86.458
86.135
86.506
88.529
88.001
87.244
87.087
87.850
84.460
85.160
82.310
80.913
83.919
85.353
82.371
81.521
83.721
83.785
81.337
79.610
80.513
83.640
82.814
79.950
84.779
87.139
87.762
86.894
86.817
90.394
91.125
91.466
92.466
91.943
91.649
92.247
90.764
90.868
91.910
93.398
92.318
91.701
92.752
93.092
91.518
91.955
92.833
91.675
88.934
89.720
90.703
87.594
85.369
86.983
88.216
84.799
83.066
84.406
84.925
82.602
81.427
79.083
80.845
84.053
82.651
82.403
85.957
86.920
85.139
87.262
85.370
84.044
85.910
87.723
89.237
90.650
91.609
91.609
90.675
88.453
86.600
82.837
79.865
83.624
75.987
81.727
86.523
86.705
88.937
90.719
91.377
91.377
91.541
90.709
90.032
89.748
89.256
86.143
81.670
79.762
81.085
83.617
86.570
86.998
88.430
89.857
90.749
91.646
91.366
90.837
89.596
86.116
81.170
69.940
56.730
