36.352
45.615
42.791
47.973
42.964
42.889
55.422
52.962
43.890
56.351
50.906
53.120
47.417
49.090
47.672
49.849
44.331
43.490
45.046
43.331
41.563
38.022
39.806
41.035
44.879
54.199
58.092
75.137
82.541
85.712
88.295
88.778
86.938
87.552
89.495
87.581
85.856
88.420
88.441
86.237
85.017
86.123
85.623
82.734
83.067
83.696
84.236
81.645
82.777
83.993
82.159
80.729
82.776
85.797
86.543
84.000
83.721
86.045
82.911
86.491
84.604
86.370
86.607
85.254
84.610
85.548
84.540
83.456
83.388
83.103
81.729
82.647
83.010
82.679
86.624
86.789
87.573
83.016
83.019
86.942
86.120
84.508
86.223
86.768
83.883
83.016
82.109
81.352
81.171
85.568
84.370
84.390
84.311
86.648
86.167
86.417
84.957
84.593
83.134
83.313
81.905
80.478
80.181
79.777
80.053
78.481
79.231
78.345
78.114
78.199
77.870
74.581
76.401
79.240
79.184
78.578
81.743
82.728
80.570
82.243
78.245
74.386
76.985
80.231
81.326
83.324
85.585
85.830
87.201
85.124
83.533
82.739
79.359
85.429
73.739
84.287
90.211
91.209
91.844
92.790
92.576
91.388
90.561
87.948
86.736
85.537
82.216
80.672
74.776
74.098
77.736
81.057
83.885
85.005
87.488
88.524
90.728
91.444
92.518
93.228
93.045
91.999
89.611
88.568
87.233
90.772
92.747
91.813
91.177
90.648
89.544
87.933
87.572
83.161
77.964
81.709
83.478
87.461
83.555
85.917
84.456
81.153
80.557
82.050
79.904
75.332
73.864
72.882
67.059
