56.788
63.081
70.412
71.747
65.057
67.660
72.426
70.177
68.385
64.394
67.817
66.097
69.953
70.542
73.846
73.123
73.989
78.472
78.782
76.136
81.841
84.268
86.970
88.751
91.026
91.224
91.207
90.137
87.244
82.941
81.756
85.991
78.920
85.175
89.939
90.513
90.755
91.894
91.305
91.873
91.456
90.769
89.218
88.553
87.201
84.044
79.161
73.664
77.165
79.492
85.426
85.005
87.682
88.632
89.920
90.808
90.742
91.326
91.488
91.193
89.121
86.738
84.794
88.401
90.141
88.917
89.313
87.377
87.041
86.646
85.490
80.477
72.140
74.629
76.420
83.719
81.718
81.059
79.272
76.177
79.236
80.235
77.218
74.373
81.413
81.630
80.184
79.404
83.557
85.110
84.410
80.345
81.834
83.384
82.251
79.984
80.600
79.202
76.394
71.333
70.830
68.584
56.570
48.639
46.041
37.623
34.516
36.151
33.317
32.055
31.654
32.406
37.177
43.150
56.341
69.378
67.475
75.178
75.194
79.828
85.883
86.793
87.237
82.548
84.981
86.752
84.636
81.254
82.496
83.559
80.955
78.844
80.793
81.396
78.502
76.747
79.343
78.447
75.135
74.516
76.498
75.331
76.816
75.576
77.254
72.394
75.927
72.664
73.291
74.744
77.643
75.339
74.912
76.465
77.940
76.032
73.672
74.626
79.154
76.671
74.889
81.283
83.806
83.275
79.416
81.423
84.759
84.138
82.502
85.794
85.606
82.474
82.228
85.235
84.426
84.622
85.721
87.414
86.349
86.707
86.293
85.732
86.364
84.823
84.769
81.796
81.581
81.102
71.365
