52.031
53.672
55.700
59.866
61.660
58.820
60.836
64.496
62.626
59.191
62.317
60.704
60.620
52.477
52.727
57.962
55.659
54.570
55.751
64.523
63.799
68.569
71.099
70.278
70.633
74.263
72.648
74.065
76.143
76.137
73.360
75.901
77.999
77.929
80.708
84.139
87.929
86.580
88.441
91.619
91.440
93.044
93.643
93.178
92.871
93.926
92.466
92.603
93.905
94.528
92.805
92.303
94.300
94.530
93.640
94.397
94.802
94.439
93.556
93.530
93.491
91.263
88.838
89.304
88.862
84.695
81.861
83.452
81.795
78.853
76.448
76.284
75.963
73.630
70.656
71.731
70.510
67.751
68.815
69.179
69.266
68.239
73.722
75.382
77.914
76.690
80.471
79.654
82.735
81.817
78.394
81.353
78.766
83.456
76.293
82.040
85.987
86.275
87.722
87.040
87.539
85.096
85.452
82.925
83.135
81.445
81.329
77.674
75.282
76.039
76.779
80.755
83.086
83.233
84.721
84.555
86.738
86.541
88.830
86.886
88.176
84.896
83.328
82.967
79.199
80.967
84.731
86.011
87.191
89.627
89.132
86.560
86.635
82.590
77.316
81.652
84.109
88.435
86.684
88.961
88.361
87.262
88.346
90.717
89.277
88.612
91.685
91.251
89.680
90.836
92.434
91.560
89.959
90.195
92.255
93.325
93.702
91.520
92.104
92.188
89.756
88.018
87.443
85.642
82.281
79.969
79.412
75.256
66.354
55.261
50.751
39.544
39.004
42.806
37.695
37.817
36.556
38.457
46.004
34.120
45.616
46.186
40.463
34.299
34.086
32.550
37.309
29.079
31.407
