43.825
44.065
38.738
42.644
42.198
41.512
54.739
55.191
57.923
64.639
73.385
79.251
81.915
82.861
82.681
82.989
83.291
82.076
83.231
81.919
81.441
75.475
73.651
76.990
79.290
82.049
81.982
84.157
85.012
86.147
86.312
86.698
86.130
86.073
83.831
82.244
79.544
77.185
81.218
84.834
85.885
87.587
87.510
87.710
86.890
86.041
82.969
76.262
79.743
82.578
87.254
86.893
87.917
86.310
86.873
88.659
89.593
88.246
87.530
91.046
91.137
89.303
90.124
92.207
90.877
89.939
89.675
90.689
91.775
91.781
89.971
91.020
90.849
88.209
86.668
86.399
84.031
80.661
77.062
74.978
58.715
51.308
48.272
46.296
44.574
38.745
41.192
39.838
40.768
47.106
45.260
48.622
55.470
53.952
67.068
76.941
78.462
77.840
79.320
81.340
82.392
81.677
80.777
80.777
81.988
81.648
80.525
80.228
80.340
80.928
78.884
77.767
77.489
76.603
73.905
68.492
67.577
69.445
64.426
68.149
64.945
73.741
72.590
73.183
76.138
77.312
77.678
76.644
77.665
79.569
77.891
75.851
76.919
80.475
79.846
77.641
81.648
83.860
84.707
82.223
83.406
87.506
88.919
90.024
91.218
89.839
90.801
91.257
89.663
89.800
91.331
92.460
91.095
90.811
92.229
92.908
91.395
92.218
92.682
91.429
89.265
90.323
90.955
87.080
84.937
87.153
87.465
82.652
80.775
83.514
83.187
79.787
77.703
77.971
80.098
76.954
74.034
73.768
76.167
71.593
71.978
74.483
74.813
71.236
74.988
76.703
78.271
79.720
77.405
