79.829
84.959
88.307
87.226
87.355
92.331
92.499
94.682
95.573
96.427
96.410
96.463
96.669
97.365
96.064
96.928
97.240
95.125
92.873
94.882
93.351
89.511
88.164
89.433
86.666
83.389
83.473
83.203
81.016
78.597
77.217
74.813
73.861
71.839
68.204
69.688
69.925
67.617
67.877
72.566
69.971
69.935
79.557
79.481
82.771
82.017
83.181
84.622
83.936
85.206
82.726
83.988
83.830
86.394
79.274
84.565
87.360
88.924
90.043
88.716
88.471
86.638
87.247
85.072
85.576
83.663
84.718
83.282
80.712
82.383
80.933
83.047
87.069
83.488
85.976
84.109
87.478
86.007
87.025
85.510
84.566
84.239
80.318
80.198
75.498
79.194
83.086
82.100
83.099
82.597
86.407
85.236
85.222
80.799
75.216
79.383
77.850
86.534
83.543
86.264
83.067
81.934
85.370
88.185
83.136
85.204
90.679
90.106
87.475
90.954
94.138
93.497
90.980
92.456
95.568
96.600
96.885
93.561
92.911
94.402
93.508
89.835
89.097
90.955
87.142
82.770
85.136
83.671
78.209
70.496
70.170
64.420
55.050
51.610
47.724
44.837
47.748
41.565
41.457
36.064
32.232
41.782
40.272
39.530
39.992
39.262
36.323
39.522
42.468
42.103
46.129
49.261
48.880
50.528
54.774
56.870
57.262
61.064
54.687
60.345
58.514
57.799
61.442
56.371
54.939
60.150
62.611
60.882
65.088
58.604
63.054
67.009
62.205
62.297
64.806
61.320
60.721
60.386
59.938
50.709
53.741
45.253
41.703
39.545
43.814
32.631
36.724
38.033
33.771
