45.476
47.921
49.247
61.543
58.847
67.879
71.838
76.112
75.856
76.938
80.424
81.158
78.186
83.228
85.966
88.094
89.756
91.890
92.021
91.782
89.959
86.473
82.463
81.014
85.234
77.391
83.641
89.197
89.819
90.450
91.837
91.591
92.013
91.797
90.968
90.035
88.805
88.380
84.533
80.087
77.170
79.505
82.687
86.485
86.060
88.504
89.160
90.736
90.977
91.256
91.338
91.307
90.487
87.858
85.396
83.617
87.401
89.860
89.084
89.690
89.334
88.468
87.213
87.425
83.499
77.793
80.523
81.736
86.927
83.877
86.080
84.564
81.674
83.718
86.337
84.375
82.458
87.925
89.056
87.155
87.347
90.307
89.701
88.928
88.020
89.374
89.859
90.165
87.922
88.206
87.999
84.986
82.434
81.340
79.400
74.589
67.753
64.548
48.729
44.132
45.116
43.251
42.086
37.101
38.854
42.917
45.631
57.788
65.875
62.598
76.111
71.747
80.864
86.588
88.232
89.076
86.553
86.620
88.229
87.668
84.708
84.225
85.541
84.463
80.958
81.928
83.392
81.839
78.848
80.829
80.603
78.144
77.054
79.244
78.962
78.309
76.814
78.291
74.829
77.731
72.639
74.463
76.647
77.341
73.905
74.446
76.699
77.238
74.986
73.923
74.837
79.254
78.073
77.005
81.874
84.266
85.901
82.145
85.037
89.135
87.857
88.592
90.973
90.135
89.315
89.954
89.445
89.425
90.503
91.895
90.993
90.486
91.540
92.125
90.806
91.868
92.248
91.262
89.707
90.087
89.650
86.029
83.785
83.725
83.497
77.895
72.921
69.855
65.356
