48.739
48.651
62.006
66.337
69.949
69.464
74.462
78.138
80.086
76.972
82.509
85.259
87.509
89.480
91.600
91.921
91.787
90.385
87.508
83.482
81.744
86.118
78.767
84.686
89.737
90.354
90.875
92.135
91.812
92.147
91.795
90.898
89.782
88.668
87.999
84.488
79.445
76.834
79.367
82.604
86.267
85.999
88.479
88.973
90.722
90.967
91.355
91.502
91.583
90.977
88.321
86.275
84.095
87.747
89.999
89.021
89.689
89.436
88.546
87.156
87.492
82.935
75.875
80.000
81.714
87.060
84.037
86.081
84.410
82.249
84.476
86.599
84.043
83.040
88.259
88.886
87.048
87.452
90.470
89.678
88.888
87.897
89.467
90.381
90.309
87.843
88.392
88.245
85.174
82.399
82.111
79.999
74.670
68.015
65.249
48.416
41.252
43.962
40.560
40.895
36.564
38.168
42.178
45.604
58.126
66.518
64.740
75.963
72.949
81.146
86.797
88.031
88.949
86.191
86.063
87.563
86.950
83.951
83.386
84.579
83.282
79.807
80.685
81.732
79.931
76.647
78.596
78.055
75.264
73.451
74.440
75.465
74.057
71.957
74.227
69.902
75.193
69.404
72.285
74.373
74.760
72.219
72.914
74.754
76.179
74.065
72.696
73.433
77.985
77.277
76.053
81.509
84.102
85.576
82.565
85.093
89.173
88.199
89.159
91.319
90.370
89.746
90.319
89.763
89.692
90.718
92.238
91.357
90.818
91.820
92.442
91.180
92.037
92.364
91.559
89.727
90.133
90.077
86.444
83.749
84.494
84.321
78.556
74.581
75.773
73.615
63.608
57.838
51.074
