38.231
42.792
60.000
63.048
65.047
66.788
67.578
69.416
71.892
70.133
72.534
75.516
73.378
70.912
75.175
77.581
76.914
80.999
83.773
87.294
86.391
88.565
91.605
90.659
92.442
93.535
92.671
91.751
93.545
92.175
92.758
93.819
94.689
92.989
92.427
94.310
94.581
93.816
94.561
94.949
94.595
93.694
93.690
93.313
90.991
88.791
88.705
87.415
83.957
81.391
81.416
79.843
78.019
74.957
72.418
72.369
71.265
66.842
65.916
66.202
65.072
63.512
65.140
62.563
62.199
70.642
72.114
75.879
76.460
79.741
80.519
81.809
81.713
79.715
79.298
78.786
82.578
76.944
81.674
84.751
85.972
87.714
86.336
86.769
84.879
84.407
81.988
81.140
79.677
78.367
74.900
72.709
72.305
72.768
77.420
80.480
79.480
82.080
82.378
85.333
85.590
88.001
86.761
87.514
85.606
83.177
82.251
78.886
81.134
85.146
85.933
86.789
88.660
87.562
84.520
84.121
78.399
72.746
77.452
80.287
85.775
83.492
86.974
85.839
84.133
85.840
89.016
86.801
86.042
90.474
90.122
88.228
90.072
91.786
91.272
89.650
89.965
92.055
93.418
93.776
91.179
90.859
91.711
89.609
86.910
85.755
85.223
81.510
77.772
78.731
75.166
64.403
55.064
50.334
38.936
38.087
41.669
37.701
38.244
35.870
36.858
44.273
33.628
43.240
41.500
40.950
35.010
35.287
34.871
40.776
39.183
41.007
41.668
39.461
43.773
44.759
43.642
42.899
42.368
50.328
38.880
40.183
47.344
42.040
37.496
41.426
32.106
31.966
36.105
