64.353
77.835
79.997
84.107
83.819
81.574
84.072
85.397
82.633
81.706
86.713
86.359
84.405
84.279
86.876
85.886
84.908
83.279
85.927
88.171
85.393
82.702
85.353
84.630
78.802
77.608
79.513
76.314
65.375
62.369
59.533
46.006
39.563
41.843
35.736
35.655
38.185
37.380
43.835
49.241
58.762
75.666
79.670
83.955
85.621
85.659
87.910
90.485
89.169
87.237
89.377
90.308
88.167
86.261
87.208
87.341
84.136
82.825
84.722
85.241
82.468
81.831
84.614
81.938
79.460
80.525
82.388
82.112
83.193
82.366
84.032
80.476
81.405
79.292
79.646
80.656
82.691
80.501
79.951
81.308
82.536
80.412
78.944
79.342
83.424
82.344
81.411
85.951
87.748
88.897
85.651
86.569
89.699
89.753
90.289
91.132
90.376
89.802
90.918
89.667
90.550
91.289
92.196
92.003
91.448
91.819
92.566
91.608
92.402
92.428
91.450
89.837
90.521
90.021
87.248
85.535
86.486
86.825
83.249
81.976
83.298
82.661
79.922
79.630
78.157
79.951
81.012
81.299
81.192
84.697
85.042
83.734
84.961
81.968
77.167
81.996
84.282
86.229
88.147
89.516
90.054
90.492
87.458
84.882
82.185
78.120
84.252
73.701
83.285
89.075
90.004
90.770
92.289
92.269
92.261
92.135
90.805
89.938
89.447
87.614
84.961
79.347
76.833
79.989
83.530
86.069
87.579
89.600
90.163
91.317
91.802
92.108
92.741
92.526
91.307
88.601
86.941
85.345
89.412
92.156
91.655
91.773
91.210
89.491
88.080
87.893
84.885
81.472
64.082
