82.254
85.192
86.345
85.519
85.221
77.561
81.685
84.102
78.615
86.441
84.378
79.164
81.849
80.925
76.878
73.966
61.599
61.472
67.905
73.851
80.039
81.139
79.469
77.615
81.814
83.932
80.507
78.786
86.898
86.696
83.718
84.749
89.305
87.627
86.360
85.109
87.488
89.316
88.659
84.559
87.044
86.994
81.932
77.293
79.750
78.170
66.597
58.746
53.011
45.888
39.197
40.756
35.409
36.394
32.238
33.832
37.854
42.864
55.048
61.124
59.521
70.019
68.548
74.281
80.118
82.168
82.179
81.168
82.255
83.202
82.363
80.994
81.689
81.644
79.930
78.759
81.255
80.685
79.627
79.253
81.104
78.812
78.665
78.333
81.005
80.974
80.678
78.119
80.808
76.933
79.998
76.845
76.777
78.678
80.211
78.039
77.314
78.450
79.644
77.806
75.385
75.152
78.816
77.967
75.363
80.161
81.720
82.836
82.572
84.243
86.523
86.700
88.815
90.900
88.313
87.531
89.862
88.985
89.729
90.806
92.604
91.990
91.537
91.998
92.904
91.673
92.527
92.734
91.626
89.498
89.998
89.811
86.663
84.119
85.334
85.170
81.387
79.692
80.572
80.172
77.620
76.293
72.508
75.339
76.383
75.248
75.185
79.163
79.329
77.635
79.297
78.438
73.892
78.647
79.744
82.228
83.679
85.615
85.347
84.312
81.860
78.683
76.917
74.036
77.324
69.243
75.660
79.306
78.793
80.476
81.945
82.161
82.120
84.295
82.956
84.566
83.643
83.125
81.743
74.639
71.092
74.595
74.722
79.352
79.750
80.628
80.459
79.401
77.993
