58.326
72.277
78.313
79.524
70.589
75.565
74.694
69.919
68.305
65.742
60.903
57.755
52.903
48.773
43.640
39.108
41.003
39.091
38.063
42.054
43.005
52.125
56.750
75.247
83.237
86.138
88.634
88.449
86.920
87.923
90.287
88.807
86.982
89.629
90.377
87.952
86.313
88.141
87.625
84.410
84.330
85.863
85.767
82.516
83.847
85.828
83.668
81.103
83.497
85.588
87.412
86.956
86.387
88.450
86.724
88.869
88.710
88.713
88.487
89.212
87.797
87.721
86.950
87.701
86.354
85.098
83.827
87.049
87.872
86.218
89.951
91.427
92.022
89.907
89.172
92.038
92.310
91.192
91.689
92.167
91.606
90.400
88.392
86.915
86.777
90.159
88.705
86.999
87.729
89.608
89.267
90.284
88.500
88.992
88.611
88.618
88.434
87.720
87.290
87.084
88.311
86.840
86.782
86.485
87.249
85.989
85.467
83.590
84.083
86.976
85.789
84.208
86.585
87.436
85.413
85.893
81.540
78.021
80.650
83.662
83.652
86.627
87.771
88.465
88.954
86.216
84.532
83.263
79.566
85.489
73.643
83.431
90.109
91.167
92.234
93.299
93.505
92.840
92.213
90.559
88.915
88.407
85.958
83.392
78.544
80.376
81.687
85.385
86.723
88.350
90.466
91.499
92.928
93.653
94.076
94.295
93.800
92.219
90.083
88.300
87.451
91.319
93.338
93.543
93.990
93.960
93.520
92.211
91.697
87.739
81.447
86.217
88.012
91.994
90.825
91.926
90.770
89.711
89.868
89.972
88.434
87.217
87.257
85.853
86.121
83.255
81.833
80.859
77.081
