80.574
83.231
84.748
85.006
86.208
85.270
86.757
84.886
84.300
77.074
74.121
77.419
78.689
83.382
83.553
84.770
86.549
86.851
87.582
87.569
87.850
87.646
86.152
83.383
79.794
78.167
81.781
85.088
86.497
88.450
88.154
88.183
87.479
86.182
82.307
74.691
76.656
80.827
86.418
86.378
87.359
84.482
84.338
87.167
88.516
85.489
84.939
90.559
90.032
87.586
88.726
91.533
89.982
88.733
88.460
89.708
91.289
90.947
88.863
90.279
90.053
86.904
84.408
85.475
82.943
78.475
74.608
72.915
56.558
47.520
46.606
43.218
41.984
37.451
40.708
38.250
40.632
46.874
44.724
47.611
57.158
52.759
66.827
77.365
80.319
81.280
81.037
82.928
84.642
84.926
83.544
83.730
85.953
85.681
84.112
85.429
86.891
87.093
85.849
86.733
86.621
85.781
86.135
87.603
86.774
84.277
83.153
84.441
80.199
82.599
78.044
78.916
82.556
82.603
79.568
80.306
82.516
81.685
79.373
78.044
79.137
81.896
79.926
77.654
82.257
84.249
84.530
83.413
84.580
87.851
89.053
90.243
91.708
90.126
90.162
91.337
89.967
90.093
91.867
93.002
92.031
91.679
92.590
93.027
91.262
91.774
92.676
91.279
88.526
89.563
90.488
86.796
84.033
86.313
86.974
82.063
80.798
82.388
81.793
78.998
77.292
74.011
75.887
77.190
75.808
76.926
81.391
82.043
81.811
84.260
83.734
81.746
84.682
85.319
86.073
87.127
86.237
83.971
80.332
69.381
58.844
50.338
50.380
48.742
42.357
44.220
39.371
37.159
34.848
