61.237
71.934
76.232
73.888
71.021
77.098
82.268
79.854
83.044
88.179
91.955
93.075
95.135
96.297
95.643
96.968
97.609
96.716
95.895
97.647
97.218
97.613
97.887
98.372
97.920
97.488
98.139
97.864
97.657
97.666
98.151
98.062
97.256
97.379
97.407
96.477
94.889
94.804
93.369
91.839
90.175
88.741
87.270
85.346
82.300
79.483
78.823
77.636
74.561
73.198
72.632
71.725
70.785
73.693
72.319
73.570
80.061
79.803
81.019
80.278
81.341
80.586
81.952
79.701
78.668
79.132
79.569
80.602
74.827
77.755
83.567
86.911
89.882
86.385
87.473
84.919
86.312
84.616
84.529
82.998
84.405
82.958
82.074
84.201
82.219
85.116
86.942
84.370
86.782
85.998
88.336
87.376
90.422
87.321
89.116
84.708
84.720
83.901
82.062
80.885
85.127
87.213
89.089
92.676
92.228
88.430
88.485
84.392
81.063
84.355
84.787
90.594
88.192
92.432
91.440
88.659
91.307
94.251
91.385
91.326
94.894
95.055
93.103
94.617
97.040
96.269
94.868
95.363
96.746
97.858
97.675
95.995
96.384
96.703
95.360
92.975
92.729
92.885
89.926
86.800
87.918
86.442
82.571
76.903
74.051
72.580
60.734
59.151
55.838
54.903
55.199
54.317
57.880
46.754
53.348
49.733
44.670
38.065
41.537
42.934
53.641
46.846
52.212
52.295
53.214
58.572
58.707
60.871
60.582
58.089
67.135
59.958
55.479
63.752
59.094
45.821
50.583
43.883
42.585
45.346
45.550
41.936
41.578
50.989
46.326
45.708
46.429
48.882
49.945
