53.476
72.268
77.797
83.119
84.146
86.962
90.019
89.000
91.347
92.785
91.801
90.687
92.803
91.471
92.013
93.132
94.139
92.500
91.935
93.676
94.071
93.284
93.911
94.364
94.038
92.835
92.825
92.462
90.028
87.061
87.244
86.085
82.051
79.928
78.932
77.031
74.048
68.846
66.635
66.534
62.350
58.844
58.131
55.213
57.297
57.731
57.561
60.038
59.905
68.725
70.275
74.219
74.027
76.845
77.060
77.886
76.964
75.125
76.267
75.621
78.700
70.693
76.818
80.846
83.318
85.828
84.328
84.949
82.932
82.888
80.378
78.824
77.386
76.048
73.147
70.897
70.925
71.252
74.984
78.034
78.200
80.659
80.986
84.325
84.151
86.684
84.582
84.876
82.775
79.005
78.222
74.317
76.380
81.561
82.235
84.076
86.396
86.369
83.140
83.223
76.423
71.126
74.662
76.914
84.482
81.116
85.685
84.423
81.039
83.312
87.666
83.600
82.424
88.740
88.658
85.603
87.606
90.271
89.710
87.818
88.061
90.989
92.619
93.002
90.041
89.376
90.929
87.828
83.954
83.932
83.473
79.133
75.231
75.649
72.836
60.109
48.044
44.821
38.750
37.912
39.692
36.892
36.536
34.497
34.845
42.295
33.988
45.603
40.298
38.022
36.525
36.882
33.718
37.637
36.781
38.090
37.596
38.913
41.985
40.916
42.581
44.834
42.971
47.335
44.422
44.449
46.195
43.374
36.435
39.763
37.311
37.815
35.313
33.459
36.460
36.221
42.279
39.124
35.187
37.347
36.846
33.965
31.023
31.942
28.757
29.513
28.794
23.831
21.312
