33.984
34.432
39.568
33.506
38.897
45.859
47.340
48.242
61.745
63.948
66.272
66.191
67.696
69.323
71.816
69.717
71.232
74.194
72.832
69.882
73.828
76.123
76.197
80.847
83.409
86.968
85.650
88.154
91.367
90.168
91.991
93.355
92.436
91.168
93.244
91.975
92.688
93.637
94.583
92.947
92.485
94.256
94.572
93.776
94.515
94.843
94.489
93.547
93.446
92.910
90.627
87.903
87.660
86.640
83.005
80.199
80.531
79.048
76.811
73.538
71.332
70.876
69.606
65.764
64.997
64.513
63.469
62.544
62.822
61.524
60.507
69.631
70.888
76.223
76.466
80.900
81.846
83.557
83.880
81.161
81.649
80.357
84.461
78.468
84.199
87.188
87.829
88.502
87.315
87.533
85.364
85.263
82.346
81.740
79.194
78.483
74.439
72.366
72.640
72.648
77.125
80.328
79.385
82.100
82.510
85.521
85.502
88.210
87.099
88.459
87.071
84.444
84.324
80.767
82.641
85.689
86.069
86.529
88.441
87.231
84.225
83.796
77.627
72.182
77.467
79.118
85.529
82.906
86.304
85.345
83.494
85.124
88.197
85.870
85.318
89.769
89.176
87.442
89.367
90.998
90.745
89.052
89.334
91.771
93.120
93.538
90.728
90.104
91.123
88.799
85.712
84.674
83.506
79.961
76.843
76.794
72.476
62.673
53.245
48.049
39.346
38.064
42.240
37.214
37.665
35.715
35.917
43.967
32.555
44.311
41.723
39.238
33.192
32.705
35.015
36.777
39.195
40.701
37.381
36.758
40.496
38.263
37.921
37.971
41.056
44.159
34.038
40.505
40.290
