38.315
45.576
43.172
42.254
43.024
43.276
47.659
42.914
43.273
51.543
50.458
44.658
50.967
45.878
47.811
43.226
41.221
40.002
41.860
39.503
37.588
40.613
34.615
37.086
38.109
38.670
40.639
43.936
54.467
57.064
74.295
81.454
85.075
87.591
88.080
85.905
86.751
88.398
86.630
84.635
87.512
87.785
85.093
84.077
85.230
85.032
82.413
82.417
82.721
83.474
81.311
81.640
82.851
82.248
81.270
81.188
85.762
85.446
83.283
83.472
86.159
82.414
85.519
83.745
85.457
84.657
83.931
82.538
84.069
82.839
82.634
81.851
81.586
79.982
82.392
82.094
81.194
85.672
86.290
86.835
82.234
82.460
86.325
85.614
84.230
85.841
86.064
83.766
83.339
82.616
81.250
81.766
85.845
85.038
85.274
84.711
86.637
86.418
86.858
85.587
85.111
83.954
84.151
82.779
80.623
80.200
80.337
80.338
77.865
78.357
77.386
77.823
77.326
75.405
73.440
75.452
78.179
77.564
77.412
80.369
81.844
80.559
81.602
79.486
75.804
78.314
80.261
80.267
82.323
82.672
82.915
83.973
81.826
80.778
80.083
76.939
84.215
72.065
83.059
89.114
90.399
90.999
91.548
91.264
89.416
87.544
85.355
84.246
83.332
81.343
79.724
76.051
76.812
76.566
79.647
81.172
82.755
85.589
86.201
88.655
90.009
91.166
92.193
92.508
91.485
88.563
87.703
86.526
90.026
92.037
90.863
90.351
89.953
88.792
86.708
86.211
80.714
75.756
79.109
82.272
86.335
82.857
84.507
82.402
80.101
79.521
79.959
74.335
67.134
