38.705
43.831
47.825
48.910
48.270
58.791
62.686
76.369
85.336
86.240
87.837
88.680
88.826
87.690
87.991
86.137
85.207
78.482
75.349
78.431
80.576
85.068
84.713
86.771
87.891
88.936
88.873
88.671
88.380
87.464
85.354
83.749
81.323
80.501
83.640
86.579
87.110
88.748
88.312
88.123
88.000
86.985
83.541
74.598
79.069
81.961
87.053
86.727
87.290
84.916
85.237
87.335
88.747
86.246
85.890
90.380
90.124
88.030
89.155
91.576
90.319
88.998
88.952
89.974
91.435
91.093
89.238
90.334
90.228
87.176
84.918
85.019
82.659
78.602
73.630
70.631
54.961
47.352
46.684
43.080
40.876
37.303
38.205
42.262
46.698
49.999
51.615
50.702
64.449
59.874
72.869
81.048
83.364
84.787
83.616
84.132
86.095
86.501
84.423
83.992
85.894
85.639
83.148
84.190
86.045
85.621
83.801
84.974
85.172
84.144
83.543
85.644
84.689
82.627
81.165
82.442
77.774
80.934
76.207
77.082
80.457
80.789
77.739
78.174
80.218
79.943
77.343
75.991
77.263
80.367
78.557
76.708
82.200
83.858
84.334
82.672
83.823
87.328
88.251
89.344
90.921
89.363
89.645
90.566
88.960
89.146
91.034
92.194
90.710
90.794
92.230
92.982
91.307
92.171
92.705
91.049
88.832
89.774
90.439
86.385
83.731
86.050
86.190
81.164
79.470
80.811
80.227
76.849
75.306
70.757
73.346
74.575
71.750
74.128
78.858
79.117
79.508
82.579
81.999
80.154
83.687
84.535
86.139
87.369
88.052
86.741
83.744
74.398
63.209
