59.236
69.415
84.435
88.650
89.959
90.390
90.256
89.317
90.102
91.740
91.326
90.665
91.837
92.045
91.929
91.229
90.563
89.842
89.531
88.572
87.672
88.281
87.889
87.123
86.268
85.919
84.116
82.215
81.586
79.932
77.704
74.509
76.467
73.193
77.205
74.912
78.972
81.710
81.217
79.880
83.097
84.364
82.969
82.937
84.809
85.135
85.254
84.272
85.179
89.273
89.070
90.307
86.651
87.868
91.293
91.659
91.903
92.618
92.921
92.886
93.313
91.808
91.564
92.897
93.482
91.819
90.994
93.162
93.279
92.086
92.699
93.340
92.728
91.524
91.987
92.473
89.473
87.625
89.101
88.631
83.721
82.837
83.992
82.153
78.950
77.787
75.968
76.664
77.187
74.458
75.747
80.227
78.292
79.241
83.966
82.519
83.039
85.582
87.702
89.702
90.777
92.020
92.023
91.676
88.941
86.214
83.570
79.152
84.622
73.108
82.182
89.460
90.501
91.413
93.191
93.357
93.406
93.060
92.287
91.392
90.034
89.763
85.140
81.398
81.136
82.579
85.774
88.288
88.263
90.508
91.052
92.451
92.960
93.344
93.714
93.316
92.057
90.170
88.703
87.608
91.787
93.477
92.840
92.804
92.575
92.063
90.829
90.683
87.157
83.040
86.133
87.388
91.147
88.997
90.831
90.510
89.735
90.382
92.399
91.333
90.334
92.759
92.847
90.992
91.730
92.800
91.684
90.430
90.497
91.475
92.247
92.520
91.599
92.525
92.075
90.094
89.438
88.853
87.138
84.680
81.488
81.078
76.652
67.770
59.456
55.126
41.088
41.699
38.632
