67.721
82.491
84.826
88.137
88.985
87.506
89.333
87.563
86.147
82.407
72.505
76.490
80.674
85.726
86.590
88.251
85.259
83.917
87.228
87.713
83.228
83.377
89.313
88.695
85.631
86.284
90.173
88.327
86.248
86.386
88.042
89.927
88.478
85.915
88.095
87.408
81.397
79.207
81.797
79.205
64.613
57.677
55.735
45.908
38.179
41.092
35.337
37.190
35.950
35.858
42.768
46.765
56.183
70.917
70.464
79.079
79.544
81.732
86.033
89.061
88.553
86.393
88.153
89.582
87.726
85.387
86.399
86.506
83.340
81.489
84.516
84.096
81.628
81.637
84.608
80.880
79.584
80.388
82.295
82.335
83.396
81.746
83.462
79.847
82.132
80.055
78.913
80.748
83.028
80.833
79.829
81.109
82.378
80.109
78.032
78.572
82.677
82.155
79.888
85.199
86.969
87.910
86.368
87.044
90.308
90.602
91.482
92.560
91.641
91.135
92.156
90.704
91.045
91.974
93.426
92.593
92.017
92.908
93.333
92.289
92.936
93.305
92.386
90.251
90.630
91.114
88.001
85.435
86.903
87.802
83.715
81.989
83.125
83.353
80.580
79.783
76.886
79.080
81.447
80.525
80.164
84.071
84.242
82.769
84.393
81.357
76.189
81.169
83.976
86.014
88.495
89.681
90.553
90.714
88.335
86.522
83.430
80.160
84.249
75.827
82.441
87.457
87.854
89.445
91.141
91.571
91.300
91.464
90.144
89.474
88.860
87.542
84.890
78.013
75.900
79.586
82.766
85.600
86.557
88.258
89.084
90.329
91.045
91.070
91.419
90.587
87.161
82.743
70.500
