46.013
46.651
54.005
61.436
66.511
65.850
72.818
79.172
84.351
84.709
87.607
90.757
89.577
91.816
93.454
92.292
90.763
93.208
92.123
92.713
93.710
94.733
92.987
92.405
94.238
94.595
93.855
94.429
94.860
94.498
93.373
93.348
92.817
90.423
87.830
87.735
86.557
83.130
80.410
79.492
77.915
75.440
70.672
68.580
67.971
64.913
61.268
59.881
58.225
59.033
58.910
59.610
59.701
60.258
69.031
70.825
73.980
73.868
76.319
76.031
77.468
76.509
75.258
75.852
74.668
77.853
70.371
75.577
80.132
82.283
85.354
82.922
83.917
82.266
81.880
79.733
78.692
77.095
76.128
73.328
71.818
71.271
71.617
75.034
78.157
77.482
79.992
80.116
83.379
83.211
86.171
84.002
84.388
81.462
78.927
77.038
73.425
75.276
80.657
81.246
83.865
86.681
85.846
82.576
82.221
75.057
69.317
73.621
76.677
83.999
80.883
85.340
83.981
81.225
83.089
87.493
83.992
83.177
88.868
88.557
86.493
88.447
90.836
90.173
88.463
88.733
91.410
93.117
93.483
90.305
89.765
91.259
88.463
84.920
84.414
84.326
79.969
75.904
77.323
74.285
62.231
49.951
45.766
38.210
38.457
39.613
35.935
35.903
34.370
34.876
42.919
32.990
43.765
39.172
38.301
34.901
34.086
30.900
34.282
34.190
36.173
36.858
35.765
40.448
38.119
39.074
42.071
41.727
45.175
41.987
42.182
44.874
40.049
33.671
38.791
35.939
38.052
34.828
35.893
33.791
33.088
38.799
35.038
33.236
34.063
29.998
30.057
27.477
25.458
