65.265
72.122
71.053
75.103
80.026
77.742
78.717
81.168
82.267
81.998
83.090
84.361
84.027
82.829
83.395
83.561
81.330
81.609
79.808
77.775
75.872
75.736
72.885
77.282
75.258
78.571
80.871
80.284
79.731
82.840
83.069
81.543
82.166
83.507
82.166
81.796
81.624
81.811
84.541
85.834
88.388
86.044
87.597
90.914
90.608
91.717
92.755
92.502
91.867
93.159
91.710
91.911
93.219
93.883
92.382
91.803
93.705
94.036
92.994
93.893
94.227
93.538
92.550
92.737
92.686
90.103
88.094
88.773
87.891
83.781
82.189
82.445
80.804
78.315
76.084
74.018
74.450
75.361
71.223
72.998
77.163
75.577
76.114
79.228
79.363
79.226
81.952
82.246
84.169
83.704
85.693
85.285
86.228
84.407
83.003
82.231
80.866
84.379
78.750
83.300
87.269
87.598
88.534
89.041
89.270
87.711
88.086
85.989
86.105
84.430
85.078
81.033
78.443
78.843
78.855
81.885
84.658
83.929
86.204
85.597
88.084
87.960
89.868
88.741
89.861
87.773
85.565
84.769
81.751
84.434
87.460
88.056
88.311
90.130
89.299
86.755
87.315
81.839
76.430
81.760
83.718
88.597
85.670
88.586
88.198
86.444
87.363
90.420
88.829
87.508
91.262
91.150
89.139
90.128
92.001
91.037
89.300
89.711
91.642
92.712
93.214
91.325
91.765
91.950
89.728
87.575
87.212
86.071
82.738
79.627
79.618
75.345
62.974
51.807
49.134
39.291
38.141
41.328
35.780
36.406
35.977
39.890
47.903
36.579
49.872
43.711
40.829
38.503
32.676
