34.848
37.507
39.096
36.484
36.144
36.535
43.536
39.086
34.566
53.254
61.735
66.576
65.431
76.154
80.221
77.448
76.521
83.179
83.451
82.417
82.919
84.869
85.050
84.467
83.184
85.237
86.971
84.853
81.701
83.574
83.384
78.431
75.953
77.206
74.354
65.057
62.364
60.788
44.789
35.758
39.014
33.937
32.527
35.969
36.904
42.666
47.502
56.938
71.996
75.931
79.691
81.863
82.183
84.729
86.238
84.717
83.274
85.117
85.430
83.040
82.069
83.197
82.462
79.366
79.450
81.429
80.617
78.673
78.887
80.391
78.360
76.769
77.495
78.978
79.234
79.707
77.792
79.722
75.780
78.585
75.951
77.130
78.042
79.583
78.063
77.710
78.793
79.808
78.033
76.438
76.688
79.366
78.239
77.395
80.981
81.304
81.710
80.415
81.158
83.059
82.956
85.955
87.116
84.124
84.485
87.228
85.923
88.378
89.741
90.692
90.916
90.769
91.038
91.894
91.079
91.804
91.877
90.518
88.958
89.829
88.591
85.490
84.176
85.117
84.126
80.670
79.583
80.193
78.511
76.522
76.078
72.911
74.475
75.073
73.563
74.152
79.008
78.788
78.082
79.468
78.054
72.346
77.819
78.556
81.559
82.396
84.847
85.239
85.491
83.336
81.182
78.044
75.489
81.418
72.165
80.087
85.004
85.092
84.581
86.422
84.968
85.571
84.894
83.838
83.121
83.089
82.271
80.607
75.500
72.796
74.204
77.046
79.692
80.043
80.741
81.209
81.287
83.767
82.966
86.406
86.460
87.100
84.536
82.457
81.485
85.334
87.715
85.947
80.718
