50.717
55.842
56.558
67.654
72.557
76.105
72.549
80.697
83.114
86.157
88.225
90.805
91.318
91.251
89.808
87.131
82.917
81.443
85.580
78.372
83.976
89.180
89.773
90.581
91.752
91.429
91.582
91.428
90.279
89.031
87.645
86.894
83.810
79.343
77.174
79.439
82.428
86.030
85.425
88.097
88.342
90.271
90.448
91.178
90.981
91.018
90.393
87.441
84.966
82.555
86.369
89.026
88.100
89.018
89.241
88.589
87.123
87.278
82.755
75.887
80.289
82.213
87.431
84.970
86.894
85.176
83.549
85.679
87.742
85.343
84.191
89.118
89.542
87.437
87.974
90.967
89.999
88.785
88.156
89.748
90.877
90.562
88.281
88.906
88.742
85.682
83.157
82.967
80.637
76.356
70.617
67.532
49.293
43.422
44.076
41.307
40.912
36.728
37.407
42.933
45.183
52.040
56.325
55.902
70.510
66.623
78.278
84.786
86.059
87.179
84.852
84.377
86.015
85.521
82.889
81.907
83.279
82.396
79.219
79.577
80.326
79.769
76.488
76.925
77.084
75.621
73.058
73.194
73.163
70.892
69.159
71.614
66.341
73.217
67.337
70.542
73.430
72.990
71.621
72.456
74.010
75.201
73.410
72.233
73.054
77.067
76.508
75.142
80.886
83.016
84.677
81.808
84.404
88.846
88.297
89.415
91.649
90.844
90.121
90.931
90.286
90.083
91.142
92.661
91.635
91.023
92.080
92.579
91.307
92.062
92.393
91.502
89.442
89.915
90.120
86.266
83.689
84.980
84.935
79.309
76.586
78.663
76.885
70.771
69.383
66.724
65.092
56.600
46.210
