48.965
61.995
74.242
78.245
78.724
73.599
76.552
77.456
72.375
71.200
68.520
63.955
60.188
55.843
52.084
45.178
39.525
41.943
40.091
38.255
42.815
43.532
52.971
57.521
75.835
83.823
86.569
89.108
88.885
87.395
88.394
90.675
89.140
87.388
90.006
90.765
88.405
86.707
88.616
88.062
84.842
84.763
86.416
86.307
82.938
84.428
86.453
84.163
81.593
84.576
86.639
88.666
88.423
87.603
89.385
88.173
90.147
89.812
89.672
89.504
90.282
88.953
88.740
87.964
88.731
87.595
86.068
84.748
87.940
88.970
87.281
90.700
92.258
92.836
91.320
90.386
92.898
93.191
92.174
92.422
92.778
92.343
91.167
89.168
87.729
87.336
90.788
89.309
87.803
88.896
90.673
90.348
91.494
89.826
90.141
89.961
90.109
89.966
89.349
88.990
88.846
89.878
88.650
88.448
88.269
88.983
87.599
87.046
85.152
85.368
88.274
86.917
85.346
87.584
88.310
86.325
86.683
82.250
78.910
81.152
84.199
84.210
87.126
88.290
89.010
89.399
86.810
85.295
83.827
80.131
85.802
74.349
83.843
90.373
91.465
92.533
93.589
93.784
93.215
92.458
90.933
89.214
88.875
86.428
83.842
78.860
80.805
82.069
85.776
87.057
88.763
90.760
91.968
93.277
94.073
94.404
94.620
94.049
92.457
90.469
88.688
87.896
91.733
93.655
93.941
94.486
94.518
94.078
92.839
92.257
88.319
81.908
86.706
88.652
92.614
91.800
92.713
91.600
90.775
90.871
90.748
89.420
88.267
88.369
86.520
86.454
83.747
81.409
75.153
