65.773
77.815
80.990
84.718
87.318
85.795
86.319
89.954
88.592
90.313
91.799
92.401
91.354
91.332
92.747
93.421
91.959
93.040
93.830
92.532
91.079
91.714
90.685
86.984
83.152
85.441
83.793
78.516
77.013
77.240
75.126
71.350
67.917
65.321
64.359
60.764
58.848
59.140
56.314
57.257
58.167
60.202
59.897
59.604
70.375
71.091
75.030
74.612
76.617
78.338
78.225
78.732
76.766
76.887
76.365
78.308
71.028
77.392
80.146
81.343
83.097
82.690
83.277
82.314
82.464
80.316
79.472
78.748
76.103
74.435
72.081
70.967
71.727
73.886
78.819
77.993
80.293
80.609
82.811
82.477
82.534
81.569
79.885
78.841
73.667
71.896
67.934
71.700
77.136
79.142
79.146
78.457
81.081
80.402
79.992
74.346
69.051
69.946
72.944
80.410
79.259
81.736
79.398
78.614
81.129
84.775
81.028
81.864
87.591
87.209
85.298
87.224
89.941
89.554
87.613
87.602
90.834
92.348
92.936
89.790
89.380
90.542
88.093
84.742
84.080
83.616
79.659
75.947
76.504
72.462
60.638
49.200
44.684
40.000
39.215
40.568
36.305
35.936
36.194
37.398
43.211
34.879
45.547
39.914
38.916
36.421
36.767
36.050
39.277
37.768
39.879
38.419
41.383
42.657
44.545
44.462
47.809
47.684
48.803
51.088
49.933
51.110
50.075
48.597
48.492
47.079
46.643
48.293
45.082
47.768
50.908
51.925
51.761
50.365
50.515
50.659
49.652
47.725
49.014
46.275
44.894
38.882
42.155
31.714
28.439
30.910
31.659
24.901
24.639
