61.041
58.092
53.466
60.016
55.202
55.007
66.729
71.674
79.135
85.031
85.890
86.849
87.679
88.331
87.541
87.630
85.843
84.774
78.227
74.879
78.362
80.528
85.065
84.522
86.808
87.594
88.635
88.623
88.267
87.877
87.112
85.227
82.864
80.359
78.809
82.289
85.888
86.356
88.391
88.032
88.033
87.751
87.033
83.225
75.908
79.134
81.670
87.008
86.514
87.351
84.999
84.986
87.080
88.725
86.095
85.447
90.234
90.032
87.758
88.838
91.446
90.066
88.865
88.634
89.822
91.250
91.013
89.052
90.227
90.104
86.999
84.630
85.167
82.609
78.499
74.260
71.789
56.364
47.315
45.811
42.928
40.928
36.927
39.406
38.198
39.969
46.194
44.789
47.630
57.121
52.675
69.403
79.944
81.749
83.282
82.600
83.469
85.235
85.724
83.918
83.686
85.813
85.729
83.937
84.825
86.474
86.279
85.027
85.463
85.827
84.962
84.463
85.991
85.112
82.719
81.292
82.381
77.761
81.122
76.446
77.571
81.153
81.256
78.342
79.234
81.305
80.623
78.203
77.292
78.598
81.159
79.141
77.389
82.031
83.786
84.034
82.557
83.584
87.191
88.321
89.314
90.879
89.472
89.604
90.508
89.269
89.122
90.981
92.237
90.785
90.714
92.011
92.756
90.918
91.718
92.386
90.721
88.287
89.352
90.090
86.330
83.592
85.705
86.130
81.251
79.547
80.858
80.437
77.159
75.429
71.047
73.506
74.656
71.946
74.130
78.774
78.901
79.375
82.637
82.108
79.914
83.930
84.797
86.229
87.432
87.844
86.564
83.743
68.775
