78.962
89.722
92.232
92.203
91.972
93.207
93.719
94.007
92.998
92.824
92.455
92.771
92.146
91.673
91.834
92.271
91.879
91.070
90.321
89.075
89.517
88.181
86.808
86.210
84.674
82.653
80.617
82.721
81.202
82.829
86.247
86.434
85.789
87.973
89.947
88.979
88.850
90.104
89.487
89.986
90.480
90.062
92.543
92.705
93.243
91.952
91.854
93.693
93.826
94.141
94.474
94.249
93.623
94.373
92.881
92.717
93.825
94.597
93.082
92.455
94.456
94.697
93.921
94.533
94.872
94.732
93.939
93.687
93.933
92.657
90.670
90.782
90.721
88.485
86.085
85.901
85.718
83.465
80.708
78.980
80.181
82.752
79.946
81.323
85.432
84.680
84.291
87.941
85.621
86.571
87.537
89.583
91.278
92.464
93.338
93.378
92.428
89.960
88.529
85.457
82.320
86.360
76.780
84.803
90.339
90.841
92.015
93.642
93.773
93.895
93.410
92.715
91.605
90.373
90.167
85.121
81.469
81.223
81.303
84.534
87.873
87.484
89.923
91.184
92.901
93.965
94.210
94.328
93.773
92.394
90.062
88.108
86.608
91.019
93.848
93.990
94.427
94.363
93.555
91.931
91.057
84.825
77.363
83.833
85.487
91.193
89.412
91.549
90.322
88.826
89.956
91.979
90.054
88.734
92.342
92.023
89.815
90.967
92.529
91.753
89.632
90.143
92.166
93.294
93.593
91.718
92.434
92.515
90.289
88.220
88.325
87.092
83.860
80.738
81.728
76.693
64.558
52.822
49.515
37.273
38.936
39.734
37.310
35.131
35.840
35.587
40.739
35.660
34.546
