37.678
39.363
36.026
34.188
36.478
35.517
35.560
36.684
36.058
40.679
42.999
51.839
55.865
76.179
83.679
86.423
88.847
88.833
87.111
87.836
90.210
88.428
86.952
89.545
90.126
87.662
86.227
88.126
87.313
84.475
84.407
85.862
85.609
82.842
84.126
85.673
83.502
81.260
82.334
85.234
86.427
85.382
84.770
87.490
85.554
88.475
88.493
89.121
88.756
89.562
88.874
88.322
87.380
88.370
87.645
85.700
84.182
87.459
88.727
86.695
90.397
91.846
92.701
91.323
91.025
93.154
93.710
93.568
93.686
93.767
93.837
93.742
91.932
91.582
92.654
93.403
92.033
90.726
92.845
93.378
92.485
93.318
93.728
93.542
92.963
93.369
93.533
92.300
91.592
92.023
91.889
89.478
89.061
89.306
89.256
87.310
87.155
84.566
83.981
86.428
85.483
83.409
85.909
86.550
84.942
85.053
80.777
78.093
80.434
83.490
83.658
85.833
86.933
87.409
88.138
85.684
84.305
83.502
79.467
85.052
72.821
82.918
89.890
91.015
91.952
93.265
93.457
92.530
92.020
90.111
88.493
87.733
85.863
83.083
79.003
80.874
81.804
85.431
86.529
88.353
90.418
91.258
92.905
93.525
94.108
94.250
93.809
92.389
90.387
88.875
87.885
91.673
93.452
93.626
94.090
94.092
93.598
92.417
91.900
87.940
82.858
86.771
88.563
92.363
91.483
92.734
91.903
91.312
92.441
93.155
92.212
91.790
93.588
93.168
91.852
92.623
92.644
91.390
90.685
90.526
90.499
91.365
91.915
91.704
92.881
92.917
91.372
90.124
86.280
