81.586
85.777
86.854
87.771
86.483
84.445
80.209
70.311
74.988
81.116
85.399
86.724
87.985
85.286
83.730
86.811
87.988
83.268
83.667
89.840
89.418
87.164
88.244
90.722
89.119
88.354
88.797
88.882
90.817
89.921
88.587
89.662
89.560
86.426
85.004
85.494
83.139
79.711
76.720
72.135
55.298
52.791
48.022
45.573
44.824
40.987
41.953
38.649
37.891
45.712
39.957
44.865
47.618
45.628
62.735
75.116
79.134
81.071
81.483
81.917
84.461
85.153
83.588
83.230
85.755
86.571
85.205
85.982
88.131
88.568
87.508
88.115
87.971
86.912
88.193
89.196
88.853
86.952
86.123
86.850
83.155
84.321
80.169
80.341
84.193
84.275
81.173
82.115
83.970
82.759
80.578
79.652
80.674
82.075
80.248
77.476
81.487
83.959
84.890
84.290
84.830
88.075
89.206
90.067
91.116
90.282
90.161
90.966
89.211
89.518
91.066
92.545
91.675
90.896
92.029
92.441
90.395
90.985
92.154
90.720
87.829
89.169
90.012
86.764
84.682
86.632
87.325
83.486
82.091
83.434
83.415
81.146
79.564
78.503
80.015
82.116
80.436
80.612
84.523
85.343
83.520
86.369
85.206
83.987
85.578
87.190
87.733
88.518
88.401
87.375
85.314
82.187
79.662
76.800
74.731
79.264
71.392
76.627
82.081
82.084
84.907
86.656
87.350
87.326
87.973
87.584
86.482
87.661
87.159
84.700
80.710
78.079
79.068
81.251
83.838
84.660
85.986
87.700
88.051
88.883
88.447
87.102
86.045
82.663
77.404
71.589
68.828
69.327
73.226
