40.480
37.559
39.195
41.702
42.331
46.104
46.585
54.985
58.253
78.418
85.504
87.689
89.767
89.811
88.294
89.140
91.265
89.947
88.326
90.654
91.247
89.478
87.871
89.309
88.672
86.230
85.951
87.365
87.275
84.913
86.193
87.818
85.732
83.896
86.086
88.397
90.147
89.065
87.734
89.738
87.721
90.294
88.904
89.658
90.676
90.744
89.708
89.924
89.528
89.718
89.113
87.534
86.165
88.706
89.820
88.076
91.291
92.632
93.377
92.207
91.852
93.832
94.462
94.398
94.483
94.530
94.562
94.697
93.121
92.678
93.787
94.446
92.941
92.012
94.201
94.465
93.704
94.437
94.803
94.694
94.083
94.165
94.505
93.416
92.406
92.951
92.795
90.469
89.861
89.698
89.586
88.172
86.947
84.844
84.792
87.379
86.245
84.804
87.436
88.050
86.457
87.011
83.140
81.300
82.752
85.907
86.379
88.323
89.337
89.919
90.723
88.350
86.301
84.585
80.237
85.715
73.800
83.702
90.444
91.567
92.485
93.852
94.015
93.533
93.263
91.808
90.604
89.512
88.405
84.811
80.657
82.007
82.959
86.708
88.352
89.341
91.256
92.197
93.522
94.205
94.540
94.690
94.234
92.889
91.141
89.628
88.689
92.373
93.975
94.149
94.622
94.617
94.152
93.078
92.532
88.824
83.952
87.690
89.234
92.961
92.189
93.391
92.725
91.969
92.855
93.909
92.892
92.310
94.144
94.076
92.513
93.072
93.883
92.700
91.595
91.805
92.769
93.503
93.877
93.113
93.957
94.136
93.097
92.279
92.395
91.442
89.530
84.858
81.774
