48.304
53.476
56.107
53.707
61.343
62.631
70.093
73.090
77.054
77.202
77.645
81.190
81.736
79.838
83.838
86.194
87.932
89.287
91.303
91.155
90.963
88.710
84.662
80.863
79.452
83.339
75.141
81.065
87.107
87.508
88.869
90.413
90.578
90.818
91.101
90.095
89.479
88.125
87.969
83.943
79.700
76.889
78.946
82.168
85.997
85.474
87.990
88.365
89.909
89.863
90.391
89.720
89.258
87.814
84.187
80.799
77.326
82.715
87.040
86.620
88.055
88.376
87.867
86.357
86.577
82.317
77.118
80.320
81.058
86.403
83.521
86.141
84.627
81.651
84.226
87.022
85.026
82.996
88.525
89.445
87.518
87.986
90.743
89.859
89.274
88.730
89.610
90.266
90.616
88.688
89.167
88.901
86.114
83.441
82.681
80.950
76.853
70.784
67.872
56.827
47.508
48.940
48.412
44.769
41.018
42.689
43.092
42.381
49.706
47.247
49.960
58.817
57.127
71.321
81.905
84.596
85.401
83.619
84.169
86.160
86.045
83.307
82.598
84.618
84.247
81.248
81.980
83.694
83.593
80.750
82.054
82.602
81.137
80.234
82.312
81.303
79.783
78.719
80.095
76.297
79.244
74.977
76.233
78.841
78.268
75.376
76.131
77.952
77.643
75.204
74.781
75.957
78.942
77.461
76.360
80.644
83.206
84.750
81.952
84.627
88.589
87.532
88.479
90.791
89.954
89.249
90.224
89.139
89.323
90.557
91.921
90.700
90.036
91.464
91.965
90.558
91.593
92.191
90.890
89.060
89.649
89.651
85.463
83.137
83.774
83.234
77.245
69.568
65.525
