53.686
56.767
57.918
63.670
66.031
65.387
63.925
71.538
74.747
74.108
78.814
82.924
86.725
86.063
88.416
91.510
90.592
92.469
93.706
92.666
91.364
93.564
92.259
92.773
93.870
94.762
93.009
92.423
94.357
94.650
93.915
94.612
95.011
94.700
93.753
93.711
93.329
91.073
88.752
88.649
87.473
84.056
81.723
80.949
79.233
77.327
73.132
70.955
69.981
68.475
64.466
63.627
62.643
62.425
61.594
62.623
61.318
61.026
69.612
71.795
75.236
75.755
78.460
78.841
80.131
79.666
78.202
77.900
76.802
80.408
74.603
77.890
82.468
83.807
86.638
85.235
86.008
84.435
83.990
81.436
80.339
78.784
77.233
74.963
74.431
70.453
71.769
76.080
79.417
78.710
81.311
81.613
85.017
85.153
87.808
86.109
86.518
84.015
81.903
81.078
77.448
78.805
83.283
84.533
86.153
88.352
87.241
84.067
83.448
77.060
70.973
75.066
78.108
84.976
82.390
86.445
84.916
82.701
84.410
88.205
85.129
84.614
89.576
89.153
87.243
89.203
91.366
90.690
89.063
89.429
91.808
93.425
93.755
90.895
90.384
91.806
89.101
85.878
85.399
85.263
80.976
76.916
78.566
74.717
62.463
51.091
45.606
38.146
38.981
40.223
36.477
36.231
35.116
35.682
43.464
32.903
43.335
39.979
40.207
34.834
34.218
35.453
38.765
38.483
40.930
40.342
38.099
44.218
44.073
43.604
45.969
45.660
52.533
45.928
45.224
51.047
44.093
36.663
41.451
36.948
38.565
40.683
38.664
32.593
32.286
38.120
34.924
32.930
27.977
