45.840
58.229
54.632
63.944
71.268
72.982
63.499
70.456
70.527
64.386
62.562
60.260
54.036
52.993
48.758
44.882
42.347
38.060
38.737
39.047
38.135
41.983
43.505
53.485
57.542
75.415
83.122
86.091
88.543
88.508
86.783
87.546
89.728
88.017
86.284
89.125
89.591
86.972
85.682
87.347
86.825
83.908
83.973
85.122
85.141
82.247
83.427
85.169
83.185
80.889
83.217
85.877
87.587
86.515
85.950
88.222
86.455
88.677
88.415
88.466
88.213
88.817
87.529
87.464
86.509
87.171
86.056
84.679
83.239
86.365
87.394
85.440
89.313
90.861
91.549
89.181
88.311
91.245
91.283
89.957
90.392
91.007
90.139
88.273
86.585
84.541
83.530
88.461
86.858
85.624
86.353
88.287
88.321
89.252
87.413
87.680
87.487
87.399
86.749
86.580
86.178
85.878
87.029
85.966
85.793
85.444
86.073
84.885
84.304
82.226
82.999
86.103
84.716
83.081
85.629
86.587
84.467
84.835
80.694
76.821
79.537
82.169
82.036
85.055
85.889
86.440
87.186
84.623
83.537
82.375
79.190
85.158
73.103
83.154
89.793
91.031
92.039
92.867
93.067
91.907
90.877
88.892
87.157
86.602
84.036
81.808
77.096
78.531
79.628
83.244
84.760
86.732
89.181
90.349
92.052
92.986
93.707
93.959
93.634
92.076
89.802
88.334
87.468
91.136
93.035
93.198
93.543
93.551
93.084
91.404
90.875
86.415
79.990
85.151
87.173
91.391
89.693
90.938
89.528
88.161
87.731
88.099
86.161
83.997
83.466
81.902
80.897
75.870
66.442
