55.424
54.715
52.512
56.925
53.302
51.644
50.551
47.620
53.349
51.311
46.616
51.502
49.744
47.208
41.888
42.257
53.473
52.048
46.462
47.736
46.217
45.400
45.788
41.623
39.856
42.953
40.694
35.384
39.593
37.494
35.949
37.118
37.769
41.135
44.595
53.849
57.453
74.734
81.928
85.809
87.881
88.515
86.510
87.338
88.878
86.733
85.280
87.932
88.115
85.559
84.705
85.511
85.079
82.697
82.589
82.877
83.364
81.445
81.736
82.725
81.826
80.535
81.019
85.167
85.430
82.676
82.890
85.572
81.073
85.136
82.868
84.836
84.303
83.646
82.166
83.757
82.633
82.554
82.007
82.041
80.336
82.470
81.741
81.751
85.592
85.451
85.842
80.543
80.469
83.777
82.307
81.767
82.706
81.112
78.754
81.119
80.573
80.447
82.921
84.745
85.645
86.359
85.318
86.584
86.469
86.807
86.010
85.310
84.304
84.628
83.457
80.354
79.961
80.717
79.520
77.571
77.692
76.865
76.354
76.160
74.483
70.721
74.159
76.288
76.064
76.559
79.783
81.037
80.139
81.115
79.492
76.055
78.684
79.865
81.198
82.820
84.067
84.115
83.805
82.207
80.449
78.608
76.486
83.375
72.721
82.372
88.260
89.380
89.573
90.360
89.418
88.652
87.094
85.027
83.594
83.282
81.350
79.971
75.584
75.550
75.976
77.775
80.793
82.096
84.565
85.261
87.112
88.430
89.322
90.992
91.368
91.053
88.184
87.529
86.479
90.129
91.919
90.428
89.128
87.330
85.077
82.782
82.138
77.166
70.423
65.695
67.365
53.905
65.036
