74.289
83.151
86.929
87.994
90.210
89.974
88.957
87.696
85.151
80.487
80.133
83.383
85.473
87.476
89.117
88.529
89.419
87.905
86.621
80.638
70.429
76.758
81.227
87.553
86.655
87.920
85.765
84.332
86.846
87.986
84.069
83.071
89.704
88.910
85.544
86.686
90.729
88.632
87.275
86.749
88.470
90.347
89.336
86.854
89.055
88.779
84.279
81.542
83.334
80.778
74.118
68.286
67.230
50.560
42.296
43.537
40.603
40.172
37.325
39.266
38.885
40.008
44.038
44.566
46.659
55.001
51.987
70.360
80.627
84.054
84.460
83.424
84.023
85.799
85.235
83.638
83.500
84.786
83.888
82.992
84.117
84.119
84.595
84.450
85.172
83.474
83.439
83.920
85.976
85.644
83.823
82.180
83.471
79.931
82.482
78.465
78.869
82.176
82.726
79.692
79.826
82.035
81.627
79.109
77.381
78.671
81.671
79.741
77.379
82.366
84.394
84.774
83.560
85.082
88.275
89.361
90.259
91.951
90.833
90.424
91.454
90.571
90.529
91.792
93.149
92.229
91.651
92.351
92.612
90.874
91.554
92.413
90.890
88.133
89.096
89.912
86.411
83.701
85.834
86.668
81.979
80.586
82.325
81.934
78.838
77.534
75.012
77.049
78.130
76.720
77.245
81.672
81.626
80.000
81.962
78.864
76.903
78.671
80.608
81.229
84.205
85.106
85.918
84.983
83.399
82.330
78.457
75.876
79.702
72.019
77.687
83.415
84.148
85.854
86.525
86.618
86.148
86.122
84.214
83.223
81.544
78.401
73.531
60.172
52.262
46.697
42.876
41.974
37.653
