34.402
36.945
34.836
36.412
39.350
40.177
44.559
45.254
54.303
57.799
78.118
85.249
87.570
89.646
89.744
88.144
88.934
91.074
89.656
88.082
90.411
90.976
89.089
87.528
89.116
88.373
85.853
85.674
87.095
86.885
84.450
85.752
87.355
85.121
83.258
85.226
87.663
89.362
88.320
87.047
89.529
87.591
90.400
89.139
90.098
90.755
90.778
89.907
89.984
89.252
89.702
89.102
87.352
85.931
88.591
89.660
87.956
91.241
92.571
93.314
92.089
91.702
93.737
94.409
94.426
94.455
94.479
94.624
94.744
93.152
92.775
93.953
94.530
93.072
92.067
94.255
94.543
93.672
94.453
94.857
94.682
94.134
94.285
94.606
93.485
92.564
93.325
92.947
90.556
90.095
90.301
89.938
88.322
87.708
85.193
84.569
87.272
86.409
84.448
87.062
87.771
86.157
86.490
82.391
80.441
81.976
85.232
85.712
87.614
88.631
89.227
90.052
87.830
86.066
84.621
80.257
85.783
73.632
83.731
90.524
91.546
92.449
93.798
93.939
93.339
93.003
91.434
90.074
89.025
87.768
84.411
80.475
81.926
82.895
86.559
87.979
89.185
91.108
92.005
93.452
94.106
94.485
94.638
94.188
92.871
91.091
89.589
88.584
92.331
93.933
94.122
94.564
94.535
94.068
92.980
92.419
88.591
83.278
87.234
89.048
92.842
92.058
93.317
92.585
91.940
93.015
93.935
92.992
92.558
94.344
94.220
92.778
93.425
93.989
92.846
91.813
92.132
93.027
93.632
94.087
93.459
94.236
94.361
93.376
92.541
92.612
91.249
88.003
78.187
