55.268
55.385
51.532
56.729
49.044
46.573
57.785
60.108
66.338
73.606
78.262
81.853
86.014
86.682
89.234
89.075
88.863
87.257
84.565
80.176
79.450
82.811
85.501
87.210
88.543
88.348
88.568
87.077
85.482
79.588
72.201
76.795
80.066
86.820
86.031
88.214
85.748
84.615
87.406
89.093
85.683
84.881
90.590
90.028
87.257
88.711
91.525
89.808
88.572
88.288
89.547
91.129
90.727
88.591
90.146
89.818
86.433
84.136
85.287
82.702
77.612
73.154
71.965
53.833
45.222
44.954
40.679
40.515
37.287
38.699
40.244
40.312
46.177
45.017
47.802
57.590
53.285
69.644
79.321
82.395
82.468
82.295
83.189
83.890
83.729
82.638
82.409
83.541
82.798
82.273
83.249
83.244
83.608
83.708
83.839
83.169
83.640
83.644
85.964
85.428
83.280
82.139
83.514
79.426
82.148
78.612
78.807
82.204
82.366
79.706
79.754
81.660
81.255
79.071
77.373
78.337
81.392
79.976
77.158
82.167
84.264
84.758
83.825
85.060
88.224
89.117
90.270
91.820
90.699
90.447
91.438
90.270
90.347
91.669
92.992
91.878
91.480
92.443
92.792
90.978
91.695
92.495
91.162
88.360
89.373
90.344
86.959
84.075
86.288
87.117
82.571
80.745
82.098
82.099
78.939
77.203
74.848
76.167
76.620
74.468
75.017
79.282
79.527
77.383
78.950
76.409
72.528
75.142
75.251
77.484
79.066
80.208
78.463
77.550
76.236
77.006
76.849
71.833
74.844
67.243
74.431
78.981
78.343
80.586
80.707
79.944
79.864
79.866
75.272
