41.486
48.471
46.639
56.082
59.920
80.136
86.627
88.343
89.881
89.877
88.581
89.501
91.612
90.705
89.270
91.164
91.782
90.639
89.144
89.935
89.542
87.806
87.195
88.194
88.564
86.946
87.776
88.797
87.518
86.159
87.829
89.375
89.672
87.906
86.817
87.609
84.824
86.606
84.960
85.990
88.662
88.520
87.200
88.559
89.176
88.658
88.248
87.782
86.803
88.464
89.314
87.951
91.153
92.346
93.115
91.633
91.547
93.643
94.268
94.256
94.356
94.448
94.485
94.591
93.070
92.569
93.637
94.363
92.833
91.922
94.140
94.426
93.592
94.272
94.672
94.563
93.842
93.778
94.328
92.934
91.088
91.911
92.120
89.154
88.215
88.652
88.496
85.847
83.805
82.452
82.999
85.037
83.646
83.064
86.240
86.508
85.356
87.443
84.545
83.860
85.357
87.950
88.797
90.107
91.209
91.503
92.001
89.368
86.712
84.399
80.122
85.527
73.670
83.396
90.344
91.434
92.355
93.838
94.019
93.793
93.625
92.669
91.849
90.634
90.188
85.964
81.761
82.245
83.417
86.967
89.241
89.500
91.448
92.308
93.556
94.203
94.466
94.634
94.179
92.799
91.096
89.487
88.510
92.293
93.959
94.096
94.514
94.473
94.061
92.922
92.448
88.733
84.063
87.752
89.077
92.888
91.903
93.282
92.695
91.847
92.541
93.850
92.867
91.993
94.020
93.949
92.216
92.865
93.710
92.596
91.317
91.536
92.548
93.354
93.722
92.939
93.749
93.583
92.033
91.200
91.270
90.037
87.852
84.918
85.703
81.624
75.777
56.776
45.035
