58.547
57.071
55.842
55.659
59.202
54.155
57.092
51.068
50.632
57.036
54.497
53.020
54.920
63.493
63.198
68.070
70.444
70.124
71.438
75.394
73.763
75.624
78.788
78.567
76.209
78.861
81.126
81.624
84.748
86.663
89.547
87.713
89.151
92.014
91.277
92.742
93.415
92.614
91.630
93.265
91.876
92.340
93.514
94.380
92.568
92.176
94.137
94.417
93.621
94.436
94.785
94.452
93.773
93.656
93.262
91.527
89.466
88.922
88.062
85.045
81.833
82.434
81.164
79.129
76.026
75.148
75.181
73.249
69.972
70.934
70.509
67.041
68.396
68.727
68.285
67.309
73.339
75.491
79.226
79.383
83.537
84.120
85.768
85.070
82.590
83.622
81.752
85.884
79.884
85.525
88.866
89.274
89.951
89.675
89.660
87.817
87.382
84.307
83.828
81.409
80.800
76.422
73.294
73.203
74.403
78.535
81.246
81.296
83.922
84.361
87.333
88.030
90.384
89.608
90.908
88.503
86.762
86.248
83.728
85.848
88.456
89.402
89.167
90.692
89.368
86.217
85.610
79.961
74.398
78.726
81.076
86.783
84.634
87.271
85.865
83.984
85.611
88.286
85.845
85.865
89.750
88.710
86.978
89.053
90.489
89.569
88.155
88.239
91.103
92.674
93.063
90.066
90.606
91.088
87.990
86.125
85.734
84.442
80.138
78.087
78.138
73.479
63.849
55.384
50.528
39.514
38.700
39.243
37.137
39.218
38.710
39.871
47.361
36.417
44.390
39.547
36.648
36.588
39.578
33.318
33.731
34.009
33.680
28.891
26.815
28.977
26.518
28.131
25.052
