69.195
85.492
86.616
87.980
87.541
88.960
87.532
88.998
87.339
86.047
79.010
76.267
79.401
81.365
85.423
85.165
86.446
88.013
88.899
89.463
89.933
89.767
90.031
88.858
86.853
84.169
83.108
86.949
88.474
88.791
90.329
90.062
89.520
88.850
87.989
84.014
75.790
78.952
82.280
87.985
87.524
88.619
85.784
85.244
87.945
89.126
86.319
85.800
90.617
90.218
88.008
88.963
91.639
90.250
88.892
88.630
89.670
91.322
90.896
88.937
90.165
90.004
87.004
84.442
85.040
82.689
77.876
72.095
69.701
52.717
46.356
46.902
41.910
40.671
38.450
39.394
44.496
50.716
59.009
66.025
62.839
71.938
69.491
76.927
83.042
84.832
85.111
84.938
86.192
87.646
88.023
86.583
86.022
87.595
87.026
84.394
85.563
87.261
86.717
84.665
86.311
86.172
84.907
84.519
87.059
85.914
84.436
83.648
84.694
80.212
82.478
77.910
78.428
81.555
82.126
79.061
79.340
81.412
81.339
78.537
77.378
78.508
81.844
79.874
77.933
83.672
85.373
86.088
83.968
85.544
89.495
89.788
90.752
92.457
91.220
91.059
91.968
90.711
90.693
92.280
93.227
92.352
91.787
92.817
93.285
91.779
92.360
92.968
91.793
89.437
90.208
90.860
87.066
84.417
86.751
87.227
82.221
80.845
82.416
81.932
78.812
77.361
73.990
76.102
77.373
76.113
77.828
82.254
82.860
82.995
85.187
84.307
82.663
85.628
86.645
87.572
89.277
87.892
86.117
81.858
69.926
57.909
48.976
43.351
41.329
44.578
40.020
35.093
28.450
