49.545
49.848
46.604
44.737
42.130
43.810
40.994
37.278
40.276
37.994
37.014
38.414
36.786
40.921
43.278
51.706
56.399
75.313
82.871
85.931
88.646
88.496
86.641
87.422
89.840
87.833
86.177
89.162
89.738
86.975
85.644
87.672
86.903
84.010
83.939
85.297
85.238
82.460
83.261
84.970
82.819
80.302
81.481
84.468
85.532
84.803
84.726
87.254
85.528
88.124
88.431
88.554
87.671
89.090
88.304
87.673
86.345
87.879
86.980
84.942
83.457
87.063
88.482
86.348
90.120
91.697
92.378
90.642
89.616
92.152
92.465
90.690
90.895
91.692
90.667
88.159
86.774
84.045
83.674
87.833
85.870
82.649
83.272
84.834
85.730
85.931
84.286
86.363
86.530
85.627
85.935
87.234
86.664
85.457
87.716
87.247
86.458
85.844
87.543
86.296
85.453
83.068
83.919
86.564
85.412
83.551
86.009
86.784
85.138
85.067
81.156
78.080
80.539
83.340
83.170
85.233
86.672
86.526
87.246
85.227
83.384
82.739
79.088
85.006
72.891
83.042
90.077
91.257
92.285
93.134
93.382
92.081
91.303
89.408
87.617
87.242
85.186
83.120
78.932
80.644
81.748
85.212
86.120
88.191
90.205
91.090
92.707
93.452
94.171
94.233
93.900
92.395
90.462
88.767
87.846
91.575
93.314
93.580
94.079
94.118
93.647
92.383
91.851
87.954
82.692
86.916
88.596
92.289
91.093
91.953
90.960
89.649
89.558
89.666
88.198
86.615
86.096
85.307
85.024
83.077
80.333
80.952
81.726
77.901
70.005
67.031
60.658
60.278
63.089
