80.507
84.551
83.837
82.503
83.693
81.193
81.414
74.656
69.367
74.313
76.345
81.651
82.021
84.161
85.569
87.092
87.131
87.643
87.788
87.629
86.182
84.380
80.755
80.886
82.911
84.756
86.977
88.010
87.045
87.596
86.866
85.871
81.652
73.079
76.171
79.854
85.787
85.528
86.697
83.897
83.111
86.335
87.700
84.214
83.501
89.712
89.159
86.393
87.809
91.082
89.393
88.194
87.568
89.200
90.787
90.457
88.148
89.477
89.428
85.989
82.942
84.221
81.955
76.561
71.341
70.065
52.485
44.408
44.790
40.761
40.035
36.435
38.132
40.295
44.308
47.956
49.448
47.640
61.101
54.619
69.150
77.281
79.563
80.656
81.305
82.086
83.342
83.582
82.515
82.507
83.980
83.360
81.666
83.314
84.166
84.000
83.218
84.292
83.696
83.157
83.125
85.489
84.718
82.759
81.520
83.053
78.715
81.612
77.523
78.008
81.316
81.788
78.683
78.806
80.758
80.574
78.239
76.239
76.988
80.599
78.740
76.325
81.638
83.734
83.915
82.908
84.546
87.543
88.535
89.934
91.725
90.044
89.854
91.233
89.942
90.331
91.728
93.004
92.021
91.678
92.532
93.143
91.490
92.165
92.767
91.492
88.815
89.651
90.344
86.673
83.933
86.084
86.505
81.824
80.260
81.735
81.484
78.284
76.984
74.050
75.923
76.465
74.969
75.543
79.772
80.197
79.299
80.854
79.775
76.834
80.285
80.096
81.675
82.404
83.309
80.685
77.877
72.806
71.249
67.567
63.203
67.295
59.463
63.710
70.131
65.793
69.365
73.561
64.133
