84.958
89.919
90.240
90.294
91.732
92.357
92.611
91.645
91.367
90.896
91.301
90.793
90.256
90.602
91.069
90.782
89.833
89.162
88.007
87.993
86.667
85.398
84.790
83.300
81.553
79.539
81.848
80.956
82.382
85.482
85.722
85.294
87.466
89.154
88.147
88.138
89.323
88.422
88.876
89.520
88.928
91.601
91.829
92.662
91.424
91.463
93.305
93.312
93.849
94.226
93.917
93.210
94.080
92.590
92.531
93.602
94.390
92.871
92.296
94.168
94.509
93.727
94.400
94.706
94.541
93.758
93.464
93.685
92.422
90.382
90.423
90.184
87.988
85.647
85.063
84.658
82.726
79.902
78.352
79.011
81.734
79.020
80.008
83.911
83.491
83.055
86.302
84.419
84.963
86.342
87.926
90.031
91.058
92.419
92.393
91.459
88.880
86.814
84.103
81.297
85.134
75.928
83.759
89.298
89.935
90.966
92.858
92.936
93.062
92.635
91.686
90.616
89.332
89.080
84.120
80.632
80.763
80.602
83.802
87.040
86.704
89.138
90.184
92.096
93.119
93.504
93.534
93.171
91.686
89.043
87.453
85.657
89.942
92.886
93.293
93.744
93.764
92.816
90.890
90.339
84.016
77.410
83.430
84.948
90.553
88.227
90.906
89.776
87.701
88.825
91.542
89.375
88.007
91.887
91.696
89.402
90.603
92.253
91.497
89.533
89.949
91.895
93.029
93.392
91.491
92.105
92.226
90.010
87.987
87.927
86.726
83.329
80.283
81.140
76.190
63.074
51.494
48.114
37.416
37.551
40.193
37.056
35.131
36.880
37.900
41.593
33.277
39.222
38.021
