76.334
74.582
79.929
70.786
72.294
73.001
67.447
64.860
62.588
59.853
56.344
51.886
48.684
43.459
38.436
40.599
39.689
38.251
42.178
42.833
51.889
56.485
75.515
83.568
86.402
88.944
88.702
87.153
88.185
90.558
89.026
87.234
89.858
90.639
88.243
86.488
88.492
87.967
84.584
84.586
86.188
86.079
82.725
84.209
86.205
83.836
81.218
84.091
85.967
87.808
87.446
86.914
88.871
87.520
89.454
89.450
89.277
89.063
89.770
88.445
88.332
87.478
88.325
87.117
85.796
84.381
87.720
88.749
86.967
90.491
92.092
92.673
91.069
90.183
92.772
93.106
92.088
92.460
92.887
92.412
91.214
89.239
87.820
87.708
90.827
89.314
87.388
88.300
90.110
89.911
90.940
89.057
89.758
89.505
89.465
89.392
88.821
88.368
88.160
89.444
88.113
87.917
87.601
88.500
87.187
86.680
84.617
85.086
87.876
86.555
84.979
87.155
87.908
85.916
86.318
81.845
78.591
80.892
83.875
83.937
86.843
88.099
88.702
89.089
86.527
84.755
83.436
79.768
85.589
74.068
83.789
90.267
91.413
92.491
93.497
93.695
93.022
92.334
90.706
88.934
88.548
86.023
83.519
78.484
80.437
81.788
85.496
86.826
88.597
90.639
91.771
93.137
93.954
94.349
94.562
94.024
92.458
90.352
88.619
87.802
91.644
93.529
93.858
94.379
94.400
93.975
92.706
92.060
88.148
81.971
86.638
88.458
92.436
91.627
92.631
91.532
90.603
90.898
90.919
89.372
88.338
88.632
87.141
87.049
84.681
83.589
83.310
83.100
72.157
