34.862
36.290
36.496
38.836
44.038
45.497
42.987
39.217
55.834
63.801
68.312
66.851
77.045
80.576
78.207
76.250
82.801
83.449
82.525
82.671
84.671
84.941
84.364
83.251
84.626
86.289
84.103
81.312
83.100
82.058
77.309
75.228
76.001
71.789
62.612
60.452
57.895
43.149
34.364
35.889
31.816
31.196
35.348
36.583
43.214
49.300
58.288
75.160
79.783
83.620
85.405
84.699
86.326
88.177
86.449
84.534
87.315
87.522
84.712
83.657
84.878
84.195
80.800
80.359
82.266
81.809
78.897
79.432
81.238
78.808
76.017
77.365
77.954
78.787
79.885
78.115
79.829
76.086
79.043
76.807
78.153
78.653
80.051
78.638
77.980
79.220
80.775
79.180
77.446
77.649
81.283
80.113
79.908
84.160
84.652
85.445
82.803
83.705
85.942
85.411
87.344
88.613
86.717
86.451
88.366
87.040
89.207
90.312
91.067
91.157
91.074
90.999
91.694
90.965
91.581
91.529
90.445
88.901
89.780
88.497
85.850
84.494
85.166
84.260
81.381
80.071
80.883
79.441
77.226
76.787
73.909
76.090
76.143
75.033
75.323
80.120
79.759
79.161
80.502
78.269
71.900
78.059
79.646
82.336
83.345
85.861
86.405
86.949
84.450
82.131
79.068
76.142
82.326
72.171
81.361
86.889
87.665
87.520
88.821
88.098
88.155
87.536
85.575
84.843
84.705
83.259
81.622
76.002
74.247
75.959
79.290
81.331
81.815
83.525
83.709
84.911
86.746
87.391
89.472
89.775
89.283
86.940
85.510
84.233
88.131
90.552
88.942
87.085
82.740
