52.173
62.877
66.231
58.869
61.901
66.427
65.810
64.278
58.833
64.244
62.349
67.792
69.843
72.832
72.105
73.477
77.764
78.424
75.618
81.420
83.926
86.469
88.263
90.586
90.921
91.159
89.704
86.338
82.490
81.958
85.583
78.569
84.500
89.569
90.178
90.427
91.555
91.062
91.504
91.172
90.390
88.929
87.972
86.836
83.620
78.446
73.866
77.281
79.371
85.332
84.565
87.448
87.975
89.496
90.167
90.051
90.725
90.915
90.764
88.503
85.806
84.018
87.946
89.486
88.244
88.377
86.266
85.975
85.544
84.836
79.923
72.284
74.301
75.391
82.745
80.354
79.856
78.151
73.998
77.804
78.719
75.322
72.566
80.090
80.583
79.338
78.550
82.568
84.567
83.778
79.927
81.765
82.204
81.610
79.589
79.493
78.114
75.137
69.493
68.378
65.518
53.882
46.864
45.026
37.317
35.026
36.080
33.312
32.047
30.671
33.051
36.926
42.155
56.558
68.612
68.817
76.444
75.654
79.678
85.154
86.573
86.874
81.922
84.370
86.078
84.178
80.509
81.907
82.842
80.161
78.024
80.119
80.518
77.962
76.301
78.216
77.630
75.218
74.727
76.350
75.793
76.455
74.597
76.673
71.992
75.961
71.827
73.760
74.921
76.923
74.188
74.056
75.983
77.086
74.910
73.018
73.936
78.078
75.591
74.078
79.901
82.164
81.724
77.405
79.375
83.165
82.655
80.387
83.736
83.707
80.947
80.390
83.492
82.907
82.977
83.948
85.875
85.233
85.500
85.692
84.962
85.293
83.912
82.915
80.179
80.369
79.118
71.935
65.232
