71.134
71.087
74.017
74.892
80.031
83.038
86.932
87.227
87.815
89.750
90.511
92.483
90.516
92.839
93.351
89.783
88.950
91.205
89.011
85.031
83.012
86.146
83.347
78.613
78.952
79.500
76.397
73.267
71.416
69.353
67.276
63.459
60.806
63.054
63.061
61.493
61.413
66.049
63.033
62.345
74.242
75.212
79.413
79.242
81.038
82.176
80.795
81.764
77.973
79.630
79.416
81.427
74.266
80.366
83.233
84.093
85.387
85.339
84.846
84.729
84.317
82.825
82.417
80.858
80.125
78.303
76.190
75.603
75.800
77.563
82.093
80.247
82.109
82.173
84.633
83.999
83.878
83.729
81.229
80.866
75.706
74.487
70.761
75.968
79.246
79.859
81.022
78.628
82.833
82.786
81.576
77.423
69.581
72.683
74.081
81.253
79.797
81.172
77.167
76.596
80.051
81.222
77.271
79.515
84.978
84.178
83.356
86.267
88.700
87.792
87.465
88.112
90.236
91.622
92.978
90.322
89.616
90.973
90.234
86.929
85.614
86.451
83.282
78.858
80.353
77.788
70.679
58.672
57.202
49.341
45.997
44.324
39.740
37.109
37.111
35.994
36.031
32.793
34.357
38.156
36.618
36.986
37.991
35.126
34.330
38.649
39.120
38.250
42.494
46.811
45.387
46.183
50.981
52.720
50.528
53.119
52.925
55.252
52.554
51.378
53.041
50.843
52.049
54.340
53.203
56.084
58.120
56.522
58.629
57.429
56.460
57.976
58.523
54.349
55.528
55.474
52.664
43.896
49.131
39.636
34.014
33.725
37.410
27.986
29.489
31.072
29.417
28.127
25.809
