46.017
65.724
76.586
82.277
83.013
85.560
84.032
81.747
85.239
86.199
82.246
82.262
88.053
87.906
85.624
85.305
88.711
87.685
86.255
85.126
87.207
89.434
87.417
85.145
87.050
86.384
81.469
79.257
81.359
79.063
69.574
63.331
59.678
48.284
40.638
42.323
36.677
37.856
37.100
38.349
43.053
49.279
56.767
70.443
73.093
80.481
82.179
84.238
87.473
90.208
89.448
87.478
88.865
89.831
88.530
86.216
86.425
86.901
84.319
82.099
84.226
84.855
82.934
81.588
84.342
82.122
80.677
80.802
83.262
82.172
82.757
81.315
82.677
78.851
80.603
77.457
77.475
79.739
81.563
78.823
78.469
80.527
81.367
78.868
77.298
78.188
82.100
80.829
79.084
84.518
86.650
88.056
84.626
85.965
89.818
89.884
90.443
91.594
90.906
90.548
91.288
90.180
90.766
91.560
92.551
92.345
91.512
92.271
92.782
91.553
92.252
92.577
91.320
89.130
90.011
90.157
86.812
84.165
86.090
86.427
82.117
80.792
82.379
81.942
78.538
77.729
76.156
78.431
79.140
79.792
80.363
83.829
84.021
83.174
85.292
82.583
79.254
83.451
85.175
87.337
89.008
90.813
91.003
91.250
88.305
85.759
83.148
78.689
84.503
74.551
83.529
89.035
89.848
90.807
92.381
92.342
92.329
92.308
91.232
90.767
89.785
88.835
85.704
80.696
78.162
81.129
84.469
87.081
87.281
89.470
89.965
91.374
91.667
92.284
92.575
92.340
90.747
87.121
84.730
83.052
87.832
91.433
90.777
91.288
91.106
89.886
88.215
87.245
79.699
