46.009
50.182
50.554
54.106
50.493
58.043
55.786
65.785
68.858
71.697
71.798
74.065
76.396
78.051
74.423
81.231
84.062
86.354
88.404
91.007
91.400
91.514
89.816
86.186
82.338
81.430
85.394
77.778
83.952
89.418
90.228
90.554
91.530
91.161
91.594
91.517
90.439
89.376
88.080
87.241
83.388
78.686
75.247
78.011
81.090
85.660
85.286
87.878
88.350
90.035
90.328
90.813
90.998
91.305
90.954
88.880
86.518
84.644
88.424
89.651
88.530
88.871
87.915
87.533
86.203
86.211
82.016
76.551
78.611
79.500
85.373
82.006
84.010
82.570
78.489
81.854
84.057
81.388
78.775
85.536
86.702
84.763
84.735
88.680
88.666
87.948
86.127
87.992
88.399
88.437
85.616
85.489
85.651
82.163
78.380
77.600
75.859
69.173
62.498
56.041
42.971
40.409
41.451
38.933
38.060
35.382
37.404
40.135
45.275
59.226
69.630
71.563
78.214
77.433
81.565
86.804
87.848
88.538
84.445
85.628
86.834
85.637
82.199
82.237
83.250
81.604
78.780
79.513
80.253
78.263
75.613
77.122
77.305
73.692
72.699
73.564
73.588
73.800
72.304
74.226
70.278
74.596
69.991
72.560
73.822
74.452
73.139
72.814
74.331
75.793
73.739
72.613
73.320
77.380
76.261
75.349
80.412
83.125
84.292
81.741
84.548
87.829
86.352
87.133
89.727
88.993
87.570
88.239
88.541
88.289
89.330
90.867
90.352
89.683
90.466
91.311
90.281
91.142
90.923
89.936
88.373
88.809
87.872
83.864
83.054
81.844
81.384
75.094
63.653
