77.161
84.662
87.110
87.946
86.509
84.624
80.303
79.551
84.919
77.413
83.162
88.503
89.344
90.165
91.293
90.696
90.371
89.944
87.470
85.000
81.400
76.592
69.855
63.869
67.703
70.334
77.935
80.967
80.783
85.928
86.270
89.368
89.660
91.067
90.861
91.046
90.352
87.615
85.394
83.092
86.838
89.316
88.624
89.268
89.902
89.248
87.260
87.231
82.620
75.533
80.057
82.608
88.288
86.243
88.319
86.679
85.976
87.690
89.257
87.381
86.142
90.369
90.571
88.709
89.405
91.856
90.477
89.499
89.213
90.228
91.483
91.345
89.359
90.246
90.168
87.433
85.591
85.036
82.734
79.548
74.384
71.663
54.464
47.798
46.781
43.714
41.576
36.805
37.861
43.088
46.982
53.846
57.689
57.622
70.980
66.636
78.364
84.074
84.620
85.332
83.817
83.572
83.711
82.991
81.486
80.052
78.771
78.052
76.387
75.458
73.061
75.108
72.244
68.245
68.164
69.854
68.708
64.165
63.536
65.219
61.590
64.146
61.957
70.782
69.491
70.914
73.687
74.945
76.290
74.710
74.154
77.217
77.049
73.592
72.975
76.387
77.593
75.704
80.945
83.330
85.103
81.814
83.953
89.116
89.235
90.154
92.036
91.273
90.928
91.686
90.562
90.505
91.808
92.851
91.798
91.216
92.518
92.908
91.421
92.232
92.682
91.509
89.357
90.327
90.783
86.753
84.670
86.777
86.669
81.717
80.099
82.088
81.332
77.898
75.748
74.741
76.095
72.558
68.300
66.622
66.303
63.095
60.758
56.659
48.863
46.946
42.412
39.564
37.040
