33.591
44.935
39.690
39.543
39.074
34.299
30.857
44.192
45.676
44.408
48.918
60.458
58.124
54.984
58.292
60.564
60.039
60.414
55.672
59.059
58.963
59.082
59.530
61.251
65.950
65.872
57.446
58.313
62.205
58.349
55.903
56.938
55.392
50.718
49.968
46.492
40.784
36.268
41.611
39.123
36.197
40.313
41.882
51.778
54.761
70.088
79.543
83.266
85.932
86.185
84.959
86.342
87.972
86.131
84.499
87.168
87.945
85.350
84.263
85.376
85.459
82.201
81.931
83.605
83.912
80.490
81.041
83.174
81.410
78.820
79.807
82.365
83.322
82.320
81.840
83.806
81.272
84.401
83.368
84.003
83.615
84.436
82.713
82.900
82.865
83.292
81.962
81.226
80.710
82.932
82.143
81.715
85.384
85.366
85.766
81.675
81.520
84.317
83.878
84.880
85.409
84.269
83.761
86.132
85.602
87.388
87.218
88.383
89.015
89.553
87.988
89.388
88.197
89.254
88.796
87.733
86.485
87.327
86.623
83.425
82.795
83.697
82.344
79.435
80.699
80.391
79.240
78.871
78.127
75.892
78.077
80.076
79.251
78.489
82.657
83.238
81.867
82.708
80.026
75.475
78.638
80.340
82.005
83.156
84.827
84.307
85.242
82.545
80.107
78.196
76.251
82.062
71.381
80.722
87.240
88.289
88.703
89.841
89.794
88.788
87.357
85.629
85.139
84.512
82.956
81.466
76.520
75.144
77.960
81.539
82.373
84.299
86.299
85.878
87.066
88.545
89.359
90.689
90.692
89.792
86.853
85.872
84.825
88.807
91.118
89.680
88.977
85.750
79.850
