64.348
65.371
66.862
74.000
71.195
70.216
72.826
76.149
74.166
73.493
77.429
76.811
73.607
75.043
75.884
72.890
65.460
65.413
66.772
61.327
63.389
61.629
70.163
67.612
72.337
75.871
75.190
74.386
78.169
77.949
77.875
78.913
79.819
78.846
79.619
80.546
81.173
83.505
85.503
88.943
86.537
88.120
91.758
91.591
92.948
93.526
93.098
92.841
93.961
92.194
92.494
93.859
94.429
92.858
92.341
94.109
94.346
93.466
94.247
94.686
94.137
93.203
93.442
93.459
91.021
89.104
89.714
89.167
84.897
82.786
83.859
82.258
79.869
77.757
77.160
77.409
75.636
73.343
73.909
74.725
71.951
73.383
75.477
76.040
75.741
78.945
79.621
81.814
81.297
83.756
83.290
85.576
84.375
82.781
82.645
80.869
84.116
79.337
83.567
86.981
87.393
88.451
88.604
88.933
87.018
87.381
85.305
85.518
83.679
84.460
80.969
78.649
78.208
79.301
82.580
85.239
84.659
86.574
85.782
87.932
87.693
89.667
88.531
89.428
87.188
85.599
85.161
82.380
84.130
87.197
87.956
88.404
90.564
89.795
87.381
87.696
83.576
79.042
82.675
84.773
89.290
86.976
89.484
88.937
87.523
88.735
90.937
89.609
88.650
91.955
91.678
89.873
91.020
92.802
91.697
90.140
90.461
92.276
93.325
93.740
91.911
92.475
92.668
90.584
88.736
88.280
86.978
83.777
81.245
80.777
76.720
68.645
58.578
54.075
40.419
37.659
43.487
35.721
36.515
36.989
43.309
49.895
36.015
53.083
56.276
44.889
44.495
40.023
41.791
