54.470
60.041
57.513
58.641
63.359
65.314
63.183
64.864
68.589
67.980
65.850
67.340
67.351
65.271
58.284
58.045
62.597
58.138
57.171
59.747
69.083
69.074
73.209
74.409
73.773
75.157
77.521
75.417
77.144
79.668
78.634
76.335
78.390
81.099
80.968
82.443
85.932
89.552
88.379
89.748
92.347
92.097
93.484
93.831
93.289
92.903
93.967
92.318
92.576
93.854
94.496
92.721
92.320
94.217
94.512
93.692
94.468
94.842
94.590
93.928
93.816
93.835
92.040
90.116
90.130
89.766
86.468
83.608
84.332
83.108
80.800
78.310
77.779
77.792
76.364
73.506
73.884
73.735
70.728
71.368
71.088
70.097
68.591
74.139
75.879
78.378
77.339
81.172
80.714
84.113
83.052
81.308
81.505
79.908
83.820
78.588
83.242
86.589
87.352
88.251
88.319
88.437
86.351
86.253
83.774
84.006
81.858
81.894
77.897
75.716
77.071
77.546
81.416
83.767
83.604
85.455
85.007
87.523
87.433
89.508
88.133
89.120
86.786
85.136
84.749
81.263
82.986
86.443
87.322
88.090
90.769
89.849
87.155
87.287
82.870
78.168
82.041
84.159
88.874
86.911
89.297
88.556
87.225
88.461
90.693
89.106
88.434
91.684
91.167
89.537
90.719
92.482
91.434
89.821
90.075
92.157
93.323
93.684
91.590
92.164
92.471
89.919
87.967
87.866
86.372
82.824
80.369
80.401
76.089
66.905
55.993
50.730
37.629
37.708
42.041
36.616
37.105
36.590
40.154
47.105
35.206
48.761
49.752
43.349
38.895
38.780
38.488
43.935
33.280
