66.199
74.389
79.359
82.281
80.229
80.855
84.561
84.859
86.687
88.767
89.832
89.331
89.943
91.018
92.619
91.392
92.625
93.200
91.562
90.291
91.044
88.868
85.709
82.249
84.376
82.071
77.840
76.154
76.414
74.244
71.171
67.817
65.369
64.896
61.875
59.574
59.593
57.889
58.878
59.417
61.129
60.755
59.665
70.739
72.139
76.445
75.955
77.790
79.608
78.742
79.289
76.557
76.296
75.942
77.690
69.640
76.740
79.338
80.663
82.070
82.621
82.711
82.740
82.489
80.865
79.860
79.101
76.738
74.579
71.327
69.553
71.116
73.105
78.720
77.695
80.060
80.491
82.536
82.484
81.822
81.673
79.005
78.367
72.679
70.956
67.228
72.340
77.250
78.308
78.557
76.080
79.680
79.737
79.378
73.477
67.993
68.158
71.088
78.742
77.938
79.077
76.252
76.241
78.844
81.917
77.658
79.555
85.287
84.862
83.442
85.400
88.049
87.777
86.181
86.114
89.578
91.045
91.951
88.649
87.828
89.507
87.033
83.557
82.932
82.873
78.785
75.091
75.872
71.417
58.824
47.720
44.086
39.492
38.089
40.067
35.745
35.165
35.463
36.358
42.907
34.558
45.674
40.178
38.551
35.808
36.864
36.406
37.681
36.673
38.839
37.970
40.680
42.187
45.046
45.658
49.045
49.042
50.783
51.340
51.338
53.167
51.064
48.899
48.340
46.374
47.588
47.691
45.256
48.425
51.089
52.568
52.513
49.690
51.175
51.802
49.739
47.589
48.819
47.207
44.664
38.589
40.963
31.648
27.376
28.881
31.528
24.652
25.375
19.792
