40.520
51.108
51.723
50.213
63.794
66.674
77.676
85.595
86.785
87.911
88.605
89.127
88.199
88.484
87.025
85.604
79.084
76.801
79.435
81.630
85.687
85.388
87.301
88.349
89.280
89.375
89.127
88.518
87.631
85.413
83.347
80.655
79.576
82.898
86.215
87.076
88.925
88.845
88.947
88.518
87.821
84.172
76.082
79.761
82.633
87.838
87.335
88.211
86.132
86.055
88.102
89.561
87.306
86.599
91.018
90.976
88.691
89.704
92.126
90.768
89.564
89.563
90.485
91.822
91.541
89.686
90.837
90.613
87.761
85.539
85.890
83.452
79.434
74.866
72.923
56.839
47.066
46.612
43.484
41.909
37.809
40.373
40.708
42.786
48.112
46.858
48.926
59.902
56.214
70.348
80.273
82.923
83.989
83.313
84.228
86.266
86.663
84.717
84.501
86.744
86.515
84.591
85.469
87.201
87.164
85.677
86.614
86.692
85.701
85.640
87.263
86.329
84.222
82.817
83.930
79.619
82.198
77.734
78.497
82.016
82.118
79.055
79.554
81.825
81.171
78.472
77.319
78.882
81.744
79.752
77.783
82.837
84.651
84.939
83.262
84.288
87.980
89.065
90.025
91.429
90.257
90.533
91.393
89.851
89.940
91.734
92.784
91.318
91.333
92.562
93.206
91.337
92.150
92.852
91.114
88.781
89.859
90.641
86.806
84.180
86.432
86.857
82.018
80.422
81.909
81.579
78.215
76.527
72.716
75.042
76.498
74.042
76.162
80.770
81.216
81.397
84.268
83.634
81.477
85.136
86.131
87.401
88.687
88.664
87.204
84.366
76.576
66.385
55.629
