46.763
70.629
80.514
87.663
90.577
90.701
89.799
90.633
91.571
92.178
90.531
90.197
90.375
91.015
89.826
89.434
90.404
90.960
90.216
89.478
89.240
88.034
87.795
86.808
84.902
83.629
81.616
80.698
77.835
80.355
77.641
80.228
83.965
83.593
82.274
85.324
87.200
85.334
85.092
86.711
86.199
86.538
85.863
85.761
89.369
89.569
90.816
88.199
89.556
92.230
92.378
92.783
93.563
93.452
93.102
93.906
92.353
92.348
93.664
94.187
92.647
92.030
94.019
94.185
93.215
93.749
94.338
93.873
92.720
92.772
93.259
90.819
88.704
89.649
89.474
85.390
83.551
84.253
83.297
79.888
78.334
76.036
77.276
79.240
75.977
77.947
82.929
82.000
81.675
86.416
84.700
85.570
86.921
88.783
90.760
91.641
92.795
92.741
91.959
89.573
88.322
85.562
82.496
85.506
76.636
82.674
88.316
88.753
90.508
92.584
93.200
93.177
93.037
92.166
91.271
89.986
89.828
84.890
81.442
81.077
81.263
84.707
87.847
87.321
89.877
90.651
92.345
92.904
93.356
92.915
92.176
89.839
87.494
84.454
82.491
87.304
91.658
91.843
92.507
92.898
92.399
90.805
90.356
84.953
78.592
84.108
85.471
90.720
88.501
90.902
90.037
88.833
89.776
92.091
90.510
89.415
92.532
92.524
90.319
91.515
93.047
92.078
90.274
90.576
92.113
93.044
93.231
91.803
92.523
92.310
90.133
88.676
88.381
86.770
83.851
80.631
80.629
75.272
63.821
54.557
50.756
34.797
38.519
38.598
34.457
30.646
36.039
36.126
41.058
