45.227
63.275
65.832
66.324
71.869
74.568
71.159
73.160
75.964
76.773
75.031
74.057
76.479
79.784
78.764
77.569
84.021
85.478
88.213
86.081
87.373
91.518
91.855
92.577
93.231
93.049
93.016
93.786
91.831
92.176
93.380
94.118
92.497
91.759
93.459
93.394
92.166
92.745
93.698
93.070
91.079
91.759
92.513
89.234
86.360
87.938
88.591
83.548
81.322
83.049
83.411
79.138
77.571
77.523
79.908
76.204
73.076
75.243
77.815
72.868
72.370
77.811
75.240
75.151
79.656
81.239
84.703
85.618
87.969
87.806
87.462
86.960
84.227
83.661
80.380
85.461
76.460
84.317
87.490
87.908
89.323
89.465
89.924
89.140
89.241
88.113
87.617
86.951
85.993
81.563
77.042
74.952
77.851
83.002
86.386
85.808
88.375
88.451
90.118
90.226
91.031
89.567
89.563
87.569
84.090
82.971
79.294
84.130
87.326
88.474
89.887
91.220
91.022
89.724
89.410
84.786
79.093
82.607
83.772
90.046
88.324
90.364
88.712
86.772
89.508
91.399
88.436
87.289
91.581
91.120
88.643
90.088
92.277
90.804
88.765
89.145
91.361
92.873
92.986
90.673
91.010
91.445
88.284
85.873
86.181
82.929
78.480
74.892
73.922
62.045
43.053
49.694
43.703
43.347
38.461
37.489
38.057
34.623
38.822
37.693
39.272
48.442
43.930
44.016
51.123
51.501
55.304
56.006
62.207
61.704
61.237
56.280
62.691
67.269
61.583
60.793
65.651
64.665
64.618
59.929
61.063
60.869
55.899
51.254
46.457
36.100
31.201
39.031
33.223
