50.462
50.951
62.101
61.455
68.365
71.986
75.673
74.942
76.540
79.871
80.834
77.930
83.208
85.767
88.197
89.881
91.992
92.209
91.924
90.210
87.160
83.052
81.152
85.589
78.153
84.057
89.374
89.999
90.630
92.113
91.864
92.274
92.050
91.119
90.104
88.807
88.430
84.463
80.109
77.262
79.559
82.969
86.499
86.179
88.674
89.272
90.897
90.988
91.550
91.438
91.289
90.381
87.262
84.814
82.447
86.616
89.612
88.663
89.589
89.443
88.737
87.453
87.731
83.492
77.633
81.139
82.127
87.132
84.175
86.348
84.885
82.543
84.642
87.258
85.326
83.667
88.854
89.668
87.849
88.175
90.919
90.190
89.376
88.587
89.825
90.701
90.718
88.629
89.058
88.975
86.047
83.619
82.731
80.860
76.921
69.977
67.492
50.513
45.269
45.918
44.802
43.455
39.235
40.884
45.275
47.738
56.927
62.824
61.267
75.038
70.968
80.477
86.575
88.491
89.115
86.628
86.406
88.233
87.844
84.816
83.838
85.465
84.676
81.022
81.671
83.293
82.060
78.676
80.499
80.677
78.401
76.787
79.013
78.350
77.256
76.058
77.568
73.532
77.239
72.919
74.585
76.508
76.524
73.353
74.214
76.188
76.600
74.227
73.541
74.507
78.500
77.532
76.247
81.557
84.085
85.574
82.654
85.261
89.430
88.188
89.089
91.477
90.506
89.892
90.520
89.783
90.004
91.042
92.461
91.323
90.609
91.968
92.481
91.148
92.226
92.656
91.786
89.967
90.478
90.220
86.419
84.088
84.331
83.925
78.596
73.615
72.555
67.180
53.325
