77.203
82.056
83.540
87.128
89.657
90.112
91.209
90.722
89.555
88.121
85.146
80.557
79.734
83.845
86.785
87.813
89.777
89.397
90.246
88.871
88.208
83.032
74.947
78.826
82.225
88.139
87.363
88.757
86.628
85.432
87.878
89.173
86.257
85.347
90.735
90.340
87.510
88.611
91.706
89.873
88.608
88.493
89.240
91.138
90.380
88.235
90.130
89.713
86.056
84.227
85.003
82.429
76.917
72.345
71.354
53.451
44.034
45.260
43.182
43.974
39.511
43.130
41.788
42.271
47.784
44.169
50.010
51.157
54.871
73.791
83.027
85.949
86.639
85.406
85.740
87.582
87.610
85.879
85.352
86.883
86.499
84.953
85.709
86.603
86.823
86.288
86.896
85.755
85.290
85.768
87.391
86.867
84.997
83.550
84.685
80.651
82.996
78.616
79.458
82.879
83.083
80.097
80.652
83.009
82.314
79.993
78.994
80.546
82.781
80.826
78.851
83.396
85.269
85.610
83.928
85.145
88.753
89.708
90.544
92.210
91.340
91.099
91.930
90.784
90.917
92.191
93.311
92.335
91.802
92.635
92.739
90.906
91.312
92.332
90.884
88.109
89.106
90.065
86.601
83.787
86.092
86.937
82.032
80.807
82.346
81.919
78.803
77.269
74.470
76.809
78.063
76.854
77.740
82.427
82.750
81.475
83.931
81.683
80.288
82.008
84.180
85.019
87.955
88.718
89.757
88.328
86.124
84.082
80.028
76.831
80.845
73.108
78.248
84.767
84.956
86.872
88.412
88.839
88.995
89.419
87.941
86.571
85.440
83.055
77.424
63.824
53.532
44.327
39.925
