50.748
51.125
50.333
66.470
70.278
80.081
86.284
87.251
88.156
88.564
89.179
88.188
88.640
87.021
85.714
79.006
76.642
79.373
81.575
85.787
85.415
87.202
88.390
89.370
89.567
89.598
89.143
88.508
86.398
84.488
81.858
80.818
83.978
86.922
87.555
89.229
89.091
89.072
88.640
87.844
84.589
76.465
80.008
82.933
88.027
87.265
88.218
86.109
85.965
87.973
89.528
87.294
86.457
90.896
90.858
88.467
89.499
91.978
90.694
89.327
89.354
90.276
91.751
91.466
89.607
90.775
90.616
87.756
85.520
85.817
83.505
79.633
75.142
72.574
56.210
48.112
47.038
43.503
41.413
37.547
39.391
41.018
44.725
47.817
48.963
48.756
61.642
57.280
71.240
80.306
83.052
83.892
83.176
84.137
86.102
86.643
84.587
84.309
86.604
86.368
84.182
85.168
87.056
86.904
85.241
86.428
86.699
85.547
85.316
87.235
86.118
84.138
82.910
83.851
79.518
82.044
77.310
78.101
81.669
81.863
78.674
79.166
81.413
80.913
78.226
76.916
78.408
81.400
79.273
77.337
82.704
84.573
85.060
83.214
84.417
88.502
89.309
90.247
91.747
90.644
90.744
91.646
90.198
90.369
92.076
92.944
91.754
91.579
92.749
93.404
91.670
92.390
93.029
91.488
89.161
90.133
90.827
86.926
84.267
86.605
86.870
81.842
80.356
81.913
81.366
77.895
76.396
72.499
74.781
76.165
73.649
75.854
80.735
81.024
81.255
84.222
83.572
81.596
85.019
86.103
87.232
88.609
88.430
86.938
84.120
77.041
67.000
56.301
44.606
