45.952
56.803
56.402
71.883
77.914
83.639
84.243
86.946
90.051
89.114
91.430
92.916
91.866
90.608
92.893
91.518
92.101
93.271
94.251
92.381
91.834
93.701
94.107
93.349
94.081
94.536
94.101
93.067
93.062
92.581
90.039
87.659
87.791
86.508
82.915
80.516
79.472
77.712
75.369
70.219
67.631
67.119
64.167
60.668
59.015
56.727
57.854
57.813
58.684
59.564
60.144
69.007
71.098
73.739
73.819
76.759
76.745
78.227
76.839
75.319
75.480
75.087
77.354
70.145
75.111
79.495
81.476
84.969
82.737
84.193
81.919
82.472
80.223
78.946
77.392
76.196
73.377
72.059
71.414
71.563
75.551
78.565
77.652
80.706
80.444
83.973
83.483
86.441
83.506
84.229
80.738
78.320
76.237
73.067
74.443
79.856
80.902
83.575
86.585
85.960
82.769
82.794
76.016
70.116
74.862
77.326
84.333
80.957
85.540
84.317
81.645
83.535
87.774
84.806
83.901
88.935
88.635
86.650
88.299
90.604
89.897
88.303
88.512
90.854
92.718
92.989
90.032
89.679
90.998
88.035
84.694
84.391
84.033
79.991
75.959
77.157
74.105
62.370
50.159
45.875
38.598
38.552
40.523
37.280
36.917
35.008
35.125
44.227
34.798
45.726
41.050
39.307
37.231
37.819
35.503
37.756
37.204
39.788
40.730
39.847
45.646
44.571
46.938
48.239
48.168
53.356
49.136
47.632
50.306
45.685
35.530
39.714
38.425
39.069
35.502
36.677
36.525
37.647
45.401
40.868
36.920
38.467
41.154
36.851
36.355
40.676
38.121
37.567
35.919
