36.138
43.765
47.176
50.349
56.380
63.668
75.647
80.832
84.566
87.819
90.206
90.765
92.125
92.478
92.349
91.726
89.600
86.585
86.937
89.865
90.316
90.417
91.391
91.009
90.879
89.676
89.101
84.272
75.413
79.914
83.435
89.229
87.930
89.731
87.480
85.952
88.488
89.516
86.580
85.820
90.839
90.495
87.982
88.887
91.985
90.333
89.082
88.544
89.966
91.540
90.671
88.380
90.139
89.518
85.675
83.328
84.394
81.543
74.300
66.787
62.156
50.032
42.854
44.977
38.325
40.370
38.483
39.351
43.587
50.607
64.059
74.549
74.867
79.459
78.914
83.286
87.044
89.387
89.166
88.005
88.568
89.294
88.764
87.139
86.533
86.696
85.654
83.332
84.478
84.648
83.511
82.509
83.785
82.112
81.400
81.136
83.361
83.093
82.754
81.333
82.716
78.555
81.032
77.450
77.211
79.970
81.383
78.585
78.462
80.468
81.112
78.410
76.976
77.949
81.774
80.499
78.595
84.386
85.921
87.074
84.744
86.566
90.048
90.370
91.092
92.763
91.971
91.447
92.301
91.253
91.344
92.382
93.626
92.608
92.067
93.081
93.430
91.982
92.747
93.226
92.220
89.756
90.318
90.964
87.453
84.576
86.563
87.275
82.554
80.712
82.223
82.317
78.719
77.315
75.678
77.197
77.421
76.074
76.912
81.185
81.296
79.875
81.091
78.230
74.226
78.149
79.644
82.319
86.198
88.143
89.178
87.774
85.846
83.947
80.940
78.079
81.981
74.765
81.365
86.581
87.350
88.429
89.794
89.218
89.021
88.793
87.057
85.319
80.695
