55.451
59.905
75.131
79.586
84.371
84.868
87.493
90.167
89.156
91.232
92.585
91.395
89.924
92.228
90.671
91.434
92.560
93.927
92.073
91.618
93.286
93.805
92.955
93.708
94.178
93.954
93.075
92.887
92.003
90.271
87.718
87.162
85.795
82.684
80.172
78.966
77.806
75.622
69.722
67.576
67.887
64.815
60.695
59.296
57.560
58.737
58.503
58.354
59.435
59.975
68.753
69.810
74.068
73.872
76.772
77.574
77.426
78.012
74.570
76.352
75.259
78.591
70.150
76.844
81.755
83.227
85.751
83.900
84.472
82.026
82.007
79.518
78.364
76.619
74.822
72.312
68.915
67.017
68.794
71.892
76.503
76.694
79.376
79.886
83.527
84.145
86.532
85.235
85.044
83.434
80.179
78.681
76.309
78.980
82.975
84.012
84.991
87.116
85.841
82.667
81.671
74.013
66.850
72.045
74.752
83.338
80.880
84.500
81.835
79.090
81.671
85.125
80.914
80.804
87.223
86.249
84.046
86.165
88.759
88.061
86.261
86.335
90.033
91.987
92.431
88.910
87.953
90.168
86.926
82.514
82.755
82.434
77.715
74.414
75.503
71.974
58.401
48.523
44.248
38.402
36.847
39.391
36.464
36.266
34.792
35.083
44.471
32.692
44.729
37.584
36.632
34.778
34.701
34.030
29.914
32.851
34.656
33.248
32.283
36.388
33.761
33.232
34.865
36.219
34.564
32.954
36.542
36.144
32.654
30.445
31.536
31.347
30.916
29.395
30.802
29.762
30.852
36.438
34.089
34.140
38.252
36.862
31.462
31.109
32.660
32.472
28.812
27.080
26.835
