51.466
50.973
57.677
58.433
52.064
54.648
51.669
51.727
56.555
53.608
52.466
54.967
63.105
62.542
67.434
70.121
69.634
70.245
74.002
72.374
74.411
77.118
76.836
74.036
77.052
78.989
78.652
83.329
84.969
88.102
86.283
88.696
91.526
90.502
92.311
93.512
92.477
91.278
93.252
92.194
92.686
93.755
94.587
92.888
92.412
94.358
94.610
93.787
94.571
94.890
94.543
93.738
93.600
93.067
91.105
88.774
88.202
87.158
83.861
80.811
81.321
80.002
77.838
74.299
73.815
73.222
71.610
68.322
69.015
68.179
65.366
66.596
66.400
65.938
64.952
72.239
74.104
77.708
77.739
82.123
83.360
84.307
84.477
81.210
83.413
81.344
85.518
79.565
85.660
88.241
89.167
89.858
88.166
88.705
86.435
86.191
82.925
82.461
80.284
79.203
75.851
72.037
72.064
73.524
77.241
79.703
80.280
82.668
83.304
86.146
86.787
89.161
88.278
89.876
87.406
85.697
85.536
82.488
84.656
87.314
88.261
88.106
89.331
88.232
84.967
84.503
79.065
73.950
78.111
80.493
85.851
83.626
86.473
85.413
83.427
85.126
88.015
85.754
85.600
89.428
88.891
87.069
89.089
90.786
90.333
88.592
88.898
91.533
92.941
93.275
90.310
90.526
91.032
88.161
86.053
85.258
84.152
79.990
77.667
77.332
72.923
63.103
54.499
50.352
40.065
45.559
37.963
38.304
41.472
40.924
42.425
49.717
39.374
46.313
38.423
36.040
32.943
34.492
29.736
27.208
29.304
31.276
28.300
24.896
27.749
27.240
25.696
25.052
27.462
