61.213
73.475
79.140
80.517
82.569
86.679
88.932
86.910
87.122
90.743
89.419
90.788
92.306
93.281
91.836
91.568
93.142
93.525
92.158
93.042
93.815
92.858
91.354
91.896
90.867
87.511
84.584
85.529
83.606
79.391
77.483
76.964
74.502
71.934
67.101
64.315
63.193
60.811
58.293
57.244
55.748
57.301
57.432
58.296
59.349
59.779
68.250
69.478
72.730
72.388
74.339
76.089
76.715
76.784
75.048
75.192
73.934
77.140
68.278
75.208
79.134
80.668
82.600
81.531
82.755
80.870
81.254
78.742
77.633
76.441
74.367
72.237
70.119
69.375
69.488
72.234
77.210
76.419
78.908
78.636
81.833
81.047
82.173
80.622
79.452
78.466
72.760
72.081
67.304
69.700
76.673
77.920
77.672
77.791
80.173
79.298
79.404
72.978
68.226
69.813
72.054
80.176
78.349
81.457
79.986
77.469
80.509
85.121
80.869
80.932
87.304
87.100
84.916
86.966
89.675
89.259
87.414
87.717
90.773
92.375
92.853
89.610
88.525
90.331
87.695
83.778
83.249
83.146
79.130
74.774
75.403
72.639
58.707
47.306
43.641
38.897
37.072
38.049
35.353
34.082
33.748
34.390
41.470
33.394
44.747
39.314
38.561
34.803
35.213
32.591
37.074
37.254
38.009
36.752
40.189
41.790
41.592
42.306
46.079
44.423
46.888
45.754
46.463
47.352
47.076
43.927
45.523
42.915
43.761
41.748
38.340
42.423
45.702
46.730
46.466
42.211
44.149
43.821
43.343
39.964
43.082
40.474
39.160
32.572
36.532
27.703
26.825
27.770
23.464
