40.879
42.656
44.064
47.758
47.341
56.092
58.794
79.048
86.087
88.084
89.880
89.881
88.449
89.336
91.500
90.405
88.855
91.013
91.661
90.181
88.636
89.834
89.243
87.052
86.695
88.004
88.020
86.089
87.271
88.665
86.773
85.420
87.886
89.755
91.213
89.836
88.652
90.171
87.610
89.966
88.335
88.985
90.923
90.845
89.623
90.262
90.210
90.038
89.505
88.328
87.046
89.164
90.275
88.633
91.589
92.918
93.623
92.653
92.153
93.984
94.680
94.638
94.579
94.635
94.727
94.773
93.193
92.677
93.780
94.498
92.929
92.061
94.254
94.581
93.832
94.492
94.904
94.836
94.229
94.221
94.742
93.719
92.464
93.180
93.211
90.948
90.379
90.713
90.394
88.652
87.146
85.386
85.341
87.567
86.298
85.085
87.682
88.127
86.713
87.614
83.887
82.604
83.960
86.980
87.590
89.361
90.417
90.888
91.629
89.102
86.807
84.586
80.305
85.729
73.885
83.631
90.439
91.556
92.465
93.905
94.093
93.790
93.571
92.412
91.437
90.236
89.443
85.340
81.062
82.084
83.213
86.806
88.930
89.570
91.459
92.457
93.675
94.372
94.608
94.749
94.283
92.908
91.233
89.696
88.810
92.451
94.070
94.295
94.774
94.774
94.342
93.297
92.739
89.075
84.240
87.870
89.414
93.168
92.530
93.657
92.934
92.283
93.143
94.051
93.049
92.529
94.330
94.119
92.525
93.180
93.914
92.741
91.535
91.848
92.786
93.627
94.032
93.247
94.157
94.162
93.105
92.493
92.904
92.063
90.440
87.659
88.348
84.602
74.824
