52.939
69.368
80.231
87.475
87.592
88.574
88.035
89.494
87.967
89.200
87.492
86.038
79.170
76.491
79.320
81.858
85.757
85.632
86.874
88.590
89.064
89.845
90.026
89.961
89.736
88.272
86.396
84.515
84.056
87.017
88.582
88.776
90.367
89.913
89.467
88.894
87.912
84.691
75.741
78.966
82.547
87.907
87.465
88.565
85.776
85.200
87.740
89.036
86.218
85.623
90.425
90.054
87.795
88.687
91.481
90.035
88.681
88.428
89.452
91.158
90.703
88.670
89.946
89.851
86.694
84.245
84.792
82.477
77.038
71.500
69.147
52.705
46.159
47.254
42.383
41.359
39.107
40.360
46.146
52.626
61.931
70.920
68.507
75.778
73.900
78.700
84.209
85.857
85.608
85.520
86.731
87.984
88.266
86.999
86.504
87.685
87.160
84.672
85.640
87.218
86.603
84.538
86.164
85.732
84.549
84.056
86.558
85.550
84.224
83.041
84.349
79.698
82.165
77.497
78.197
81.269
81.927
78.909
79.238
81.305
81.353
78.492
77.521
78.680
81.957
79.990
78.368
83.964
85.585
86.359
83.915
85.597
89.507
89.801
90.674
92.372
91.246
91.018
91.895
90.648
90.586
92.110
93.168
92.249
91.700
92.778
93.263
91.784
92.379
92.921
91.807
89.483
90.153
90.776
87.027
84.289
86.608
86.984
82.002
80.530
81.938
81.576
78.422
76.741
73.272
75.761
76.649
75.134
77.132
81.688
82.142
82.378
84.784
83.808
81.881
85.190
86.473
87.467
89.209
87.893
86.227
82.565
70.057
58.555
46.048
42.316
40.212
35.611
31.088
