62.460
64.285
69.212
69.015
68.938
70.317
72.996
70.251
73.148
76.073
74.152
71.325
75.130
77.790
76.886
80.727
83.734
87.143
86.491
88.812
91.684
90.600
92.495
93.676
92.711
91.648
93.597
92.375
92.888
93.934
94.811
93.086
92.509
94.434
94.681
93.921
94.643
95.009
94.717
93.848
93.758
93.353
91.249
89.135
88.828
87.408
84.267
81.787
81.390
80.000
78.479
74.980
72.762
72.653
71.836
67.548
66.713
66.904
65.950
64.668
65.794
63.414
62.798
71.226
72.552
75.676
76.269
78.642
79.330
80.922
80.440
78.885
77.971
77.795
81.253
74.601
79.244
83.034
84.441
86.865
85.152
85.995
84.166
83.930
81.715
80.780
79.141
77.983
75.016
73.056
72.539
73.187
77.529
80.021
79.343
81.989
82.096
85.091
85.151
87.551
86.028
86.595
84.195
82.073
81.197
77.896
79.608
84.276
84.872
86.356
88.357
87.363
84.338
83.919
78.307
72.455
77.697
80.135
85.672
83.152
86.818
85.617
83.799
85.474
88.891
86.411
85.761
90.331
89.893
88.234
89.857
91.813
91.276
89.718
89.944
92.090
93.498
93.767
91.090
90.784
91.714
89.286
86.580
85.641
85.277
81.377
77.716
78.863
75.421
64.316
54.286
49.202
38.932
37.944
41.622
36.994
37.107
34.944
35.634
43.488
32.604
42.291
40.199
40.157
33.605
33.834
36.145
39.761
39.183
41.911
40.659
38.907
43.415
45.264
44.192
42.455
42.861
51.986
38.610
41.023
48.323
44.018
38.217
40.605
34.538
40.575
36.854
31.417
33.113
