81.131
85.243
86.849
87.187
86.371
86.598
84.949
83.854
76.741
75.445
79.021
81.308
85.167
84.764
87.032
87.517
88.862
88.153
88.284
88.117
87.896
86.290
84.364
81.420
81.134
83.804
85.604
87.509
88.511
87.544
88.357
87.695
87.676
85.153
79.247
80.625
83.214
87.743
86.782
87.881
86.238
86.472
88.415
89.288
87.825
86.660
90.811
90.945
89.067
89.748
92.058
90.852
89.998
89.613
90.444
91.516
91.626
89.713
90.720
90.431
87.749
85.754
85.756
83.710
79.913
74.933
73.472
56.081
47.559
48.353
45.622
44.687
39.230
40.479
44.871
47.854
54.530
56.782
53.966
67.590
62.342
72.969
79.594
81.673
82.610
83.128
83.522
84.893
85.035
83.648
82.936
84.032
83.708
81.032
81.206
81.992
82.201
79.413
79.302
79.115
78.199
75.737
72.424
72.540
73.060
68.496
72.101
68.920
75.603
73.838
74.784
77.439
78.652
78.475
77.032
77.827
79.929
78.197
75.604
75.986
80.383
79.930
77.486
82.035
84.091
85.159
82.399
84.157
88.307
89.264
90.571
92.028
90.672
91.093
91.920
90.432
90.756
91.942
92.995
92.011
91.599
92.634
93.311
91.730
92.595
92.929
91.890
90.031
90.687
91.133
87.499
85.421
87.387
87.553
82.950
81.374
83.651
83.096
80.178
78.152
78.311
80.574
77.829
75.218
75.176
77.698
73.406
74.353
77.565
78.005
76.158
80.306
81.179
83.355
84.379
85.847
83.815
80.965
75.912
72.119
67.649
62.760
66.621
58.991
60.672
68.833
65.746
70.501
76.902
