76.555
81.879
81.426
82.957
84.210
83.533
81.425
82.658
84.810
83.359
81.271
81.026
83.491
82.836
78.715
77.295
79.092
81.344
78.842
79.640
84.373
83.344
80.814
85.760
84.007
81.839
85.268
87.947
89.563
90.770
91.878
91.702
90.842
89.532
87.273
81.324
80.226
84.632
77.341
82.606
87.810
87.987
89.313
91.010
91.040
91.624
91.293
91.307
89.735
89.599
88.947
84.891
79.721
78.093
79.286
81.499
85.989
85.893
88.399
89.957
90.912
91.943
91.526
90.940
90.130
88.905
85.182
82.055
80.072
84.040
88.504
88.186
90.284
89.883
90.343
89.691
88.257
82.969
71.365
77.482
81.273
87.895
86.984
87.297
84.298
83.161
84.869
85.465
81.346
80.571
85.717
84.504
82.730
83.633
84.721
84.302
83.877
82.613
81.924
83.117
83.395
83.226
84.997
84.330
82.240
80.187
81.389
79.358
74.098
68.284
64.550
47.631
42.274
43.304
38.706
37.562
34.919
36.676
36.632
38.143
46.682
42.031
43.118
57.623
54.104
66.802
80.669
83.811
85.235
83.242
84.662
87.389
86.896
84.633
85.188
87.758
87.018
84.849
86.852
88.606
87.629
86.749
88.213
87.841
86.129
87.150
88.333
87.436
87.633
86.687
87.191
84.255
84.352
81.860
80.974
84.083
85.453
82.164
81.817
84.171
84.186
81.613
79.783
81.128
84.636
82.697
79.654
83.589
86.748
85.449
84.433
82.934
85.970
86.997
85.873
86.625
86.881
85.335
84.216
85.059
81.065
82.652
82.948
81.180
78.915
77.854
75.187
68.257
54.407
