44.353
55.340
64.513
66.434
67.545
73.274
77.265
79.977
76.710
82.635
85.047
87.375
88.932
91.157
91.440
91.357
89.839
86.848
82.941
81.409
85.417
78.178
83.623
88.962
89.375
90.345
91.633
91.363
91.490
91.455
90.363
89.400
88.188
87.695
84.529
79.921
77.286
79.488
82.294
86.115
85.670
88.195
88.518
90.302
90.373
90.959
90.690
90.625
89.776
86.535
83.859
81.381
85.334
88.410
87.668
88.718
88.946
88.379
86.961
87.196
82.806
75.822
80.072
81.984
87.039
84.556
86.519
84.817
83.138
85.292
87.444
85.166
84.071
88.961
89.494
87.555
88.078
90.947
90.164
89.083
88.277
89.783
90.896
90.710
88.503
89.057
88.736
85.998
83.358
83.084
80.848
76.841
71.052
68.161
50.138
44.146
44.058
41.876
40.936
36.598
37.263
40.644
42.236
48.248
50.832
49.801
66.039
60.494
73.834
83.211
85.077
86.504
84.227
83.887
85.907
85.556
82.627
81.803
83.836
83.007
79.605
80.265
82.042
81.127
77.718
79.192
79.768
77.608
75.595
76.563
76.306
74.598
73.069
74.845
69.759
75.258
69.178
71.786
74.619
74.167
71.151
72.557
74.569
75.372
73.352
72.417
73.366
77.295
76.337
74.915
80.737
83.112
84.476
81.917
84.322
88.678
88.161
89.240
91.534
90.731
90.144
90.922
90.268
90.212
91.346
92.662
91.658
91.137
92.217
92.594
91.187
92.021
92.504
91.464
89.342
89.928
90.100
86.170
83.165
84.499
84.413
78.102
74.693
76.938
74.863
64.913
62.593
58.812
52.465
