43.682
51.782
54.897
56.116
56.916
58.293
56.943
55.116
60.751
57.220
58.333
48.581
50.659
54.877
54.132
49.099
53.804
60.750
63.001
67.120
68.737
67.662
70.079
73.438
70.743
72.757
75.767
75.846
72.422
75.747
78.176
78.692
81.480
84.331
88.143
86.654
88.447
91.397
90.807
92.436
93.211
92.540
91.895
93.170
91.772
92.210
93.314
94.133
92.341
91.994
93.857
94.130
93.307
94.113
94.501
94.144
93.301
93.219
92.809
90.815
88.676
88.376
87.811
84.231
81.155
82.480
80.991
78.345
75.624
74.908
75.002
72.956
69.795
70.318
69.564
67.156
67.457
67.113
66.545
64.739
71.013
73.377
76.367
75.819
79.381
79.175
81.659
81.347
77.577
80.819
78.160
82.888
75.091
81.838
86.196
86.752
87.876
87.227
87.418
84.915
84.965
82.130
82.185
80.393
79.822
76.452
73.732
74.239
75.255
79.325
81.674
81.903
83.685
83.666
86.257
86.330
88.788
87.312
88.923
85.717
83.969
83.403
80.246
81.874
85.500
87.002
87.420
89.425
88.730
86.025
85.704
80.727
76.159
80.333
82.438
87.486
85.307
87.819
86.983
85.553
86.826
89.303
87.564
87.222
90.511
89.853
88.147
89.664
91.068
90.473
88.784
88.858
91.351
92.527
93.068
90.292
90.847
91.176
88.436
86.452
86.136
84.392
80.796
78.851
77.971
73.635
63.624
53.049
48.208
37.132
37.588
42.235
36.436
36.628
35.842
38.562
44.702
33.341
43.597
44.138
39.828
34.306
34.592
33.856
38.439
29.652
28.420
27.266
24.722
