36.949
38.508
39.512
36.164
33.276
36.953
35.803
35.104
36.424
35.468
40.217
42.790
51.518
56.105
75.878
83.362
86.242
88.726
88.782
87.055
87.655
89.994
88.116
86.612
89.265
89.748
87.267
85.850
87.639
86.913
84.147
83.919
85.298
85.167
82.415
83.390
84.998
83.016
80.551
81.267
84.267
85.043
84.066
83.157
85.799
83.680
86.425
86.085
87.314
86.961
87.661
86.783
86.826
85.926
86.654
85.905
84.484
83.279
86.265
86.713
85.283
89.405
90.457
91.296
88.563
88.889
91.732
92.205
91.619
92.222
92.626
92.330
91.777
90.133
89.620
90.342
91.661
90.426
88.657
90.128
91.057
90.387
90.988
90.981
91.061
90.319
90.761
90.750
89.259
88.332
88.768
89.055
86.027
85.411
85.376
85.829
83.438
82.907
80.362
80.863
83.153
82.477
81.120
84.562
85.036
83.734
84.407
80.953
78.299
80.620
83.546
83.545
85.446
86.531
86.911
87.536
85.387
83.947
83.498
79.679
85.258
73.225
83.273
90.074
91.173
91.999
93.173
93.328
92.221
91.664
89.613
88.121
87.418
85.706
83.287
79.324
81.241
82.125
85.569
86.401
88.178
90.206
90.897
92.556
93.093
93.784
94.001
93.644
92.309
90.324
88.861
87.643
91.504
93.261
93.171
93.399
93.278
92.819
91.601
91.280
87.365
82.620
86.505
88.023
91.689
90.264
91.660
90.864
90.024
90.867
91.859
90.759
89.793
91.577
91.186
89.850
90.206
89.530
88.895
88.327
86.949
84.753
84.903
84.763
86.354
86.437
86.965
84.998
81.130
