45.481
56.653
62.821
80.875
86.924
88.760
89.714
89.603
88.542
89.504
91.407
90.781
89.698
91.101
91.629
91.150
89.873
89.832
89.433
88.559
87.668
87.612
88.278
87.287
87.176
87.141
86.665
85.140
84.305
85.338
83.746
81.529
79.511
81.063
77.770
80.682
78.560
81.323
84.141
83.627
82.566
84.761
85.802
84.529
84.277
85.348
85.265
85.986
85.360
85.468
89.457
89.900
90.935
87.713
89.001
91.926
92.373
92.631
93.199
93.356
93.414
93.748
92.190
91.871
93.161
93.804
92.215
91.269
93.559
93.846
92.746
93.581
94.048
93.573
92.749
93.022
93.438
90.941
89.239
90.468
90.039
85.501
84.607
85.587
83.981
80.456
79.841
77.080
77.458
78.960
75.815
77.139
81.776
80.955
81.275
85.104
83.392
83.509
85.678
87.908
89.507
90.488
91.764
91.784
91.783
89.030
86.127
83.803
79.331
84.824
73.260
82.351
89.697
90.685
91.607
93.344
93.498
93.425
93.228
92.331
91.589
90.232
90.061
85.503
81.590
81.420
83.019
86.249
88.703
88.648
90.803
91.359
92.698
93.249
93.605
93.894
93.497
92.172
90.278
88.708
87.387
91.634
93.432
93.006
93.185
92.979
92.513
91.280
91.088
87.475
83.322
86.675
87.839
91.482
89.588
91.413
91.106
90.391
90.967
92.834
91.885
90.948
93.266
93.314
91.578
92.312
93.207
92.081
90.907
91.014
91.969
92.758
93.270
92.384
93.218
93.030
91.427
90.573
90.135
88.869
86.607
83.576
83.422
79.862
76.324
65.659
61.458
48.779
46.281
