78.544
79.892
85.277
87.151
90.739
88.479
92.363
91.180
86.968
85.372
89.074
85.341
83.652
81.331
84.938
82.582
79.297
79.271
80.679
78.276
75.160
74.938
74.497
72.489
68.549
65.523
67.954
65.603
62.925
65.833
69.222
66.283
65.251
76.574
76.818
79.575
79.243
79.696
80.246
81.150
81.304
78.952
81.524
81.466
83.510
75.954
80.838
83.894
84.707
86.042
84.351
85.657
83.285
85.222
83.373
84.461
82.989
84.469
84.075
81.740
84.880
83.818
87.308
89.291
85.249
87.426
84.342
86.506
83.532
84.100
81.940
81.038
80.065
76.619
74.016
70.635
73.046
78.879
76.806
80.003
79.431
83.016
83.683
85.363
82.665
79.597
82.706
81.261
85.983
81.480
81.912
80.308
79.675
82.212
81.797
77.624
80.493
84.554
83.243
81.911
87.018
87.777
87.221
88.663
90.668
91.566
91.165
93.844
91.872
89.036
91.409
93.226
88.858
87.448
90.502
88.968
84.421
84.784
85.292
81.395
74.827
72.852
68.701
59.123
53.228
50.530
48.382
51.329
43.876
43.898
42.147
33.077
38.360
35.260
33.849
35.180
33.038
31.622
32.850
32.421
33.614
34.858
36.659
39.063
36.372
39.999
41.391
42.467
40.990
43.397
45.422
44.156
42.126
44.492
41.530
44.361
46.073
44.887
43.463
44.078
45.421
45.472
43.800
43.445
43.255
42.526
37.146
42.114
41.908
37.445
31.542
38.686
36.044
35.099
31.729
44.650
38.974
48.983
45.881
50.699
54.133
47.273
61.819
48.361
52.674
59.321
52.673
47.046
44.364
