65.091
55.640
56.248
51.901
50.010
61.084
64.863
73.125
77.613
81.735
84.947
88.705
89.590
91.305
90.746
90.116
88.499
85.125
81.286
79.893
83.809
87.146
88.543
89.988
90.280
90.547
88.918
87.862
81.989
74.215
79.468
82.843
88.579
87.835
89.851
87.550
86.296
88.649
90.020
87.086
86.373
91.427
91.176
88.661
89.810
92.165
90.633
89.603
89.360
90.346
91.585
91.364
89.534
90.951
90.407
87.446
85.624
86.270
83.701
79.144
75.185
74.198
56.900
46.516
47.535
45.085
46.490
41.475
44.744
43.596
45.046
52.941
49.160
51.753
53.032
55.707
75.145
83.330
86.371
86.593
85.607
86.393
87.543
87.221
85.834
85.647
86.615
85.981
85.313
85.953
86.145
86.579
86.830
86.486
85.557
86.340
87.085
88.620
88.185
86.221
85.197
86.406
82.768
84.291
80.679
80.888
84.364
84.462
81.631
82.018
84.109
83.316
81.098
80.102
81.248
83.806
82.404
80.202
84.386
86.250
86.780
85.563
86.696
89.875
90.700
91.527
92.805
91.881
91.689
92.471
90.956
91.227
92.216
93.465
92.317
91.885
92.962
93.292
91.381
91.908
92.921
91.665
88.922
89.800
90.960
87.871
84.889
87.043
88.087
83.925
82.202
83.641
83.853
80.964
79.138
77.835
78.768
80.315
78.282
78.310
82.128
82.989
80.048
81.719
78.108
74.426
77.017
78.708
80.718
83.891
85.073
86.385
85.118
84.156
84.245
82.273
78.079
80.764
73.917
78.574
84.553
84.418
86.672
87.956
87.791
87.257
87.050
84.587
77.862
