44.751
54.309
62.128
74.426
82.412
84.432
86.191
88.768
91.033
91.456
92.287
91.429
90.253
88.673
85.191
81.206
79.874
84.109
87.702
88.554
90.682
90.987
91.685
90.585
89.804
84.734
75.701
80.355
83.903
89.650
88.969
90.496
88.298
87.079
89.279
90.432
87.546
86.740
91.562
91.230
88.617
89.567
92.231
90.650
89.354
89.181
90.072
91.522
90.742
89.087
90.695
90.055
86.838
85.204
85.954
83.338
78.432
73.990
73.088
54.826
45.054
45.829
43.023
43.653
40.124
41.981
41.757
42.981
49.523
46.571
50.408
55.561
56.086
74.134
83.637
86.921
87.316
85.855
86.880
88.881
88.432
86.666
86.707
88.297
87.426
86.269
87.331
88.241
88.232
87.792
88.713
87.766
87.600
88.221
89.954
89.061
87.857
87.624
88.231
84.409
85.240
81.659
81.304
84.707
85.489
82.307
82.374
84.810
84.271
81.737
80.488
81.845
84.678
83.319
80.581
85.025
87.118
87.380
86.368
86.863
90.196
91.230
91.884
92.942
92.358
92.188
92.770
91.347
91.387
92.531
93.648
92.535
92.001
93.034
93.036
90.882
91.376
92.694
91.310
88.381
89.433
90.818
87.839
85.003
87.255
88.581
84.612
82.989
84.531
85.124
82.363
80.375
79.160
80.542
83.072
81.953
81.657
85.685
86.838
85.200
86.726
84.336
82.629
84.353
86.094
86.641
89.500
90.150
90.769
89.293
86.987
85.034
80.537
77.890
81.487
73.928
78.585
85.554
85.909
87.881
89.580
90.089
90.388
90.783
89.818
88.254
87.519
85.206
77.487
