56.114
75.277
86.377
86.621
88.062
87.694
89.180
87.724
88.706
86.974
85.649
78.907
76.241
79.192
81.411
85.437
85.023
86.641
87.924
88.810
89.170
89.521
89.193
88.982
87.368
85.170
82.908
81.745
85.203
87.302
87.767
89.379
89.232
88.886
88.275
87.424
83.665
75.369
77.929
81.620
87.320
86.651
87.823
84.937
84.463
87.130
88.577
85.654
84.969
90.055
89.638
87.422
88.244
91.173
89.732
88.458
88.237
89.111
90.851
90.399
88.568
89.683
89.638
86.627
83.958
84.523
82.399
77.784
72.332
70.221
52.593
45.495
46.244
42.385
40.666
38.279
39.297
44.034
48.791
54.487
59.163
56.997
67.713
65.852
75.721
82.284
84.125
84.644
84.376
85.247
86.870
87.369
85.753
85.074
86.791
86.348
83.743
84.710
86.483
86.023
83.862
85.384
85.356
84.061
83.209
85.722
84.541
82.585
81.263
82.821
78.082
81.175
75.907
77.386
80.515
80.781
77.610
78.372
80.500
80.253
77.543
76.491
77.530
80.897
78.573
76.980
82.781
84.517
85.203
82.742
84.653
88.926
89.177
90.201
91.942
90.761
90.611
91.444
90.059
89.994
91.717
92.793
91.816
91.290
92.325
92.772
91.271
91.926
92.475
91.290
88.866
89.714
90.294
86.439
83.722
86.146
86.375
81.123
79.814
81.363
80.595
77.244
75.901
72.021
74.181
74.635
73.105
75.596
80.184
79.978
80.923
83.691
82.960
81.007
84.764
85.819
86.973
88.767
87.926
86.348
82.708
72.934
61.993
53.345
48.026
43.994
44.360
37.354
34.248
