56.360
63.527
58.391
61.895
65.372
66.628
64.195
59.667
66.497
65.425
71.163
73.540
76.629
76.436
77.153
80.256
80.788
77.187
82.363
85.057
87.396
89.082
91.375
91.619
91.575
89.729
86.227
82.017
80.810
85.036
76.954
83.671
89.272
90.037
90.450
91.799
91.422
91.903
91.601
90.860
89.864
88.766
87.982
84.290
79.657
76.538
79.137
82.351
86.485
85.957
88.460
88.759
90.231
90.318
90.531
91.068
91.035
90.715
87.476
85.030
83.131
87.757
89.873
88.254
88.575
87.010
86.632
85.784
86.130
82.091
76.334
79.009
79.830
84.903
81.274
82.346
81.121
77.405
79.244
81.437
79.393
75.969
81.476
83.299
82.267
81.128
84.535
85.945
85.481
81.865
83.002
82.975
82.763
81.617
81.198
80.191
77.817
73.447
71.423
68.503
61.003
50.216
49.433
39.718
38.501
40.624
36.873
38.211
35.964
37.959
41.631
47.458
61.140
73.106
73.460
79.346
76.647
82.964
87.851
89.022
89.349
85.929
87.109
88.342
87.327
84.347
84.201
85.173
83.478
80.637
81.987
83.037
80.859
78.853
80.758
80.185
78.151
77.152
80.097
79.390
78.656
77.409
79.503
75.134
78.490
74.899
75.877
77.450
78.533
75.769
75.215
77.308
77.779
75.683
74.243
75.826
78.844
76.975
75.647
81.465
82.402
82.600
78.314
79.452
83.663
82.492
79.993
83.048
84.376
82.237
81.096
83.344
83.164
83.374
83.720
84.828
85.072
85.350
85.733
84.944
85.592
84.260
82.715
80.709
81.136
79.967
72.882
71.912
64.787
