37.775
40.963
41.331
42.820
45.967
45.538
54.704
57.496
77.788
85.202
87.543
89.458
89.525
88.057
88.981
91.113
89.861
88.239
90.617
91.185
89.549
87.950
89.279
88.692
86.407
85.928
87.426
87.464
85.280
86.466
88.045
86.029
84.515
86.800
89.094
90.725
89.348
88.176
90.029
87.658
90.361
88.825
89.333
90.833
90.809
89.651
89.983
89.616
89.690
89.086
87.537
86.174
88.602
89.821
88.022
91.142
92.591
93.381
92.397
91.832
93.762
94.425
94.390
94.353
94.410
94.496
94.525
92.796
92.392
93.433
94.230
92.615
91.664
93.906
94.250
93.555
94.357
94.687
94.572
94.057
94.068
94.516
93.468
92.460
93.079
93.000
90.790
90.244
90.395
90.074
88.572
87.364
85.288
85.087
87.515
86.060
84.555
87.196
87.863
86.508
87.080
83.420
81.757
83.372
86.168
86.842
88.665
89.732
90.209
91.063
88.532
86.226
84.037
79.845
85.397
73.816
83.493
90.092
91.328
92.200
93.682
93.869
93.488
93.240
91.845
90.817
89.656
88.803
84.825
80.601
82.030
82.956
86.513
88.456
89.219
91.069
92.077
93.413
94.098
94.386
94.534
94.085
92.698
90.875
89.428
88.371
92.054
93.836
94.023
94.544
94.621
94.136
92.995
92.454
88.536
83.671
87.320
88.970
92.927
92.208
93.412
92.608
91.973
92.890
93.757
92.698
92.226
94.121
93.832
92.261
92.912
93.636
92.403
91.251
91.554
92.383
93.304
93.721
92.972
93.965
94.025
93.163
92.468
92.763
92.050
90.381
87.211
87.295
79.317
