58.687
72.907
75.642
79.342
82.802
82.321
86.011
88.683
87.107
85.393
89.137
88.135
89.134
90.527
92.105
90.336
90.196
91.699
92.291
91.075
92.154
92.738
91.819
90.364
90.657
89.032
86.024
83.009
83.688
81.601
77.900
75.586
74.888
72.233
70.028
64.994
61.535
60.381
57.056
53.896
53.300
49.664
51.910
51.499
51.851
54.061
56.349
64.025
65.621
70.691
69.749
72.932
73.424
73.841
74.073
70.945
72.665
72.447
75.357
67.607
73.765
78.017
80.348
82.274
80.604
81.036
78.918
78.334
76.129
74.850
71.921
71.401
68.659
67.164
65.468
65.449
68.873
74.038
72.551
75.576
75.236
79.840
79.439
81.466
80.031
80.067
78.291
74.049
72.271
68.855
69.715
75.511
75.454
77.709
78.428
79.311
77.758
77.208
68.523
62.992
66.094
67.164
77.159
76.209
79.171
77.327
74.625
77.853
82.173
76.849
77.225
84.373
84.405
81.339
83.760
87.367
87.330
85.102
84.560
88.757
90.584
91.460
87.563
85.868
88.636
85.629
80.801
80.690
81.252
76.719
72.372
72.770
70.175
56.651
45.848
42.417
37.074
36.501
38.520
35.277
35.056
34.597
35.260
41.619
32.689
43.412
37.708
37.932
34.734
35.391
33.252
36.960
35.975
40.745
37.583
36.297
44.094
45.673
42.233
43.666
46.008
46.866
41.828
45.000
44.616
42.807
36.973
39.086
36.071
36.764
39.045
33.484
35.098
36.083
32.719
34.744
34.040
33.844
32.537
28.713
29.396
30.230
25.981
25.351
25.404
27.040
27.581
25.188
20.223
