48.079
53.206
67.279
79.420
86.843
87.225
88.556
88.234
89.472
88.078
89.202
87.500
85.942
79.195
76.686
79.455
82.006
85.914
85.754
87.112
88.712
89.110
89.763
89.593
89.730
89.326
87.937
86.141
84.468
84.583
87.259
88.616
88.956
90.211
89.548
89.132
88.726
87.683
84.815
76.269
79.337
82.717
87.792
87.400
88.327
85.872
85.412
87.877
89.135
86.686
85.991
90.613
90.355
88.103
88.930
91.647
90.293
88.984
88.736
89.773
91.301
90.922
88.848
90.174
89.956
86.809
84.341
84.790
82.426
77.102
71.309
68.812
52.747
46.188
47.439
42.309
41.707
39.489
40.972
47.124
53.330
62.865
71.869
70.210
76.846
75.358
79.795
84.824
86.329
86.218
86.059
87.099
88.218
88.477
87.290
86.460
87.575
87.133
84.620
85.404
86.893
86.262
84.087
85.721
85.366
84.099
83.498
85.921
84.942
83.515
82.265
83.377
78.869
81.511
76.792
77.531
80.714
81.328
78.318
78.784
80.858
80.937
78.167
77.102
78.440
81.668
79.705
78.439
84.020
85.495
86.406
83.844
85.546
89.333
89.754
90.666
92.287
91.057
90.980
91.913
90.692
90.728
92.281
93.182
92.312
91.813
92.858
93.394
91.961
92.568
93.065
91.943
89.649
90.289
90.857
87.078
84.329
86.537
86.795
81.829
80.322
81.718
81.233
77.844
76.210
72.643
75.083
75.807
74.016
76.366
80.951
81.086
81.570
84.204
83.326
81.473
84.828
86.281
87.386
89.222
88.191
86.721
83.374
72.623
62.268
50.445
44.559
40.850
33.188
