42.013
58.443
65.553
68.622
62.538
73.973
74.733
75.258
71.300
76.755
76.443
79.251
76.187
76.952
79.182
81.733
75.320
73.267
77.476
75.471
69.073
69.051
69.874
64.417
59.942
59.707
57.391
51.701
48.274
43.783
39.136
34.412
36.976
35.475
34.668
38.509
39.632
47.510
53.444
66.667
78.353
82.702
85.771
86.489
86.080
87.747
90.188
88.425
85.990
88.914
89.771
86.804
85.068
86.585
86.601
82.589
81.575
84.211
84.162
80.111
80.869
84.106
81.090
77.439
79.224
79.230
80.743
83.208
81.437
82.123
79.806
81.914
80.596
80.635
81.298
83.498
81.763
80.822
82.105
83.459
81.530
79.660
79.940
83.815
82.609
82.005
86.086
86.726
87.228
82.727
82.615
86.077
85.298
84.908
86.511
84.974
82.394
86.267
84.308
85.579
87.273
88.635
89.184
89.541
88.500
89.626
89.011
88.955
88.712
88.397
86.136
86.211
85.088
83.231
81.558
81.470
80.488
79.753
79.213
79.167
78.208
77.984
76.626
74.570
76.883
79.613
78.958
78.662
83.513
83.719
82.326
84.017
80.987
74.925
80.285
82.983
84.090
86.328
87.910
88.712
89.086
86.187
84.266
81.401
78.332
83.924
74.017
83.203
88.825
89.577
89.778
91.473
90.940
91.366
90.608
89.283
88.049
87.882
85.436
83.366
76.768
78.232
80.095
82.579
85.013
85.773
87.810
88.348
89.414
90.213
90.329
91.899
91.655
90.877
88.263
86.804
86.005
89.750
92.207
91.233
90.210
88.089
85.515
84.417
83.639
81.131
76.982
54.266
39.314
