51.543
57.810
59.633
61.117
60.808
59.733
57.486
62.803
59.283
59.093
50.274
50.610
57.288
55.840
52.223
55.028
63.414
63.612
68.404
70.633
70.062
71.091
74.815
73.019
74.720
77.597
77.410
74.805
77.554
79.651
79.853
83.100
85.455
88.824
87.271
88.926
91.919
91.296
92.775
93.547
92.858
92.092
93.414
92.150
92.512
93.597
94.389
92.664
92.197
94.184
94.449
93.670
94.418
94.717
94.467
93.737
93.512
93.108
91.339
89.086
88.703
88.113
84.691
81.591
82.490
81.181
78.847
75.740
75.181
75.493
73.253
70.029
71.053
70.753
67.715
68.837
69.021
69.247
68.235
73.772
75.670
78.627
78.339
81.740
82.081
84.000
83.378
80.341
82.775
80.439
85.034
78.340
84.554
87.903
88.507
89.279
88.704
88.701
86.625
86.522
83.689
83.418
81.655
80.967
77.026
74.272
74.600
75.238
79.403
82.144
82.182
84.320
84.549
87.069
87.385
89.718
88.604
89.966
87.281
85.437
85.056
81.923
83.739
87.225
88.231
88.352
90.122
89.211
86.266
85.833
80.848
75.868
80.258
82.256
87.433
85.220
87.849
86.841
85.016
86.553
89.285
87.399
86.872
90.367
89.646
88.105
89.525
90.998
90.311
88.624
88.494
91.373
92.765
93.154
90.329
90.918
91.199
88.398
86.425
86.018
84.540
80.672
78.494
78.335
74.076
64.313
53.960
48.803
38.291
37.808
41.946
36.931
37.196
36.068
38.146
44.709
34.243
44.821
43.216
39.124
33.591
32.423
31.972
34.738
29.186
31.554
26.940
24.460
26.623
