69.925
81.980
84.023
85.814
88.635
90.962
91.420
92.279
91.604
90.291
88.827
85.422
81.423
80.426
84.269
87.642
88.517
90.707
90.697
91.550
90.303
89.838
84.712
76.441
80.582
83.583
89.426
88.770
90.094
87.971
86.827
89.077
90.221
87.365
86.576
91.507
91.166
88.502
89.478
92.273
90.652
89.347
89.198
89.946
91.594
90.774
88.893
90.715
89.972
86.612
84.968
85.757
83.039
77.614
72.818
72.013
53.711
44.216
45.717
43.003
44.304
39.863
43.095
42.090
43.121
48.651
45.977
49.937
56.462
55.773
74.755
83.958
87.232
87.668
86.170
87.044
89.033
88.746
86.936
86.786
88.296
87.734
86.521
87.461
88.253
88.299
87.905
88.831
87.254
86.832
88.149
89.599
89.366
87.792
86.972
87.680
84.205
85.468
81.648
81.362
84.883
85.534
82.253
82.376
84.943
84.239
81.741
80.475
82.015
84.655
83.028
80.489
84.944
86.847
87.061
85.516
86.299
89.894
90.979
91.601
92.845
92.206
92.092
92.710
91.475
91.524
92.681
93.806
92.687
92.228
93.147
93.195
91.091
91.431
92.689
91.266
88.249
89.293
90.608
87.449
84.667
86.954
88.217
84.121
82.600
84.229
84.611
81.849
79.976
78.581
80.171
82.717
81.527
81.486
85.637
86.290
84.482
86.452
84.327
82.936
84.313
86.341
86.570
89.679
90.224
90.940
89.763
87.179
85.455
81.607
78.265
81.744
74.476
79.117
85.687
86.097
88.016
89.594
90.254
90.468
90.863
89.808
88.429
87.599
85.733
81.116
67.490
53.374
42.580
