42.141
43.986
50.070
49.356
49.055
49.175
46.034
50.437
48.496
49.375
46.087
52.299
59.526
55.780
48.308
49.908
50.601
50.791
48.693
47.958
44.369
45.868
43.803
40.139
41.179
35.764
38.224
39.011
38.627
41.388
44.432
54.587
57.446
74.976
81.736
85.106
87.345
87.881
85.951
86.774
88.469
86.565
85.043
87.738
88.036
85.651
84.711
85.567
85.331
83.085
83.100
83.459
84.200
82.041
82.680
83.835
82.997
81.686
82.820
86.175
86.593
84.529
84.314
86.784
83.294
86.406
84.493
85.983
85.922
84.887
83.355
84.662
83.750
83.310
82.426
82.073
80.927
82.712
81.850
81.361
85.668
85.767
86.088
81.192
80.807
84.798
83.897
82.706
84.153
83.267
80.159
81.167
81.429
80.803
82.162
84.391
85.300
86.105
84.912
86.559
86.270
86.908
85.895
85.103
83.894
84.420
82.891
80.317
80.472
80.571
79.933
77.941
78.557
77.527
78.088
77.560
76.247
73.783
76.168
78.831
78.370
77.996
81.429
83.062
81.548
82.497
80.081
76.521
78.858
80.746
80.762
82.837
83.300
83.132
83.487
81.706
79.955
79.148
76.575
83.700
72.905
83.006
88.704
89.914
90.289
90.780
90.427
88.982
86.993
85.150
83.751
83.239
81.470
79.985
75.834
76.172
75.889
78.485
80.584
82.036
84.645
85.957
87.922
89.467
90.365
91.542
91.819
91.060
88.065
87.465
86.326
89.876
91.957
90.642
89.922
88.670
87.426
85.286
84.746
79.274
72.823
73.911
78.107
76.476
78.583
77.562
75.226
68.278
59.756
