79.084
81.814
86.891
89.887
90.450
91.568
91.150
90.038
88.581
85.423
81.055
80.116
84.022
87.116
88.284
90.336
89.974
90.787
89.649
88.814
84.061
75.750
79.505
82.919
88.482
88.083
89.220
86.991
86.155
88.380
89.572
86.638
85.678
91.040
90.562
87.836
88.857
91.846
90.151
88.913
88.798
89.598
91.202
90.590
88.593
90.436
89.882
86.281
84.368
85.400
82.847
77.319
72.595
71.873
54.276
44.815
45.862
43.192
43.659
39.841
41.776
40.427
41.608
48.005
46.081
49.993
58.141
53.569
73.379
82.991
86.453
86.788
85.467
86.280
88.304
88.116
86.467
86.245
87.833
87.361
86.244
87.172
87.785
88.093
87.723
88.297
86.723
86.307
87.749
88.613
88.961
87.176
85.630
86.600
83.692
85.010
81.207
81.192
84.667
85.159
81.848
82.221
84.605
83.864
81.360
80.248
81.668
84.231
82.426
79.907
84.463
86.328
86.576
85.209
86.098
89.457
90.561
91.248
92.527
91.648
91.498
92.239
90.962
91.060
92.328
93.460
92.313
91.861
92.777
92.940
90.962
91.511
92.642
91.199
88.424
89.492
90.569
87.295
84.686
86.740
87.867
83.575
82.222
83.780
84.025
81.261
79.281
77.610
79.490
81.858
80.473
80.892
85.106
85.216
83.068
85.523
82.566
81.588
82.286
84.797
85.425
88.593
88.953
89.893
88.451
86.179
84.194
80.379
77.757
81.577
74.556
79.117
85.451
85.938
87.698
89.026
89.426
89.528
89.771
88.311
86.774
85.455
82.356
77.556
63.520
55.747
47.506
41.938
44.459
