52.372
61.758
63.974
65.322
72.493
76.492
79.680
76.725
82.591
84.856
87.515
89.109
91.433
91.712
91.492
89.938
87.068
82.987
81.432
85.668
78.504
84.111
89.370
89.886
90.712
91.913
91.566
91.777
91.627
90.588
89.598
88.323
87.956
84.781
80.401
77.902
80.097
82.957
86.451
85.925
88.402
88.661
90.477
90.590
91.227
91.078
91.063
90.417
87.366
84.953
82.533
86.408
89.037
88.106
89.023
89.176
88.526
87.146
87.442
82.871
75.805
80.386
82.397
87.267
84.694
86.556
84.919
83.234
85.362
87.529
85.189
84.016
89.018
89.489
87.554
88.011
90.993
90.150
88.980
88.254
89.853
90.959
90.725
88.361
88.967
88.761
85.809
83.130
82.869
80.658
76.391
70.009
66.922
48.949
43.160
44.033
42.118
40.989
37.189
37.507
43.500
45.519
52.177
56.549
56.436
71.058
67.264
78.489
85.211
86.765
87.876
85.422
84.969
86.693
86.392
83.613
82.381
84.121
83.490
79.959
80.267
81.886
81.032
77.664
78.768
79.387
77.209
74.995
76.107
75.686
73.429
72.219
74.167
68.294
74.625
67.984
71.499
74.305
73.634
71.249
72.663
74.706
75.312
73.231
72.346
73.417
77.237
76.347
75.222
81.053
83.074
84.665
81.832
84.512
88.950
88.115
89.341
91.696
90.829
90.062
90.966
90.307
90.249
91.386
92.748
91.788
91.178
92.318
92.754
91.437
92.240
92.648
91.683
89.636
90.116
90.228
86.367
83.697
84.798
84.607
78.871
75.838
77.712
75.970
68.751
66.599
63.008
58.833
49.746
