38.855
37.764
37.565
37.696
36.292
32.908
37.128
34.543
34.889
36.621
35.720
40.781
43.057
51.857
56.205
75.647
83.207
86.134
88.680
88.634
86.899
87.556
89.909
88.033
86.474
89.249
89.742
87.121
85.806
87.720
87.000
84.156
83.994
85.337
85.224
82.536
83.441
85.045
82.985
80.623
81.619
84.705
85.755
84.851
84.393
86.968
84.852
87.489
87.388
88.063
87.495
88.478
87.492
87.208
86.153
87.116
86.447
84.678
83.166
86.465
87.590
85.786
89.684
91.025
91.696
89.473
88.963
91.755
92.023
90.770
91.325
91.830
91.024
89.395
87.979
86.697
86.703
89.641
88.583
85.881
86.738
88.044
88.186
88.173
87.395
88.458
87.867
87.621
87.457
87.323
86.280
85.688
87.439
85.774
85.015
84.788
86.141
84.546
83.638
81.493
82.276
84.879
84.154
82.408
85.310
85.973
84.502
84.817
80.997
78.262
80.743
83.419
83.312
85.328
86.544
86.831
87.512
85.473
83.769
83.142
79.338
85.108
73.187
83.120
89.910
91.136
92.006
93.149
93.344
92.194
91.558
89.554
87.967
87.425
85.549
83.193
79.080
81.183
81.952
85.566
86.411
88.213
90.213
90.934
92.602
93.200
93.876
94.076
93.713
92.279
90.317
88.767
87.727
91.453
93.296
93.347
93.684
93.527
93.057
91.769
91.381
87.485
82.510
86.352
87.884
91.644
90.137
91.322
90.199
89.012
89.487
90.037
88.360
86.948
87.991
87.336
86.205
85.380
83.326
83.696
83.273
80.256
75.973
76.319
73.164
77.393
76.946
78.959
70.300
