44.312
50.646
55.142
56.663
55.691
59.238
60.230
58.910
58.037
62.499
59.370
60.559
51.121
55.352
60.282
56.207
53.229
57.051
65.187
66.783
70.718
71.478
70.709
73.014
75.994
73.296
75.226
78.059
77.433
74.453
77.008
79.731
79.559
81.801
85.073
88.752
87.605
89.071
91.853
91.483
93.006
93.583
92.989
92.564
93.676
92.216
92.496
93.731
94.451
92.696
92.322
94.149
94.416
93.519
94.356
94.755
94.412
93.616
93.571
93.378
91.586
89.509
89.394
88.978
85.490
82.580
83.592
82.254
79.946
77.282
76.625
76.695
75.140
72.089
72.357
72.175
69.358
69.584
69.311
68.263
66.593
72.313
74.489
77.298
76.088
80.438
79.586
82.362
81.499
77.802
81.012
77.749
82.356
74.777
81.088
85.183
85.831
87.493
86.912
87.312
84.966
85.145
82.646
83.026
81.073
80.847
77.231
75.024
75.295
76.395
80.241
82.618
82.635
84.421
84.091
86.521
86.490
88.867
87.271
88.468
85.386
83.689
83.180
79.795
81.399
85.282
86.977
87.643
89.960
89.293
86.564
86.452
81.708
77.472
81.182
83.441
88.174
86.205
88.688
87.927
86.577
87.836
90.248
88.632
88.034
91.256
90.698
89.098
90.420
91.837
91.048
89.498
89.564
91.884
93.078
93.470
90.930
91.637
91.847
89.322
87.528
87.222
85.583
81.927
79.875
79.474
75.190
65.981
55.284
50.186
39.105
38.510
43.159
37.084
37.477
36.177
38.829
45.287
33.509
44.927
45.651
40.605
34.724
34.842
33.298
38.850
28.610
29.728
31.167
