44.233
61.932
73.538
75.196
72.828
76.676
81.514
82.353
86.831
86.022
88.909
86.840
80.807
82.326
84.921
79.589
74.796
74.388
77.604
72.800
69.367
68.906
70.028
65.692
63.160
61.096
56.089
55.067
51.330
51.679
52.599
50.012
50.369
54.379
56.350
55.100
53.582
66.625
69.110
73.783
73.895
76.018
77.582
76.809
76.618
74.592
75.645
74.120
75.966
67.414
74.003
77.032
77.515
79.523
80.303
80.783
81.004
80.576
79.704
78.564
77.772
75.291
75.128
72.361
68.252
71.032
73.110
77.941
77.956
79.339
79.238
80.982
80.389
78.867
78.809
75.371
75.501
68.922
67.923
63.798
68.349
71.982
73.522
74.400
71.185
75.682
78.379
78.829
74.258
68.476
69.707
71.531
75.358
73.890
73.080
67.796
70.084
72.254
72.007
69.469
71.447
76.960
77.072
77.527
79.738
81.529
83.057
83.161
82.597
83.539
84.673
87.471
85.616
82.641
84.468
84.981
80.939
79.138
80.421
78.706
72.760
72.763
69.950
59.150
47.037
44.411
39.739
38.541
39.411
34.481
31.533
32.287
31.662
34.311
28.623
32.421
32.259
33.282
33.297
34.729
31.014
31.179
32.757
33.864
34.221
38.988
40.341
39.729
39.032
44.362
42.357
44.881
44.293
45.076
46.030
45.354
39.956
40.797
41.977
41.332
40.879
36.968
41.651
44.586
48.964
48.574
42.535
48.117
49.673
47.509
44.112
47.896
47.941
43.824
37.546
40.357
34.583
29.242
28.989
35.034
26.373
25.614
28.168
26.648
20.719
23.353
27.309
20.070
20.081
