31.985
31.093
34.676
36.714
31.796
29.114
44.151
44.295
50.410
56.285
66.016
64.421
65.172
66.184
67.540
70.626
71.696
67.642
70.841
74.332
75.157
71.689
72.569
74.941
74.069
68.284
68.966
70.754
65.813
63.354
64.082
60.576
56.786
54.805
49.928
42.398
38.548
42.387
38.251
35.500
39.714
41.716
52.047
55.791
74.595
82.546
85.401
87.970
88.242
85.899
86.702
88.519
86.529
84.956
88.049
88.736
85.799
85.157
86.686
86.344
83.049
83.138
84.538
84.694
81.747
82.428
84.006
82.209
80.243
81.176
83.927
84.912
83.577
82.679
85.262
82.178
85.247
84.037
85.084
84.876
85.177
83.559
84.268
83.974
84.173
82.999
82.781
82.507
84.063
83.293
83.160
86.847
86.693
86.889
82.442
82.154
85.047
84.888
85.390
85.778
84.721
84.186
86.041
85.211
86.919
87.103
88.526
88.944
89.597
88.402
89.637
88.419
89.644
88.958
88.021
86.943
87.919
86.659
83.755
83.379
83.968
82.866
79.908
80.832
80.591
79.449
78.805
78.405
76.339
77.797
80.022
79.528
79.007
82.994
83.465
82.065
83.240
80.175
75.397
78.527
80.139
81.723
83.480
83.972
83.725
84.736
81.427
79.182
77.666
75.858
82.328
70.403
80.773
87.495
89.175
89.393
90.188
90.529
89.194
87.783
86.201
84.644
84.833
82.517
81.252
76.270
73.605
76.744
81.278
81.708
84.527
86.830
87.181
88.482
89.704
90.787
91.498
91.596
90.674
88.265
87.419
86.489
90.184
92.072
91.091
90.261
87.792
84.811
80.706
