54.321
57.500
61.831
63.304
66.437
67.345
67.364
70.491
73.069
71.666
69.525
74.282
76.798
75.644
79.999
83.366
86.981
86.232
88.457
91.472
90.537
92.311
93.465
92.488
91.346
93.343
92.071
92.558
93.629
94.577
92.828
92.174
94.060
94.413
93.668
94.417
94.779
94.475
93.545
93.453
93.112
90.764
88.444
88.420
87.095
83.747
81.199
80.863
79.409
77.812
74.094
72.022
71.406
70.557
66.418
65.737
65.584
64.842
63.191
64.724
63.064
62.286
70.372
71.826
75.035
75.373
78.012
78.553
79.749
79.447
77.673
77.063
76.583
80.103
73.341
78.474
82.279
84.105
86.195
84.559
85.205
83.643
82.968
80.997
79.683
78.606
76.807
74.151
71.953
70.903
71.814
76.070
78.863
78.584
80.993
81.730
84.478
84.926
87.338
86.016
86.544
84.287
81.836
80.618
77.209
79.227
83.635
84.880
86.476
88.398
87.392
84.216
83.389
77.844
71.568
75.879
79.404
85.081
82.715
86.394
84.697
82.876
84.673
88.099
85.525
84.702
89.677
89.253
87.460
89.283
91.276
90.820
89.193
89.444
91.679
93.190
93.485
90.733
90.150
91.365
88.933
86.045
85.057
84.779
80.839
76.917
78.268
74.523
62.881
53.137
48.111
38.184
37.882
41.143
37.121
36.890
34.977
36.400
43.064
33.105
42.234
39.997
40.846
35.260
35.259
33.712
42.585
40.071
42.166
42.770
40.164
44.935
45.543
45.249
43.243
45.565
51.527
40.058
42.844
48.312
42.286
37.800
38.884
32.773
34.188
34.527
29.244
33.649
30.250
