54.415
61.180
65.003
72.498
73.234
67.925
70.555
74.394
73.106
70.706
66.419
69.837
68.841
70.738
71.631
75.813
74.780
74.960
79.832
79.963
77.847
82.969
84.996
87.714
89.400
91.497
91.778
91.492
90.507
87.761
82.913
81.701
86.225
79.357
85.320
89.871
90.392
90.667
92.057
91.517
92.156
91.584
91.074
89.400
88.796
87.609
83.893
78.419
75.439
77.623
80.114
85.557
85.038
87.827
88.879
90.144
91.059
90.924
91.434
91.399
91.061
88.603
86.309
84.401
88.118
90.126
88.885
89.605
87.814
87.483
87.197
85.813
80.959
72.117
75.456
77.085
84.514
82.459
81.954
79.462
76.335
78.886
80.343
77.201
74.463
80.826
81.121
79.758
79.136
82.585
84.368
83.757
79.328
80.685
81.709
80.922
79.945
80.154
78.722
76.771
72.656
72.194
69.807
59.848
50.795
49.743
39.008
34.970
37.115
32.762
32.544
32.355
32.442
35.915
41.210
55.418
68.047
65.580
72.388
72.380
79.718
86.080
87.123
88.294
83.817
85.337
87.302
86.002
82.747
83.340
84.654
83.012
80.238
81.742
83.081
80.801
78.659
81.100
81.054
78.387
77.335
80.311
78.651
79.504
79.009
80.145
75.958
78.483
75.336
75.317
76.864
79.495
76.798
76.213
77.734
78.923
76.997
74.614
75.385
79.709
77.516
75.439
81.868
84.048
83.214
79.416
80.563
84.074
83.769
81.191
84.515
84.693
81.164
80.032
83.902
82.538
82.384
82.745
85.505
84.065
83.566
83.103
82.942
83.589
82.350
82.395
79.286
78.236
77.255
