42.529
50.195
50.602
62.143
77.641
85.789
86.722
88.183
88.326
89.513
88.225
88.951
87.396
85.756
79.188
76.766
79.424
81.899
85.852
85.516
87.109
88.423
88.929
89.190
88.730
88.485
87.637
86.112
84.084
81.770
81.415
84.538
87.067
87.493
89.067
88.513
88.436
88.294
87.356
84.400
75.896
79.477
82.547
87.605
87.116
88.020
85.678
85.686
87.900
89.248
87.034
86.366
90.776
90.622
88.335
89.270
91.762
90.453
89.184
89.194
89.937
91.482
91.126
89.387
90.528
90.326
87.472
85.283
85.546
83.233
79.078
74.351
71.526
55.049
47.883
47.735
44.142
41.866
39.480
40.631
44.935
50.153
53.191
56.524
54.200
66.846
64.370
75.477
82.118
84.335
85.104
84.422
85.269
86.960
87.592
85.924
85.178
87.014
86.850
84.363
85.288
87.140
86.793
84.845
86.304
86.398
85.167
84.724
86.923
85.811
84.064
82.874
83.940
79.558
81.927
77.006
77.975
81.350
81.664
78.503
79.013
81.154
80.837
77.986
76.995
78.241
81.373
79.141
77.426
82.988
84.681
85.051
83.107
84.581
88.270
89.192
90.320
91.678
90.361
90.766
91.773
90.236
90.358
92.109
92.869
91.992
91.642
92.815
93.268
91.638
92.326
92.946
91.589
89.167
90.101
90.769
86.748
84.121
86.598
86.823
81.664
80.321
81.967
81.239
77.899
76.431
72.817
75.240
76.011
74.236
76.310
80.920
81.299
81.641
84.446
83.572
81.871
85.210
86.514
87.552
89.146
88.412
86.979
83.734
74.463
62.975
52.209
43.669
40.943
