46.361
49.597
58.424
67.520
72.016
70.685
78.470
80.954
84.673
87.414
90.294
91.163
91.141
89.729
87.084
83.026
81.586
85.650
78.469
84.091
89.210
89.870
90.579
91.797
91.354
91.497
91.285
89.942
88.557
86.744
85.794
82.572
78.291
76.419
78.637
82.269
85.668
84.694
87.764
87.968
90.001
90.331
91.121
91.031
91.253
90.616
87.892
85.657
83.522
87.189
89.357
88.530
89.092
89.288
88.532
86.980
87.070
82.699
76.473
80.226
82.248
87.448
84.870
86.845
85.176
83.600
85.724
87.615
85.304
84.152
89.028
89.470
87.341
87.886
90.814
89.908
88.655
87.988
89.606
90.717
90.442
88.189
88.918
88.736
85.562
83.137
82.988
80.638
75.949
70.226
66.904
48.322
42.300
43.627
39.917
39.645
35.016
36.014
40.470
44.909
55.104
61.413
60.657
73.373
69.647
79.430
85.412
86.290
87.230
84.885
84.490
85.707
84.899
82.556
81.465
82.090
80.794
77.971
77.623
77.637
77.248
73.799
72.439
72.984
70.882
67.271
62.361
60.462
63.069
59.807
61.689
61.172
67.371
64.024
66.570
69.258
69.637
70.322
70.317
71.015
73.269
72.689
70.591
70.916
75.736
75.631
74.644
80.408
82.911
84.755
82.095
84.529
88.757
88.347
89.433
91.551
90.720
90.073
90.809
90.041
89.810
91.000
92.446
91.473
90.841
91.889
92.457
91.206
92.095
92.351
91.589
89.565
90.010
90.207
86.530
83.924
85.417
85.420
80.232
77.576
79.454
78.154
72.657
70.596
68.791
69.542
60.216
52.283
47.342
