57.766
71.954
72.151
71.764
75.581
79.318
77.553
78.351
81.070
82.235
81.566
82.620
83.911
83.659
82.216
82.875
83.180
80.773
81.077
79.376
77.136
75.439
75.335
72.222
76.825
74.860
78.182
80.524
79.840
79.399
82.610
82.744
81.182
81.948
83.259
81.703
81.425
81.406
81.324
84.202
85.608
88.226
86.074
87.751
90.894
90.691
91.832
92.828
92.528
91.976
93.201
91.750
91.964
93.214
93.870
92.348
91.738
93.640
94.041
93.011
93.890
94.217
93.596
92.604
92.731
92.714
90.144
88.106
88.781
87.980
83.868
82.190
82.467
80.936
78.280
75.996
73.884
74.262
75.245
70.936
72.718
76.638
75.218
75.868
78.631
78.735
78.523
81.508
81.940
83.789
83.089
85.162
84.428
85.633
83.827
81.568
81.219
79.459
82.971
76.493
81.250
85.845
86.266
87.653
88.102
88.476
86.688
87.402
85.550
85.894
84.202
84.875
80.797
78.364
78.620
78.683
81.840
84.597
83.805
86.001
85.293
87.723
87.424
89.430
88.200
89.378
86.898
84.861
83.986
80.946
83.539
86.678
87.468
87.962
89.962
89.176
86.665
87.126
81.760
76.465
81.757
83.818
88.710
85.908
88.748
88.351
86.751
87.571
90.549
88.971
87.706
91.311
91.203
89.365
90.212
91.988
91.010
89.409
89.752
91.566
92.664
93.161
91.320
91.748
91.938
89.702
87.524
87.176
86.081
82.691
79.634
79.628
75.514
63.401
51.868
49.245
39.225
38.538
41.756
36.347
37.136
36.509
38.642
46.819
38.744
49.145
39.923
34.547
32.992
