49.909
51.462
51.538
52.645
45.921
44.767
44.021
44.171
42.611
39.499
40.854
37.725
36.709
38.948
37.485
41.995
44.112
53.245
57.645
76.109
83.556
86.695
89.191
89.120
87.674
88.489
90.745
88.962
87.380
89.835
90.420
87.910
86.359
88.114
87.421
84.537
84.466
85.625
85.671
82.829
83.837
85.599
83.631
81.223
83.809
86.389
87.920
87.100
86.921
89.129
87.776
89.893
89.799
89.695
89.090
89.949
89.100
88.453
87.367
88.321
87.555
85.731
83.974
87.360
88.916
86.788
90.429
92.093
92.874
91.440
90.490
92.822
93.073
91.705
92.155
92.704
91.793
89.997
88.716
86.530
86.261
89.861
88.229
85.250
85.589
87.383
87.999
88.159
86.426
88.235
88.360
87.502
87.448
88.375
88.022
86.968
88.833
88.198
87.723
87.205
88.165
87.267
86.752
84.228
84.744
87.702
86.468
84.408
86.545
87.713
85.838
85.763
81.428
78.419
80.742
83.561
83.266
86.015
87.348
87.723
88.601
86.639
85.324
84.008
80.331
85.983
74.477
84.242
90.653
91.775
92.743
93.658
93.791
92.832
92.019
89.984
88.316
87.604
85.498
83.127
78.689
80.712
81.442
85.141
86.298
88.130
90.406
91.214
92.911
93.851
94.410
94.620
94.183
92.750
90.621
89.127
88.205
91.930
93.669
93.897
94.334
94.408
93.957
92.553
91.959
87.768
82.514
87.006
88.587
92.398
91.264
92.371
91.405
90.173
90.267
90.657
89.125
87.724
87.532
86.947
86.705
84.764
81.997
83.108
83.954
79.784
73.759
72.875
61.773
