41.108
55.546
51.487
49.603
55.259
52.434
52.586
62.223
67.075
76.791
83.241
84.357
85.775
86.424
87.413
87.021
86.614
85.596
83.862
77.800
75.580
78.622
81.264
85.235
84.595
86.829
87.162
88.216
87.769
87.549
87.035
86.095
84.167
82.098
79.636
77.822
81.506
85.157
85.820
87.868
87.333
87.747
87.461
87.113
84.455
79.027
80.769
82.506
87.241
86.636
87.288
85.264
86.038
88.022
88.762
86.850
86.426
90.339
89.935
88.396
89.454
91.568
90.341
89.413
89.220
90.305
91.538
91.527
89.650
90.582
90.509
87.590
85.740
85.788
83.281
79.762
76.040
73.487
57.314
49.674
47.228
45.421
42.332
38.038
40.262
38.729
40.145
46.128
45.152
47.688
58.458
53.534
67.674
78.329
79.920
81.111
81.008
82.060
83.871
83.878
82.147
81.772
83.537
83.440
81.203
80.760
81.827
81.957
79.295
78.330
78.805
77.676
74.689
70.027
69.672
69.950
65.391
69.059
65.105
73.499
70.633
72.357
75.998
76.499
76.188
76.093
77.257
78.689
76.999
75.137
76.406
79.857
78.696
77.134
81.613
83.307
84.090
81.652
82.492
86.719
88.285
89.240
90.473
88.935
89.727
90.207
88.505
88.382
90.382
91.755
90.164
90.292
91.810
92.662
91.027
92.149
92.496
90.896
88.969
90.102
90.551
86.530
84.347
86.584
86.956
81.915
79.855
82.549
82.102
78.434
76.389
76.630
78.850
75.583
73.152
73.432
76.056
71.740
73.211
76.623
76.958
74.926
79.754
80.506
83.350
83.940
85.551
82.133
79.124
