80.807
84.730
86.782
89.677
90.932
91.178
91.049
90.155
86.392
87.517
89.585
88.124
90.017
90.005
87.725
88.217
86.989
85.028
79.469
65.975
70.996
77.436
85.693
85.510
86.175
84.349
82.887
85.997
86.418
82.768
81.607
88.574
87.940
84.802
85.924
90.239
88.323
86.938
86.326
88.923
90.376
89.636
85.729
88.256
88.293
82.583
79.163
81.643
79.134
67.496
61.823
57.631
45.812
38.773
42.342
35.675
35.893
34.045
35.445
41.350
47.290
60.309
70.912
73.093
80.534
80.468
80.917
84.711
87.598
86.621
84.932
86.828
87.334
86.139
84.469
84.826
84.737
82.607
80.957
83.641
83.140
81.313
81.612
83.402
80.846
79.274
79.898
81.186
81.914
82.145
79.260
81.309
78.349
80.754
77.741
77.577
79.871
81.659
79.157
78.576
80.334
81.619
79.334
77.479
77.921
81.635
80.447
78.644
83.169
84.870
86.167
84.704
86.442
88.968
89.548
91.056
92.441
90.950
90.269
91.755
90.706
91.326
92.208
93.458
92.836
92.481
92.957
93.523
92.397
93.280
93.402
92.385
90.666
91.134
91.000
87.963
85.460
86.657
86.987
82.534
80.937
82.162
82.066
78.878
77.531
75.155
77.648
78.545
77.316
77.560
81.833
81.579
79.360
81.487
78.525
74.004
77.632
80.521
80.938
83.718
84.515
86.001
85.390
83.668
82.759
80.043
77.645
81.634
73.734
81.467
86.446
87.394
87.760
88.247
87.090
86.194
86.189
83.585
82.738
81.635
79.187
77.346
65.135
55.552
55.184
55.021
55.673
59.186
56.537
