34.247
39.361
41.773
44.585
59.091
62.813
62.659
64.583
66.953
68.851
70.578
68.658
72.196
74.653
72.219
69.449
74.670
77.502
76.844
81.153
84.126
87.561
86.771
88.691
91.661
90.858
92.575
93.610
92.861
91.950
93.699
92.348
92.884
93.891
94.724
93.149
92.620
94.352
94.629
93.901
94.612
94.968
94.671
93.824
93.713
93.353
91.207
88.935
88.689
87.626
83.950
81.519
81.588
79.996
77.879
75.003
72.460
71.846
70.768
66.766
66.046
65.401
64.536
63.357
64.542
62.579
61.936
69.888
70.907
74.973
75.797
80.100
80.743
82.874
82.860
79.765
80.501
79.439
83.192
77.272
82.624
85.944
86.918
88.360
86.950
87.558
85.371
85.266
82.306
81.524
79.453
78.326
74.380
72.324
72.311
72.490
77.202
80.308
79.793
82.437
82.912
85.880
85.909
88.394
87.361
88.025
86.091
83.459
82.802
79.501
81.430
85.220
85.766
87.137
88.995
87.760
84.841
84.398
78.642
73.347
78.015
80.567
86.181
83.776
87.345
86.458
84.351
86.069
89.227
87.314
86.250
90.442
90.433
88.489
89.878
91.547
91.212
89.525
89.702
91.969
93.385
93.606
91.023
90.542
91.536
89.310
86.320
85.363
84.812
81.129
77.547
78.362
75.169
65.770
56.607
51.615
41.637
39.284
42.851
37.848
38.537
36.743
37.163
45.142
33.233
44.689
41.852
39.633
33.917
33.406
34.839
38.154
39.712
39.941
40.204
38.311
41.746
40.727
41.312
40.176
41.513
48.907
35.231
37.905
46.259
42.789
39.258
42.070
34.148
