72.141
85.981
90.602
91.654
91.554
91.373
90.580
91.284
92.738
92.430
92.308
93.198
93.378
93.527
93.179
92.360
91.584
91.645
90.772
89.506
89.874
89.698
88.578
87.554
86.971
84.772
82.341
80.729
79.129
76.459
72.966
75.402
72.099
76.611
74.371
79.022
82.079
81.930
80.567
84.272
86.001
84.905
84.600
86.605
87.243
87.208
85.864
86.920
90.616
90.107
91.274
87.562
88.582
91.976
92.452
92.678
93.174
93.441
93.532
93.866
92.343
92.145
93.479
93.885
92.338
91.614
93.744
93.921
92.873
93.490
94.026
93.389
92.376
92.704
93.073
90.379
88.757
90.024
89.733
85.216
84.155
85.593
84.050
81.420
80.496
79.221
80.746
80.047
78.127
79.120
82.079
79.198
80.192
85.357
83.704
84.574
86.945
89.156
91.334
92.411
93.334
93.198
92.545
89.766
87.344
84.622
80.039
85.387
74.050
83.340
90.138
91.140
92.031
93.668
93.857
94.046
93.706
93.123
92.288
91.181
90.843
86.344
82.405
82.292
83.633
86.738
89.217
89.177
91.230
92.023
93.132
93.665
93.891
94.260
93.777
92.638
90.862
89.504
88.542
92.521
94.033
93.530
93.555
93.327
92.849
91.805
91.596
88.407
84.103
87.187
88.390
91.858
90.058
91.568
91.221
90.551
91.282
92.914
91.971
91.062
93.239
93.279
91.462
92.212
93.355
92.297
91.013
91.093
92.080
92.917
93.217
92.113
92.982
92.615
90.792
90.027
89.607
88.038
85.657
82.943
82.437
78.537
73.833
64.596
61.035
42.690
44.014
45.032
35.474
