30.537
35.750
39.867
33.670
49.422
57.745
66.247
69.327
67.642
76.638
80.021
78.287
76.636
82.844
83.603
82.750
83.229
85.086
85.196
84.965
83.586
85.288
85.887
84.658
81.808
83.390
82.307
78.696
75.948
76.481
73.294
65.610
62.171
59.591
45.257
36.483
38.099
33.270
32.753
37.085
37.886
45.236
51.360
60.888
77.243
81.784
85.161
86.663
86.168
87.985
90.131
88.768
86.605
88.831
89.436
87.024
85.521
86.256
85.885
82.903
81.707
83.356
83.442
80.877
80.583
82.498
80.455
77.678
78.811
79.680
79.939
80.780
78.948
80.809
77.052
79.992
77.437
78.610
79.362
80.675
78.541
78.327
79.911
81.123
79.315
78.166
78.833
82.144
80.795
81.265
85.493
86.232
87.031
83.311
84.447
87.362
86.745
87.505
88.580
86.840
85.976
88.075
86.975
88.839
90.032
90.689
90.869
90.782
90.732
91.559
90.899
91.452
91.141
90.089
88.525
89.322
88.032
85.311
84.036
84.626
83.691
80.733
79.722
80.480
79.120
76.876
76.889
74.596
76.018
76.266
75.417
75.999
80.893
80.465
80.179
82.257
80.531
75.101
80.910
82.455
84.701
86.048
88.722
89.140
90.048
87.321
85.120
81.860
78.418
83.845
73.713
83.010
88.548
89.358
89.678
91.282
90.961
91.260
91.065
89.340
88.293
87.571
86.171
83.978
78.675
77.926
79.285
82.766
85.112
84.971
87.554
87.050
88.907
89.817
90.354
91.506
91.529
90.871
88.278
86.780
85.459
89.447
91.981
90.787
89.848
87.933
85.182
82.548
79.714
