51.548
57.562
58.600
55.488
55.763
59.773
63.107
61.720
55.705
60.603
62.330
61.598
60.123
62.822
61.796
64.818
52.549
57.621
58.734
56.698
52.382
54.922
51.797
50.077
47.817
42.622
42.421
38.801
39.727
39.262
38.323
41.389
43.490
52.905
56.842
75.016
82.326
85.932
88.157
88.546
86.962
88.113
90.034
88.338
86.728
89.017
89.739
87.379
85.589
86.941
86.781
83.677
83.253
84.429
84.844
81.723
82.379
84.233
82.477
79.786
82.177
84.875
86.985
85.782
85.508
87.685
85.741
88.195
87.437
87.553
87.101
87.385
85.724
85.709
84.729
85.023
83.990
83.085
81.520
84.376
84.528
82.967
87.162
88.100
88.534
84.429
83.672
86.959
86.594
86.142
86.739
86.284
84.277
85.491
84.879
84.733
85.869
88.050
87.953
88.552
87.957
89.182
88.144
89.371
88.882
87.999
87.019
88.170
86.762
84.631
84.540
85.081
84.348
82.473
83.295
82.839
82.527
81.868
81.733
79.682
80.277
83.798
83.499
81.938
84.561
85.947
83.891
84.312
80.764
77.094
80.129
82.288
82.731
85.660
86.947
87.393
87.618
85.090
83.004
81.066
78.016
84.289
72.986
82.976
88.833
89.906
90.366
91.628
91.665
91.156
90.509
88.120
87.020
86.296
84.057
81.998
76.559
77.955
79.478
82.646
84.154
85.896
88.565
89.104
90.572
91.346
91.448
92.430
92.127
91.329
88.671
87.702
86.670
90.314
92.453
91.618
91.592
90.296
89.700
87.912
87.633
83.718
80.023
79.643
81.974
80.929
81.441
78.414
65.391
