45.542
41.261
43.254
39.601
39.495
38.869
34.516
38.439
35.558
35.708
37.334
36.310
41.069
43.310
52.206
56.454
75.378
83.087
86.065
88.682
88.681
86.752
87.320
89.746
87.711
86.144
89.142
89.641
86.902
85.686
87.751
86.997
84.115
84.020
85.517
85.335
82.500
83.478
85.270
82.939
80.363
81.666
84.626
85.732
85.023
84.724
87.191
85.379
87.941
87.945
88.354
87.661
88.893
87.977
87.455
86.277
87.668
86.728
84.805
83.364
86.968
88.187
86.175
90.024
91.495
92.106
90.130
89.141
91.896
92.154
90.268
90.559
91.399
90.266
87.684
86.444
83.786
83.296
87.472
85.723
82.545
83.439
84.887
85.642
85.697
84.247
86.083
86.035
85.117
85.361
86.516
85.866
84.550
87.086
86.352
85.467
84.978
86.909
85.635
84.554
82.457
83.420
86.008
85.088
83.284
86.086
86.674
85.074
85.235
81.163
78.109
80.603
83.347
83.012
85.150
86.238
86.294
86.752
84.980
83.114
82.636
79.076
85.046
73.008
82.967
90.012
91.233
92.184
93.118
93.312
92.056
91.218
89.395
87.586
87.350
85.230
83.056
78.952
80.991
81.767
85.344
86.097
88.234
90.184
91.111
92.626
93.340
94.068
94.203
93.847
92.368
90.404
88.835
87.918
91.594
93.336
93.527
93.980
93.906
93.462
92.235
91.714
87.954
83.003
86.920
88.435
92.071
90.759
91.655
90.627
89.351
89.250
89.317
87.819
86.210
85.931
84.889
84.446
82.754
79.572
80.136
80.617
77.185
70.454
69.296
63.247
63.161
72.842
63.999
