30.015
23.508
29.722
43.163
42.870
43.918
58.381
62.513
63.453
64.148
64.725
68.508
69.451
66.104
70.046
73.354
70.781
67.137
72.941
76.596
75.828
79.946
83.512
87.226
86.501
88.548
91.525
90.633
92.476
93.503
92.738
91.930
93.554
92.262
92.735
93.775
94.644
92.891
92.376
94.279
94.537
93.787
94.517
94.896
94.636
93.793
93.681
93.304
91.187
88.909
88.676
87.544
83.949
81.403
81.536
79.825
77.673
74.500
72.033
71.285
70.111
66.204
65.366
64.606
63.848
62.800
63.912
61.808
60.810
68.696
70.387
74.817
75.338
79.739
80.199
82.399
82.277
79.190
80.372
79.113
82.944
76.331
82.121
85.633
86.508
88.110
86.309
87.179
84.810
85.041
81.984
81.479
79.284
77.974
73.975
71.487
72.016
72.745
77.732
80.545
79.890
82.458
82.787
85.694
85.453
88.136
86.799
87.997
85.662
83.666
82.943
79.662
81.090
84.703
85.744
86.630
88.654
87.641
84.731
84.541
78.686
73.733
78.650
81.002
86.291
83.872
87.284
86.636
84.975
86.368
89.397
87.507
86.702
90.710
90.339
88.463
90.096
91.609
91.226
89.556
89.748
91.894
93.260
93.594
90.997
90.724
91.506
89.287
86.647
85.572
84.830
81.251
77.729
78.151
74.760
64.216
54.232
49.750
40.085
38.070
42.026
37.517
38.167
35.728
36.305
44.087
32.470
43.878
40.836
39.291
32.311
32.175
34.847
37.905
39.089
41.107
39.262
37.878
41.191
41.346
41.619
38.372
40.140
47.650
34.585
36.391
46.407
40.211
35.169
