47.359
51.320
51.910
56.435
59.831
54.236
58.316
67.337
67.270
58.660
65.456
63.097
59.400
56.731
54.647
49.395
49.176
45.960
42.991
41.647
36.974
38.276
39.223
38.592
42.808
44.314
54.605
58.561
75.536
82.768
85.969
88.236
88.467
86.701
87.359
89.196
87.361
85.595
88.379
88.566
86.095
84.949
86.057
85.802
83.257
83.105
83.905
84.387
81.778
82.411
83.839
82.473
80.658
82.291
85.010
85.821
84.309
83.470
85.740
83.058
85.810
84.405
85.590
85.586
85.450
83.830
84.707
83.946
83.906
82.805
82.436
81.553
83.445
82.850
82.651
86.701
86.843
87.415
82.286
82.620
86.819
86.327
84.675
86.093
86.751
84.706
83.430
82.836
81.704
82.051
86.067
85.009
85.335
84.938
86.911
86.494
87.133
85.646
84.989
83.958
84.077
82.583
80.899
80.813
80.339
80.540
78.485
79.205
78.199
78.498
78.212
77.025
74.364
76.850
79.602
78.826
78.568
82.396
83.462
81.785
83.104
80.334
76.493
79.340
81.679
81.402
83.904
84.613
84.882
85.714
83.178
82.241
81.109
78.159
84.633
73.135
83.128
89.464
90.653
91.435
92.252
92.233
90.756
89.261
86.889
85.690
85.146
82.972
81.119
77.007
77.792
78.431
81.521
83.381
84.955
87.446
88.285
90.308
91.215
92.241
92.915
92.925
91.727
89.337
88.233
87.050
90.648
92.515
91.587
91.149
90.509
89.868
88.019
88.061
83.472
78.446
82.268
84.247
88.327
84.754
86.397
85.035
82.216
81.563
82.113
81.011
76.254
72.894
66.146
