53.344
56.399
64.651
62.109
61.874
64.812
67.921
65.732
67.053
70.660
69.883
65.892
67.637
68.146
64.126
56.299
54.962
60.392
56.259
55.348
56.153
65.375
64.130
68.543
71.800
71.664
71.373
75.622
74.285
75.307
77.602
77.976
75.836
77.275
79.397
80.006
81.662
84.557
88.379
86.859
88.501
91.543
91.160
92.840
93.381
92.843
92.527
93.599
91.878
92.216
93.513
94.178
92.367
91.932
93.827
94.184
93.323
94.136
94.527
94.175
93.394
93.386
93.330
91.219
89.171
89.382
88.919
85.049
82.306
83.380
81.893
79.258
76.997
76.533
76.426
74.254
71.753
72.722
72.274
69.329
71.071
71.218
71.747
71.129
75.511
76.649
79.072
77.862
81.053
80.172
83.308
82.113
80.153
80.429
78.787
82.885
76.957
81.927
85.848
86.623
87.519
87.433
87.606
85.381
85.646
83.278
83.890
81.832
82.518
78.892
76.420
75.801
77.668
81.545
83.944
83.600
85.226
84.545
86.969
86.589
88.814
87.343
88.615
86.271
84.517
84.315
80.976
82.903
85.802
86.698
87.234
89.874
89.079
86.392
86.820
82.648
78.071
81.853
84.313
88.698
86.440
88.949
88.378
87.246
88.199
90.508
89.154
88.309
91.542
91.138
89.397
90.497
92.242
91.180
89.614
89.773
91.780
92.970
93.383
91.248
91.940
92.117
89.642
87.837
87.448
85.877
82.527
80.066
79.636
75.398
66.597
56.361
52.396
39.165
37.900
43.412
36.034
36.859
35.992
40.629
46.685
34.211
48.263
50.054
42.463
38.752
38.204
35.597
40.895
