39.303
36.624
34.903
36.984
34.401
34.742
37.282
37.851
42.442
43.621
53.057
56.557
77.350
84.622
87.124
89.369
89.437
87.788
88.548
90.748
89.162
87.654
90.074
90.652
88.516
86.991
88.724
87.986
85.350
85.208
86.643
86.429
83.850
85.112
86.772
84.457
82.407
84.207
86.822
88.557
87.575
86.462
89.030
87.494
90.236
89.434
90.073
90.171
90.569
89.810
89.443
88.533
89.160
88.586
86.636
85.098
88.064
89.198
87.229
90.808
92.232
93.045
91.675
91.330
93.476
94.174
94.117
94.201
94.255
94.434
94.446
92.739
92.380
93.528
94.127
92.760
91.698
93.804
94.166
93.304
93.947
94.378
94.204
93.573
93.980
94.319
93.042
92.312
92.930
92.840
90.353
90.104
90.429
90.079
88.356
88.243
85.614
84.934
87.428
86.362
84.365
86.742
87.465
85.895
86.137
81.781
79.474
81.298
84.610
84.800
86.936
87.845
88.400
89.241
87.069
85.404
84.286
80.005
85.561
73.438
83.529
90.318
91.444
92.353
93.619
93.783
93.049
92.643
90.871
89.380
88.496
86.883
83.849
79.725
81.546
82.449
86.210
87.346
88.956
90.886
91.800
93.285
93.942
94.370
94.513
94.045
92.692
90.798
89.331
88.271
92.047
93.732
93.902
94.383
94.375
93.936
92.840
92.322
88.560
83.226
87.173
88.948
92.740
92.019
93.197
92.433
91.965
93.192
93.806
92.952
92.873
94.481
94.063
92.887
93.789
93.811
92.562
91.920
92.068
92.330
93.089
93.715
93.393
94.357
94.192
93.461
92.414
91.502
85.394
