35.613
40.994
41.216
37.182
35.895
35.753
41.257
39.220
40.290
38.035
61.562
63.644
67.201
70.763
80.319
82.328
80.640
80.851
87.740
88.198
86.707
87.105
90.446
89.675
89.294
89.160
89.702
90.644
90.149
87.582
88.568
88.169
84.884
81.599
82.488
81.499
75.358
68.513
65.516
52.331
45.985
46.700
41.829
43.234
37.727
42.212
46.317
50.933
68.031
70.047
71.767
74.332
76.014
79.798
84.468
85.633
86.278
85.238
85.350
85.975
86.423
85.126
84.419
84.384
84.785
82.983
84.244
85.342
86.162
84.868
85.541
85.013
85.510
85.682
87.746
87.195
85.188
84.555
87.098
82.435
84.392
80.627
80.578
83.118
83.286
80.986
80.666
81.947
81.579
79.724
78.062
78.170
80.091
78.679
75.360
78.634
78.804
79.427
79.308
80.810
81.439
81.509
85.953
86.913
81.674
84.022
88.292
85.864
89.113
90.980
92.353
92.823
92.609
93.154
93.880
92.506
93.075
94.028
92.241
89.665
90.980
90.090
86.607
84.777
86.503
85.188
81.867
81.047
81.379
80.015
78.851
78.346
75.936
77.457
79.515
78.762
77.928
82.564
84.148
82.788
84.477
84.142
81.522
85.040
84.667
86.981
86.915
88.582
88.142
86.417
85.252
81.835
77.587
77.091
82.466
76.539
82.406
85.223
84.145
83.078
84.085
81.741
84.005
83.096
83.800
84.093
84.346
85.492
84.018
79.177
80.584
78.120
78.734
81.098
79.046
78.277
78.782
76.841
80.951
78.047
83.418
84.112
85.152
81.782
78.800
78.994
82.217
85.958
80.791
