41.903
45.176
51.463
51.937
54.910
49.984
58.647
57.773
66.520
69.034
72.314
72.002
73.829
76.757
77.630
74.160
81.092
83.887
86.309
88.445
90.841
91.375
91.465
89.782
86.483
82.194
81.329
85.608
78.233
84.440
89.584
90.290
90.597
91.635
91.203
91.771
91.586
90.549
89.195
87.950
86.904
83.179
77.971
74.345
77.341
79.964
85.316
84.807
87.583
88.249
89.978
90.552
90.749
91.052
91.189
90.962
88.796
86.362
84.417
88.502
89.747
88.479
88.786
87.551
87.167
86.179
85.795
81.456
75.484
77.157
77.916
84.600
81.161
82.903
81.321
76.880
80.540
82.404
79.481
76.762
83.672
85.112
83.415
83.351
87.474
87.925
87.397
85.325
86.986
87.150
87.093
84.589
84.015
84.001
80.841
76.638
75.648
73.276
65.374
57.711
51.997
39.666
38.986
39.480
36.102
35.431
33.896
37.439
40.044
45.488
60.113
72.401
74.431
79.770
79.218
82.251
87.005
88.092
88.685
84.263
85.694
87.047
85.767
82.361
82.566
83.584
81.732
79.101
80.012
80.569
78.666
76.595
77.659
77.592
74.903
74.028
74.821
74.563
75.104
73.372
75.341
71.410
75.461
70.787
73.625
74.455
75.089
73.732
73.355
74.788
75.700
73.870
72.471
73.530
77.185
75.442
74.443
80.188
82.299
83.021
79.885
82.423
85.983
84.410
84.557
87.453
87.323
85.269
85.915
86.815
86.893
87.791
89.225
89.120
88.627
89.131
90.130
88.749
89.489
88.889
87.920
85.934
86.592
85.319
81.252
80.818
79.336
77.521
67.017
