46.183
50.714
70.317
67.033
62.788
62.357
56.258
57.787
70.013
73.039
78.864
84.707
85.578
86.160
86.651
87.031
86.348
86.284
85.207
83.458
77.234
74.919
78.349
81.086
84.717
84.214
86.464
87.029
88.209
87.975
88.104
87.133
86.506
84.779
82.479
79.902
78.147
81.838
85.622
86.194
88.139
87.661
88.225
87.691
87.129
84.236
78.659
81.081
82.518
87.435
86.911
87.660
85.814
86.305
88.166
89.082
87.200
86.806
90.428
90.262
88.619
89.621
91.756
90.450
89.538
89.312
90.273
91.531
91.499
89.628
90.663
90.499
87.726
86.087
85.824
83.463
80.051
76.342
73.990
57.481
50.250
47.925
45.443
42.981
38.466
40.235
39.354
40.190
45.933
45.410
48.098
59.541
54.615
68.413
78.943
80.825
81.570
81.519
82.535
84.295
84.271
82.342
81.941
83.784
83.733
81.597
81.121
82.238
82.225
79.487
78.633
78.885
77.670
74.355
69.076
67.679
69.369
64.518
68.271
64.448
73.119
71.554
72.471
75.680
76.694
76.948
76.060
77.385
79.248
77.465
75.304
76.662
80.386
79.239
77.242
81.858
83.689
84.462
81.974
82.809
87.285
88.622
89.341
90.641
89.655
90.129
90.370
88.991
88.781
90.571
91.955
90.521
90.440
91.879
92.651
91.109
92.105
92.497
90.991
88.952
90.120
90.598
86.569
84.420
86.710
87.003
82.088
80.063
82.898
82.598
78.982
77.067
77.459
79.687
76.415
73.996
74.128
76.976
72.526
73.941
77.074
77.601
75.254
79.542
80.598
83.796
84.531
85.098
79.028
