63.192
73.826
81.652
82.117
85.490
88.809
87.350
90.135
92.040
90.669
88.959
91.950
90.587
91.278
92.630
93.746
91.927
91.522
93.314
93.685
92.786
93.535
94.140
93.681
92.556
92.457
91.537
89.138
86.147
86.065
84.218
80.307
78.420
77.145
75.066
71.771
66.653
64.566
63.614
59.462
56.988
56.652
52.391
54.840
55.503
55.062
57.332
58.150
65.416
66.991
71.708
72.168
74.182
75.146
75.580
74.529
73.501
73.160
73.354
76.067
67.252
75.274
78.936
82.501
84.223
82.536
83.136
80.567
80.722
78.266
76.828
74.749
73.305
69.572
68.177
67.954
67.301
71.195
75.558
74.177
78.108
78.483
82.270
81.847
84.815
83.269
83.548
81.405
78.112
76.583
73.234
74.437
78.998
80.024
82.392
84.533
83.910
81.090
80.149
72.400
67.411
69.853
72.400
81.598
79.035
83.886
81.214
77.832
80.871
84.990
79.597
79.578
87.147
86.687
83.661
86.074
89.375
88.444
86.868
87.116
90.534
92.224
92.545
89.269
88.097
90.311
87.094
81.918
82.272
82.391
77.855
73.866
74.094
71.958
60.045
48.103
44.425
39.222
37.500
39.825
37.360
36.890
34.856
33.990
42.274
31.572
42.693
36.565
36.376
34.634
36.192
35.208
34.465
35.993
37.413
37.273
38.562
40.124
38.200
40.630
43.362
40.664
39.176
40.664
41.186
39.452
38.069
34.940
33.682
34.069
33.931
30.765
28.177
31.819
30.882
30.660
30.101
29.743
32.794
30.431
28.651
28.013
27.923
29.313
27.260
27.390
27.921
23.649
31.051
