75.226
79.865
83.747
84.552
85.190
83.773
82.347
76.570
76.426
78.744
78.612
84.380
83.767
80.377
82.659
81.030
77.202
68.516
57.154
61.487
69.377
79.260
80.407
81.409
80.522
78.715
82.687
84.520
80.661
79.049
87.566
86.743
83.445
85.126
89.730
87.306
86.326
85.790
87.962
89.713
89.425
86.059
88.040
88.465
84.079
80.448
82.462
80.449
73.373
69.013
67.836
50.937
42.534
43.263
41.331
39.390
35.906
38.592
35.969
36.570
42.403
40.385
43.522
47.786
46.236
61.990
73.606
74.424
75.533
77.759
78.412
78.358
79.077
78.816
78.544
79.151
79.661
79.354
80.185
79.972
81.582
81.670
81.589
81.084
82.132
81.742
84.881
84.340
81.509
79.801
82.154
77.880
81.413
77.362
78.684
81.395
81.210
78.957
79.469
80.363
79.949
78.455
76.610
76.475
78.553
77.324
74.558
78.390
80.388
81.087
81.285
82.816
84.774
85.994
88.188
89.939
87.348
86.877
89.285
88.450
88.894
90.467
92.155
91.332
91.162
91.673
92.274
90.613
91.457
92.075
90.650
87.864
88.912
89.302
85.807
83.385
85.255
85.320
81.003
79.426
80.764
79.836
77.344
75.931
72.134
74.213
74.552
72.573
72.690
76.265
77.162
74.927
76.162
75.104
71.789
74.540
73.811
75.794
76.225
77.370
75.608
73.431
72.398
70.242
69.017
66.147
71.104
61.560
70.363
74.140
72.924
74.195
73.376
74.509
72.778
72.841
72.050
71.003
69.800
68.438
67.481
59.316
50.739
53.353
49.075
51.300
56.829
53.726
55.809
