53.692
54.913
61.201
64.167
63.297
59.972
68.859
72.773
72.342
77.230
81.672
85.719
85.035
87.552
90.971
89.789
91.782
93.319
92.315
91.131
93.225
92.064
92.484
93.668
94.434
92.752
92.089
94.075
94.341
93.563
94.274
94.700
94.366
93.352
93.280
92.888
90.451
88.249
88.045
86.802
83.313
81.080
80.011
78.236
76.303
71.523
68.963
67.760
66.855
62.595
61.607
60.348
60.589
59.971
59.927
59.435
59.866
68.358
70.506
73.968
74.255
77.497
78.028
80.005
79.280
79.010
78.297
77.773
81.707
76.893
79.604
83.205
84.003
86.477
85.410
85.860
83.485
83.318
80.532
79.392
77.463
76.347
72.805
71.797
70.656
71.632
76.126
78.979
77.657
80.587
80.521
84.350
84.172
87.325
85.501
86.341
83.392
81.389
80.336
76.436
77.790
82.748
83.498
85.159
87.473
86.157
82.976
82.827
76.451
71.092
76.172
78.587
84.854
81.691
86.077
84.985
82.635
84.391
88.402
85.466
84.607
89.556
89.273
87.384
88.852
91.137
90.740
89.157
89.250
91.447
93.057
93.337
90.528
90.174
91.261
88.465
85.348
85.087
84.636
80.364
76.385
77.862
74.205
61.876
50.304
45.172
38.395
38.994
40.152
37.346
37.029
35.544
35.845
44.039
34.190
43.461
41.358
39.889
35.766
35.889
36.481
38.542
40.764
43.419
41.980
40.801
48.211
47.894
47.359
49.722
47.638
55.166
46.898
48.597
53.095
46.230
39.475
45.293
41.448
47.138
47.512
50.525
38.729
42.871
49.147
44.367
37.201
36.542
32.545
