37.896
36.902
38.891
35.175
36.353
39.067
40.167
44.306
45.361
54.585
57.689
77.813
85.013
87.416
89.506
89.622
88.033
88.868
90.975
89.447
87.925
90.280
90.820
88.833
87.267
88.887
88.112
85.569
85.437
86.781
86.567
84.095
85.354
86.945
84.668
82.724
84.594
87.068
88.786
87.704
86.436
89.084
87.267
90.165
89.158
89.968
90.357
90.564
89.763
89.613
88.803
89.245
88.713
86.980
85.458
88.211
89.328
87.574
90.942
92.307
93.111
91.776
91.423
93.534
94.257
94.283
94.295
94.330
94.559
94.627
92.895
92.540
93.742
94.296
92.867
91.848
94.031
94.344
93.477
94.282
94.686
94.468
93.914
94.210
94.543
93.306
92.496
93.292
92.990
90.478
90.210
90.556
90.115
88.435
88.179
85.540
84.706
87.288
86.229
84.229
86.697
87.403
85.828
86.149
81.880
79.784
81.513
84.834
85.219
87.217
88.298
88.879
89.716
87.700
85.989
84.635
80.339
85.778
73.831
83.777
90.423
91.514
92.424
93.731
93.885
93.220
92.853
91.106
89.718
88.678
87.256
84.033
79.914
81.628
82.604
86.251
87.593
89.015
90.955
91.859
93.354
93.996
94.407
94.556
94.096
92.758
90.922
89.469
88.428
92.156
93.819
93.972
94.414
94.397
93.963
92.849
92.324
88.461
82.966
87.019
88.864
92.729
92.021
93.240
92.437
91.991
93.223
93.897
93.000
92.907
94.543
94.219
92.967
93.733
94.006
92.803
91.987
92.179
92.754
93.448
93.939
93.530
94.484
94.447
93.616
92.759
92.529
90.768
81.970
