49.026
53.260
49.530
54.935
51.883
50.469
54.657
54.733
51.602
53.987
61.975
62.218
66.987
69.990
69.761
70.071
74.354
73.103
74.356
76.713
76.701
74.544
76.973
78.255
78.680
82.898
84.688
87.904
86.086
88.166
91.445
90.625
92.114
93.356
92.600
91.183
93.167
92.010
92.564
93.547
94.483
92.678
92.291
94.140
94.458
93.612
94.376
94.702
94.290
93.396
93.275
92.906
90.666
88.083
87.757
87.103
83.527
80.519
81.106
79.939
77.635
74.475
73.373
73.200
71.506
67.496
68.488
68.520
65.442
65.692
67.157
64.290
63.607
71.280
74.576
78.238
78.722
82.108
83.344
84.659
84.387
82.986
82.849
81.450
85.356
80.103
85.176
88.283
88.715
89.320
88.617
88.678
87.043
86.451
83.749
82.971
80.965
79.882
75.885
73.059
73.594
73.893
78.219
81.439
80.833
83.219
83.901
86.489
86.928
89.250
88.422
89.442
88.075
85.650
85.192
81.926
84.334
87.427
87.439
87.766
89.311
88.056
85.281
84.737
79.402
73.754
78.346
79.890
86.230
83.813
86.796
85.489
83.771
85.447
88.075
85.500
85.477
89.474
88.455
86.897
89.069
90.652
90.333
88.290
88.664
91.566
93.090
93.416
90.415
90.147
91.262
88.676
85.831
84.940
83.962
80.212
77.325
77.310
72.784
63.093
53.486
48.414
38.746
38.518
42.409
35.761
36.226
34.884
35.419
43.598
31.004
42.245
41.699
40.092
33.684
35.120
37.465
40.011
39.166
41.684
36.968
31.946
36.571
34.169
34.026
29.253
33.578
31.118
27.520
