58.011
61.913
66.083
67.675
66.836
69.347
72.940
71.375
68.982
73.864
76.776
75.687
79.356
82.977
86.601
86.001
88.156
91.230
90.210
92.055
93.322
92.294
90.998
93.186
91.971
92.389
93.519
94.471
92.652
91.984
94.012
94.301
93.508
94.291
94.701
94.356
93.442
93.374
92.913
90.712
88.512
88.271
86.917
83.804
81.458
80.587
79.177
77.789
73.656
71.395
70.728
70.262
65.598
64.700
64.970
64.368
63.363
64.452
62.730
62.023
70.347
71.866
75.249
75.633
78.013
78.540
79.804
79.115
77.703
77.067
76.711
80.295
73.772
78.815
82.220
84.104
86.307
84.676
85.330
83.520
83.119
80.911
79.738
78.388
76.879
74.171
73.076
70.236
71.435
75.792
78.701
77.906
80.759
81.197
84.385
84.610
87.135
85.606
86.086
83.776
81.712
80.530
77.261
78.678
83.570
84.256
85.822
88.046
86.845
83.628
83.032
76.931
70.899
75.408
78.553
84.657
81.996
85.883
84.322
82.374
84.143
87.975
85.030
84.399
89.494
88.944
87.158
89.020
91.135
90.464
88.929
89.216
91.411
93.032
93.314
90.476
90.085
91.216
88.577
85.697
84.967
84.688
80.620
76.759
78.167
74.597
61.804
51.865
46.572
38.156
38.821
40.782
37.153
36.292
35.336
35.934
43.634
33.147
43.660
40.358
41.081
36.448
35.684
35.431
37.664
38.767
39.561
40.546
38.413
43.683
44.482
43.500
42.297
44.480
50.702
42.045
42.670
48.795
43.439
34.110
37.086
34.472
35.412
32.191
30.394
31.508
30.987
33.923
29.363
