56.163
52.961
58.613
60.236
59.168
54.300
50.584
48.237
48.172
45.120
41.156
42.265
39.045
37.218
38.722
37.044
41.297
43.328
51.961
56.931
74.567
82.307
85.831
88.206
88.291
86.959
87.855
90.141
88.368
86.707
89.172
89.695
87.302
85.652
87.078
86.503
83.849
83.434
84.436
84.701
81.869
82.607
84.161
82.485
79.974
81.310
84.003
85.104
83.993
84.210
86.551
84.570
87.044
87.299
87.491
86.677
87.538
86.567
86.295
85.062
85.936
84.958
83.532
82.063
85.323
86.493
84.392
88.646
90.187
91.074
88.765
88.113
90.987
91.022
89.593
90.436
91.015
89.795
87.901
86.791
84.970
84.636
88.606
87.252
84.632
84.521
86.907
87.310
87.664
85.355
86.885
86.634
85.758
85.237
85.751
85.278
84.336
86.145
85.052
84.537
84.055
84.941
83.691
83.217
80.921
81.580
84.656
83.745
81.699
84.279
85.529
83.841
84.064
80.267
77.045
80.161
82.570
82.902
85.326
87.073
87.495
88.220
86.093
84.447
83.006
79.300
85.139
73.378
83.232
89.841
90.851
91.927
93.016
93.166
92.174
91.483
89.285
87.794
86.935
85.054
82.436
78.120
79.940
80.905
84.599
85.778
87.297
89.703
90.252
92.057
92.852
93.536
93.819
93.462
91.997
89.631
88.075
86.958
90.957
92.955
92.890
93.190
93.088
92.627
91.043
90.656
86.441
81.104
85.546
86.944
90.928
89.003
90.433
89.224
87.631
87.883
88.586
86.819
85.078
85.010
84.541
84.465
82.350
79.660
81.365
82.070
77.545
70.282
69.716
