52.184
55.061
59.503
57.272
54.826
54.678
59.543
55.090
56.286
49.105
48.119
55.309
54.831
50.413
53.953
62.382
62.531
67.122
69.305
69.565
70.642
73.926
72.189
74.423
77.380
76.659
73.804
77.291
79.636
79.292
82.672
85.471
88.590
87.228
88.932
91.819
91.130
92.625
93.434
92.729
91.884
93.283
92.079
92.460
93.550
94.360
92.611
92.193
94.151
94.423
93.638
94.397
94.704
94.427
93.676
93.484
93.054
91.292
89.053
88.614
87.889
84.566
81.545
82.269
81.004
78.852
75.839
75.166
75.107
73.096
70.058
70.985
70.334
67.073
68.388
68.441
67.622
66.364
72.769
75.187
78.133
77.617
81.488
81.625
83.558
83.132
80.041
82.711
80.117
84.719
77.864
83.917
87.372
87.857
89.011
88.023
88.454
86.277
86.252
83.270
83.293
81.410
80.955
77.082
74.213
74.371
75.616
79.624
82.064
82.386
84.330
84.422
86.984
87.212
89.553
88.251
89.613
86.648
84.835
84.519
81.205
82.930
86.362
87.859
88.230
89.991
89.138
86.353
86.014
80.888
76.430
80.303
82.458
87.469
85.177
87.719
86.686
85.032
86.225
88.970
87.160
86.678
90.075
89.386
87.805
89.328
90.686
89.825
88.332
88.126
91.135
92.623
93.001
90.127
90.664
90.953
88.168
86.231
85.718
84.299
80.396
78.296
78.126
73.885
64.732
55.399
50.679
39.550
38.030
42.837
36.779
37.468
35.016
36.548
43.826
32.091
43.515
36.928
34.493
32.670
33.809
29.822
30.808
31.103
29.248
25.767
24.775
26.409
23.775
