74.708
80.616
85.062
89.099
90.257
90.306
88.629
86.202
81.150
80.061
84.891
77.313
83.075
88.559
89.209
90.178
91.477
91.052
91.212
91.013
89.598
88.094
85.583
83.690
80.880
75.176
74.989
77.403
81.833
85.315
84.658
88.020
88.184
90.311
90.457
91.328
90.929
90.844
90.030
86.984
84.558
82.053
86.033
88.968
88.386
89.430
89.937
89.552
87.992
87.964
84.003
77.360
80.916
83.056
88.460
86.788
88.543
86.867
86.220
87.954
89.390
87.426
86.303
90.453
90.580
88.703
89.448
91.866
90.535
89.565
89.251
90.248
91.485
91.318
89.422
90.312
90.275
87.455
85.614
85.335
83.156
79.951
75.278
72.741
54.730
48.339
47.034
44.468
41.761
37.234
38.468
41.980
45.115
50.118
52.478
51.414
66.996
63.443
75.997
83.325
84.168
85.349
83.989
83.560
84.539
84.038
82.150
80.803
80.604
80.169
77.816
77.409
76.417
77.774
74.825
71.963
72.160
73.368
72.228
67.921
68.120
70.048
65.812
68.490
65.361
73.885
72.871
73.352
75.665
76.920
77.897
76.197
75.591
78.463
77.828
74.446
74.240
77.799
78.659
76.286
81.074
83.674
85.164
81.974
83.965
89.066
89.349
90.225
92.055
91.318
91.025
91.784
90.639
90.609
91.867
92.862
91.771
91.264
92.501
92.943
91.353
92.234
92.695
91.481
89.325
90.313
90.818
86.928
84.801
87.076
87.054
82.241
80.846
82.814
82.391
79.139
77.113
76.452
78.087
75.255
71.805
70.719
70.925
66.940
65.282
63.889
56.032
50.153
39.620
