68.411
78.273
76.675
76.953
78.754
81.365
80.443
78.588
78.951
81.133
80.791
77.329
74.619
76.336
78.296
76.443
76.765
81.528
80.831
78.629
84.030
82.685
80.725
84.703
86.881
88.895
90.300
91.574
91.306
90.510
89.262
86.692
81.259
80.476
84.310
77.113
82.398
87.292
87.555
88.906
90.270
90.362
91.140
90.931
90.923
89.295
89.095
88.399
84.223
79.069
76.779
78.212
80.483
85.324
85.111
87.846
89.112
90.211
91.149
90.650
90.016
89.021
87.929
84.225
80.922
78.592
82.750
87.636
86.812
89.071
88.233
88.720
88.482
86.920
81.779
72.359
76.621
79.717
85.851
85.183
84.677
81.702
80.289
82.312
83.289
79.834
78.324
84.126
83.244
81.694
82.469
84.087
84.159
83.986
81.835
80.927
81.993
81.779
82.219
83.563
81.916
81.151
79.259
80.619
78.302
74.443
69.542
67.752
44.625
45.838
42.282
37.233
35.238
33.141
34.592
33.652
34.877
44.996
40.196
44.871
48.081
49.643
64.753
78.807
80.684
83.121
81.162
82.974
85.748
85.534
83.309
83.967
86.681
86.051
84.080
85.848
87.730
87.137
85.827
86.889
87.281
85.945
86.395
87.943
86.440
86.056
85.260
86.098
82.868
83.533
80.936
80.198
83.121
84.508
81.105
81.069
83.248
82.972
80.816
78.892
80.076
83.382
81.095
78.016
82.093
85.037
82.837
81.719
79.850
83.100
84.549
82.958
83.726
84.013
82.550
80.968
83.102
78.496
79.473
78.667
79.636
76.487
76.818
74.789
74.852
74.627
75.910
71.882
61.542
