78.165
85.038
89.179
90.249
90.781
91.155
90.856
90.336
90.445
89.724
87.461
85.458
86.002
86.983
83.609
79.357
81.870
83.279
79.160
77.083
76.491
81.683
76.637
74.604
74.831
77.727
73.685
74.768
79.812
79.027
77.272
83.832
86.341
89.018
90.970
92.779
93.012
92.754
91.357
89.124
84.627
82.958
87.570
80.798
87.044
91.279
91.627
91.851
93.059
92.874
93.144
92.946
92.297
91.314
90.402
89.658
85.932
81.973
78.852
82.196
85.251
88.688
88.493
90.282
91.046
92.278
92.805
92.621
92.890
93.126
92.530
91.174
89.367
87.274
90.803
92.010
91.406
91.973
91.337
91.201
90.188
90.092
87.032
82.710
83.850
85.197
89.708
87.686
88.201
86.620
85.385
87.656
87.995
85.447
84.877
89.015
87.995
86.019
87.219
89.184
87.893
87.385
87.116
88.063
89.765
89.387
86.990
88.220
88.299
84.485
82.179
82.679
80.001
73.501
65.707
60.818
45.592
40.568
42.969
39.014
39.249
37.236
36.620
42.690
46.907
61.169
75.458
72.560
78.354
78.915
83.149
88.537
89.055
90.128
85.758
87.362
88.440
86.967
84.688
84.534
85.248
84.011
81.201
81.708
82.672
80.913
77.971
78.326
77.263
73.618
71.180
64.667
64.077
69.090
64.931
67.328
65.875
73.482
73.640
71.866
73.567
77.988
77.608
74.984
76.960
79.718
79.100
75.911
76.274
82.013
81.383
78.980
83.522
86.804
87.696
84.290
86.818
88.880
88.464
88.450
89.451
89.128
87.410
87.279
88.508
84.985
83.678
82.691
72.963
