41.598
47.850
52.546
57.677
68.256
79.394
82.397
85.065
88.000
90.415
90.868
92.013
92.079
91.730
90.905
88.509
85.174
85.426
88.330
89.420
89.820
90.954
90.791
90.943
89.651
89.241
84.321
75.075
79.457
83.186
89.086
88.039
89.782
87.596
86.275
88.577
89.766
86.960
86.229
91.064
90.769
88.336
89.260
92.152
90.454
89.263
88.874
90.014
91.502
90.819
88.754
90.391
89.813
86.379
84.184
85.048
82.426
76.430
70.376
67.839
51.532
44.196
45.638
39.912
41.039
38.272
38.844
43.767
49.667
58.847
65.559
65.905
73.710
71.117
80.827
85.853
88.452
88.615
87.317
87.815
88.920
88.672
86.944
86.041
86.702
85.882
83.425
84.475
85.017
84.340
83.160
84.346
83.179
82.602
82.534
84.913
84.408
83.483
82.321
83.677
79.451
81.744
77.899
77.878
80.921
81.838
79.020
78.903
80.917
81.191
78.514
77.076
78.135
81.546
80.369
78.270
84.114
85.809
86.806
84.924
86.371
89.978
90.352
91.066
92.698
91.923
91.478
92.364
91.182
91.315
92.453
93.640
92.560
92.061
93.053
93.372
91.840
92.498
93.128
92.029
89.424
90.124
90.905
87.344
84.514
86.697
87.500
82.786
80.864
82.561
82.555
79.076
77.657
75.869
77.185
77.761
76.348
76.944
81.115
81.600
80.111
81.395
78.941
75.358
79.725
80.452
83.428
86.866
88.670
89.796
88.073
86.242
84.141
80.706
78.128
81.919
74.944
81.068
86.153
86.902
88.006
89.498
89.100
89.423
89.262
87.596
86.118
84.327
77.840
