67.974
80.220
83.043
84.036
86.677
85.390
83.176
85.970
87.052
83.270
83.268
88.569
88.493
86.278
85.755
88.993
87.900
86.648
85.466
87.275
89.431
87.411
85.592
87.327
86.459
81.850
79.693
81.633
79.268
70.182
61.561
59.506
48.427
40.337
42.049
36.802
38.469
36.873
38.974
43.404
49.402
56.525
70.145
72.194
79.889
81.460
84.972
88.247
90.785
90.172
88.292
89.363
90.318
89.196
86.831
86.802
87.419
85.036
82.644
84.468
85.182
83.741
82.068
84.934
82.537
81.584
81.441
84.239
83.006
83.304
82.317
83.496
79.841
81.128
77.630
77.450
80.119
81.751
78.966
78.483
80.814
81.498
78.838
77.285
78.463
82.184
80.861
79.208
84.910
86.930
88.317
85.078
86.390
90.270
90.325
90.620
91.893
91.496
90.936
91.557
90.460
90.781
91.583
92.663
92.306
91.435
92.446
92.761
91.523
92.000
92.548
91.292
88.817
89.713
90.051
86.603
84.028
85.860
86.404
82.009
80.690
82.195
81.826
78.419
77.681
76.263
78.581
79.115
79.813
80.559
84.172
84.450
83.444
85.672
82.948
80.339
84.127
85.948
87.961
89.669
91.417
91.553
91.671
89.066
86.800
84.049
80.126
85.409
76.130
84.597
89.722
90.355
91.364
92.905
92.813
92.837
92.746
91.753
91.215
90.186
89.227
85.863
81.750
78.959
81.392
84.528
87.284
87.979
90.035
90.636
91.759
92.243
92.832
93.000
92.620
91.024
87.147
84.568
83.002
87.846
91.545
90.886
91.651
91.632
90.663
89.122
88.850
84.704
79.725
