69.064
75.135
78.073
80.095
79.966
78.860
80.378
83.354
82.139
80.095
79.986
82.658
82.124
78.041
76.292
78.264
80.558
78.275
78.999
84.020
83.035
80.457
85.718
84.123
82.302
85.524
87.946
89.635
90.830
91.925
91.703
90.769
89.535
87.168
81.415
80.559
84.716
77.612
82.972
87.792
87.934
89.254
90.825
90.873
91.530
91.220
91.302
89.716
89.600
89.019
84.841
79.783
78.053
79.210
81.496
85.930
85.855
88.337
89.814
90.704
91.678
91.203
90.577
89.613
88.459
84.532
81.336
79.202
83.550
88.263
87.601
89.787
89.256
89.690
89.252
87.850
82.831
71.902
77.341
81.025
87.432
86.404
86.370
83.228
82.237
83.802
84.403
80.767
79.646
84.361
83.098
81.778
82.266
83.010
83.277
83.187
80.748
79.177
80.101
79.713
81.358
83.274
81.385
80.374
78.949
80.379
77.732
73.028
67.758
65.252
46.482
41.813
42.616
38.536
37.198
34.422
36.110
35.239
36.523
45.650
40.909
44.406
55.318
52.828
66.436
80.394
83.655
85.035
83.060
84.533
87.273
86.866
84.710
85.285
87.709
87.118
85.173
86.993
88.671
87.971
87.074
88.148
88.000
86.505
87.289
88.630
87.507
87.336
86.629
86.966
83.958
84.172
81.447
80.771
84.009
85.207
81.869
81.813
84.204
83.956
81.470
79.936
81.347
84.452
82.121
79.484
83.304
86.155
84.334
83.135
80.953
84.062
85.651
83.784
84.112
84.718
83.591
81.423
82.828
77.397
79.320
78.082
75.507
72.504
69.822
64.704
67.114
64.987
67.317
