77.232
79.314
81.853
76.068
74.799
72.165
72.836
79.252
70.674
76.830
84.059
85.594
86.633
88.271
87.974
87.862
87.817
86.289
85.058
83.633
81.559
77.452
72.050
73.409
75.728
79.562
82.871
82.060
85.491
86.095
88.301
88.361
89.447
89.182
89.525
88.568
86.194
84.224
82.228
85.438
87.830
87.787
88.540
88.946
88.631
87.062
86.724
82.714
75.188
79.708
82.492
87.677
86.643
88.144
86.273
86.191
88.056
89.300
87.432
86.582
90.415
90.539
88.683
89.514
91.852
90.517
89.605
89.302
90.318
91.586
91.514
89.590
90.431
90.406
87.610
85.690
85.511
83.077
79.980
75.540
72.559
55.528
48.753
47.394
44.378
42.343
36.338
37.315
41.135
45.777
52.100
55.681
54.925
69.690
64.984
75.852
82.141
83.051
83.502
82.749
82.981
84.074
83.148
81.684
80.779
80.972
80.213
78.221
77.909
77.483
78.098
75.395
74.510
74.023
73.399
72.006
66.993
67.245
68.223
64.306
67.249
64.093
72.608
71.231
72.193
74.826
76.149
77.142
75.443
75.452
78.299
77.293
74.354
74.566
78.627
78.766
76.392
81.283
83.648
85.150
82.176
83.817
88.725
89.275
90.168
91.865
90.916
90.933
91.623
90.352
90.491
91.717
92.715
91.699
91.187
92.434
92.966
91.597
92.448
92.786
91.675
89.611
90.527
90.946
86.951
84.881
86.954
87.077
82.226
80.336
82.768
82.246
78.696
76.775
76.362
78.521
74.687
71.595
70.855
72.570
68.369
68.115
69.390
67.351
62.921
65.620
72.925
73.844
70.112
