87.848
91.500
91.122
90.961
90.324
91.188
92.499
92.313
92.518
93.282
93.412
93.946
93.412
92.256
91.569
92.383
91.400
90.043
90.662
91.428
90.313
89.231
89.081
87.641
86.932
86.300
84.469
82.461
80.140
79.762
76.775
79.541
76.415
79.810
83.665
82.842
81.429
84.961
86.698
84.716
84.921
87.123
86.975
86.630
85.752
86.644
90.138
90.016
90.961
87.594
88.823
91.772
92.075
92.354
93.066
93.134
92.912
93.535
91.939
91.812
93.185
93.762
92.145
91.431
93.548
93.843
92.834
93.607
94.028
93.454
92.569
92.677
93.062
90.447
88.522
89.458
89.057
84.528
83.028
83.915
82.472
78.892
77.689
75.049
75.859
77.744
74.373
76.720
82.011
80.882
80.882
86.070
84.554
85.813
87.429
89.225
91.428
92.380
93.326
93.175
92.204
89.374
86.710
84.016
79.547
85.017
73.742
82.987
89.747
90.915
91.772
93.364
93.478
93.643
93.268
92.501
91.746
90.423
90.283
85.410
82.114
81.351
82.006
85.456
88.266
87.807
90.196
90.839
92.385
93.135
93.511
93.885
93.601
92.385
90.682
89.334
88.456
92.148
93.823
93.273
93.153
92.907
92.225
90.732
90.310
85.926
81.302
85.151
86.307
90.791
88.513
90.851
90.160
88.851
89.873
92.079
90.707
89.578
92.517
92.513
90.583
91.527
92.893
91.851
90.384
90.582
91.707
92.671
93.066
91.727
92.507
92.414
90.400
88.994
88.577
87.354
84.813
81.365
81.368
77.573
71.413
63.168
57.915
38.950
46.455
43.531
35.047
30.244
33.344
