51.187
69.482
77.457
81.904
85.494
88.885
90.056
90.294
88.451
85.481
81.931
80.621
84.706
76.731
82.138
88.037
88.734
89.863
91.087
90.820
90.800
90.960
89.578
88.153
85.713
83.731
80.038
74.739
76.136
77.734
82.210
85.722
84.849
88.160
88.058
90.225
90.243
91.153
90.503
90.266
89.399
85.902
83.133
80.057
84.372
88.017
87.563
88.933
89.585
89.378
87.771
87.798
83.851
78.198
81.445
83.071
88.364
86.475
88.427
86.825
85.894
87.791
89.417
87.410
86.158
90.468
90.610
88.612
89.390
91.943
90.669
89.588
89.199
90.498
91.686
91.421
89.431
90.332
90.295
87.300
85.313
85.051
82.797
79.335
75.224
72.426
54.242
48.980
45.629
43.710
40.300
36.305
38.005
38.128
38.870
46.116
44.093
46.743
57.932
53.733
67.933
79.799
80.823
81.693
81.403
81.912
82.525
82.347
80.369
79.441
79.588
78.825
76.622
75.926
74.721
75.897
72.943
68.934
69.641
69.017
66.576
60.614
59.193
63.364
59.867
61.333
60.921
70.065
69.072
70.297
73.333
74.709
75.985
74.452
74.084
77.152
77.069
73.904
73.566
77.047
77.878
76.041
80.546
83.272
84.736
81.877
83.915
88.946
89.263
90.264
92.061
91.298
91.028
91.906
90.744
90.803
92.011
92.942
91.777
91.369
92.597
93.001
91.341
92.134
92.691
91.472
89.098
90.114
90.761
86.874
84.607
86.740
86.997
81.957
80.240
82.273
81.834
78.430
75.895
75.293
76.607
73.206
70.031
68.256
68.038
64.072
62.968
60.105
52.637
