47.943
60.751
58.040
66.955
70.487
72.901
72.565
75.605
78.966
80.080
76.610
82.471
85.212
87.635
89.505
91.642
91.983
91.821
90.255
87.278
83.211
81.516
85.716
78.400
84.286
89.508
90.084
90.735
92.095
91.810
92.181
91.956
90.983
89.884
88.658
88.069
84.380
79.620
76.848
79.459
82.630
86.271
86.168
88.535
89.205
90.824
90.969
91.431
91.446
91.379
90.626
87.798
85.409
83.123
87.116
89.719
88.668
89.605
89.263
88.622
87.358
87.826
83.687
76.991
80.663
82.179
87.112
84.343
85.993
84.524
82.234
84.454
86.608
84.322
82.912
88.271
88.983
87.132
87.374
90.257
89.694
88.736
87.604
89.197
90.087
90.039
87.633
88.154
87.940
84.967
82.292
81.724
79.914
74.692
67.500
64.762
48.646
40.919
44.086
41.531
40.908
37.524
38.764
43.215
46.057
58.521
66.253
65.368
75.913
73.276
81.088
86.967
88.283
89.125
86.362
86.171
87.844
87.274
84.316
83.444
84.875
83.731
80.268
80.859
82.190
80.557
77.154
78.916
78.641
76.139
73.932
75.124
75.354
74.970
73.352
75.404
71.569
75.858
70.881
72.938
74.518
75.197
72.176
73.058
74.870
76.014
73.744
72.626
73.426
77.795
76.918
75.753
81.423
83.974
85.272
82.407
84.986
89.082
87.949
88.761
91.233
90.365
89.588
90.080
89.689
89.627
90.811
92.204
91.298
90.672
91.748
92.231
91.013
91.960
92.363
91.549
89.584
90.046
89.864
86.104
83.652
84.194
83.939
78.143
74.358
74.092
70.229
59.838
51.516
