77.958
88.658
88.225
86.108
87.517
88.690
86.920
84.753
86.058
87.728
85.353
83.622
83.662
85.689
84.362
80.608
79.763
81.132
83.291
80.603
80.978
85.252
84.335
82.066
86.699
84.630
82.472
85.731
88.585
90.109
91.345
92.280
92.039
91.137
89.736
87.318
81.248
79.877
84.668
76.543
82.629
88.045
88.224
89.510
91.234
91.305
91.850
91.602
91.738
90.259
90.099
89.586
85.462
80.097
78.816
80.272
82.958
86.716
86.856
89.117
90.552
91.533
92.356
92.063
91.217
90.432
89.024
85.780
82.813
80.522
84.522
88.753
88.596
90.849
91.135
91.451
90.718
89.345
84.447
74.428
79.038
83.119
89.047
88.660
89.189
86.674
85.941
88.066
88.581
84.791
85.208
89.522
88.250
86.541
88.160
89.293
87.903
87.528
87.604
87.463
88.623
88.952
87.762
89.163
88.893
86.507
84.658
85.409
83.040
78.874
74.646
71.215
49.307
45.710
45.372
41.072
39.693
36.376
37.592
37.821
39.346
49.230
43.626
48.629
53.340
56.156
69.233
81.429
83.680
85.156
83.293
85.177
87.534
87.397
85.421
85.937
88.307
87.855
85.786
87.730
89.374
88.706
87.884
88.953
88.582
87.047
88.267
88.812
88.011
88.268
87.172
87.831
84.898
84.881
82.608
81.691
84.592
86.096
83.075
82.747
84.944
85.117
82.807
80.961
82.259
85.421
83.839
80.857
84.157
87.411
86.967
86.230
85.696
88.571
89.085
88.805
89.974
89.760
88.638
88.515
88.500
86.526
87.757
88.327
86.921
84.738
85.368
82.766
73.439
