72.076
74.740
82.393
85.502
89.306
92.382
92.961
92.922
94.090
94.212
95.879
94.038
95.804
96.059
92.577
91.223
93.772
91.625
87.843
86.445
88.394
85.631
82.283
82.735
82.466
80.125
77.946
77.050
74.888
73.556
71.947
67.735
69.023
69.309
67.897
68.110
71.811
68.928
69.344
78.845
79.161
82.454
81.690
83.089
84.272
83.614
84.336
81.510
82.994
82.763
85.282
77.999
83.905
86.060
87.591
88.716
87.579
87.604
86.216
86.742
84.739
85.570
83.822
84.874
83.562
80.930
82.276
81.048
82.936
86.787
83.690
85.756
84.245
86.988
85.656
86.075
84.609
83.368
83.163
78.710
78.808
74.272
78.168
82.210
81.039
82.731
81.163
85.551
85.074
84.682
81.026
74.534
78.105
77.672
84.948
82.488
83.962
79.646
79.813
83.529
84.839
79.705
82.152
88.470
87.655
85.188
89.338
92.384
91.453
89.967
91.603
94.232
95.315
96.121
92.759
92.190
93.809
93.158
89.394
88.877
90.946
87.347
83.025
85.184
83.869
78.953
71.603
70.341
64.837
56.162
51.707
47.798
45.075
48.188
41.927
42.532
37.693
30.155
40.693
41.555
39.749
40.998
42.901
40.280
41.548
45.695
45.161
48.017
49.639
50.704
53.468
55.432
57.794
59.138
62.463
55.561
62.083
59.338
58.373
62.790
56.652
55.293
60.958
63.192
60.459
65.298
58.628
63.584
67.325
62.453
62.876
66.139
62.382
61.406
61.585
61.529
50.962
54.248
45.937
42.646
40.329
42.529
33.459
39.199
42.625
40.349
37.975
42.928
48.592
