73.293
77.347
77.708
80.339
83.047
83.448
82.884
82.162
78.597
81.261
79.639
85.243
83.807
85.497
89.660
87.981
88.244
89.994
89.875
89.024
90.621
90.424
89.456
90.016
91.860
91.769
94.126
95.255
96.523
95.702
96.583
97.561
97.224
97.675
98.223
97.658
95.977
97.925
98.017
98.381
98.519
98.661
98.527
98.457
98.624
98.515
98.263
98.339
98.455
98.359
97.732
97.753
97.464
97.199
96.024
94.523
93.417
93.632
91.222
89.452
89.111
88.968
86.046
83.605
85.953
85.829
81.736
82.282
84.281
81.817
80.329
82.802
82.269
83.109
86.450
85.992
89.656
89.675
94.209
94.162
95.485
95.191
94.011
92.829
93.135
95.799
91.214
95.132
96.876
97.387
97.033
96.849
96.533
95.570
95.437
93.873
92.761
89.756
91.232
87.744
85.855
87.687
85.425
88.363
90.986
88.255
91.238
91.007
93.609
94.878
96.452
96.281
97.073
96.396
95.650
95.637
93.940
94.924
96.113
96.359
96.094
96.996
95.502
92.315
91.317
87.014
83.782
86.787
85.676
91.597
89.359
93.075
91.486
87.386
90.041
93.334
89.431
87.891
93.371
93.888
90.572
92.819
96.095
96.145
93.300
94.873
97.397
98.193
97.958
95.022
95.110
95.472
94.609
91.521
91.294
92.802
89.144
85.799
88.655
88.935
83.714
81.938
83.485
81.697
74.471
68.346
64.221
63.833
61.060
57.509
54.880
50.517
38.491
58.802
47.560
44.622
48.947
47.158
46.070
46.713
46.377
42.191
38.524
36.416
41.120
40.200
35.778
38.440
43.094
