45.267
44.480
55.356
60.435
79.858
86.252
88.074
89.389
89.373
88.277
89.257
91.246
90.465
89.097
90.737
91.327
90.485
88.965
89.391
89.072
87.830
86.944
87.504
88.153
86.825
87.190
87.687
86.919
85.461
85.735
87.258
86.531
84.207
82.729
83.947
80.572
83.177
81.124
83.214
85.994
85.455
84.332
86.214
86.969
85.895
85.579
85.921
85.457
86.583
86.518
85.891
89.792
90.581
91.562
88.812
89.789
92.466
93.001
93.134
93.590
93.721
93.774
94.022
92.463
92.123
93.322
94.004
92.460
91.500
93.769
94.060
93.054
93.841
94.256
93.904
93.054
93.219
93.697
91.545
89.703
90.833
90.728
86.581
85.568
86.548
85.485
81.969
81.235
78.797
79.255
80.959
78.553
79.178
83.252
83.131
82.752
85.794
83.621
83.273
85.296
87.634
88.854
89.942
91.185
91.362
91.707
88.999
86.180
83.915
79.591
85.034
73.381
82.714
89.907
90.900
91.814
93.470
93.601
93.422
93.238
92.238
91.462
90.123
89.894
85.410
81.375
81.518
82.962
86.390
88.747
88.756
90.897
91.523
92.910
93.463
93.845
94.083
93.680
92.318
90.422
88.855
87.643
91.668
93.495
93.280
93.566
93.447
93.016
91.750
91.475
87.717
83.308
86.959
88.144
91.933
90.391
92.071
91.682
90.894
91.537
93.206
92.269
91.295
93.504
93.542
91.801
92.454
93.355
92.289
91.035
91.202
92.139
92.935
93.389
92.558
93.368
93.178
91.562
90.744
90.387
89.148
87.104
83.988
84.068
80.765
75.712
64.849
58.412
44.941
