43.440
55.582
66.470
75.626
80.552
84.902
88.222
90.191
90.427
88.860
86.118
82.291
81.523
85.250
78.098
83.162
88.917
89.649
90.351
91.582
91.078
91.139
90.915
89.285
87.400
85.066
82.270
78.114
73.087
75.344
76.658
81.360
84.749
84.121
87.515
87.645
89.766
90.107
91.103
90.897
91.057
90.422
87.548
85.163
82.781
86.605
89.107
88.337
89.025
89.472
88.792
87.120
87.128
83.092
77.122
80.561
82.527
87.903
85.656
87.803
86.146
84.990
86.932
88.843
86.707
85.473
89.948
90.272
88.246
88.891
91.616
90.467
89.325
88.714
90.205
91.417
91.165
88.977
89.760
89.763
86.689
84.335
84.085
81.865
78.378
73.346
69.988
51.626
45.652
44.864
42.288
40.042
34.901
36.402
39.915
45.148
51.890
54.882
54.286
68.575
63.203
76.898
83.489
84.116
85.257
83.596
83.126
83.895
83.311
81.013
79.898
79.337
78.207
75.669
75.130
73.306
74.690
70.838
67.494
67.776
67.031
65.279
60.444
58.685
62.933
60.142
62.107
61.655
69.915
68.607
69.833
72.223
73.781
75.077
73.187
72.370
76.011
75.969
72.419
71.678
75.727
76.644
74.675
80.382
83.003
84.866
81.635
84.112
89.003
88.983
89.937
91.960
91.116
90.661
91.590
90.535
90.604
91.731
92.786
91.729
91.301
92.466
92.918
91.428
92.315
92.737
91.632
89.526
90.303
90.721
86.822
84.540
86.557
86.536
81.481
79.664
81.504
80.978
77.293
74.913
74.052
74.723
69.755
66.262
64.482
63.545
59.715
57.458
52.401
