65.830
76.184
80.674
80.308
81.144
83.176
85.194
87.518
87.013
88.572
87.578
84.383
82.776
84.943
82.254
77.987
75.730
78.705
76.555
72.576
70.804
72.170
70.300
68.760
64.808
63.255
63.056
59.456
57.209
60.099
57.941
55.767
59.511
61.593
60.670
57.389
71.112
72.721
77.313
77.715
79.215
79.746
77.464
77.664
72.741
76.659
75.430
78.864
67.060
76.830
80.019
80.253
80.971
80.348
80.603
81.500
81.011
81.145
80.596
80.094
79.184
77.643
74.960
74.062
74.977
76.708
81.224
80.104
81.184
80.472
81.721
81.809
80.130
80.027
77.635
77.426
72.305
69.451
67.304
69.764
73.718
75.352
77.764
74.547
78.787
80.275
79.830
76.559
70.405
71.509
73.890
78.490
76.410
76.945
72.225
72.674
74.919
76.166
72.262
73.687
79.618
79.276
78.635
81.517
83.760
83.874
83.888
84.018
85.366
86.386
88.118
86.112
83.741
85.268
85.527
81.518
79.800
80.765
78.619
72.410
73.299
69.241
54.983
46.370
42.165
35.387
38.383
35.997
33.938
31.752
31.026
29.740
30.569
29.188
24.855
29.534
30.903
28.496
31.581
28.969
27.903
32.590
31.246
32.400
37.729
42.834
40.585
40.800
48.686
49.501
47.423
47.388
50.706
51.261
50.980
45.978
47.106
42.510
44.610
47.211
44.346
47.074
50.194
47.703
51.780
50.740
48.055
49.544
52.658
51.826
48.396
46.971
50.169
45.609
48.636
38.567
38.151
37.603
44.413
36.185
37.927
33.794
36.303
36.978
34.521
37.356
33.413
32.756
36.668
