42.166
52.216
57.273
43.719
41.718
54.603
51.538
42.060
47.163
45.525
48.298
44.160
41.999
40.744
43.245
40.884
39.128
41.008
37.610
38.051
38.004
38.615
40.310
43.714
53.654
57.472
74.310
81.157
85.243
88.048
88.575
86.506
87.279
88.894
87.260
85.141
87.670
87.432
85.227
84.000
85.297
84.416
81.981
82.370
82.350
82.867
81.117
81.889
82.573
82.038
81.974
82.434
87.194
87.742
83.660
84.955
87.913
84.260
87.719
86.029
87.525
87.049
84.680
84.635
86.339
83.930
82.872
83.719
83.489
80.808
82.012
83.774
82.816
86.544
87.147
88.563
84.791
84.763
88.032
86.486
85.796
87.316
87.647
84.872
84.087
82.859
81.897
81.461
86.170
84.426
83.738
84.643
86.877
86.909
87.289
85.823
85.488
84.833
84.665
83.003
82.245
81.735
80.907
81.380
79.736
80.031
78.699
78.215
78.456
77.768
74.180
75.325
79.300
78.971
77.440
80.170
83.146
80.923
80.560
79.239
75.494
77.485
79.468
80.402
81.819
83.802
83.633
85.808
84.477
82.561
82.271
78.712
85.076
72.963
83.982
89.927
90.994
91.736
92.529
92.192
90.238
89.218
86.282
85.622
83.184
81.900
79.224
76.417
77.944
77.263
81.636
82.636
83.247
86.943
86.616
89.726
90.684
92.188
92.659
92.989
91.927
89.431
88.498
87.292
90.645
92.318
91.649
90.993
91.090
89.877
87.321
87.482
81.382
76.878
82.028
82.961
87.472
83.400
86.328
84.878
81.172
79.721
82.935
80.409
76.578
76.389
76.248
71.739
65.885
