30.082
38.659
42.604
46.057
44.936
57.627
63.862
65.693
67.675
67.430
69.158
71.219
68.816
71.519
73.868
72.456
69.287
73.856
76.508
75.623
79.607
82.947
86.577
85.914
88.249
91.279
90.120
92.110
93.362
92.320
91.217
93.261
91.945
92.653
93.603
94.609
92.889
92.397
94.216
94.491
93.716
94.468
94.812
94.497
93.620
93.502
93.000
90.808
88.576
88.210
86.899
83.496
80.944
80.920
79.204
77.451
74.353
71.917
71.375
70.574
66.051
65.329
65.243
64.742
63.073
64.335
62.513
61.783
69.200
70.772
74.868
75.132
79.240
80.023
81.685
81.527
78.772
80.049
78.442
82.578
75.597
81.519
85.019
85.808
87.573
85.776
86.511
84.552
84.236
81.494
80.719
78.671
77.453
73.936
71.467
71.860
72.264
76.483
79.483
78.964
81.323
81.921
84.978
85.039
87.643
86.364
87.356
85.122
82.613
82.054
78.599
80.730
84.555
85.247
86.093
88.018
87.102
84.126
83.507
77.269
72.176
76.928
79.165
85.193
82.801
86.276
85.159
83.673
85.054
88.085
85.751
85.489
89.851
89.296
87.374
89.486
91.241
90.761
89.020
89.294
91.740
93.097
93.551
90.713
90.119
91.215
89.005
86.043
85.036
84.579
80.830
77.264
77.985
74.556
64.744
55.488
50.788
40.064
38.373
41.594
37.536
39.272
36.200
36.839
43.976
32.863
43.356
40.713
39.590
33.642
34.359
33.755
37.325
37.445
40.507
38.148
37.024
41.083
40.549
39.663
40.395
40.492
44.551
35.370
38.335
45.492
40.004
37.674
37.987
