77.222
82.654
87.435
89.221
89.435
87.868
85.533
80.994
80.516
84.799
77.459
83.072
88.654
89.414
90.180
91.420
90.893
90.865
90.496
88.611
86.437
83.486
80.258
73.691
68.127
71.116
72.488
79.231
82.888
82.463
86.592
87.022
89.627
90.023
91.128
90.989
91.080
90.429
87.475
85.403
83.004
86.900
89.388
88.625
89.254
89.775
89.049
87.185
87.145
82.594
75.084
80.285
82.411
88.101
85.931
88.066
86.501
85.584
87.352
89.066
87.103
85.864
90.237
90.467
88.596
89.347
91.810
90.517
89.491
89.238
90.356
91.517
91.377
89.388
90.159
90.090
87.232
85.099
84.703
82.462
79.130
74.017
71.057
53.453
47.125
46.593
44.056
41.562
36.984
38.307
43.196
47.211
53.480
56.998
57.208
71.011
67.539
78.577
84.463
85.082
86.009
84.532
84.029
84.491
83.838
82.103
80.484
79.678
79.038
76.836
75.831
74.260
75.599
72.514
68.571
69.201
70.276
68.745
64.561
64.090
64.859
61.684
63.619
62.030
70.589
68.921
70.567
73.518
74.442
75.485
74.153
73.615
76.654
76.370
73.036
72.688
76.192
77.214
75.446
80.897
83.223
85.132
81.871
84.103
89.076
89.094
90.029
91.988
91.184
90.792
91.657
90.574
90.583
91.854
92.821
91.787
91.306
92.554
92.945
91.450
92.313
92.714
91.565
89.384
90.356
90.738
86.627
84.502
86.476
86.374
81.297
79.519
81.391
80.633
76.971
74.898
73.917
75.270
71.046
67.166
65.708
65.396
62.189
60.144
55.456
47.700
44.453
41.683
36.542
