75.790
81.076
80.988
81.226
81.115
82.405
83.436
82.522
82.302
83.130
83.504
83.221
83.765
84.490
84.430
82.646
83.303
82.963
80.323
80.958
79.465
77.795
76.456
76.009
73.849
77.725
77.465
79.213
81.319
81.372
81.354
83.818
83.998
82.939
83.507
84.314
82.414
83.228
84.442
83.480
86.732
87.815
89.659
88.059
89.076
91.535
91.485
92.385
93.048
92.688
92.130
93.177
91.526
91.619
92.856
93.667
92.040
91.443
93.401
93.801
92.899
93.734
94.154
93.741
92.771
92.767
92.861
90.854
88.672
89.127
88.633
85.573
83.257
83.135
82.303
79.890
77.297
75.602
75.791
77.464
73.827
74.441
77.573
77.327
77.158
79.158
78.650
78.234
81.278
81.701
84.483
84.697
87.107
86.548
86.996
84.402
80.887
80.316
77.631
82.073
73.722
80.874
86.229
86.768
87.938
89.598
89.756
88.821
88.937
87.463
86.793
85.061
85.141
80.586
77.739
78.052
77.985
81.296
84.630
83.898
86.440
86.452
88.940
89.153
90.585
90.041
90.642
88.526
86.060
84.853
82.373
86.121
89.598
89.981
90.314
91.226
90.294
87.835
87.710
81.945
76.122
81.620
83.641
88.906
86.576
89.278
88.424
86.729
87.523
90.476
88.762
87.426
91.190
91.040
88.966
89.959
91.736
90.744
89.040
89.396
91.063
92.286
92.778
90.900
91.483
91.745
89.303
87.227
86.978
85.828
82.407
79.274
79.649
74.904
60.891
49.950
46.947
38.939
38.301
40.822
37.820
38.289
37.733
38.450
44.164
41.782
44.966
36.427
33.643
