53.833
63.462
63.349
63.154
66.739
69.487
68.787
67.166
72.576
74.976
73.966
78.395
82.335
85.809
85.222
87.451
90.709
89.830
91.769
92.996
91.917
90.665
92.886
91.555
92.037
93.218
94.207
92.426
91.734
93.642
94.041
93.277
94.083
94.486
94.062
93.027
93.052
92.665
90.119
87.817
87.983
86.650
83.271
81.014
80.369
78.631
77.097
73.193
71.214
69.746
69.204
65.292
64.274
63.798
63.679
62.446
63.862
62.541
61.774
70.211
71.852
75.229
75.597
78.124
78.274
79.140
78.306
76.215
76.112
75.245
79.057
71.873
77.138
81.337
82.816
85.673
84.220
84.834
83.434
83.061
80.899
79.661
78.499
76.972
74.773
72.244
69.283
71.219
75.286
78.686
78.383
80.602
81.287
84.298
84.430
86.852
85.234
85.576
83.098
80.707
79.699
76.326
78.077
82.940
83.839
85.515
87.548
86.639
83.631
82.887
76.557
70.496
74.310
77.870
84.143
81.740
85.631
83.956
81.722
83.614
87.453
84.537
83.685
89.002
88.571
86.555
88.380
90.648
90.002
88.373
88.591
90.956
92.718
93.058
90.206
89.517
91.029
88.367
85.270
84.704
84.508
80.476
76.431
78.018
74.366
62.317
52.226
47.042
38.946
38.949
40.842
37.866
37.009
35.525
36.129
43.087
32.750
42.840
39.111
39.707
34.899
33.947
32.868
41.635
38.581
41.546
41.288
39.601
44.593
43.962
43.270
45.006
46.438
50.536
43.319
43.820
50.032
43.233
35.039
37.049
34.383
35.818
34.508
32.841
32.670
31.528
37.244
31.515
34.147
