75.856
71.266
74.091
64.236
68.147
74.268
75.905
84.363
85.275
81.822
85.141
84.166
82.046
77.120
67.522
71.931
77.568
81.412
84.971
86.124
83.446
83.607
85.835
87.589
84.559
83.833
89.916
89.794
86.911
87.932
91.053
89.434
88.303
88.145
89.087
90.321
90.460
88.325
89.900
89.517
86.071
83.779
84.866
82.782
77.277
73.602
72.219
55.972
45.761
46.162
43.480
45.470
39.261
43.687
39.444
41.652
49.147
45.480
47.633
54.768
51.640
66.187
77.853
81.212
82.266
82.173
82.975
85.252
85.361
83.709
84.200
85.636
85.345
84.186
85.521
86.741
87.373
86.399
87.377
86.382
86.058
87.342
88.621
88.493
86.833
85.550
87.207
83.977
85.036
81.609
81.446
84.653
85.089
82.281
82.208
84.131
83.215
81.650
79.768
80.522
82.889
81.479
78.270
82.125
84.218
84.128
84.307
84.794
86.547
88.332
90.254
91.298
89.315
89.693
91.274
89.492
90.003
91.051
92.823
91.711
91.362
92.129
92.954
91.152
91.504
92.482
91.419
88.693
89.484
90.312
87.382
84.778
86.597
87.267
83.964
82.302
83.462
83.528
81.435
79.448
77.332
79.348
82.115
80.611
79.925
83.981
85.056
82.633
84.932
83.942
82.238
84.110
85.594
86.850
87.594
88.287
87.414
85.676
82.628
78.633
75.283
72.652
76.587
68.310
72.245
77.487
74.439
78.690
83.464
85.174
86.079
86.707
86.769
86.391
86.518
86.231
83.813
78.495
76.485
77.696
78.337
82.862
83.271
84.157
85.242
85.515
86.692
85.067
83.322
