77.085
79.989
82.424
82.673
83.049
82.582
83.727
84.039
81.974
80.264
81.663
82.901
79.819
77.764
78.372
79.379
77.072
74.881
72.073
74.434
76.056
75.005
76.777
81.724
80.804
79.590
84.975
84.149
81.870
85.417
88.122
89.891
90.968
92.280
92.133
91.509
89.996
87.381
82.064
80.875
85.258
78.312
83.330
88.481
88.527
89.610
91.477
91.439
91.864
91.701
91.552
90.337
89.926
89.461
85.740
82.859
79.226
80.586
83.286
87.039
86.752
89.045
90.038
91.107
91.526
91.447
90.829
90.431
89.410
85.873
82.758
80.344
84.524
88.653
88.142
89.662
89.392
89.543
88.886
88.206
84.311
75.646
79.310
82.130
87.748
86.237
86.985
84.271
83.093
84.647
85.594
82.217
81.302
85.652
84.920
83.660
84.191
84.793
84.575
84.773
83.437
82.629
83.223
83.930
84.152
85.553
84.821
83.251
81.131
81.727
79.581
75.408
69.729
66.262
49.715
43.780
45.025
41.415
39.645
36.203
37.368
39.127
40.711
45.949
43.986
45.085
57.865
54.904
69.035
82.192
84.731
86.335
83.726
84.421
86.876
86.683
84.497
84.122
86.734
86.140
83.757
84.949
87.447
86.444
84.736
86.390
86.514
84.232
84.443
86.251
85.072
84.966
84.049
84.456
81.055
82.011
78.062
78.169
81.566
82.586
79.322
79.198
81.482
81.334
78.584
77.080
78.463
81.744
79.162
76.647
81.998
84.870
84.248
82.283
81.299
85.667
86.141
84.999
86.054
86.963
85.748
84.080
83.850
80.263
81.080
79.823
76.961
69.122
55.470
