85.521
90.561
91.947
91.640
92.321
93.969
94.683
93.750
95.404
95.434
93.433
91.992
94.071
92.828
90.233
88.837
90.132
88.290
85.213
84.028
84.537
82.734
79.427
77.781
76.695
74.625
72.704
68.555
68.472
67.418
67.062
67.215
68.756
66.808
66.720
75.588
76.351
79.076
78.593
81.737
81.427
83.733
84.319
80.150
84.850
84.264
86.871
78.300
84.399
88.750
89.588
90.422
86.733
87.652
84.705
86.118
83.635
84.254
81.297
83.558
81.138
79.936
82.782
80.867
84.168
86.231
83.585
85.715
84.417
87.023
85.581
88.209
85.856
87.534
84.130
83.560
81.097
79.065
79.915
83.245
84.017
85.399
86.723
88.333
86.143
86.525
83.151
80.473
84.093
84.188
88.614
86.379
88.720
87.703
86.166
87.940
89.720
87.081
87.813
90.825
90.067
89.186
92.038
92.738
91.821
92.264
93.375
93.614
94.691
95.542
94.119
93.747
94.112
93.847
91.297
90.111
90.460
88.101
84.689
84.883
83.247
79.903
71.118
67.022
65.651
54.972
52.953
50.032
47.245
50.132
49.987
53.788
44.489
52.358
45.612
42.073
35.520
33.056
32.651
35.397
34.433
36.782
41.443
38.061
37.836
37.708
38.374
34.706
35.949
41.484
35.067
36.749
40.199
38.661
40.382
46.608
43.065
42.576
42.885
41.779
43.472
53.708
55.614
61.317
58.855
57.883
63.321
66.391
61.042
65.468
67.410
65.134
60.641
68.892
67.986
65.704
65.763
73.898
77.165
77.242
78.633
82.954
82.976
83.378
86.633
83.782
83.907
84.170
80.113
