44.631
44.596
66.040
74.581
75.861
74.540
77.028
82.342
82.920
87.689
85.652
89.440
87.823
82.073
83.167
86.546
82.091
77.411
76.907
80.464
76.267
72.127
72.997
73.664
69.822
66.743
65.453
63.120
60.670
56.368
55.559
58.181
56.142
55.893
57.819
60.205
58.670
56.026
70.654
71.803
76.794
77.079
78.826
80.332
78.599
78.424
74.387
76.115
75.381
76.768
69.039
76.297
79.123
79.618
81.346
82.192
82.104
82.622
82.424
81.213
80.456
79.528
77.753
77.148
75.021
71.907
73.334
75.267
79.744
79.385
80.713
81.118
82.646
81.955
80.785
80.999
77.710
77.514
71.876
70.446
66.435
71.296
75.602
76.605
77.113
76.243
78.334
80.430
80.230
76.629
69.902
71.119
72.638
77.519
75.631
75.641
69.880
71.297
73.880
73.369
69.264
72.071
77.854
77.016
77.217
80.766
82.092
82.777
83.584
83.892
85.113
85.942
89.284
87.093
84.382
86.355
86.906
83.047
81.279
82.627
80.429
74.619
76.248
74.052
63.996
51.251
48.139
42.055
41.600
39.888
36.133
34.395
34.015
32.532
34.103
29.172
28.279
34.535
34.100
33.479
34.727
31.426
31.080
35.803
35.824
35.778
41.819
44.482
43.079
44.445
50.344
49.794
49.337
51.517
51.474
52.488
50.287
46.999
49.768
48.462
47.000
49.816
47.004
50.639
53.691
54.518
56.200
53.734
54.235
55.037
56.047
51.357
52.490
52.826
50.911
42.806
45.076
37.485
32.058
31.920
35.141
27.106
27.484
29.629
27.490
24.649
27.651
31.337
24.140
