85.413
87.149
89.719
90.031
90.935
89.380
88.416
84.193
76.635
80.646
83.630
88.104
88.537
89.921
86.883
85.815
88.507
89.608
85.669
85.804
91.392
90.800
88.797
89.777
91.685
90.345
89.468
89.593
90.218
91.200
90.699
89.401
90.684
90.071
87.017
85.597
85.913
83.319
78.921
72.273
69.373
54.230
47.341
48.435
47.000
51.252
46.601
53.471
49.288
50.063
56.538
54.393
58.335
61.936
64.670
76.996
83.768
86.705
87.577
86.748
87.040
89.457
89.812
87.959
87.479
89.124
89.452
87.984
88.601
90.180
90.638
89.717
90.356
89.704
88.779
90.540
91.359
90.691
89.371
89.076
89.481
86.211
86.465
83.221
82.531
85.915
86.618
83.316
83.534
85.987
85.149
83.109
82.364
83.833
85.361
83.811
81.544
85.619
87.242
87.415
86.420
86.621
89.698
90.873
91.225
92.233
91.778
91.646
92.275
90.340
90.640
91.904
93.181
92.110
91.261
92.585
92.978
90.922
91.060
92.396
91.103
88.122
89.103
90.411
87.572
85.064
86.797
88.223
84.825
83.289
84.684
85.370
83.461
81.715
80.641
82.327
85.381
83.896
83.909
87.271
88.204
86.309
88.664
86.992
86.498
87.507
89.537
90.437
91.460
91.976
91.735
90.081
87.544
85.302
81.612
79.019
83.097
74.753
80.312
85.526
85.370
87.767
90.200
90.940
91.181
91.271
90.879
90.124
90.073
89.767
86.482
82.483
80.427
81.534
83.999
86.916
87.214
88.678
90.152
90.888
91.733
91.233
90.339
88.699
85.231
80.691
71.748
64.123
41.939
