79.021
80.724
81.531
81.646
86.043
86.530
89.404
91.415
92.123
92.386
92.912
93.045
94.588
92.773
94.477
95.087
92.219
90.675
92.855
90.917
87.220
85.254
87.733
85.144
80.798
81.150
81.215
78.696
75.827
74.472
72.278
70.881
68.313
65.134
66.711
66.685
64.785
64.616
68.992
66.335
66.421
76.937
77.222
81.214
80.973
82.494
83.877
82.053
83.584
80.583
81.438
81.195
83.528
76.829
82.386
85.080
86.239
87.262
87.225
86.381
86.128
85.600
84.030
83.869
82.229
82.145
80.473
78.319
78.687
78.474
80.294
84.232
81.694
83.789
83.413
86.079
85.197
85.333
85.033
82.896
82.733
77.759
77.046
73.332
78.188
81.378
81.597
82.874
81.042
84.939
84.363
83.080
79.184
72.325
75.543
75.913
83.490
82.020
84.060
80.391
79.715
82.646
84.392
80.547
82.201
87.771
87.167
85.617
88.792
91.357
90.503
89.180
90.014
92.538
93.981
94.750
91.846
91.322
92.533
91.767
88.249
87.128
88.275
84.821
80.066
82.298
79.893
74.127
62.826
61.291
53.646
49.479
46.613
42.606
40.751
42.229
38.870
38.008
33.596
30.628
39.277
38.158
38.159
39.322
36.558
35.282
39.776
40.182
39.408
43.595
47.137
45.825
46.838
51.250
53.969
51.896
54.298
52.818
55.751
53.356
51.684
54.770
51.635
51.915
55.342
55.171
57.223
58.892
57.388
59.934
59.431
58.127
59.501
61.068
55.948
57.417
57.484
55.201
45.844
50.920
42.414
36.570
35.271
39.655
29.846
30.613
33.828
32.893
25.803
