37.713
41.302
38.016
39.721
44.564
44.570
41.142
42.592
52.750
49.617
43.500
52.620
48.706
50.513
45.135
46.689
45.724
49.106
43.625
40.637
41.766
42.474
38.542
37.915
38.991
40.840
44.648
54.173
57.572
74.659
81.895
85.259
87.690
88.361
86.478
87.208
88.955
87.051
85.328
87.990
88.000
85.730
84.565
85.720
85.200
82.303
82.748
83.224
83.679
81.192
82.616
83.541
81.781
80.623
82.310
85.493
86.255
83.289
83.099
85.438
81.835
85.968
83.998
85.902
86.062
84.523
83.726
84.894
83.957
82.819
82.637
82.475
80.891
81.944
82.274
81.753
85.957
86.144
87.035
82.552
82.649
86.584
85.856
84.316
86.170
86.684
83.834
83.250
82.544
81.735
82.054
85.912
85.178
85.398
85.111
86.797
86.144
86.627
85.439
84.896
83.163
83.865
82.134
80.254
79.903
79.971
79.824
77.816
78.424
77.896
77.404
77.119
76.871
73.840
75.596
77.516
77.579
77.785
80.651
81.553
79.730
81.472
77.442
73.626
76.349
78.974
80.053
82.197
84.411
85.079
86.540
84.201
82.731
82.118
78.823
85.000
73.153
83.734
89.920
90.887
91.526
92.536
92.347
90.882
90.064
86.774
85.372
84.290
80.512
79.673
74.330
74.277
76.824
79.457
82.713
83.650
86.688
87.516
90.225
90.997
92.304
92.949
92.845
91.753
89.185
88.094
86.764
90.265
92.412
91.440
90.752
90.223
89.041
87.132
86.928
82.059
77.520
80.993
83.068
86.896
83.122
85.052
83.666
80.700
80.281
81.161
76.505
71.170
65.455
