51.692
48.778
47.506
43.499
41.075
40.382
41.900
40.124
37.269
39.358
36.393
36.197
38.017
36.901
41.055
43.341
52.440
56.611
74.978
82.709
86.081
88.704
88.653
87.169
87.869
90.200
88.213
86.581
89.332
89.858
87.096
85.757
87.574
86.789
83.959
84.017
85.094
85.131
82.451
83.328
85.027
83.035
80.739
82.859
85.733
86.910
85.803
85.804
88.245
86.575
89.043
89.034
89.249
88.395
89.220
88.482
87.952
86.554
87.660
87.086
85.201
83.338
86.752
88.458
86.304
90.015
91.692
92.553
91.010
90.112
92.461
92.678
91.247
91.695
92.234
91.296
89.314
87.790
85.306
85.246
89.040
87.399
84.430
84.937
86.604
87.476
87.664
85.843
87.734
87.787
86.789
86.875
87.939
87.462
86.399
88.259
87.620
87.005
86.415
87.497
86.485
85.769
82.944
83.863
86.760
85.432
83.313
85.643
86.761
84.954
84.844
80.871
77.724
80.189
82.671
82.569
84.968
86.461
86.559
87.341
85.809
84.442
83.618
80.060
85.663
74.184
83.929
90.392
91.465
92.448
93.387
93.541
92.312
91.384
89.218
87.461
86.813
84.617
82.649
78.512
80.563
81.180
84.662
85.520
87.692
89.824
90.660
92.537
93.443
94.193
94.342
93.983
92.508
90.440
88.880
87.859
91.613
93.392
93.626
94.053
94.174
93.665
92.156
91.549
87.317
82.090
86.560
88.361
92.132
90.871
92.029
91.016
89.649
89.876
90.092
88.462
86.996
86.904
86.200
85.750
83.928
81.466
81.876
82.468
78.160
71.773
70.019
63.219
54.179
