47.656
56.674
64.623
69.517
68.623
77.470
80.661
84.477
87.756
90.649
91.551
91.576
90.193
87.808
83.637
82.066
86.465
79.243
85.056
90.083
90.640
91.143
92.275
91.778
92.053
91.752
90.588
89.263
87.400
86.041
82.747
78.304
76.940
79.337
82.782
86.373
85.701
88.512
88.822
90.741
90.909
91.658
91.623
91.860
91.295
88.921
86.821
84.942
88.618
90.355
89.334
89.954
90.013
89.354
87.903
87.979
84.443
79.017
81.392
83.289
88.203
85.937
87.686
85.857
84.732
86.506
88.298
86.262
84.888
89.379
89.914
87.940
88.317
91.178
90.139
89.040
88.340
89.834
90.988
90.735
88.338
89.060
88.959
85.654
83.262
83.141
80.513
75.923
69.783
66.560
48.723
42.589
44.132
40.090
39.811
35.561
36.462
40.860
46.010
58.644
68.408
67.773
77.120
75.217
81.734
87.005
87.569
88.375
85.909
85.808
86.612
85.563
83.490
82.621
82.681
81.368
78.866
78.856
78.456
78.041
75.333
74.531
73.820
72.756
71.122
67.325
68.093
68.768
65.927
68.338
64.711
72.064
69.123
71.283
73.535
74.632
75.294
74.112
74.259
76.665
76.244
73.354
73.523
77.234
77.521
76.525
81.484
83.601
85.222
81.921
84.355
88.875
88.688
89.464
91.664
91.057
90.365
91.110
90.477
90.210
91.338
92.601
91.714
91.153
92.225
92.811
91.426
92.347
92.599
91.632
89.569
90.110
90.297
86.538
84.254
85.931
85.816
81.076
78.822
80.782
80.235
75.948
74.217
73.603
75.137
67.269
60.091
59.853
57.242
