48.640
50.782
66.416
79.451
85.524
89.097
89.652
88.298
89.187
90.590
91.296
89.140
88.915
89.611
90.399
88.910
88.535
89.919
90.352
89.242
88.582
88.379
86.852
86.042
84.865
82.924
81.255
78.361
78.162
75.221
78.463
75.543
79.000
82.808
82.167
80.337
83.877
85.653
83.625
83.357
84.938
84.707
84.863
83.598
83.716
87.642
87.969
89.784
86.869
88.339
91.592
91.733
92.322
93.126
93.165
93.012
93.775
92.283
92.304
93.664
94.040
92.524
91.929
93.958
94.175
93.146
93.821
94.285
93.640
92.638
92.844
93.094
90.381
88.443
89.503
88.959
84.333
82.956
83.902
82.176
79.192
77.986
75.568
77.456
78.304
74.691
76.748
81.996
80.005
80.226
85.708
84.121
85.164
86.918
88.782
90.929
91.752
92.805
92.703
91.852
89.165
87.343
84.835
81.439
84.520
75.110
81.265
86.916
87.384
89.865
91.966
92.981
92.932
92.987
92.195
91.405
90.084
89.955
85.197
81.917
81.288
81.824
85.281
88.202
87.709
90.155
90.809
92.314
92.595
93.054
92.254
91.189
88.175
85.843
82.575
80.692
84.882
90.059
90.529
91.652
92.374
91.915
90.482
90.421
86.197
80.513
85.131
86.469
90.884
88.523
90.656
90.175
89.086
90.034
92.204
90.967
89.904
92.655
92.683
90.713
91.762
93.223
92.224
90.599
90.795
92.233
93.082
93.409
91.914
92.654
92.528
90.487
89.142
88.724
87.286
84.524
81.446
81.142
76.820
69.305
60.546
55.923
37.927
41.663
40.577
34.747
28.697
30.976
38.278
