52.892
62.598
64.498
68.074
70.100
67.983
70.793
73.837
72.472
69.651
73.914
77.093
76.596
79.761
83.111
86.610
85.843
88.228
91.266
90.081
92.214
93.449
92.623
91.695
93.539
92.270
92.550
93.865
94.599
92.798
92.070
94.194
94.449
93.694
94.456
94.827
94.477
93.627
93.534
93.324
90.903
88.766
88.802
87.646
84.063
81.996
81.688
79.622
78.070
74.340
72.007
70.496
70.491
66.073
64.627
64.762
63.954
61.595
61.773
60.897
60.664
69.577
71.569
74.865
75.420
78.238
78.414
80.353
78.512
77.772
77.367
76.580
80.401
73.000
77.284
82.552
83.902
86.218
84.869
85.823
83.631
83.845
80.984
80.494
78.527
77.219
74.268
72.829
71.591
72.609
76.623
79.313
78.747
81.451
81.519
84.600
84.380
87.229
85.807
86.379
83.668
81.952
80.986
77.506
79.507
84.003
84.284
85.641
87.857
86.773
83.659
83.609
77.909
72.588
77.617
80.332
85.552
83.043
86.864
86.167
84.108
85.731
89.286
87.324
86.377
90.527
90.379
88.821
89.977
91.970
91.442
89.923
90.133
91.930
93.372
93.581
91.217
91.134
91.965
89.440
86.609
86.303
85.513
81.858
78.446
79.056
75.738
64.542
53.153
47.907
39.617
39.049
41.155
38.477
38.004
37.146
37.653
46.701
35.135
46.743
43.554
40.518
36.641
38.128
36.847
42.786
38.020
41.817
41.408
42.998
44.999
48.080
48.586
50.184
48.692
51.896
47.462
48.756
49.228
49.240
55.311
47.061
47.500
53.671
48.272
45.224
38.521
35.775
32.515
