75.297
79.763
77.878
80.310
78.371
77.919
72.467
67.028
73.400
74.822
79.833
80.545
83.051
83.887
85.335
85.667
86.890
87.021
86.908
85.190
82.781
78.889
77.698
80.914
83.685
86.269
87.446
86.960
87.596
86.495
85.779
81.530
75.735
78.417
81.126
86.332
86.007
87.527
85.047
84.463
87.187
88.645
85.477
84.940
90.439
90.145
87.524
88.790
91.466
89.977
88.978
88.463
89.654
91.028
90.929
88.833
90.240
89.947
86.839
84.591
85.575
83.240
78.575
75.143
73.943
57.110
45.649
46.481
43.646
43.509
39.090
42.466
39.806
41.652
48.761
46.014
48.543
52.474
53.647
67.820
76.566
79.362
78.909
80.309
82.166
83.042
82.829
82.329
82.728
83.798
83.298
82.855
84.106
84.401
84.917
84.986
85.183
84.569
84.647
85.186
86.810
86.209
84.006
83.057
84.473
80.591
82.829
79.092
79.506
82.976
83.211
80.358
80.652
82.583
81.993
80.036
78.525
79.112
81.941
80.528
78.041
82.169
84.292
84.686
84.014
85.178
88.011
88.994
90.398
91.745
90.292
90.268
91.486
89.956
90.252
91.549
92.949
91.832
91.478
92.470
92.995
91.189
91.668
92.620
91.399
88.577
89.486
90.504
87.308
84.339
86.527
87.279
82.900
81.374
82.679
82.645
79.701
77.928
75.914
77.137
78.295
76.521
76.570
80.278
81.349
79.618
81.094
79.695
75.979
79.298
78.872
80.449
80.954
80.794
79.358
73.292
70.073
71.730
69.401
65.256
69.591
60.572
65.979
74.537
71.852
74.829
77.539
74.743
76.806
