62.888
79.679
82.647
80.608
79.903
82.012
84.469
82.756
81.152
81.405
83.666
82.845
79.463
78.037
79.309
81.749
79.213
79.614
84.129
83.297
80.797
85.760
84.123
82.066
85.514
87.884
89.733
91.008
91.996
91.789
90.941
89.567
87.176
81.712
80.770
84.754
77.385
82.874
87.777
88.024
89.338
90.859
91.020
91.626
91.440
91.450
89.923
89.719
89.128
84.977
79.751
78.107
79.532
81.957
86.120
86.189
88.723
90.054
90.997
91.854
91.398
90.548
89.608
88.320
84.802
81.472
79.177
83.487
88.162
87.436
89.875
89.597
90.143
89.790
88.492
83.549
74.363
78.636
82.103
87.948
87.155
87.205
84.424
83.684
85.598
86.071
82.665
81.990
86.794
85.618
83.979
84.987
86.408
85.731
85.574
84.097
83.420
84.539
84.419
84.423
85.939
84.949
83.528
81.829
83.056
80.645
76.799
72.517
69.369
46.089
45.277
43.934
39.003
37.686
34.732
36.299
35.400
36.533
46.348
42.079
46.625
52.279
53.761
67.728
80.145
82.800
84.725
82.514
84.120
86.857
86.570
84.508
85.085
87.615
87.051
85.187
86.823
88.731
88.080
87.001
87.942
88.033
86.716
87.254
88.505
87.382
86.992
86.396
87.028
83.878
84.335
81.982
80.999
84.049
85.409
82.271
81.973
84.268
84.048
81.731
80.024
81.441
84.400
82.331
79.411
83.143
86.087
84.366
83.189
81.421
84.990
86.350
84.917
85.685
86.461
85.514
83.922
85.108
81.221
82.019
81.347
81.666
79.250
79.644
77.859
76.280
77.537
79.987
72.877
