79.130
85.040
85.481
87.428
87.745
86.666
85.529
86.977
87.236
84.514
82.111
83.833
85.080
81.716
79.138
80.622
81.888
79.072
76.811
75.347
78.363
78.727
77.905
78.832
82.905
82.647
82.226
85.898
84.258
80.245
85.742
88.838
90.552
91.918
93.409
93.502
92.882
91.811
89.818
85.590
83.992
87.556
81.761
86.650
91.042
91.334
91.792
93.146
92.997
93.460
93.077
92.648
91.877
91.195
90.772
87.529
82.868
82.812
84.054
87.114
89.598
89.121
90.804
91.519
92.574
92.968
92.643
92.813
92.432
92.120
88.920
86.985
85.046
89.019
91.387
90.585
91.773
90.991
91.133
90.377
90.339
87.674
82.404
84.104
85.742
89.904
88.013
88.652
86.832
85.803
87.039
88.018
85.980
84.823
88.368
87.655
86.148
86.507
87.312
86.834
86.763
85.832
85.668
87.070
86.952
85.958
87.495
86.929
84.274
82.151
82.096
79.545
73.123
62.472
58.062
50.138
43.369
45.199
41.499
45.436
39.660
40.940
43.606
49.969
60.404
68.165
65.801
75.772
76.208
83.290
89.052
90.550
91.192
88.139
88.130
90.134
89.592
87.254
86.964
88.350
87.736
84.767
86.117
88.130
86.748
85.217
86.579
86.310
84.450
84.416
86.261
84.393
85.621
85.190
85.464
82.433
82.758
79.635
78.822
81.548
83.742
80.621
79.435
81.852
82.517
79.640
78.461
79.962
83.415
81.295
79.126
84.651
87.090
86.540
84.450
83.845
87.453
87.609
86.838
87.767
88.577
87.314
85.679
85.941
82.389
81.579
80.758
75.780
58.195
