47.621
47.326
53.417
52.270
48.709
53.070
52.884
48.626
52.185
59.910
60.724
64.394
66.768
67.337
67.833
71.678
71.430
72.699
74.810
75.127
73.099
75.513
77.131
77.450
81.692
83.844
87.439
85.646
88.115
91.405
90.216
91.832
93.394
92.457
90.648
93.094
92.120
92.711
93.669
94.567
92.909
92.450
94.282
94.587
93.728
94.484
94.799
94.364
93.411
93.307
92.717
90.488
87.758
87.360
86.457
83.018
79.929
80.489
79.150
76.710
73.228
72.155
72.080
70.129
66.022
66.920
66.924
64.300
64.614
65.982
63.561
62.747
70.696
73.349
77.432
77.692
81.242
82.409
83.421
83.560
82.148
81.936
80.398
84.219
78.927
84.212
86.937
88.032
88.655
87.509
87.752
86.201
85.568
82.851
82.250
80.035
79.114
75.294
72.706
72.528
73.153
77.358
80.642
79.640
82.428
82.874
85.877
86.147
88.637
87.498
88.787
87.409
84.984
84.650
81.291
83.165
86.482
86.634
86.943
88.712
87.417
84.313
83.827
78.055
72.617
77.136
78.739
85.347
82.648
85.917
84.682
82.864
84.615
87.422
84.863
84.818
89.090
88.225
86.754
88.954
90.629
90.653
88.646
88.989
91.806
93.210
93.620
90.574
89.946
91.133
88.952
85.715
84.487
83.646
80.203
76.890
76.837
72.823
62.616
52.760
47.649
38.657
38.136
42.361
35.820
36.193
34.318
34.986
42.229
30.529
41.055
39.462
39.698
33.198
33.765
36.434
40.075
37.850
41.250
39.198
31.233
35.576
34.483
31.189
29.402
30.692
32.092
27.622
29.225
