54.255
73.586
85.095
85.997
87.866
89.459
88.386
89.669
88.079
86.585
82.513
73.465
77.655
80.869
86.045
86.772
88.726
85.487
84.249
87.167
88.041
84.005
83.785
89.601
89.225
86.175
86.741
90.440
88.740
86.994
86.866
88.216
89.931
88.494
86.321
88.474
87.627
82.407
79.918
82.044
79.674
66.408
57.298
56.324
47.523
40.241
42.265
36.089
38.527
36.762
37.958
43.064
47.839
58.133
69.805
68.932
77.005
77.320
81.380
85.990
89.065
88.751
86.828
88.092
89.737
88.360
86.106
86.622
86.875
84.577
82.455
84.859
84.851
83.424
82.493
85.320
82.333
81.564
82.040
84.410
84.031
84.444
83.374
84.816
81.336
82.965
80.443
78.957
81.206
83.373
80.810
79.951
81.499
82.619
80.267
78.342
78.953
83.003
82.474
79.923
85.366
87.366
88.144
86.782
87.326
90.430
90.727
91.348
92.601
91.838
91.179
92.021
90.886
91.147
91.908
93.409
92.576
91.904
92.802
93.137
92.194
92.541
93.031
92.285
89.869
90.182
90.845
87.812
85.152
86.566
87.700
83.976
82.035
83.141
83.626
80.730
79.852
77.414
79.474
82.044
81.055
80.518
84.380
84.836
83.308
85.120
82.357
78.469
82.519
84.858
86.991
89.204
90.452
90.982
90.629
88.317
86.314
83.060
80.197
84.063
75.841
82.281
87.346
87.707
89.365
91.061
91.378
91.411
91.440
90.367
89.634
89.214
87.994
85.164
78.938
76.872
79.794
82.688
85.762
86.609
88.231
89.427
90.370
91.281
91.131
91.280
90.266
86.792
77.888
