46.435
56.589
57.018
59.285
66.012
70.334
71.668
77.137
81.826
86.038
85.690
87.914
91.241
90.365
92.270
93.657
92.682
91.421
93.627
92.386
92.870
93.908
94.773
93.076
92.538
94.331
94.652
93.956
94.559
94.977
94.606
93.571
93.597
93.271
90.823
88.533
88.601
87.514
83.980
81.768
80.755
78.975
76.808
72.316
70.033
68.403
66.505
62.556
61.860
60.124
60.723
60.113
61.174
61.863
62.711
71.610
72.893
75.931
75.429
78.122
78.555
79.916
79.252
77.703
77.577
77.113
80.109
73.361
77.053
82.575
83.899
86.795
85.257
86.184
83.769
83.680
80.907
79.921
78.586
77.743
75.475
74.117
72.369
72.337
75.893
79.327
78.369
81.247
81.245
84.728
84.534
87.649
85.989
86.458
83.834
81.246
79.666
76.698
78.582
82.664
83.789
85.608
87.844
86.792
83.722
83.305
76.830
70.908
75.427
78.093
85.062
82.084
86.383
85.307
82.506
84.434
88.599
85.534
84.508
89.761
89.675
87.418
89.117
91.668
90.814
89.277
89.509
91.831
93.400
93.648
90.940
90.673
91.894
89.050
85.661
85.478
85.156
80.953
76.798
78.390
74.552
63.100
50.491
45.265
37.979
38.909
39.844
36.257
36.347
35.286
36.001
45.148
34.348
46.485
42.221
41.276
36.681
36.597
35.193
43.191
41.126
41.513
39.592
40.708
47.130
46.147
47.402
49.981
49.982
54.474
48.839
49.545
53.107
49.942
41.175
44.065
40.554
44.065
41.867
37.616
43.098
37.540
44.213
40.545
35.158
36.130
35.895
31.623
29.679
