60.834
63.772
54.242
56.991
55.574
56.437
52.877
50.553
46.186
46.066
43.980
40.050
39.996
36.411
37.071
38.257
37.030
41.646
43.134
53.128
57.013
75.326
82.934
86.112
88.744
88.649
86.945
87.588
89.674
87.831
86.051
88.944
89.451
86.628
85.281
87.259
86.604
83.643
83.829
85.068
85.072
82.511
83.562
85.272
83.508
81.805
84.270
87.321
88.937
87.503
87.071
89.577
87.772
90.246
89.910
89.877
89.608
89.953
89.088
88.751
87.550
88.171
87.495
85.822
84.004
86.955
88.758
86.361
89.838
91.642
92.405
90.843
89.758
92.191
92.397
91.182
91.541
92.082
91.288
89.290
87.518
85.183
84.722
89.038
87.434
85.317
85.487
88.147
88.585
89.370
87.101
88.453
88.464
87.990
87.543
88.066
87.802
87.227
88.635
87.968
87.550
87.073
87.823
86.860
86.347
83.737
84.144
87.372
85.820
83.573
85.757
87.097
84.864
84.749
80.594
76.935
79.523
81.912
81.770
84.491
85.480
85.791
86.813
84.842
83.816
82.957
79.513
85.585
73.671
83.799
90.230
91.298
92.353
93.052
93.218
91.818
90.675
88.592
86.855
86.181
83.850
81.842
77.585
79.348
80.092
83.724
84.821
86.840
89.227
90.188
92.179
93.110
94.005
94.116
93.873
92.350
90.216
88.737
87.727
91.439
93.176
93.488
93.891
94.056
93.601
91.994
91.374
86.832
81.146
86.044
87.988
92.005
90.734
91.829
90.746
89.570
89.507
89.802
88.156
86.860
86.604
85.471
85.409
83.096
81.198
82.232
82.694
77.322
57.116
