47.274
51.869
48.066
51.251
61.277
59.237
56.142
57.106
60.200
61.407
59.200
54.430
57.763
56.661
57.017
57.643
60.543
62.213
64.935
53.962
57.403
59.736
57.064
53.173
55.121
53.968
50.221
48.528
44.749
41.071
36.924
40.243
39.667
37.779
41.315
43.186
52.912
56.001
73.604
81.485
85.246
87.574
87.928
86.452
87.596
89.319
87.466
85.893
88.333
88.852
86.504
85.162
86.209
85.820
83.057
82.791
83.680
84.115
81.232
81.992
83.576
82.062
79.803
81.071
84.061
85.655
84.416
83.740
86.224
83.455
86.446
85.322
86.030
85.584
85.531
84.295
84.508
83.676
83.731
82.896
82.289
80.992
83.455
83.477
82.671
86.531
87.098
87.812
83.323
83.096
86.060
84.880
85.262
86.039
84.338
82.604
85.447
84.624
86.158
86.888
88.372
88.521
89.172
88.092
89.451
88.291
89.571
89.009
88.128
87.184
88.157
87.029
84.174
83.907
84.699
83.230
81.174
81.747
80.823
80.071
79.402
78.571
75.802
77.419
80.557
80.061
78.688
82.385
83.633
81.596
82.685
79.622
75.787
79.085
80.614
81.947
84.337
85.791
86.241
86.212
83.952
82.234
80.278
77.680
83.762
72.556
82.349
88.404
89.514
89.851
90.839
90.462
89.859
88.892
86.496
85.705
84.891
82.815
80.754
75.097
75.607
77.546
80.776
82.657
84.192
86.640
86.881
88.563
89.418
90.255
91.747
91.753
90.925
88.331
87.540
86.457
90.087
92.142
91.265
90.419
88.896
86.299
83.777
83.407
78.382
70.990
62.323
68.068
55.849
