46.183
50.767
52.755
53.171
49.907
47.755
51.999
51.649
51.530
49.972
57.693
62.043
61.835
51.873
55.534
55.691
54.782
53.305
52.185
49.563
47.943
46.041
41.180
39.967
36.370
38.273
38.897
37.677
41.513
43.754
53.329
57.312
75.145
82.510
85.894
88.152
88.343
86.621
87.484
89.367
87.519
85.873
88.579
89.024
86.455
85.293
86.544
86.252
83.415
83.285
84.103
84.678
81.896
82.590
84.059
82.558
80.207
82.000
84.792
85.552
84.235
83.844
86.101
83.240
85.978
85.001
85.794
85.527
85.701
83.887
84.898
84.051
84.176
83.112
82.623
81.511
84.050
83.493
82.709
87.052
87.633
88.091
83.680
83.478
87.424
87.081
85.900
87.073
87.208
85.058
85.023
84.111
83.704
84.438
87.456
86.944
87.728
86.974
88.373
87.610
88.361
87.618
86.963
85.651
86.312
85.035
82.905
82.368
82.752
82.592
80.040
80.500
80.204
80.639
79.333
78.102
76.649
78.395
80.859
80.496
79.870
83.072
84.133
82.650
83.559
80.531
76.931
79.709
81.753
82.208
84.524
85.543
85.678
85.935
83.521
82.026
80.409
77.919
84.295
72.759
82.830
89.179
90.413
91.081
92.028
91.954
90.698
89.415
87.141
85.773
85.495
83.297
81.445
76.808
77.242
78.567
81.189
83.238
85.097
87.563
88.444
90.279
91.380
92.012
92.871
92.730
91.596
88.868
87.749
86.687
90.514
92.469
91.791
91.568
90.779
90.120
88.283
88.046
82.921
76.642
80.129
83.779
87.082
84.366
85.986
83.266
81.086
76.681
74.670
