61.871
76.063
81.320
83.666
87.138
89.211
87.763
88.392
91.400
89.718
91.136
92.649
93.283
91.895
91.865
93.275
93.688
92.311
93.301
93.977
92.966
91.666
92.281
91.410
87.779
84.867
86.542
84.814
80.512
78.435
78.717
76.607
73.501
69.311
67.508
67.282
63.419
60.475
60.512
58.949
59.813
59.648
62.250
62.015
61.618
72.168
73.059
76.233
76.375
78.217
80.452
79.654
80.097
78.366
77.756
76.784
79.481
73.142
78.978
81.603
82.942
84.347
84.453
84.537
83.804
83.691
81.537
80.539
79.865
77.951
75.402
72.716
71.246
72.261
74.900
79.845
79.289
81.718
81.866
84.138
83.980
84.116
83.310
81.841
80.888
75.980
74.984
71.487
74.822
80.538
81.257
81.450
80.696
82.886
82.145
81.985
76.986
71.502
72.389
76.005
82.488
80.995
83.554
81.829
80.506
82.688
86.464
82.860
83.361
88.790
88.227
86.034
88.074
90.710
89.839
88.008
88.496
91.351
92.827
93.266
90.273
90.188
91.184
88.531
85.434
84.951
84.306
80.274
76.357
77.449
73.600
61.570
48.757
45.021
40.278
38.683
40.555
36.719
35.635
35.818
36.351
43.258
35.387
46.941
41.458
40.056
37.167
37.539
38.004
38.186
37.102
40.461
39.268
42.197
43.819
44.931
47.878
50.589
49.845
52.734
51.745
51.699
52.315
50.126
47.770
49.208
46.307
47.266
47.525
45.002
47.527
50.460
50.857
50.236
47.784
50.470
49.574
48.300
45.916
48.032
45.028
44.210
37.595
41.085
30.862
29.351
28.336
30.043
21.912
