56.573
61.527
59.895
68.738
78.779
82.026
86.236
89.389
90.729
90.801
89.164
86.511
82.245
80.932
85.306
77.637
83.209
88.790
89.343
90.206
91.571
91.193
91.384
91.261
89.969
88.583
86.165
84.188
80.437
76.672
76.293
78.297
82.184
85.744
85.156
88.232
88.390
90.382
90.387
91.237
90.891
90.945
90.167
87.206
84.656
82.337
86.391
89.041
88.331
89.190
89.547
89.119
87.590
87.841
84.050
78.493
81.439
83.063
88.156
85.907
87.811
86.089
85.148
87.053
88.844
86.896
85.546
90.026
90.385
88.312
88.887
91.542
90.390
89.255
88.793
90.071
91.263
91.059
88.977
89.913
89.853
86.696
84.595
84.404
82.187
78.435
73.703
71.039
52.390
45.110
45.535
42.554
41.091
36.200
37.150
41.358
45.128
51.639
55.190
54.463
69.216
63.984
77.238
83.920
85.084
86.042
84.173
83.916
85.146
84.384
82.113
81.229
81.358
80.153
77.556
77.475
76.743
77.066
73.999
72.110
72.421
72.040
70.459
65.733
63.915
67.534
63.231
66.893
64.345
72.061
71.112
72.045
74.514
75.492
76.682
75.044
74.684
76.990
77.201
73.722
73.194
76.479
77.177
75.441
80.768
83.241
84.827
81.610
83.800
88.806
88.893
89.807
91.779
91.070
90.691
91.488
90.414
90.361
91.547
92.670
91.558
90.989
92.369
92.841
91.339
92.188
92.609
91.481
89.336
90.194
90.626
86.747
84.613
86.665
86.609
81.751
80.424
82.201
81.445
78.112
76.147
75.220
76.049
71.561
69.137
65.555
63.336
61.027
55.840
