42.038
48.889
46.325
43.743
42.904
45.496
46.738
47.022
43.695
52.295
60.969
57.149
49.562
54.139
54.643
53.683
51.029
50.625
47.862
47.029
44.727
40.758
41.099
36.993
37.703
39.188
38.086
42.179
44.326
54.379
58.268
75.872
82.949
86.339
88.531
88.794
87.107
87.740
89.463
87.507
85.828
88.601
88.850
86.344
85.219
86.412
86.061
83.565
83.268
84.031
84.659
82.016
82.552
84.068
82.845
80.939
82.329
85.221
85.888
84.567
83.866
86.137
83.528
86.167
84.819
85.805
85.858
85.771
84.097
84.787
84.275
84.215
83.126
82.650
81.876
83.874
83.221
82.806
87.025
87.258
87.905
83.137
83.233
87.290
86.885
85.660
87.020
87.386
85.274
84.896
84.037
83.502
83.955
87.354
86.630
87.198
86.347
87.932
87.255
87.840
86.916
86.477
85.081
85.578
84.238
82.152
81.731
81.923
81.954
79.343
80.016
79.629
79.567
78.921
77.647
75.449
77.552
80.179
79.642
79.166
82.817
84.004
82.425
83.429
80.574
76.833
79.615
81.660
81.837
84.175
85.133
85.218
85.732
83.690
82.519
81.281
78.400
84.660
73.113
83.113
89.438
90.590
91.239
92.244
92.178
90.776
89.389
86.755
85.559
85.079
82.996
81.202
76.548
77.479
78.399
81.185
82.919
84.778
87.437
88.183
90.295
91.231
92.118
92.901
92.821
91.731
89.131
88.098
86.807
90.739
92.592
91.661
91.337
90.736
90.102
88.203
88.244
83.541
78.608
81.791
84.703
88.156
84.995
86.540
84.782
82.229
80.851
80.775
74.123
