40.707
41.361
45.934
60.867
63.948
65.959
68.080
68.378
69.930
72.401
69.900
72.398
75.327
73.455
70.498
74.814
77.453
76.828
80.559
83.609
87.130
86.444
88.615
91.495
90.457
92.401
93.480
92.519
91.424
93.440
92.144
92.680
93.771
94.626
92.892
92.312
94.260
94.493
93.705
94.455
94.887
94.578
93.710
93.652
93.248
91.144
88.950
88.673
87.311
84.029
81.550
81.243
79.816
78.179
74.782
72.329
72.145
71.490
66.849
66.101
66.316
65.424
64.026
65.170
63.119
62.900
70.113
71.742
75.302
75.941
79.183
79.854
81.231
80.971
78.782
78.983
78.390
82.285
75.971
81.445
84.741
85.921
87.577
85.811
86.294
84.659
84.072
81.624
80.771
79.116
77.850
74.407
72.288
71.693
72.234
76.612
79.680
79.032
81.527
81.982
84.937
85.111
87.695
86.592
87.334
85.290
82.976
82.226
78.862
80.967
84.997
85.579
86.370
88.348
87.217
84.210
83.587
77.559
71.964
76.523
79.169
85.238
82.794
86.447
85.172
83.398
85.159
88.452
85.990
85.409
89.997
89.538
87.595
89.528
91.461
90.874
89.189
89.555
91.808
93.282
93.585
90.874
90.465
91.487
89.087
86.257
85.235
84.945
81.001
77.271
78.410
74.667
63.217
53.672
48.449
38.313
37.802
40.658
37.092
37.293
35.308
35.989
43.733
33.250
44.326
41.161
40.542
34.283
33.392
34.388
36.592
38.644
39.365
39.566
37.877
40.873
40.965
40.458
41.791
41.075
47.469
37.285
39.823
46.215
39.452
36.472
39.802
30.293
26.879
