47.833
51.905
55.843
57.050
72.185
77.384
82.793
82.792
85.582
89.359
88.192
90.198
92.276
91.190
89.573
92.132
90.970
91.621
92.774
93.813
92.019
91.478
93.153
93.637
92.506
93.279
93.825
93.244
91.725
91.934
91.258
88.432
85.869
86.164
84.909
81.208
78.949
78.353
76.639
73.911
68.665
66.998
65.082
62.518
58.764
58.466
54.507
56.553
57.065
56.480
58.477
59.737
67.129
68.963
73.282
72.519
75.846
76.060
76.672
76.746
75.081
74.965
74.122
78.090
70.128
75.557
79.950
82.776
84.794
82.126
83.468
80.577
81.230
78.932
77.996
75.942
74.945
71.802
69.971
69.171
69.258
72.966
76.634
75.922
78.954
78.945
82.732
82.294
85.508
83.651
84.072
81.819
78.786
76.727
73.832
75.747
80.522
81.186
83.468
85.713
84.684
81.637
81.340
74.279
68.816
72.425
75.265
82.978
80.180
84.560
82.821
79.866
82.095
86.248
82.120
81.483
87.702
87.501
85.106
87.062
89.745
89.141
87.535
87.622
90.554
92.108
92.526
89.305
88.380
90.161
87.247
83.123
82.968
82.661
78.601
74.769
74.951
72.353
59.714
47.964
43.792
37.506
36.844
38.806
36.248
35.719
34.142
34.231
43.232
33.277
45.655
39.904
38.234
35.597
34.515
30.235
36.858
34.436
36.305
34.484
36.466
39.000
36.011
37.609
41.565
40.434
41.068
38.769
42.124
40.845
38.682
31.216
32.359
31.126
30.781
27.168
29.263
28.476
30.122
31.606
29.631
29.322
28.264
26.007
23.532
21.200
20.945
20.921
21.691
