67.060
80.699
88.678
91.537
91.383
90.942
92.332
92.964
93.192
92.012
92.005
91.666
91.967
91.384
91.007
91.336
91.700
91.523
90.697
89.888
88.718
89.517
88.472
86.847
86.081
84.830
83.038
80.850
82.921
81.371
82.652
86.041
86.232
85.487
87.603
89.577
88.553
88.428
89.620
88.927
89.400
89.948
89.412
92.031
92.305
92.922
91.736
91.550
93.539
93.657
93.929
94.291
94.055
93.429
94.200
92.473
92.388
93.578
94.405
92.685
92.038
94.134
94.284
93.547
94.039
94.606
94.448
93.423
93.224
93.667
92.175
90.042
90.446
90.554
88.246
85.944
85.780
85.742
83.570
80.824
78.652
80.274
82.572
79.789
80.579
84.973
84.425
83.755
87.405
85.182
85.816
86.791
88.788
90.573
91.872
92.716
92.939
91.891
89.342
88.191
84.954
82.040
85.582
76.579
83.283
89.100
89.622
91.156
93.007
93.447
93.513
93.020
92.266
91.083
89.869
89.635
84.359
80.501
80.472
80.453
83.700
87.323
86.910
89.557
90.762
92.664
93.685
93.961
93.810
93.190
91.227
88.867
86.342
84.579
89.246
93.124
93.521
94.060
94.208
93.487
91.643
90.785
84.345
76.857
83.022
84.868
91.229
89.177
91.706
90.234
88.683
89.883
91.887
89.715
88.740
92.290
91.860
89.422
90.772
92.516
91.471
89.260
89.773
91.764
93.055
93.087
91.331
92.124
92.201
89.720
87.877
88.118
86.808
83.412
80.399
81.303
75.751
60.593
50.690
47.002
34.222
36.495
37.624
34.894
32.799
35.236
34.841
33.233
37.196
