66.656
69.911
70.320
71.889
76.449
76.635
73.020
74.491
76.918
76.806
74.015
69.588
72.431
72.895
72.974
73.558
78.504
78.147
76.595
81.631
81.000
79.048
83.488
85.575
88.069
89.566
90.996
91.049
90.119
89.045
86.323
80.281
79.657
84.062
77.218
82.670
87.463
87.704
88.697
90.387
89.944
91.023
90.482
90.394
88.552
88.423
87.343
83.946
79.508
74.097
76.881
78.580
84.324
84.159
86.747
88.229
89.228
90.319
89.771
89.878
89.321
88.848
85.332
82.509
80.485
84.484
88.152
87.113
88.563
86.685
86.784
86.909
85.083
79.732
69.394
73.089
76.163
82.521
82.658
81.135
77.510
75.914
77.354
79.240
75.934
73.375
79.066
78.507
77.661
76.927
78.308
81.035
80.839
75.331
76.041
76.712
76.074
76.129
78.180
75.986
75.084
72.088
72.498
69.884
61.713
54.644
54.697
40.477
37.512
38.660
34.801
32.983
31.272
32.875
36.322
39.162
47.154
48.422
46.287
63.677
56.659
71.370
81.513
83.177
85.562
82.843
83.451
86.287
85.964
83.387
83.186
85.619
84.406
82.027
83.230
85.302
83.981
81.873
84.022
84.423
82.603
81.769
84.644
83.090
82.705
82.768
83.549
79.698
81.246
78.392
77.675
80.194
81.822
78.522
78.190
80.151
80.681
78.101
76.269
76.744
81.146
78.629
75.676
81.374
83.983
81.278
79.606
77.911
80.933
82.175
79.473
81.336
81.350
78.570
76.881
79.857
75.544
76.114
75.143
78.332
75.738
76.219
75.538
74.967
76.349
76.638
75.663
69.402
60.120
