73.560
84.944
85.829
82.001
81.618
86.254
83.160
81.113
79.170
83.383
80.937
77.322
77.675
79.565
76.392
73.504
72.073
70.307
67.011
63.348
59.568
59.506
55.199
56.183
58.379
60.692
62.265
63.872
75.960
76.216
78.940
79.145
79.550
80.627
79.255
78.456
75.062
76.778
78.138
79.546
69.688
77.245
82.047
82.067
84.330
83.604
84.220
83.729
83.966
82.621
82.188
81.460
80.986
80.358
77.383
78.672
78.332
81.045
84.406
82.925
84.044
83.060
84.530
82.674
83.672
82.563
80.505
78.842
76.327
72.941
70.963
75.482
78.043
77.820
80.026
78.163
81.738
82.874
83.188
80.711
74.486
78.827
79.484
83.552
80.141
80.151
77.596
78.363
79.564
79.045
75.175
78.817
81.790
79.751
80.452
83.820
84.039
84.668
86.886
87.388
88.122
87.870
89.819
89.022
86.502
88.416
90.062
87.216
85.352
87.820
85.674
81.332
82.117
81.618
77.439
68.820
65.673
61.043
51.006
50.058
43.863
40.686
41.868
39.482
44.008
33.378
38.962
34.547
36.107
36.012
35.007
35.031
33.970
35.176
37.929
35.876
36.709
40.853
42.344
38.548
43.012
43.573
44.242
42.896
42.926
45.372
42.991
39.653
42.109
40.496
42.648
39.605
40.698
41.789
38.316
42.320
46.559
42.482
41.419
41.503
42.306
40.920
36.605
42.841
36.327
35.369
33.728
34.085
28.585
31.925
36.375
33.955
37.180
32.815
33.403
34.505
30.327
30.890
29.242
30.590
26.219
28.373
33.445
29.696
23.107
32.967
30.015
27.933
24.341
