51.631
72.950
83.010
86.126
88.906
90.504
90.284
90.653
91.270
90.811
87.115
88.077
89.813
88.689
91.671
92.475
94.042
93.920
94.388
94.166
94.101
93.490
92.307
90.901
89.997
87.874
85.427
85.747
85.580
88.452
89.576
89.472
87.711
87.288
81.061
81.034
76.390
80.098
87.321
84.715
87.835
88.495
92.228
93.953
95.855
95.995
95.360
93.899
93.207
92.258
91.511
91.292
91.564
91.547
93.960
94.261
95.221
95.525
95.452
94.252
92.993
91.423
88.955
86.479
81.844
84.158
87.158
90.807
92.403
93.016
90.845
90.087
90.207
89.689
89.288
90.578
90.505
89.533
87.715
86.157
86.037
85.041
81.066
83.047
85.743
87.588
88.470
90.090
90.522
91.591
92.169
91.961
92.142
93.096
93.955
94.138
94.380
94.575
94.071
94.701
93.787
91.649
92.977
94.119
95.632
95.466
94.818
93.429
91.346
89.767
91.207
92.665
89.905
89.295
90.085
89.491
91.707
93.998
94.576
93.174
93.273
94.779
94.737
95.571
95.800
95.461
94.355
93.569
89.528
88.556
86.956
86.252
85.581
88.475
89.593
91.838
94.864
95.019
94.684
94.365
92.653
90.907
89.788
86.706
90.613
92.324
87.501
86.668
91.346
90.506
83.918
78.505
83.635
80.290
87.297
90.924
94.094
94.430
91.629
