95.847
96.449
96.847
96.236
95.263
94.163
93.879
92.501
91.336
93.097
94.003
93.878
92.216
90.792
89.989
88.637
87.876
87.884
88.719
88.370
88.462
91.838
92.948
94.264
94.633
94.169
94.747
95.451
96.121
96.039
95.752
96.196
96.990
95.910
94.758
96.334
97.042
97.270
96.931
96.015
94.855
92.856
91.931
93.698
94.201
92.087
91.735
92.900
91.769
93.193
95.244
95.840
94.439
94.863
96.143
96.207
96.824
96.716
96.027
94.988
93.703
90.246
89.386
86.376
86.614
87.923
89.922
91.374
93.506
95.804
96.069
95.471
95.267
93.634
93.721
94.554
95.138
95.490
96.160
95.945
96.105
96.436
96.127
93.578
93.571
94.684
93.226
95.444
96.603
97.289
97.008
96.399
94.202
92.650
91.684
92.505
95.034
95.874
94.647
94.668
95.476
94.762
92.382
92.594
94.559
94.798
95.611
96.126
96.354
96.042
95.652
95.513
94.733
93.727
92.443
92.144
91.209
90.473
91.416
91.513
91.798
93.233
95.003
94.129
92.277
91.239
90.158
88.612
89.476
90.714
93.708
93.189
93.484
94.175
95.026
95.358
95.887
96.101
95.282
94.413
93.154
91.020
89.807
89.442
91.156
89.209
92.809
94.344
95.403
95.942
95.652
95.710
95.717
95.286
94.634
93.080
89.933
77.524
67.458
