48.764
57.267
70.102
77.847
78.757
82.191
85.619
87.332
89.709
90.194
87.925
81.590
82.031
85.361
89.744
91.044
92.650
92.043
92.061
92.334
92.069
88.745
89.597
91.247
91.048
93.194
94.018
94.427
94.851
94.989
95.028
94.666
94.178
93.196
91.618
90.927
89.225
88.408
88.642
87.482
90.468
91.457
91.341
90.200
89.908
85.315
85.619
81.621
84.721
90.766
88.882
91.399
92.049
94.424
95.159
96.168
96.192
95.491
94.260
93.996
92.728
92.004
91.488
92.218
91.770
94.288
94.630
95.486
95.812
95.572
95.387
94.673
94.158
91.861
89.086
83.125
81.209
84.531
88.052
91.402
92.426
91.270
90.487
90.194
89.951
88.880
90.523
90.956
90.130
88.864
87.800
87.297
86.816
83.357
84.018
86.311
88.835
89.145
90.374
89.980
91.122
91.384
91.636
91.819
92.400
93.501
93.390
93.604
93.711
93.218
93.514
92.819
90.014
89.881
90.382
93.951
93.244
93.457
92.440
90.768
89.720
90.854
92.067
89.556
88.709
89.496
88.709
90.630
92.728
93.227
91.666
91.537
93.309
92.143
93.676
93.869
93.868
92.876
92.179
88.192
87.482
85.338
84.574
84.110
86.205
87.808
89.787
93.359
92.726
92.708
92.110
90.081
87.602
85.530
82.136
84.997
86.410
80.394
75.930
