33.055
29.688
32.777
32.891
31.972
30.378
33.532
31.468
33.336
31.381
32.952
31.306
30.428
32.541
31.714
32.750
30.724
30.496
33.209
31.535
33.323
36.219
34.767
37.652
35.401
40.520
38.947
46.156
42.356
47.252
46.599
52.522
46.096
44.071
44.412
46.517
43.341
42.851
43.192
42.042
40.688
40.800
39.919
37.480
36.089
35.518
34.393
34.247
31.942
35.292
30.010
37.612
34.475
36.384
38.171
45.942
49.140
66.595
76.495
80.943
82.862
84.083
85.343
81.057
79.061
75.889
74.978
69.720
68.289
62.032
66.628
64.859
63.301
66.824
68.756
68.670
72.940
75.245
74.830
76.749
80.317
81.708
84.732
85.245
85.384
86.708
87.968
87.873
88.769
89.819
88.235
86.078
89.429
89.862
88.691
90.010
92.099
92.768
92.272
91.126
88.931
87.587
85.018
86.549
89.403
86.495
85.014
86.689
85.961
88.355
91.947
92.372
91.619
91.595
92.732
93.700
94.064
94.235
92.937
90.401
89.752
86.147
86.448
84.564
84.875
84.922
87.077
87.597
90.401
93.568
94.084
93.096
92.024
89.568
87.920
86.289
86.481
90.067
90.817
86.922
88.578
91.023
89.380
83.849
78.062
80.544
76.038
82.577
86.728
88.863
88.699
87.867
79.911
72.990
68.855
72.405
70.635
72.531
69.600
