61.991
71.732
72.520
70.464
73.578
73.467
62.267
58.557
70.770
64.092
61.790
65.106
57.855
59.804
51.051
45.291
41.840
36.364
32.926
34.438
33.996
28.095
33.722
28.994
32.051
32.704
32.535
33.050
33.058
35.858
36.222
38.467
37.427
42.617
41.209
42.838
40.616
39.264
37.588
41.443
38.899
37.174
38.260
36.584
38.463
36.171
37.154
36.333
37.588
32.212
30.598
29.454
27.753
27.572
24.891
28.177
28.794
30.055
32.011
40.678
46.445
64.381
75.161
81.066
82.578
81.746
82.292
76.762
72.087
65.200
61.602
54.646
49.346
47.625
49.909
49.800
50.747
50.399
50.583
52.773
59.188
66.861
61.400
65.663
71.499
74.050
77.182
77.898
79.231
81.613
84.131
84.589
85.700
88.494
87.682
85.124
89.393
90.946
90.198
91.301
92.939
93.334
93.073
91.098
88.916
86.896
82.963
84.616
87.823
84.165
80.619
83.551
83.083
86.459
91.177
91.526
91.244
92.367
93.528
94.264
94.346
94.945
93.433
91.937
90.817
87.671
87.633
85.432
85.379
85.486
87.664
89.041
91.428
94.201
94.863
93.930
93.466
91.413
89.489
87.930
86.855
90.753
92.067
88.299
88.972
92.078
90.938
84.502
80.113
82.748
78.436
83.914
88.025
88.696
88.232
86.586
73.320
58.933
48.986
