47.845
57.311
52.117
49.773
50.928
51.348
48.947
45.253
47.371
44.608
42.970
43.073
42.157
42.328
42.505
42.466
39.851
40.482
43.347
41.062
39.374
41.075
40.163
44.725
42.448
42.512
42.361
41.765
41.676
48.656
56.640
73.179
85.846
90.994
92.650
94.285
95.194
94.622
93.310
92.625
92.256
90.881
90.785
92.338
92.964
92.760
91.298
90.558
89.176
88.206
87.560
88.081
89.198
89.720
89.739
89.548
91.017
90.797
92.266
93.101
93.385
93.835
94.911
95.050
93.908
93.237
95.070
94.155
91.711
93.108
95.030
96.379
96.333
95.948
94.720
92.933
91.848
93.591
93.995
91.862
91.507
92.659
91.226
92.651
94.779
95.449
93.936
93.874
95.252
95.230
96.396
96.316
95.868
94.883
93.707
90.030
89.334
86.493
86.996
87.510
89.975
90.790
92.963
95.522
95.761
95.199
94.952
93.481
92.893
92.648
91.590
93.149
94.494
92.109
91.124
93.191
92.395
85.373
80.487
84.823
82.213
88.901
93.174
95.173
95.935
95.894
93.330
91.420
90.717
92.144
94.510
95.021
94.457
93.864
94.036
92.774
89.125
88.626
88.568
86.586
88.877
91.143
92.482
92.728
92.691
91.758
91.135
90.280
89.924
90.466
90.309
89.490
90.507
90.498
90.548
92.073
93.473
91.097
79.068
