81.582
81.041
82.361
78.180
79.925
78.416
78.676
79.209
78.478
78.739
84.593
89.056
87.416
87.355
87.566
85.643
86.703
85.822
86.586
87.868
88.804
86.711
88.722
88.951
87.416
83.952
81.923
84.934
82.298
84.606
88.350
89.030
89.194
84.340
80.445
79.345
80.906
85.014
86.517
88.183
88.208
87.455
87.276
87.722
83.516
83.401
87.069
85.847
89.531
91.575
91.956
92.252
90.619
91.908
90.159
89.644
89.385
85.148
82.876
81.093
81.854
83.734
82.825
85.671
87.246
87.866
86.578
87.559
83.229
82.644
78.252
79.275
85.526
85.182
86.577
85.562
89.630
91.602
93.781
93.817
92.653
91.611
90.507
88.701
86.810
88.123
86.625
88.398
91.088
91.503
92.478
92.597
91.126
91.852
90.643
88.745
85.533
82.180
72.653
56.448
51.008
38.179
35.337
30.296
32.044
33.781
33.968
32.260
34.787
37.669
37.164
37.354
36.297
37.503
38.248
40.685
41.548
38.881
41.807
38.468
41.461
40.490
40.662
39.555
45.180
48.455
49.767
49.061
53.542
54.981
53.518
52.940
51.722
51.352
47.993
48.702
51.647
44.062
47.379
44.993
47.065
49.207
49.779
51.451
52.040
52.171
54.451
52.776
48.733
50.794
51.017
45.957
43.249
42.738
41.918
40.603
38.309
34.516
33.402
