31.053
30.415
29.432
35.373
33.123
34.813
35.962
34.694
33.164
32.259
35.037
34.345
34.243
32.394
31.462
34.251
33.190
35.003
38.490
35.574
39.894
36.627
41.786
40.811
46.618
43.901
48.610
47.742
53.919
46.996
44.818
44.226
47.448
43.552
43.395
43.446
42.546
41.452
41.648
40.923
38.658
37.682
36.824
35.030
35.580
32.868
36.696
30.871
38.213
36.019
39.027
39.763
47.384
52.689
68.623
79.196
84.813
87.042
88.365
87.782
83.885
80.121
76.399
74.906
68.914
68.600
61.411
65.646
62.410
61.634
66.956
66.258
65.038
70.217
73.665
72.957
74.854
79.637
81.142
84.516
85.226
85.514
86.372
88.022
88.396
89.539
90.229
89.028
86.994
90.446
90.503
89.296
90.670
93.308
94.280
94.533
93.065
91.238
89.298
86.286
87.561
89.992
86.541
84.439
85.979
85.115
87.920
92.094
92.443
91.986
92.087
93.258
94.284
94.931
95.498
94.589
92.860
91.730
87.954
87.394
84.051
84.933
85.107
87.557
88.482
91.210
94.170
94.948
94.164
93.749
91.929
91.301
91.085
90.962
92.597
93.229
90.303
90.970
92.715
91.026
85.180
78.755
82.151
77.590
84.250
89.450
91.681
92.363
90.561
86.046
82.581
81.068
86.173
89.206
87.545
88.889
89.155
85.675
75.755
