48.784
56.164
72.258
79.534
85.530
89.434
89.902
90.593
91.486
91.861
89.924
88.451
92.311
91.371
88.679
88.123
87.601
89.147
89.938
86.588
85.158
84.996
84.252
89.048
91.584
92.098
94.030
91.259
92.407
89.248
89.079
87.035
86.862
86.884
89.306
89.528
90.673
93.553
93.639
94.365
92.429
91.041
87.447
84.091
83.966
87.319
86.774
82.610
84.180
86.717
82.890
76.380
72.873
73.915
72.286
78.243
83.071
85.909
87.210
87.298
83.699
83.571
82.924
86.938
87.064
85.942
86.144
84.938
84.032
83.789
77.841
78.247
80.528
79.688
82.494
85.159
84.436
85.358
83.392
85.973
84.596
86.331
83.138
80.486
78.036
75.560
76.463
78.239
79.239
82.260
82.578
83.646
84.900
83.696
82.525
82.891
82.551
81.702
85.714
84.351
84.641
81.929
82.503
86.875
89.243
90.359
87.317
90.317
87.551
86.022
84.946
83.981
81.481
85.483
86.453
87.774
85.432
86.679
82.986
84.349
83.949
84.422
81.117
78.980
75.461
63.837
58.776
56.353
58.961
54.484
54.662
52.039
49.161
43.571
39.526
41.372
36.045
29.290
27.171
28.370
27.716
33.016
30.228
31.374
32.983
36.705
35.787
36.552
31.874
30.939
29.807
33.137
33.487
34.030
29.424
30.515
30.606
25.725
24.555
