69.203
78.498
84.258
89.342
88.748
87.445
85.791
82.333
83.899
80.144
80.603
81.835
83.717
82.923
84.965
89.357
88.505
89.539
89.217
87.876
87.657
87.389
88.287
89.591
90.023
88.780
89.792
89.573
88.163
84.215
85.125
86.893
86.360
87.309
89.066
89.657
89.902
85.786
78.867
78.268
80.784
85.462
87.139
89.299
89.648
89.121
89.702
90.486
86.824
87.010
89.958
90.532
92.134
92.949
92.643
93.159
91.864
92.516
91.179
90.800
89.421
85.393
82.385
81.266
81.823
84.217
82.777
86.177
88.558
89.080
89.020
89.407
87.137
87.639
85.500
86.316
90.869
91.184
91.798
92.601
93.828
94.160
95.142
94.973
93.727
93.170
91.819
89.242
87.645
87.677
86.135
88.732
91.523
92.588
93.384
94.044
93.463
94.160
93.812
93.038
92.043
89.240
84.009
70.540
62.678
59.686
51.098
47.433
42.075
42.900
37.340
38.556
37.472
36.159
39.251
35.156
39.931
38.352
34.339
40.022
41.680
39.492
44.883
41.700
47.532
46.393
45.497
46.969
49.947
50.017
54.376
57.076
58.909
60.076
61.223
63.047
57.746
58.585
52.412
59.010
64.385
64.957
62.582
65.413
63.741
66.771
72.878
68.196
63.454
66.020
68.064
61.974
56.686
58.772
59.964
59.628
65.749
62.013
57.475
