79.265
81.345
80.202
81.695
78.961
80.233
76.942
76.536
78.110
79.796
78.568
85.352
88.747
86.067
86.695
86.921
85.668
86.188
86.106
87.757
88.277
88.302
87.956
89.360
88.806
86.955
85.176
85.828
88.037
86.789
87.446
89.272
88.694
88.723
83.752
78.732
76.722
78.545
84.023
85.389
87.798
88.700
88.270
88.474
89.629
86.261
86.410
89.275
90.060
91.433
92.267
92.017
92.555
91.283
92.201
90.835
90.468
89.485
85.379
82.647
81.019
80.945
83.321
81.648
85.389
87.340
87.855
87.924
88.497
86.409
87.033
85.059
86.147
90.420
90.613
91.138
91.937
93.291
93.677
94.780
94.632
93.273
92.949
91.511
89.412
87.595
87.778
85.979
88.818
91.463
92.288
93.073
93.679
92.842
93.518
93.186
92.484
91.499
88.835
83.523
70.158
62.158
60.327
50.735
47.201
41.924
43.427
37.085
39.458
37.319
36.312
39.008
34.141
38.693
37.873
33.518
39.133
40.636
40.805
44.692
41.721
47.698
46.020
46.127
48.019
50.070
51.054
54.877
57.090
59.377
60.444
60.747
62.493
57.238
57.929
50.666
56.763
62.868
61.731
60.774
62.186
61.267
63.097
67.015
64.241
62.094
64.191
63.112
59.250
55.095
56.142
58.058
54.544
55.845
53.705
54.787
46.760
44.622
43.512
