72.590
76.155
77.259
78.854
79.734
78.720
77.512
75.125
81.626
83.348
80.773
83.126
83.799
83.295
85.681
87.301
89.719
88.463
86.708
86.142
82.769
81.548
79.730
79.238
78.900
81.984
83.651
85.184
88.958
89.117
88.996
89.055
87.424
86.330
84.081
85.106
88.422
88.808
84.982
87.920
89.461
85.773
82.670
78.096
80.982
79.034
81.437
84.962
85.936
87.165
79.965
71.387
76.282
80.134
83.741
85.970
86.270
86.807
85.432
84.665
85.222
80.528
80.453
84.104
83.714
86.615
88.813
88.894
90.168
88.308
90.838
89.046
89.648
88.303
85.593
82.119
80.906
80.079
80.804
79.850
83.886
85.629
86.349
85.710
85.538
81.278
81.866
77.642
78.672
84.402
83.925
86.465
85.653
88.810
90.910
93.231
93.195
91.420
91.383
88.660
86.739
85.443
84.791
83.768
87.154
89.688
90.692
91.037
91.806
89.346
90.762
89.165
87.054
84.099
80.414
71.553
55.929
47.585
42.526
37.451
34.745
34.696
34.104
37.173
38.408
42.857
42.238
38.898
38.618
39.929
39.800
41.527
42.882
41.111
39.656
43.389
41.950
40.862
45.641
47.415
48.078
52.723
52.006
54.281
55.500
53.442
56.091
57.367
56.144
50.344
49.909
51.895
56.725
53.393
46.601
48.139
40.143
39.221
40.203
