46.255
55.145
50.757
50.992
49.661
47.662
49.375
53.598
60.846
77.635
87.667
92.245
93.847
95.122
95.119
94.420
91.495
91.279
89.413
88.217
89.691
91.737
91.979
92.331
90.672
89.204
88.468
87.882
85.647
85.482
84.292
83.670
82.299
81.858
82.723
82.937
86.641
88.834
89.076
90.310
93.081
94.229
93.104
92.936
95.412
94.980
92.948
93.977
95.362
96.585
96.439
96.122
94.972
93.190
92.075
93.774
94.256
92.093
91.472
92.778
91.615
93.098
95.299
95.815
94.501
94.721
95.908
95.583
96.748
96.450
96.040
95.037
93.901
90.459
89.481
86.429
86.977
88.075
90.585
91.608
93.722
95.874
96.028
95.486
94.965
93.563
92.968
92.894
91.599
93.483
94.617
92.717
91.652
93.683
92.936
86.698
82.962
87.575
85.832
91.327
93.998
95.533
96.288
96.236
94.156
92.668
92.326
92.996
95.207
95.778
94.888
94.349
94.640
93.993
90.539
90.022
91.384
89.632
90.800
92.585
92.591
92.005
89.710
88.428
86.341
83.712
83.405
85.772
86.181
87.000
89.435
90.751
91.515
92.876
94.372
93.715
91.154
88.757
88.737
85.195
88.162
86.259
89.080
86.212
84.510
83.826
83.151
83.659
81.085
78.881
76.101
69.020
59.926
50.237
48.068
49.108
53.172
48.114
47.597
