34.724
33.300
31.990
36.020
33.664
30.912
30.300
32.747
30.736
31.093
31.688
33.582
32.300
32.238
31.388
35.232
32.370
31.458
29.640
32.930
30.071
30.923
34.395
32.955
35.983
34.742
38.678
39.016
44.860
41.910
46.478
46.256
51.282
45.207
43.570
43.800
45.724
42.758
42.731
43.319
41.898
40.573
40.794
40.126
37.522
35.936
35.137
34.707
33.674
31.936
35.027
29.091
36.921
33.619
36.102
37.022
45.722
49.762
66.791
76.375
81.014
83.112
83.642
84.943
80.580
78.493
74.673
74.115
68.789
65.759
57.806
62.597
61.663
61.323
63.692
65.298
66.076
70.773
73.664
73.851
75.445
79.446
81.415
84.379
84.698
84.900
86.093
87.482
87.572
88.372
89.600
88.350
86.089
89.403
89.806
88.701
90.179
92.104
92.597
92.115
90.688
88.350
87.002
84.220
85.827
88.765
85.697
84.079
85.933
85.126
87.993
91.765
92.169
91.521
91.492
92.753
93.656
93.825
94.052
92.582
90.160
89.418
86.124
86.337
84.417
84.395
84.363
86.645
87.317
90.176
93.494
93.957
92.869
91.875
89.345
88.021
86.249
86.444
89.979
90.779
87.025
88.627
91.057
89.613
84.203
78.346
80.493
75.861
82.857
86.697
88.770
88.347
87.249
78.878
68.097
62.001
64.369
62.359
63.041
