28.875
31.304
31.948
32.313
34.036
34.681
35.986
34.956
36.349
34.839
32.988
36.377
36.056
35.715
39.113
38.346
42.091
39.233
43.525
41.206
47.539
44.623
50.465
48.788
55.241
46.030
43.986
43.932
47.250
41.940
42.476
43.686
42.776
41.237
41.573
41.331
39.022
38.329
37.362
35.606
35.753
33.322
37.326
31.716
38.555
36.027
39.661
40.025
47.028
52.958
68.492
79.624
85.362
86.429
87.316
86.540
82.475
77.652
72.496
70.433
62.785
59.868
54.838
58.419
56.139
57.364
61.489
59.547
59.812
66.499
70.113
67.705
69.634
76.648
79.021
82.166
83.751
83.981
85.107
87.097
88.191
88.796
89.784
88.818
87.289
90.430
90.532
89.316
90.751
93.245
94.066
94.377
92.873
90.983
88.875
85.616
86.729
89.411
85.746
83.306
84.981
84.215
87.174
91.578
92.102
91.576
92.020
93.137
94.257
94.849
95.474
94.516
93.276
91.721
88.058
87.691
84.173
85.470
85.363
88.064
88.873
91.454
94.164
94.946
94.149
93.944
91.990
90.986
90.879
89.792
92.202
93.254
90.275
90.389
92.554
91.327
85.021
78.666
82.114
78.079
84.848
89.527
91.231
92.037
90.320
86.028
82.500
81.205
86.258
89.681
88.083
88.899
89.753
88.986
85.901
80.056
79.060
67.296
59.827
