32.815
37.437
42.996
40.503
37.371
42.178
39.157
41.712
40.054
42.279
43.374
46.139
43.823
49.052
46.908
52.078
43.642
41.780
43.298
44.877
41.093
42.792
42.216
42.276
42.796
42.873
45.177
41.121
41.358
38.925
39.298
39.330
37.108
40.773
39.455
39.220
38.965
41.352
38.784
45.793
54.242
69.648
83.498
88.777
89.480
90.607
90.766
87.306
83.184
80.429
76.833
69.690
67.669
67.160
68.182
60.198
60.493
62.650
54.895
58.327
63.960
68.522
63.699
66.716
76.197
78.552
81.364
83.281
85.185
86.574
87.612
89.265
90.730
91.046
90.066
88.977
91.716
91.370
89.748
91.606
94.098
95.198
95.441
93.981
92.052
89.736
87.274
88.642
90.776
87.721
85.441
87.406
86.567
89.116
92.812
93.277
92.271
92.608
93.923
94.576
95.469
95.836
94.935
93.738
92.176
88.536
87.824
84.090
85.177
85.662
88.276
89.164
91.793
94.618
95.120
94.519
94.313
92.723
92.044
92.132
91.007
92.752
94.125
91.567
90.853
92.620
91.735
84.703
79.057
83.246
80.612
86.546
91.600
92.986
94.085
92.625
88.613
85.401
84.138
88.115
91.829
90.756
91.059
92.071
92.152
89.554
86.135
86.563
85.649
82.763
85.962
86.304
86.684
84.722
84.444
79.586
78.391
72.094
64.546
