52.148
57.628
52.305
63.153
63.524
72.942
79.187
77.469
78.718
80.793
81.834
84.970
86.322
87.813
86.265
84.839
83.600
81.530
81.350
79.786
79.676
79.931
82.397
82.268
83.802
87.776
88.223
88.569
87.932
86.191
82.603
80.258
80.196
83.986
84.415
80.280
82.110
84.624
80.908
75.617
71.275
74.929
74.867
78.705
81.666
83.512
83.490
78.882
70.123
73.184
75.751
80.611
82.355
83.717
83.755
81.994
81.728
82.835
77.990
77.764
81.184
80.308
84.281
85.563
85.675
87.037
85.208
87.508
85.281
86.420
82.958
79.558
73.469
71.727
73.610
73.781
75.135
79.239
82.093
83.337
83.972
85.244
83.650
84.329
82.049
81.941
86.432
85.040
86.809
84.285
86.158
89.643
91.517
92.384
89.899
90.896
87.844
85.642
85.910
82.902
82.336
84.204
86.584
88.106
88.153
88.150
86.439
86.791
86.826
85.684
82.930
80.491
75.985
62.848
57.073
55.398
55.304
51.448
52.972
50.984
48.653
43.203
40.974
41.808
37.872
32.130
30.362
32.512
30.595
33.170
31.808
35.829
39.671
37.980
34.012
37.745
40.349
36.481
32.765
32.855
34.085
30.292
23.712
31.757
32.945
31.189
29.461
35.609
35.912
35.238
40.218
37.823
39.699
40.063
36.638
28.804
30.270
29.570
28.918
