54.348
55.558
68.021
77.587
82.850
85.909
87.036
87.157
87.843
88.230
88.334
85.102
86.025
87.604
87.237
89.879
90.118
91.969
91.935
92.518
92.984
93.129
92.805
91.953
90.267
89.303
86.713
84.323
84.665
83.774
86.824
87.327
87.461
85.768
85.466
80.146
79.742
76.043
79.144
85.957
83.260
85.975
87.066
90.805
92.254
94.939
95.007
94.472
92.769
92.127
91.212
89.816
90.201
90.036
90.527
92.898
93.155
94.424
94.400
93.995
92.853
91.450
89.632
87.419
84.733
79.109
82.091
84.485
88.598
89.693
90.694
88.091
86.986
87.393
86.810
85.470
87.095
87.170
85.945
82.720
80.642
82.824
81.806
75.733
78.924
81.604
84.989
85.965
86.888
87.904
89.379
90.057
89.829
89.835
91.306
91.960
91.836
92.445
92.814
92.236
92.486
91.707
89.893
90.817
91.941
93.845
93.254
92.886
91.175
89.318
87.332
88.444
90.300
87.553
86.307
87.242
86.658
89.339
91.393
91.815
91.050
91.025
92.538
92.456
93.388
94.426
93.717
92.212
91.999
87.830
87.197
84.362
84.125
83.126
85.432
86.982
89.117
93.141
93.227
93.028
92.433
90.024
88.349
87.103
84.186
88.332
89.945
84.966
84.241
89.309
88.089
81.210
75.448
81.253
77.930
84.436
88.269
91.612
89.673
