84.282
94.783
96.490
96.875
96.605
96.817
96.356
95.407
94.074
93.967
92.652
91.395
93.107
94.017
93.996
92.378
90.911
90.221
88.866
88.267
88.056
88.710
88.556
88.742
92.077
93.149
94.418
94.839
94.322
94.886
95.619
96.290
96.202
95.917
96.196
96.899
96.009
94.734
96.012
96.795
97.199
96.910
96.229
95.151
93.289
92.341
94.078
94.511
92.469
92.257
93.325
92.210
93.549
95.506
96.079
94.662
95.042
96.325
96.234
96.968
96.737
96.159
95.237
93.936
90.625
89.728
86.804
87.310
88.562
90.811
92.039
93.980
96.002
96.230
95.667
95.391
93.958
94.209
94.982
95.249
95.489
96.120
96.109
95.795
96.113
95.912
93.547
92.875
94.694
94.262
96.087
96.705
97.099
97.017
96.555
94.715
93.126
92.271
93.131
95.413
96.053
95.013
95.024
95.871
95.351
93.791
94.370
95.642
96.320
96.419
96.426
96.343
96.048
95.743
95.506
94.805
93.836
92.504
92.301
91.177
90.673
91.453
91.601
91.879
93.282
95.033
94.207
92.363
91.313
91.142
88.722
91.931
92.544
94.991
95.268
94.343
95.311
95.416
95.476
95.922
96.103
95.278
94.531
93.222
91.128
90.122
89.677
91.171
89.098
92.872
94.413
95.445
95.947
95.757
95.789
95.872
95.824
95.855
92.165
