35.382
42.734
50.910
65.577
75.552
76.036
76.750
79.590
80.689
84.156
84.855
86.824
85.394
84.488
83.423
81.318
81.039
78.665
79.742
79.785
81.596
81.581
82.790
86.977
88.210
87.894
87.812
86.123
84.843
83.986
84.590
87.663
87.113
83.793
86.647
87.607
83.747
77.715
75.976
76.198
74.293
79.991
83.294
84.048
84.750
79.173
71.923
73.825
77.280
81.550
83.419
85.338
85.435
84.215
84.790
85.915
80.446
80.246
84.095
81.743
86.106
87.726
87.482
88.893
86.882
89.023
87.134
88.373
85.148
82.384
77.595
75.637
76.392
75.847
77.246
81.572
85.122
85.523
86.463
86.961
83.789
84.719
81.352
81.321
86.689
84.888
86.590
83.067
85.100
88.707
90.957
92.038
89.126
90.956
88.092
84.610
84.414
82.175
80.843
84.414
87.159
88.636
87.487
88.825
86.575
86.735
87.563
86.102
83.945
81.168
73.961
58.943
49.213
44.879
48.013
43.074
41.968
42.248
41.105
35.382
31.585
33.503
29.580
24.035
23.947
24.028
23.403
25.575
23.778
27.833
27.349
28.840
26.540
28.453
27.850
28.804
26.706
27.879
27.442
30.770
28.180
34.567
30.959
34.598
34.059
41.011
39.275
46.932
61.707
46.064
52.079
54.905
42.979
41.329
31.650
34.078
26.688
22.955
28.742
