54.778
73.272
83.003
85.487
89.966
89.544
89.901
89.426
86.736
86.268
82.270
81.219
80.504
83.092
83.521
83.634
88.435
90.953
91.071
92.130
91.179
90.362
89.871
90.384
91.955
91.761
89.807
90.995
90.944
89.275
84.084
83.688
84.495
80.903
83.914
87.205
87.278
87.617
83.198
75.810
76.667
80.208
86.068
88.432
88.915
89.068
89.747
89.752
89.166
85.254
84.986
87.394
85.235
87.775
88.822
88.037
87.938
87.101
87.430
87.272
88.068
84.190
82.596
77.869
75.905
76.858
76.566
79.125
82.402
86.492
87.239
87.922
88.029
86.948
86.247
83.943
84.736
88.813
87.930
89.837
88.334
89.900
92.273
92.595
93.090
90.188
91.012
87.920
84.018
82.982
81.387
80.568
82.704
86.764
88.759
88.572
89.326
88.340
88.697
89.663
88.346
86.755
83.941
75.025
53.488
46.694
38.879
35.260
30.312
30.980
31.240
32.106
32.703
35.388
36.925
46.014
50.531
52.410
52.559
49.706
53.456
40.120
39.328
42.774
37.424
41.576
42.083
46.697
45.217
51.277
51.171
55.082
55.980
57.969
64.898
61.227
61.418
56.970
63.387
57.866
65.187
76.043
76.353
78.989
80.005
77.558
78.669
78.820
76.157
72.253
71.369
72.523
66.521
60.552
48.368
43.922
40.716
38.862
34.739
