45.947
50.069
45.062
45.466
43.943
43.266
42.310
42.440
41.689
40.692
42.400
40.762
41.010
42.737
39.611
39.938
40.276
40.703
42.670
49.468
57.635
75.894
86.583
91.419
93.040
94.789
95.405
95.046
93.650
92.751
92.375
91.383
90.672
92.275
93.543
93.514
92.247
91.302
89.900
89.085
88.372
88.649
89.477
89.913
90.054
90.152
91.892
91.650
92.452
93.707
94.179
94.014
95.207
95.628
94.560
93.494
95.509
94.999
92.700
93.659
95.331
96.705
96.603
96.331
95.254
93.606
92.564
94.249
94.583
92.607
92.376
93.512
92.108
93.539
95.542
96.095
94.718
94.762
96.065
95.761
96.889
96.626
96.212
95.356
94.261
90.735
89.915
86.935
87.397
88.117
90.809
91.566
93.938
96.063
96.212
95.634
95.291
93.957
93.182
92.794
91.468
93.641
94.744
92.414
91.470
93.606
92.626
86.294
81.933
86.237
83.787
90.138
93.583
95.429
96.342
96.377
94.356
93.011
92.448
93.316
95.456
95.850
95.021
94.459
94.519
93.533
89.354
89.122
90.088
87.787
89.595
91.718
92.597
92.748
92.263
91.020
91.048
90.456
90.231
91.097
90.751
89.866
91.337
91.659
92.110
93.175
94.468
93.601
90.804
88.637
86.903
83.982
84.462
82.260
86.317
81.253
79.179
75.103
61.771
