43.637
47.526
46.365
44.540
42.487
45.977
44.453
42.595
43.951
41.000
40.823
41.025
41.011
42.702
49.985
59.082
77.036
87.363
92.169
93.966
95.327
95.663
95.187
93.617
93.075
92.373
91.397
90.826
92.450
93.216
92.987
91.065
89.514
87.714
86.336
84.917
85.836
86.861
87.120
87.910
88.107
89.587
89.501
91.710
92.523
92.631
92.949
94.649
95.150
93.964
93.631
95.655
95.108
92.928
94.006
95.393
96.627
96.487
96.103
94.924
93.103
91.859
93.546
94.081
91.836
91.202
92.620
91.373
93.073
95.284
95.850
94.580
94.749
95.979
95.644
96.758
96.517
96.077
95.145
94.035
90.618
89.758
86.945
87.301
88.196
90.602
91.642
93.811
95.952
96.119
95.563
95.117
93.777
93.029
92.683
91.314
93.445
94.581
92.438
91.362
93.556
92.725
86.377
82.423
86.910
84.826
91.039
93.918
95.619
96.366
96.248
94.095
92.539
92.094
93.048
95.287
95.870
95.118
94.536
94.759
94.085
90.562
90.017
91.186
89.590
90.942
93.198
93.733
93.678
92.872
92.261
91.163
90.018
89.567
90.486
89.899
88.693
90.132
90.489
91.378
92.858
94.599
94.062
91.813
90.091
89.634
87.049
88.833
86.737
89.795
86.868
87.076
85.980
86.860
88.845
88.169
89.346
85.855
75.865
