76.260
84.043
79.814
87.018
87.252
87.856
84.425
84.628
89.072
87.811
87.757
90.363
91.015
92.145
91.438
88.461
81.753
83.042
86.456
90.148
90.829
92.749
91.950
91.343
92.189
92.414
89.478
89.490
91.673
92.276
93.837
94.435
94.851
95.186
95.208
95.223
94.847
94.427
93.472
91.969
91.209
89.750
89.058
89.584
88.383
91.125
92.086
92.044
91.208
91.278
88.479
88.516
86.037
87.970
92.657
91.439
92.662
93.310
94.864
95.237
96.275
96.270
95.635
94.304
93.991
92.682
91.947
91.789
92.361
91.908
94.416
94.692
95.646
95.921
95.685
95.563
95.117
94.738
93.250
90.961
85.709
82.153
84.342
87.829
90.733
91.478
90.181
89.468
88.945
88.998
88.148
89.600
89.533
88.562
87.177
85.432
85.206
84.352
79.218
81.481
84.241
87.366
87.988
89.380
89.259
90.466
90.690
90.946
91.096
91.898
92.922
92.778
93.116
93.456
93.021
93.204
92.333
90.269
90.094
90.707
93.944
93.295
92.823
91.510
89.755
88.373
89.534
91.019
88.530
87.246
88.321
87.892
89.759
92.114
92.424
91.056
90.737
92.789
92.147
93.596
94.091
93.614
92.888
91.825
89.796
88.371
86.906
85.739
85.646
86.342
88.885
89.505
93.049
92.377
91.615
90.718
87.678
85.954
72.905
