74.870
73.019
79.304
67.928
76.738
75.552
82.606
87.243
88.182
90.263
90.242
89.952
89.935
90.072
85.579
86.190
88.058
87.490
90.331
91.613
93.106
93.422
94.169
93.956
94.074
93.675
92.951
91.480
90.840
89.187
87.917
88.579
87.045
89.907
90.347
89.640
87.800
87.362
81.380
80.701
76.551
80.168
86.415
82.842
85.280
84.954
89.884
91.435
94.896
95.171
94.865
93.634
93.257
92.164
91.605
91.231
91.260
91.574
93.900
94.006
94.940
94.742
94.133
92.977
91.594
89.855
86.851
84.708
77.558
75.014
79.068
83.046
86.681
89.137
88.546
87.964
88.484
87.984
86.309
88.253
87.987
87.321
85.082
83.894
84.869
84.163
79.688
81.662
84.338
87.241
87.648
89.020
88.969
90.396
90.679
90.195
91.162
91.604
91.923
91.563
91.958
91.349
89.310
89.209
87.990
84.264
84.028
86.578
90.651
90.974
92.666
91.895
90.385
88.672
89.651
91.506
89.316
88.170
88.871
88.755
90.556
92.078
91.913
90.499
88.110
89.502
87.633
91.171
91.754
93.096
92.171
92.518
88.775
88.319
85.620
85.345
84.033
86.295
86.069
88.064
91.986
90.568
91.904
90.701
89.752
86.727
84.374
80.502
84.113
85.767
79.790
78.408
82.049
80.370
66.327
53.699
41.656
37.029
33.946
