36.039
36.108
32.797
35.575
33.157
34.158
34.084
36.651
35.698
33.499
34.515
35.251
32.263
32.638
34.372
32.727
32.543
31.921
32.110
28.827
32.781
29.716
30.735
32.762
32.710
34.368
36.016
37.670
40.508
42.435
41.594
47.164
46.140
50.974
43.768
43.041
43.631
46.480
42.178
42.903
43.219
41.381
39.744
40.384
39.267
36.793
35.405
33.422
34.227
33.109
31.811
34.497
29.134
36.878
33.865
34.871
36.732
45.069
50.349
66.606
76.325
80.617
83.347
83.016
84.203
78.331
75.775
70.188
68.834
63.393
57.298
51.638
55.800
55.689
55.871
56.668
57.108
57.038
64.163
69.099
68.430
71.175
76.837
79.597
83.170
83.829
83.599
84.463
86.560
86.970
87.437
88.827
87.880
85.873
89.206
89.613
88.365
90.090
92.048
92.499
91.560
89.721
86.973
85.769
82.199
84.347
87.622
83.902
81.388
83.913
83.263
86.978
91.488
91.775
91.327
91.433
93.091
93.785
93.849
93.908
91.983
89.672
89.011
86.068
86.367
85.213
84.985
84.848
87.230
88.024
90.850
93.849
94.115
92.854
91.858
89.380
88.220
86.367
86.638
90.307
90.792
87.348
89.118
91.566
90.052
84.878
78.419
80.775
75.388
83.062
86.726
88.981
88.107
86.536
74.342
60.247
51.122
51.740
48.355
