53.412
52.367
70.354
77.677
83.296
84.263
86.335
85.953
85.206
87.932
88.291
89.065
85.344
84.857
89.082
87.916
87.793
90.230
91.156
92.037
91.268
84.983
78.029
81.814
85.882
89.030
89.657
91.964
91.904
90.644
91.503
92.130
88.994
89.034
91.468
92.123
93.892
94.452
94.776
95.194
95.160
95.226
94.857
94.397
93.483
91.938
91.179
89.678
88.864
89.622
88.305
91.182
92.039
91.869
91.243
91.236
88.256
88.318
85.463
87.600
92.569
91.518
92.614
93.208
94.773
95.174
96.319
96.364
95.623
94.530
94.108
92.773
92.008
91.595
92.296
92.223
94.469
94.771
95.670
95.990
95.589
95.542
95.061
94.637
93.236
90.781
85.266
81.688
82.906
86.950
89.989
90.874
89.635
89.108
88.315
88.666
87.466
88.423
88.817
87.813
86.566
84.788
84.748
83.305
78.764
80.834
83.852
87.010
87.492
88.753
88.999
90.413
90.529
90.670
90.973
91.805
92.642
92.353
92.762
93.128
92.729
92.417
91.850
89.034
88.091
87.936
91.044
90.195
89.092
87.422
83.417
83.826
86.267
85.839
82.880
84.076
85.210
82.161
83.579
85.731
88.472
88.665
88.279
89.421
86.569
86.714
86.859
85.428
86.031
82.842
78.869
71.180
64.490
58.283
55.247
53.455
49.985
53.113
52.288
