58.918
68.643
72.718
76.486
73.616
73.891
68.032
76.379
80.128
79.570
79.283
79.777
81.446
87.192
87.858
90.887
90.330
89.315
88.512
85.867
85.132
83.668
82.824
82.741
84.683
86.652
86.740
90.563
91.821
91.539
91.917
90.423
89.153
87.904
88.391
91.103
90.774
88.037
89.806
91.180
88.311
82.763
80.195
81.493
76.994
81.356
85.556
85.979
86.920
83.680
77.813
76.089
79.955
84.851
87.549
87.862
87.904
88.119
87.717
87.201
82.634
82.008
85.330
82.239
85.547
87.803
86.201
88.105
86.147
87.648
87.187
87.592
84.442
80.819
76.836
73.423
75.347
74.642
77.705
81.369
85.757
86.598
87.153
87.555
86.164
86.714
84.809
84.351
87.997
87.156
88.064
85.233
85.919
89.638
90.767
91.313
88.809
89.801
86.668
82.530
82.555
80.862
81.477
83.797
86.865
87.309
88.127
87.932
87.152
87.037
87.806
87.337
84.560
82.451
77.590
61.662
49.858
48.185
50.122
44.328
43.307
44.108
39.854
37.319
36.634
37.446
39.890
40.374
42.929
42.865
39.748
45.935
36.029
31.063
32.525
32.378
32.205
34.859
35.353
35.353
33.525
38.785
38.200
36.879
42.725
50.877
42.321
44.959
45.141
55.397
51.760
62.573
73.972
70.918
77.933
76.196
75.315
71.597
71.499
