61.636
74.674
80.648
86.562
89.569
91.213
92.055
92.185
85.518
86.044
88.824
91.442
92.852
94.370
93.252
93.241
93.773
93.152
90.028
90.667
92.302
91.870
93.879
94.893
95.123
95.605
95.676
95.537
95.286
94.552
93.537
92.083
91.367
90.090
89.166
89.500
89.030
91.354
92.734
92.549
91.257
90.646
85.766
85.834
80.859
84.847
90.862
88.752
91.589
92.013
94.784
95.651
96.591
96.572
95.914
95.067
94.446
93.248
93.139
92.543
93.181
92.499
94.880
95.219
95.919
96.277
96.224
95.890
95.151
94.659
92.086
89.976
84.615
82.775
86.180
89.011
92.646
93.249
92.160
91.605
90.919
90.692
90.019
91.421
91.560
90.818
90.317
88.652
87.590
87.057
84.196
84.549
86.881
88.786
88.918
90.909
91.001
91.986
92.501
92.413
92.641
93.221
94.287
94.327
94.545
94.651
94.014
94.601
93.898
91.306
91.060
92.359
95.226
95.182
95.033
94.100
92.297
91.136
92.241
93.228
90.760
89.884
90.680
90.122
92.044
94.246
94.762
93.236
93.082
94.539
93.865
95.391
95.581
95.648
95.007
94.172
90.568
89.296
87.476
86.398
85.858
88.476
89.859
91.950
94.909
94.889
94.758
94.379
93.054
91.153
89.084
86.036
89.910
90.907
85.426
84.650
88.986
86.002
72.735
