87.683
89.960
89.592
87.330
86.105
90.447
89.188
86.434
86.718
83.576
87.167
88.060
84.426
84.805
83.698
84.193
86.374
90.228
91.361
92.817
90.061
90.880
86.580
86.856
84.332
83.838
83.272
85.964
86.764
88.404
92.244
91.629
92.465
90.835
89.020
85.461
82.120
81.511
85.474
86.129
81.632
82.871
85.592
81.284
75.766
70.250
73.710
73.133
78.916
81.973
84.842
86.862
84.642
83.396
82.829
81.945
86.082
87.328
86.245
86.266
84.975
82.580
82.732
78.420
77.809
80.751
79.974
83.368
84.539
86.104
87.255
86.378
88.652
87.577
87.172
86.442
82.328
80.103
77.731
78.631
79.440
79.173
82.388
83.898
84.705
83.977
84.922
82.254
82.680
80.452
80.810
85.249
82.629
83.180
80.819
82.890
85.111
89.163
90.683
88.989
89.925
87.821
86.685
85.579
84.437
83.902
86.380
88.671
88.507
88.865
88.364
84.894
85.333
84.594
84.023
80.984
79.340
74.305
63.779
58.137
53.623
56.318
54.054
53.385
51.817
51.889
45.053
45.257
46.447
41.144
36.301
37.303
37.938
33.904
39.609
36.110
34.779
36.557
37.104
31.856
33.373
37.701
35.314
32.373
34.046
33.852
29.360
26.500
34.281
31.007
30.780
29.327
32.410
31.716
34.558
34.193
36.038
36.680
28.030
