51.608
57.623
61.768
70.319
77.510
79.724
80.858
83.764
83.323
84.294
86.472
85.597
87.643
89.122
90.745
90.242
90.959
92.421
92.306
91.718
90.154
88.693
91.939
92.011
90.654
92.897
93.688
93.895
93.174
90.530
69.815
82.230
86.786
89.881
91.541
93.633
93.022
92.303
93.336
93.425
90.406
90.982
92.963
93.350
94.732
95.203
95.406
95.593
95.431
95.520
95.236
94.629
93.753
92.454
91.691
90.381
89.355
89.676
88.981
91.587
92.640
92.588
91.802
91.671
89.400
89.255
86.557
88.546
93.332
92.382
93.353
94.117
95.347
95.680
96.530
96.625
95.917
94.999
94.519
93.082
92.928
92.193
93.146
92.938
94.901
95.151
95.945
96.252
96.162
95.910
95.625
95.335
94.107
92.090
87.215
82.413
83.711
87.396
91.320
91.942
90.380
90.283
89.783
89.888
89.414
90.524
90.604
89.351
88.307
86.205
85.918
85.148
82.072
82.343
84.861
87.765
88.174
89.185
89.078
89.923
90.567
90.708
90.753
91.750
93.086
92.797
93.189
93.738
93.211
93.496
93.013
90.674
89.913
90.161
93.491
93.024
92.571
91.582
90.582
89.052
89.123
90.810
89.092
87.083
87.713
88.208
89.691
92.099
92.179
91.561
91.233
92.521
91.733
92.753
93.286
92.877
92.145
90.329
83.721
