78.666
85.157
90.128
91.030
91.439
89.236
84.348
85.009
87.844
90.816
92.337
93.770
92.883
93.040
93.518
92.681
89.403
90.695
91.648
91.200
93.314
94.112
94.723
95.046
95.301
95.115
94.970
94.271
93.373
92.125
91.439
89.975
89.069
89.448
88.602
91.026
92.161
91.899
90.372
89.535
84.004
83.752
79.144
83.083
88.906
86.140
88.895
89.179
93.079
94.440
96.145
96.220
95.584
94.527
94.121
92.933
92.524
91.809
92.310
92.136
94.515
94.809
95.593
95.858
95.682
95.088
94.135
92.645
89.916
88.046
82.120
80.456
83.805
86.917
90.912
92.268
90.867
90.250
89.991
89.677
88.943
90.571
90.475
89.424
88.382
86.530
85.931
85.027
80.468
82.284
85.428
87.649
88.305
89.828
89.807
91.073
91.651
91.453
91.739
92.528
93.517
93.345
93.736
93.594
92.517
92.564
91.713
88.018
87.972
89.564
93.025
93.210
94.107
93.222
91.561
90.033
91.145
92.455
89.981
88.982
89.709
89.264
91.409
93.399
93.594
92.096
90.643
91.925
90.493
93.255
93.553
94.461
93.842
93.572
89.874
88.820
86.584
85.764
85.428
87.281
88.734
90.685
93.386
92.504
93.457
92.548
91.824
89.418
87.077
83.761
87.282
88.285
82.805
81.718
85.605
83.155
68.776
49.901
38.488
