38.972
57.070
62.956
67.054
74.158
81.347
84.332
85.980
87.810
80.381
80.393
78.309
82.737
88.184
89.530
90.738
90.707
91.107
91.023
90.886
87.830
88.255
89.695
89.601
91.664
92.730
93.368
94.082
94.361
94.413
93.929
93.798
93.058
91.476
90.467
89.029
88.096
88.673
86.629
90.016
90.514
90.597
89.435
89.137
84.904
84.916
81.443
83.989
89.566
87.651
89.717
90.163
92.843
93.786
95.468
95.463
94.745
93.424
92.927
91.753
90.746
90.796
90.684
91.061
93.497
93.810
94.853
95.029
94.376
94.408
93.359
92.726
90.202
87.868
81.718
80.214
83.258
86.747
89.915
91.246
89.998
89.151
88.788
88.929
87.311
89.436
89.250
89.105
87.070
86.374
86.552
86.535
82.606
83.515
84.923
88.440
88.656
89.416
88.924
90.365
90.325
90.689
90.976
91.521
92.353
92.296
92.521
92.387
91.561
91.766
90.896
88.562
88.042
89.186
93.440
92.739
93.363
92.333
90.551
89.029
90.240
91.554
88.991
87.933
88.599
88.271
90.339
92.109
92.121
91.084
90.723
92.428
91.288
93.323
93.785
93.829
92.701
92.365
88.381
87.687
84.853
84.556
83.647
85.739
87.702
89.051
93.311
92.818
92.589
91.863
89.820
88.025
85.654
82.969
86.555
87.175
81.298
80.400
82.109
