63.596
82.557
93.430
95.584
96.223
96.488
96.744
96.384
95.398
94.088
93.942
92.575
91.315
93.054
93.932
93.976
92.346
90.726
89.926
88.301
87.627
87.521
88.337
88.210
88.509
91.839
93.076
94.395
94.830
94.352
94.899
95.637
96.306
96.237
95.903
95.868
96.565
95.893
94.078
95.233
96.241
96.802
96.638
96.259
95.179
93.347
92.313
94.064
94.500
92.457
92.191
93.362
92.211
93.641
95.670
96.216
94.819
95.056
96.257
95.877
96.976
96.539
96.203
95.260
94.059
90.806
89.859
86.935
87.528
88.752
91.014
92.253
94.172
96.144
96.234
95.713
95.301
93.978
93.955
94.283
94.262
94.880
95.513
94.886
94.576
95.115
94.768
91.365
89.886
92.892
92.260
94.962
96.047
96.439
96.782
96.526
94.906
93.334
92.442
93.255
95.421
96.139
95.154
94.967
95.556
95.229
93.380
93.569
94.759
94.973
95.407
96.223
96.241
96.054
95.699
95.412
94.711
93.790
92.481
92.252
91.118
90.622
91.445
91.601
91.859
93.273
95.040
94.374
92.485
91.178
90.826
87.621
91.205
91.418
94.631
94.896
94.144
94.993
95.303
95.460
95.946
96.164
95.323
94.582
93.252
91.098
90.018
89.641
91.101
88.909
92.791
94.441
95.454
95.935
95.646
95.798
95.630
95.392
92.657
