44.834
52.360
51.144
49.191
51.693
56.217
62.842
78.808
88.916
93.299
94.841
95.905
96.276
95.992
95.066
94.234
93.795
92.582
91.780
93.502
94.185
94.164
92.721
91.312
90.507
89.496
88.916
89.105
89.514
89.904
90.291
91.659
92.543
92.915
93.423
94.065
94.257
94.374
95.557
95.954
95.189
94.796
96.198
95.610
93.472
94.524
95.696
96.794
96.602
96.376
95.306
93.531
92.565
94.382
94.639
92.704
92.632
93.633
92.312
93.688
95.579
96.202
94.832
95.044
96.217
95.792
96.977
96.588
96.242
95.257
94.138
90.743
89.752
86.796
87.283
88.357
90.742
91.924
93.903
96.098
96.181
95.693
95.195
93.778
93.434
93.426
92.565
94.014
94.958
93.458
92.442
94.150
93.476
87.955
84.161
88.630
87.242
92.435
94.701
96.036
96.625
96.648
94.918
93.452
92.933
93.487
95.599
96.233
95.324
94.801
95.168
94.746
91.867
91.313
92.542
91.334
92.463
94.522
94.928
95.006
94.567
94.439
94.237
93.485
92.293
92.308
90.958
90.614
91.746
91.999
92.441
93.756
95.198
94.634
92.406
90.857
90.711
87.705
90.448
89.400
91.907
90.129
90.034
88.754
90.412
92.186
92.623
93.980
92.768
92.836
91.353
88.469
87.856
88.875
89.377
86.221
91.672
93.198
93.177
