87.374
90.350
90.658
91.563
91.006
89.194
88.349
91.826
90.610
88.332
88.901
86.251
88.506
88.745
86.427
86.012
84.901
83.963
87.332
90.648
91.745
93.439
91.015
91.684
87.764
87.682
85.347
84.718
84.391
87.217
87.700
89.547
92.706
92.375
93.214
91.427
89.864
86.357
83.555
83.002
85.921
86.802
82.630
83.532
85.822
81.904
75.955
70.519
72.991
72.766
79.141
83.284
86.215
89.037
88.414
85.522
85.205
84.307
87.508
88.610
88.295
87.412
86.058
84.523
84.636
78.622
78.628
81.661
80.563
83.832
86.329
88.172
89.462
88.981
90.777
89.467
89.744
87.794
85.577
82.949
81.391
80.855
81.618
81.228
84.081
86.180
86.270
85.633
85.906
82.659
83.347
81.327
80.710
85.721
83.734
85.072
82.400
83.781
87.705
90.936
92.726
90.894
91.626
90.213
88.282
87.639
86.037
85.998
88.356
90.296
90.638
90.737
90.614
87.030
87.141
85.762
85.097
81.885
79.118
74.176
61.890
55.909
54.506
56.799
53.039
52.933
50.054
50.199
43.836
40.934
43.128
36.846
33.321
31.426
33.188
29.861
34.824
29.740
34.393
33.879
34.479
31.961
33.486
37.108
35.847
31.645
31.302
34.241
31.837
26.460
34.446
33.011
32.103
28.241
33.895
32.535
31.878
30.166
35.388
