53.344
64.500
81.399
91.469
94.284
95.402
96.011
96.353
95.935
94.779
93.495
93.217
91.719
90.641
92.414
93.348
93.396
91.602
89.941
89.009
87.354
86.458
86.413
86.957
86.699
87.514
90.483
92.009
93.605
94.068
93.640
94.351
95.104
95.834
95.836
95.526
95.415
96.214
95.490
93.536
94.606
95.633
96.546
96.375
95.991
94.870
92.898
91.810
93.574
94.126
91.936
91.482
92.732
91.628
93.160
95.240
95.824
94.433
94.725
95.930
95.457
96.674
96.300
95.944
94.925
93.640
90.244
89.167
86.125
86.716
87.977
90.221
91.553
93.681
95.791
95.924
95.411
94.976
93.512
93.370
93.567
93.101
94.151
94.968
93.805
93.218
94.263
93.737
89.558
87.386
90.886
90.198
93.647
95.119
95.952
96.434
96.233
94.333
92.672
91.830
92.799
95.056
95.763
94.733
94.495
94.999
94.659
92.257
92.305
93.552
93.093
93.988
95.404
95.657
95.373
95.007
94.681
93.927
92.969
91.526
91.284
90.170
89.657
90.681
90.907
91.291
92.782
94.519
93.736
91.547
89.484
89.316
84.950
89.021
89.200
92.822
92.837
92.193
93.243
94.288
94.664
95.277
95.492
94.630
93.728
91.988
89.024
88.312
88.081
88.832
87.169
91.530
93.636
94.749
95.241
94.885
95.021
94.601
92.434
