37.182
45.002
40.996
45.205
42.205
44.251
45.980
47.348
45.720
48.786
47.700
53.010
45.816
43.947
45.187
45.886
43.161
43.943
43.740
43.417
43.530
43.155
44.791
41.669
42.846
40.228
40.072
40.641
38.962
42.420
40.577
40.182
40.359
42.765
42.420
47.275
55.227
71.027
84.419
89.811
90.716
92.071
92.130
89.336
85.415
83.082
79.969
72.640
71.844
70.070
71.750
66.539
64.331
66.686
61.926
62.567
68.092
73.491
70.203
72.480
78.834
79.486
83.046
84.780
86.793
88.175
89.593
90.622
92.120
92.611
91.533
90.805
93.065
92.612
90.684
92.181
94.475
95.550
95.716
94.493
92.700
90.521
88.241
89.729
91.571
88.824
86.514
88.491
87.839
90.180
93.371
93.909
92.928
93.133
94.441
94.731
95.778
95.938
95.147
93.978
92.534
88.778
88.008
84.576
85.499
86.146
88.683
89.505
92.068
94.789
95.231
94.675
94.402
92.830
92.364
92.300
91.175
92.813
94.248
91.706
90.920
92.659
91.819
84.664
79.423
83.821
81.199
87.549
92.352
93.859
94.734
93.570
89.625
86.333
85.141
89.002
92.479
91.790
91.829
92.662
92.856
90.538
86.803
86.974
86.377
84.084
87.084
87.876
88.654
86.873
86.360
82.433
80.938
76.918
72.751
66.468
59.661
57.631
46.130
