60.703
64.391
71.785
77.525
81.626
82.469
85.777
88.827
91.084
91.825
91.458
91.554
91.321
89.212
88.779
92.149
90.943
88.380
89.226
88.097
89.961
91.235
89.541
88.973
88.579
88.416
91.268
92.991
93.309
94.198
91.337
91.887
88.231
88.247
86.113
85.376
85.780
88.277
89.164
91.193
94.138
94.103
94.183
92.307
90.347
87.145
84.498
83.930
87.439
88.669
84.666
85.849
88.621
86.107
81.341
77.721
79.518
77.277
82.159
85.884
88.459
88.792
88.359
84.924
84.210
83.170
86.915
88.113
87.840
86.695
85.628
84.903
84.511
78.888
79.467
82.407
81.236
84.242
85.814
86.683
87.480
86.439
88.766
87.662
88.249
84.837
82.743
78.670
76.854
76.520
77.806
78.141
81.952
84.068
84.631
84.682
84.605
83.010
83.476
82.463
81.650
86.344
85.042
86.377
84.270
85.463
88.711
90.225
92.402
89.944
91.281
89.017
87.438
86.141
82.615
82.933
85.387
88.493
89.826
89.088
89.270
86.468
86.710
86.210
85.624
82.991
80.694
76.815
64.775
59.171
57.542
58.007
54.275
55.705
52.937
51.392
45.229
43.652
43.843
37.253
33.758
33.684
35.711
33.054
36.937
31.027
34.716
32.738
31.991
31.636
32.613
38.290
32.363
32.254
28.040
31.257
30.302
24.605
26.370
