33.610
37.281
36.707
37.995
36.201
35.136
36.044
32.174
34.452
31.893
32.797
29.601
33.859
32.976
33.666
35.826
33.705
37.482
36.580
37.666
41.093
42.553
42.220
47.487
45.992
52.809
43.697
41.560
41.988
45.323
40.034
41.255
41.910
41.485
39.777
40.326
40.033
37.955
37.049
35.539
35.616
34.718
32.536
36.537
30.266
38.350
35.746
37.842
38.517
45.071
51.639
66.757
77.570
83.815
85.812
87.023
86.441
82.962
79.060
74.646
73.536
66.825
64.800
57.578
61.620
58.711
59.469
63.809
62.087
61.614
68.165
71.740
70.998
73.666
78.575
80.422
83.551
84.443
84.759
85.533
87.305
88.302
88.911
89.662
87.914
86.152
89.564
89.658
88.424
90.048
92.764
93.834
94.196
92.685
90.805
88.793
85.576
86.897
89.469
85.863
83.437
85.168
84.327
87.287
91.546
91.946
91.389
91.549
92.744
93.908
94.622
95.247
94.324
92.873
91.359
87.767
87.548
84.048
85.192
85.281
87.716
88.678
91.177
94.030
94.729
93.973
93.594
91.629
90.488
90.369
89.389
91.769
92.756
89.569
90.028
92.108
90.581
84.108
77.974
81.011
76.831
83.769
88.619
90.733
91.793
90.142
85.854
82.224
80.906
85.777
89.113
87.503
88.183
88.674
87.511
83.084
72.768
74.702
57.388
