74.771
80.892
83.301
82.123
82.356
80.900
82.606
83.043
82.875
84.606
88.655
91.068
92.639
92.169
92.194
93.446
94.056
94.139
94.820
94.460
94.805
95.820
94.860
93.631
95.337
96.209
96.545
96.169
95.095
93.771
92.135
90.295
91.882
93.164
90.764
89.385
90.829
90.155
92.273
94.500
94.902
93.749
94.101
95.356
95.715
96.253
96.311
95.678
94.264
93.270
89.587
88.945
86.548
86.100
87.419
89.684
91.120
93.161
95.646
95.793
95.230
94.796
92.896
91.959
91.459
91.560
94.030
94.880
93.526
94.203
95.491
94.812
91.494
90.694
92.000
88.973
92.389
94.814
96.079
95.593
94.643
91.594
89.396
88.378
90.278
93.304
93.592
91.718
91.346
91.944
90.711
86.050
86.051
89.763
89.591
92.404
93.786
94.304
93.821
92.889
93.005
91.669
90.646
87.377
86.694
84.150
84.436
84.828
86.702
86.808
88.242
91.107
90.761
90.127
89.150
86.791
87.112
85.455
86.507
90.713
90.380
91.711
92.130
93.872
94.796
95.273
95.780
94.579
93.716
91.839
89.953
88.759
88.188
90.109
86.601
90.556
93.020
94.001
94.978
94.421
94.673
94.348
93.161
90.604
87.664
82.572
71.451
63.081
59.137
62.864
61.377
62.319
59.665
60.878
56.137
57.782
53.504
52.396
43.232
