57.925
70.114
78.842
80.221
82.073
83.217
83.532
85.832
87.566
89.309
87.543
86.469
85.496
81.892
82.661
80.440
80.523
80.756
82.757
81.106
83.962
88.964
88.977
89.327
88.995
87.072
84.929
82.174
82.589
86.859
87.971
82.768
85.878
88.254
84.474
79.278
75.328
78.494
78.092
80.446
84.213
86.984
87.541
82.115
75.018
77.525
81.399
84.377
86.266
87.322
86.739
84.436
83.131
83.257
77.354
77.892
81.800
80.705
85.803
89.366
90.845
91.917
91.133
92.213
91.261
90.810
89.372
86.004
83.926
82.180
82.337
84.110
82.692
85.290
87.247
86.817
85.697
84.596
78.330
79.756
73.380
75.243
82.616
81.808
86.477
84.594
89.557
92.336
94.307
94.273
93.291
92.208
90.640
88.131
86.490
86.550
85.995
88.322
91.194
92.052
92.969
93.280
91.884
92.281
89.737
86.348
82.007
77.520
67.778
54.081
46.776
40.207
36.169
33.015
33.349
35.334
35.460
37.104
38.297
37.413
38.176
36.162
36.622
37.086
38.218
39.566
38.922
39.765
40.508
38.934
38.091
40.245
41.686
41.322
43.754
45.887
48.170
46.392
47.749
50.484
49.394
47.221
46.132
45.763
45.332
49.208
47.132
39.482
39.733
35.747
36.917
37.342
32.847
37.453
29.797
28.585
28.888
30.417
25.240
