96.045
96.684
96.141
95.195
94.056
93.835
92.592
91.230
92.959
93.893
93.634
91.942
90.410
89.183
87.599
87.413
87.577
88.309
88.140
88.283
91.822
92.834
94.150
94.526
94.056
94.622
95.311
95.997
95.878
95.505
95.953
96.813
95.707
94.460
96.222
96.935
97.156
96.859
95.952
94.752
92.840
91.733
93.526
94.130
91.924
91.503
92.787
91.579
93.205
95.164
95.702
94.367
94.724
96.028
96.105
96.731
96.632
95.976
94.962
93.685
90.073
89.122
86.097
86.117
87.696
90.018
91.295
93.612
95.816
96.027
95.467
95.239
93.720
93.803
94.588
95.087
95.526
96.158
96.059
96.130
96.438
96.165
93.581
93.644
94.672
92.715
94.869
96.366
97.204
96.773
96.237
93.998
92.411
91.659
92.537
95.018
95.810
94.571
94.562
95.462
94.624
91.769
92.343
94.257
94.228
95.107
95.767
96.131
95.943
95.589
95.417
94.708
93.656
92.222
91.952
90.996
90.220
91.254
91.277
91.629
93.179
95.003
94.043
92.258
91.133
89.649
87.993
88.137
89.654
92.917
92.252
92.941
93.683
94.783
95.211
95.720
96.005
95.153
94.323
92.964
90.713
89.643
88.959
90.999
88.577
92.671
94.283
95.299
95.856
95.565
95.527
95.442
94.824
93.859
91.983
88.146
76.770
63.605
51.143
