46.632
53.081
52.880
59.008
61.793
69.752
74.062
74.221
77.784
81.125
79.772
79.363
82.822
80.794
83.556
84.361
86.423
86.605
87.045
87.616
88.618
88.406
87.108
85.087
86.863
88.652
88.124
88.282
89.647
90.061
89.013
85.232
80.500
78.861
80.788
84.907
86.127
88.650
89.214
88.141
88.561
88.990
85.420
85.919
88.839
89.427
91.143
91.788
92.257
92.315
91.151
91.726
90.608
89.683
88.933
84.591
82.644
80.915
81.383
83.746
83.287
86.176
87.958
88.353
87.518
88.031
84.580
85.406
83.034
83.886
88.936
89.211
89.996
91.324
92.774
92.927
94.292
94.121
92.942
91.840
89.930
88.440
85.369
86.883
85.424
87.417
90.771
91.415
92.622
93.141
92.480
93.070
92.817
91.845
90.890
87.738
81.743
68.577
60.780
57.486
49.619
48.835
43.635
47.788
40.260
42.818
39.943
37.559
41.040
36.205
41.562
40.393
36.733
41.740
42.322
39.855
43.916
42.016
46.508
46.039
46.055
48.193
52.406
54.984
57.830
59.466
62.241
62.664
61.549
63.513
60.916
60.827
55.799
60.808
66.715
65.969
66.741
67.978
64.632
67.251
69.462
67.103
63.861
63.816
62.798
60.596
56.837
52.288
48.255
46.558
50.914
50.533
50.215
53.770
51.410
54.130
58.813
63.287
56.362
