38.769
39.491
43.970
48.630
59.773
69.982
70.907
72.555
75.849
78.116
80.842
82.635
84.688
83.441
82.496
81.961
79.644
79.865
77.929
78.451
77.827
79.894
77.590
80.160
85.017
85.642
86.695
86.063
84.469
80.894
78.524
78.822
82.169
82.318
78.222
80.097
82.157
78.003
72.958
67.345
71.547
71.241
74.954
78.724
80.659
81.354
76.772
68.960
72.156
74.426
79.323
80.696
82.448
82.653
80.860
80.285
81.547
77.198
76.488
79.992
78.937
82.382
84.436
84.123
85.932
84.028
86.711
84.773
85.442
82.432
78.435
73.461
71.381
73.605
73.658
74.583
78.908
81.297
82.610
83.048
84.767
82.857
83.637
80.934
81.198
85.861
83.796
85.894
82.910
84.942
88.348
90.535
91.613
89.554
90.244
87.344
85.032
84.239
81.831
81.574
83.328
86.397
87.245
87.468
87.117
85.395
85.786
85.559
84.984
82.050
79.926
75.105
61.571
55.132
54.688
55.070
51.346
52.009
50.887
49.271
43.135
41.614
42.935
38.873
32.582
31.812
33.894
31.246
34.197
32.605
35.631
36.134
34.527
32.945
34.465
38.388
34.841
34.392
32.018
31.584
30.491
25.237
32.015
31.458
31.689
30.295
35.388
34.740
34.260
41.048
38.217
42.587
40.808
35.703
29.193
31.479
31.268
27.995
22.886
