42.956
49.705
50.153
55.808
62.380
78.851
89.019
93.247
94.744
95.671
96.069
95.756
94.614
93.267
93.025
91.684
90.827
92.656
93.456
93.441
91.739
90.206
89.362
88.007
86.977
86.992
87.077
86.967
87.384
90.209
91.678
92.987
93.483
93.529
94.056
94.514
95.573
95.710
95.146
94.826
96.030
95.350
93.154
94.325
95.417
96.576
96.393
96.131
94.994
93.092
91.993
93.766
94.283
92.095
91.691
92.937
91.786
93.263
95.350
95.943
94.547
94.733
95.944
95.446
96.750
96.357
96.053
94.973
93.819
90.418
89.332
86.409
86.915
88.081
90.354
91.616
93.697
95.882
95.944
95.507
94.939
93.478
93.095
93.109
92.101
93.667
94.714
93.266
92.167
93.806
93.154
87.845
84.536
88.757
87.599
92.376
94.553
95.765
96.394
96.326
94.434
92.764
92.116
92.988
95.173
95.852
94.906
94.434
94.853
94.402
91.476
91.117
92.557
91.475
92.555
94.407
94.921
94.928
94.616
94.399
93.782
92.785
91.260
91.103
90.161
89.704
90.845
91.107
91.588
93.014
94.669
94.002
91.781
89.847
90.021
86.333
89.686
88.710
91.730
90.488
90.240
89.904
91.833
93.283
94.221
95.090
94.181
93.411
91.406
88.235
88.048
87.828
87.759
86.844
90.794
93.114
94.386
94.535
92.797
