48.631
52.287
50.775
52.433
56.597
63.423
79.177
89.203
93.385
94.796
95.791
96.118
95.837
94.762
93.612
93.319
92.121
91.337
93.140
93.901
93.882
92.308
90.863
90.097
89.106
88.346
88.204
88.412
88.261
88.197
90.756
91.959
92.781
93.257
93.710
93.950
94.163
95.466
95.841
95.099
94.745
96.120
95.450
93.329
94.434
95.626
96.704
96.537
96.297
95.236
93.411
92.423
94.215
94.550
92.544
92.337
93.411
92.146
93.580
95.498
96.092
94.694
94.857
96.102
95.684
96.899
96.514
96.178
95.189
94.029
90.601
89.592
86.656
87.120
88.249
90.604
91.768
93.805
96.016
96.106
95.622
95.128
93.691
93.408
93.412
92.575
94.014
94.925
93.489
92.493
94.110
93.414
88.057
84.482
88.861
87.621
92.454
94.690
95.923
96.542
96.515
94.731
93.165
92.652
93.342
95.479
96.111
95.211
94.745
95.116
94.704
91.935
91.411
92.632
91.528
92.470
94.381
94.817
94.865
94.450
94.348
93.955
93.042
91.633
91.669
90.547
90.204
91.337
91.697
92.170
93.502
94.999
94.427
92.253
90.503
90.607
87.140
90.265
89.312
91.812
90.152
89.831
88.670
90.558
92.182
93.282
94.274
93.402
92.931
91.386
88.306
87.672
88.121
87.944
85.642
91.056
93.012
94.081
93.317
