61.180
62.996
53.852
71.732
76.073
81.968
80.798
84.185
84.416
83.025
85.480
86.870
87.423
81.965
82.877
86.551
84.479
85.965
87.476
87.597
88.863
88.344
76.778
73.434
76.429
81.254
87.096
87.474
89.371
90.276
88.909
89.091
90.680
87.643
86.610
89.669
90.566
92.354
92.652
93.295
93.870
93.912
94.257
93.733
93.755
93.146
91.212
90.267
88.620
87.583
88.955
86.514
90.269
90.362
90.477
90.016
89.828
87.531
87.050
85.282
86.618
91.072
90.194
90.808
91.565
93.118
93.636
95.312
95.358
94.554
93.331
92.960
91.572
90.826
91.015
90.528
91.594
93.380
93.730
94.803
94.862
93.703
94.170
93.410
92.969
91.715
88.952
83.494
80.026
80.484
85.451
87.168
89.211
88.061
87.049
86.138
86.912
85.232
86.049
86.499
85.860
83.524
82.147
82.988
80.773
73.990
78.832
81.447
85.475
86.226
87.147
87.323
89.139
88.994
89.211
89.522
90.347
91.214
90.814
91.254
91.568
91.016
90.528
89.881
87.981
86.187
87.145
90.257
89.328
88.459
86.801
82.910
82.955
84.959
85.113
81.942
83.074
83.856
81.421
83.497
85.850
87.424
88.412
87.573
88.532
86.189
86.587
86.946
84.898
84.824
82.252
76.273
67.731
61.049
55.750
53.617
49.279
47.180
45.509
