24.463
40.184
57.039
74.411
75.546
79.374
77.493
74.451
79.010
81.005
81.928
73.298
77.360
83.272
77.597
83.733
84.989
81.988
82.699
84.689
62.638
65.358
68.261
76.680
85.072
83.898
87.038
88.929
86.952
86.208
89.741
86.776
84.982
88.438
89.857
91.636
91.891
92.436
93.452
93.490
94.090
93.513
93.757
93.140
91.150
90.174
88.548
86.797
88.606
85.156
90.176
89.665
89.753
89.825
89.538
87.409
86.849
84.942
86.543
90.850
90.197
90.665
91.388
92.843
93.425
95.245
95.337
94.443
93.428
92.872
91.635
90.924
91.164
90.270
91.779
93.280
93.696
94.650
94.685
93.214
93.869
92.948
92.499
91.260
88.485
82.679
78.510
76.926
83.518
83.384
87.643
87.152
86.673
85.839
86.901
85.333
86.066
85.785
85.637
82.471
81.360
82.488
79.213
72.048
77.992
81.326
85.335
86.126
87.458
87.557
89.491
89.279
89.353
89.563
90.443
91.037
90.395
90.673
91.220
89.971
88.504
88.517
85.810
83.653
83.973
87.723
84.641
86.386
85.233
81.676
81.852
84.474
84.081
81.341
82.929
83.886
80.855
82.598
83.772
85.402
86.589
84.616
85.811
81.590
82.176
82.810
81.583
80.454
79.500
71.955
66.394
62.253
56.729
54.142
54.311
50.460
52.386
54.476
42.521
