79.183
85.441
83.983
82.736
82.068
79.933
81.349
78.327
78.335
78.955
81.073
81.049
85.522
88.581
86.672
87.099
87.153
85.389
85.447
85.050
86.378
87.745
87.838
87.018
88.581
88.150
86.257
83.524
84.122
86.629
85.892
86.279
87.938
87.715
87.784
82.475
78.091
76.267
77.843
83.419
84.783
87.541
88.394
87.528
87.988
89.377
86.009
85.843
89.032
89.730
91.220
92.003
91.782
92.370
91.113
91.917
90.570
90.218
88.790
84.650
81.094
80.326
80.646
83.061
81.675
85.270
87.344
87.967
88.160
88.547
86.414
87.111
85.265
86.161
90.406
90.603
91.001
91.706
93.075
93.511
94.745
94.450
92.923
92.640
90.941
88.648
86.810
86.889
84.818
88.087
90.974
92.023
92.683
93.559
92.578
93.403
93.027
92.343
91.415
88.744
83.382
69.863
61.793
60.371
51.195
48.084
43.544
45.012
38.524
40.100
41.238
37.778
37.904
36.060
40.581
39.022
34.333
39.834
40.783
40.050
45.028
41.925
47.346
46.432
46.688
50.392
53.313
53.741
55.797
58.960
60.678
60.719
59.559
61.717
57.229
57.252
49.951
55.177
60.912
60.950
59.914
61.640
61.556
64.525
68.277
65.015
62.433
64.802
63.786
59.810
56.236
56.430
58.886
54.390
55.277
54.198
55.260
43.768
37.191
