42.821
44.815
43.210
40.209
39.080
39.632
36.654
39.947
39.843
40.230
37.741
40.631
40.612
38.417
39.919
40.221
39.669
42.312
39.321
39.934
40.534
40.669
42.333
48.002
56.226
72.527
85.123
89.930
91.892
93.542
94.824
94.121
92.548
91.541
90.944
89.386
88.948
90.888
92.349
92.377
90.906
89.961
88.322
87.385
86.477
87.042
87.927
88.563
88.737
88.573
90.463
90.418
91.917
92.837
93.531
94.193
95.004
95.127
94.316
93.473
95.120
94.253
91.774
92.941
94.727
96.258
96.165
95.858
94.682
92.867
91.708
93.418
93.938
91.719
91.288
92.507
91.103
92.766
94.769
95.488
94.003
93.995
95.410
95.122
96.367
96.196
95.806
94.741
93.609
89.916
89.085
86.323
86.741
87.396
89.963
90.647
93.132
95.523
95.681
95.146
94.663
93.174
92.042
91.352
89.485
92.093
93.804
90.909
89.598
92.243
91.565
84.276
79.987
84.684
82.056
88.902
92.759
94.878
95.639
95.815
93.227
91.678
90.877
92.083
94.472
94.562
93.372
92.808
92.932
91.318
86.007
86.308
87.447
85.292
87.434
89.907
91.558
91.856
91.758
90.181
90.188
89.456
88.935
89.660
89.634
88.317
89.971
90.306
90.771
91.934
92.850
91.122
87.081
81.955
79.248
71.035
72.494
71.697
63.006
