69.443
81.302
87.442
87.534
85.876
84.853
81.833
83.616
79.113
79.099
81.351
82.575
83.567
84.844
89.235
86.896
88.968
88.415
87.492
87.313
86.518
87.838
89.028
89.206
88.120
89.367
88.207
86.590
83.392
84.793
85.708
85.047
86.436
88.582
88.491
88.768
83.421
77.541
76.375
79.381
84.582
85.496
88.109
88.967
88.329
88.910
90.070
86.165
86.100
89.487
89.839
91.555
92.443
91.991
92.885
91.517
92.414
91.249
91.162
89.585
85.560
81.990
81.385
81.288
83.926
82.242
85.874
88.288
88.287
88.603
88.980
86.894
87.135
84.914
85.968
90.217
90.726
91.264
91.658
92.999
93.957
94.980
94.993
93.478
93.873
92.295
90.161
89.376
87.960
86.433
89.413
91.940
93.176
93.372
94.148
93.190
93.579
93.091
92.269
91.489
88.752
83.516
70.125
62.218
58.688
51.330
45.228
41.501
42.141
36.950
38.636
37.612
36.574
39.412
35.391
40.154
38.036
34.646
39.674
41.611
40.982
44.741
41.822
48.556
46.396
46.269
47.995
50.878
51.504
55.985
58.823
59.962
61.243
61.365
62.700
57.635
58.736
52.124
55.713
62.742
61.349
59.234
62.274
61.015
63.494
68.235
64.587
62.244
64.933
64.424
60.188
56.238
56.618
58.945
55.536
59.358
55.470
60.137
42.751
