81.357
86.081
86.851
79.361
87.397
88.351
89.004
83.983
84.622
88.733
87.138
87.414
90.077
90.496
91.978
91.180
84.097
80.763
81.870
86.036
90.432
90.825
92.415
92.015
91.385
91.990
92.098
89.297
89.597
91.250
91.837
93.421
93.945
94.500
94.884
94.876
94.950
94.453
94.240
93.347
91.706
90.848
89.237
88.598
89.427
87.916
90.971
91.766
91.646
91.052
90.912
88.382
88.135
86.016
87.636
92.132
90.966
91.981
92.628
94.298
94.738
95.970
95.965
95.260
93.995
93.600
92.231
91.368
91.530
91.704
91.643
94.061
94.371
95.357
95.609
95.133
95.186
94.676
94.206
92.700
90.203
84.735
81.538
83.564
87.351
89.906
91.014
89.654
88.622
87.826
88.034
86.871
88.166
88.031
87.303
85.686
84.345
84.270
82.916
77.069
80.315
83.073
86.608
87.395
88.574
88.481
89.929
90.015
90.390
90.563
91.407
92.341
92.227
92.555
92.866
92.473
92.478
91.501
89.607
89.245
90.189
93.450
93.166
92.860
91.825
89.795
88.228
89.222
90.768
88.228
86.945
87.850
87.538
89.525
91.735
91.606
90.647
90.161
92.114
91.492
92.993
93.806
93.301
92.385
91.833
89.496
88.463
85.862
85.061
84.465
85.362
88.020
88.224
92.560
91.761
90.227
90.339
85.616
81.758
