82.930
85.663
88.342
86.731
85.397
89.508
89.044
87.340
88.523
91.155
93.519
93.396
93.318
92.749
91.978
90.202
90.165
93.079
91.507
89.438
90.679
89.398
91.302
93.281
92.527
91.952
92.019
91.437
92.894
94.305
94.319
94.846
92.360
92.529
88.939
88.598
86.480
85.707
86.055
88.767
89.686
91.895
94.711
94.657
94.570
93.141
91.465
88.357
85.574
84.813
88.989
89.578
85.207
86.960
89.552
87.158
81.517
77.671
79.778
76.610
82.725
87.254
90.554
91.471
91.530
88.071
87.251
85.747
88.291
89.952
89.445
87.935
86.822
86.024
85.140
78.907
79.516
82.638
81.427
84.854
88.578
89.428
89.460
88.740
90.448
89.802
89.640
86.957
84.265
82.134
79.456
78.556
80.165
80.431
83.739
86.247
85.906
86.474
86.097
83.700
84.815
83.250
81.497
86.687
85.529
87.622
85.243
86.974
90.091
91.960
92.968
91.584
92.175
89.718
87.491
87.169
85.219
85.401
86.835
90.221
91.440
91.010
91.334
88.675
88.837
87.571
86.765
83.410
80.348
76.046
63.596
56.948
52.756
55.568
51.243
51.135
49.487
48.767
42.877
41.678
38.495
35.982
34.845
35.551
29.087
28.831
30.916
28.260
32.454
32.896
34.362
33.087
38.138
37.517
36.298
37.230
31.316
34.926
27.265
