74.442
79.974
77.977
79.017
76.293
80.562
79.722
79.897
83.925
87.896
90.586
92.265
91.929
92.021
93.244
93.897
94.133
94.681
94.328
94.645
95.706
94.807
93.494
95.123
96.088
96.462
96.084
95.025
93.678
91.903
90.115
91.606
93.035
90.542
88.973
90.469
90.046
92.044
94.453
94.838
93.814
94.220
95.354
95.665
96.337
96.229
95.645
94.083
93.156
89.638
88.978
86.042
86.235
87.375
89.537
90.761
92.944
95.601
95.855
95.247
94.662
92.642
91.680
90.994
90.767
93.494
94.539
93.178
93.667
95.145
94.295
90.843
90.107
91.067
88.510
92.241
94.792
96.094
95.497
94.499
91.087
88.774
87.602
89.756
92.838
93.069
91.398
90.971
91.704
90.637
85.683
85.478
89.741
89.944
92.622
93.815
94.149
93.502
92.434
92.570
91.022
90.211
86.725
85.555
82.579
82.457
82.036
83.898
83.925
85.697
89.717
90.018
89.842
88.956
87.203
87.461
86.384
87.233
91.055
90.867
91.934
92.049
93.729
94.695
95.152
95.553
94.308
93.586
91.442
89.598
88.428
88.188
89.646
86.501
90.099
92.654
93.755
94.809
94.219
94.625
94.232
93.340
90.865
87.851
83.704
73.756
67.018
63.307
66.317
65.086
64.788
62.104
62.607
54.195
55.354
53.650
51.763
43.819
37.949
