50.462
68.187
85.171
86.251
88.088
86.722
85.103
82.930
82.202
79.313
82.093
81.262
80.990
84.428
87.085
90.134
91.895
91.562
91.806
93.093
93.773
94.082
94.635
94.395
94.796
95.888
94.964
93.945
95.659
96.535
96.725
96.449
95.422
94.161
92.303
90.774
92.291
93.391
91.112
89.773
91.112
90.604
92.408
94.706
95.029
93.920
94.350
95.539
95.889
96.487
96.507
95.831
94.674
93.590
90.107
89.287
86.434
86.671
87.840
90.115
91.341
93.378
95.792
96.006
95.404
95.150
93.472
93.216
93.278
93.795
95.117
95.677
94.912
95.488
96.112
95.535
92.933
92.344
93.237
90.395
93.254
95.364
96.403
95.835
94.912
91.922
90.008
89.167
91.219
93.985
94.066
92.695
92.777
93.288
91.844
87.923
87.889
91.146
91.090
93.089
93.799
93.976
93.110
91.829
91.481
89.583
87.964
84.406
83.542
82.878
83.955
85.270
86.641
87.638
89.412
91.591
90.400
89.167
88.405
86.825
86.840
86.320
87.391
90.938
90.989
91.969
92.456
93.890
94.361
94.917
95.098
93.899
93.141
90.843
89.088
88.578
87.869
88.839
85.635
88.861
91.365
92.684
93.677
93.629
93.992
94.231
93.230
91.367
88.435
84.411
74.293
66.243
63.207
68.178
65.403
68.233
65.760
69.386
59.780
