91.437
92.211
92.689
91.980
90.410
90.248
92.896
91.572
89.992
90.446
88.246
89.982
91.315
89.318
88.441
87.683
87.291
89.837
92.813
93.228
94.382
92.167
92.585
88.993
88.689
86.253
85.674
85.639
88.318
88.990
90.633
93.721
93.666
94.067
92.386
90.956
87.547
84.685
84.009
87.031
87.715
84.064
84.566
86.968
83.538
78.479
72.902
76.637
75.345
81.873
85.989
88.548
91.192
90.709
87.422
86.914
86.262
88.963
90.156
89.909
88.626
87.061
85.730
85.750
79.452
79.735
82.550
81.332
85.100
88.227
90.351
91.374
90.917
91.777
90.845
90.615
88.700
86.602
84.275
83.187
82.229
83.190
83.176
85.601
87.942
87.642
87.003
86.940
83.170
84.311
81.695
81.142
86.266
84.044
86.390
83.103
85.465
89.659
92.489
93.719
92.115
92.547
91.320
89.202
88.963
87.406
87.400
89.561
91.231
91.684
91.965
92.085
89.283
89.091
87.394
86.154
82.353
79.840
74.607
62.500
57.347
55.138
57.589
53.464
53.958
52.214
51.443
45.731
43.448
44.894
39.817
34.275
32.815
33.758
32.278
36.637
33.662
38.517
36.447
37.079
37.133
39.715
37.709
36.982
34.995
32.189
36.595
32.599
26.262
34.352
34.166
33.044
29.621
34.848
34.775
34.204
34.305
35.589
30.510
