94.221
95.181
94.461
93.618
93.331
91.964
90.846
92.446
93.398
93.053
91.262
89.906
88.566
86.654
86.196
86.876
88.002
87.578
87.937
91.432
92.576
93.953
94.157
93.753
94.417
95.009
95.551
95.601
95.175
95.557
96.467
95.512
94.314
95.915
96.653
96.884
96.570
95.576
94.396
92.496
91.181
92.857
93.750
91.342
90.699
92.136
90.991
92.643
94.909
95.408
94.235
94.568
95.767
95.973
96.495
96.442
95.789
94.660
93.430
89.826
88.686
85.692
85.606
87.345
89.501
90.793
93.282
95.622
95.865
95.297
95.041
93.487
93.499
94.115
94.685
95.325
95.843
95.643
95.923
96.226
95.692
92.931
93.131
94.030
91.806
94.022
95.795
96.679
96.354
95.725
93.223
91.374
90.848
91.948
94.438
95.039
93.760
93.762
94.592
93.355
89.992
90.659
92.858
92.792
94.047
94.949
95.421
95.303
95.131
95.043
94.382
93.385
92.069
91.724
90.843
89.822
90.843
90.813
90.972
92.539
94.231
92.867
90.964
89.217
87.588
86.370
86.388
87.762
91.665
91.100
92.195
93.047
94.402
94.953
95.549
95.922
95.080
94.118
92.868
90.538
89.394
88.796
90.975
88.571
92.585
94.148
95.139
95.602
95.163
95.052
94.890
93.989
92.677
90.096
85.515
72.779
63.392
53.749
54.755
