93.295
93.518
93.491
93.131
91.725
90.858
92.300
93.335
92.840
91.271
90.087
88.820
87.166
86.730
87.242
88.660
88.564
87.651
91.347
92.220
93.646
93.773
93.336
94.048
94.666
94.828
95.133
94.717
94.868
95.753
94.739
93.579
95.266
96.047
96.510
96.184
95.317
93.991
92.368
91.012
92.613
93.438
91.343
90.724
91.939
90.666
92.588
94.457
94.847
93.677
94.123
95.221
95.432
96.033
96.160
95.590
94.302
93.260
89.542
88.847
86.468
85.713
87.442
89.511
91.403
93.231
95.458
95.676
95.093
94.852
93.271
93.048
93.440
94.175
95.042
95.426
95.320
95.561
95.854
95.271
92.703
92.783
93.721
90.888
93.234
95.221
96.095
95.864
95.328
93.000
90.893
90.350
91.877
94.155
94.629
93.573
93.466
94.150
93.222
89.831
90.444
92.568
92.135
93.426
94.406
94.874
95.055
94.943
94.949
94.350
93.562
92.157
92.121
90.871
90.214
91.127
91.373
91.021
92.466
93.923
92.776
91.067
89.840
88.006
87.138
86.768
87.858
91.633
91.244
92.180
93.106
94.368
94.978
95.653
96.172
95.244
94.306
92.867
90.838
89.245
88.983
91.079
88.098
92.625
94.224
95.089
95.510
94.961
94.939
94.692
93.736
92.587
90.310
85.430
73.307
63.969
55.212
47.861
48.866
