59.476
63.708
67.301
76.870
84.078
86.995
88.927
88.708
89.033
90.350
91.512
91.488
92.283
91.375
91.518
92.463
91.463
90.704
91.889
93.260
94.501
94.375
93.373
92.115
90.539
88.497
89.598
91.585
89.647
86.896
88.647
87.263
90.273
91.843
91.847
91.197
91.823
92.730
93.097
93.792
94.569
94.195
92.000
91.449
86.957
87.104
84.211
83.940
83.557
86.034
87.583
89.954
93.572
93.846
93.444
92.646
90.237
88.584
87.538
87.383
90.772
92.041
89.599
90.381
92.626
91.420
87.304
83.513
88.136
83.664
87.894
91.382
93.183
93.105
92.348
88.962
86.614
85.143
87.975
90.875
90.039
88.806
88.376
88.533
87.283
82.902
82.852
86.009
86.042
89.006
90.173
91.198
90.723
89.207
89.924
87.765
86.654
83.852
79.732
76.775
73.757
73.793
75.508
78.347
81.866
85.797
86.974
85.510
86.347
83.986
83.716
82.758
84.039
88.322
87.714
88.558
89.295
91.178
92.220
93.357
93.674
92.349
90.600
88.223
87.319
85.396
85.209
86.617
83.962
86.658
89.237
91.378
92.371
90.913
92.003
91.657
90.351
87.675
85.334
79.217
67.454
59.137
57.480
58.638
54.985
57.616
56.365
56.625
49.008
52.177
52.347
47.159
36.977
46.490
50.523
45.340
44.885
46.702
44.814
