62.092
82.574
84.478
83.804
87.373
86.233
87.065
89.120
87.942
88.884
89.713
91.329
91.450
91.703
92.691
92.712
92.582
90.667
88.997
92.401
92.265
91.164
93.323
93.941
94.396
93.423
88.584
69.451
82.535
87.479
90.283
92.182
93.993
93.108
92.569
93.614
93.562
90.666
91.276
93.228
93.626
94.923
95.401
95.568
95.705
95.429
95.545
95.235
94.675
93.743
92.502
91.677
90.362
89.160
89.501
89.116
91.580
92.786
92.824
91.946
91.742
89.625
89.521
86.788
88.915
93.496
92.514
93.511
94.250
95.502
95.815
96.574
96.549
95.807
94.848
94.298
92.674
92.327
91.638
92.310
92.563
94.789
95.131
95.909
96.292
96.236
96.011
95.725
95.463
94.278
92.401
87.554
82.797
84.051
87.410
91.083
90.863
88.727
87.835
87.567
87.417
86.878
87.582
87.994
85.898
84.850
80.241
80.934
74.516
70.852
76.097
80.382
82.562
83.596
84.576
85.237
85.921
88.158
88.248
87.949
89.916
91.717
91.342
91.958
92.914
92.612
92.900
92.556
90.377
89.911
90.143
93.055
92.160
90.974
89.208
86.922
85.371
86.480
87.937
85.555
83.900
85.005
84.943
86.748
90.169
90.713
91.051
90.667
91.913
91.192
91.363
91.505
89.784
89.634
87.455
82.301
74.716
65.525
58.667
