30.847
32.579
32.010
32.984
33.831
34.882
35.937
34.893
33.023
35.734
35.659
37.939
37.359
39.510
40.196
44.445
41.868
48.152
46.777
52.432
44.356
42.851
42.453
45.102
41.421
42.267
41.904
41.306
41.455
42.039
43.584
39.568
40.250
38.356
39.190
38.257
36.647
40.056
38.464
37.739
37.885
40.627
40.571
45.210
52.637
68.802
82.655
87.862
88.821
90.727
92.122
90.600
88.145
86.292
83.598
78.679
80.659
80.515
84.229
83.266
80.680
82.168
80.196
78.562
81.307
81.996
81.194
82.963
85.819
85.459
88.050
87.938
89.353
90.585
91.028
90.947
92.390
92.544
90.546
89.320
92.372
91.672
89.942
91.610
94.324
95.805
95.996
95.376
93.937
91.980
90.411
92.156
93.117
90.933
90.091
91.395
90.171
91.836
94.314
94.873
93.483
93.263
94.683
95.032
96.217
96.254
95.688
94.629
93.330
89.528
88.839
85.174
86.256
86.891
89.530
90.288
92.748
95.303
95.619
95.043
94.754
93.227
92.476
92.205
91.126
92.840
94.383
91.387
90.950
92.751
91.796
84.578
79.062
82.889
79.915
86.017
91.283
93.186
94.772
94.378
91.695
89.877
88.157
90.911
93.635
92.681
92.827
92.875
92.400
89.503
85.469
85.560
84.645
80.704
85.071
85.869
87.238
87.383
86.381
