45.391
47.888
48.335
48.235
46.015
43.932
44.884
41.889
42.276
42.296
42.308
44.244
51.371
60.049
77.823
87.820
92.495
94.210
95.567
95.953
95.512
93.983
93.533
92.784
91.899
91.518
93.084
93.822
93.663
92.161
90.951
89.476
88.362
87.043
87.804
88.716
88.489
88.286
88.618
89.291
89.281
91.558
92.519
92.461
92.891
94.810
95.357
94.312
93.971
95.872
95.280
93.069
94.109
95.516
96.725
96.587
96.256
95.128
93.350
92.281
93.977
94.359
92.217
91.806
93.098
91.731
93.295
95.423
95.989
94.690
94.829
96.025
95.736
96.831
96.574
96.158
95.252
94.159
90.756
89.840
87.024
87.375
88.254
90.621
91.737
93.863
95.997
96.165
95.602
95.227
93.861
93.304
93.135
91.966
93.832
94.802
92.915
91.986
93.910
93.042
86.939
83.123
87.430
85.438
91.422
94.151
95.763
96.499
96.474
94.470
93.032
92.593
93.326
95.479
96.079
95.309
94.770
95.003
94.382
91.200
90.541
91.578
90.070
91.275
93.608
94.122
94.070
93.051
92.576
91.615
90.148
89.726
90.876
90.684
90.134
91.450
91.596
92.157
93.451
94.976
94.401
92.204
90.556
90.007
87.314
89.371
87.654
90.298
87.728
87.983
86.961
88.056
89.511
89.227
89.974
87.277
82.276
71.954
61.940
