36.761
42.336
34.652
36.837
37.711
35.867
36.550
38.198
37.846
41.402
38.928
41.383
41.851
39.848
42.792
42.427
47.880
45.067
51.579
49.388
54.422
45.086
43.006
42.977
45.474
41.438
42.426
42.079
41.698
41.815
41.672
42.862
38.606
39.342
37.341
37.384
37.417
35.469
40.152
37.786
37.822
37.426
39.122
37.831
44.284
52.664
67.460
82.602
87.416
88.784
90.136
90.376
88.206
85.311
83.471
82.648
77.852
79.932
79.053
83.246
80.861
79.403
81.790
79.720
78.105
80.839
81.687
80.782
81.613
84.775
84.815
86.996
87.484
87.970
89.348
90.213
90.286
91.348
91.812
90.024
88.103
91.619
91.274
89.478
91.170
93.838
95.181
95.532
94.765
93.361
91.451
89.729
91.317
92.595
90.325
89.532
90.524
89.493
90.963
93.575
94.106
92.699
92.562
94.008
94.571
95.642
95.904
95.297
94.181
92.754
88.846
88.278
84.596
85.694
86.227
88.929
89.510
91.970
94.814
95.230
94.671
94.364
92.822
91.985
91.723
90.642
92.435
93.972
91.078
90.560
92.382
91.401
84.527
78.980
82.591
80.006
85.596
90.956
92.816
94.179
93.422
90.701
88.655
87.098
90.180
92.848
91.759
92.061
92.219
91.826
89.046
85.458
85.387
84.456
81.633
85.201
84.901
85.579
77.610
