28.582
34.555
32.747
34.414
35.637
33.208
34.531
31.161
33.700
31.084
31.105
32.217
29.735
29.216
32.465
31.921
32.339
34.375
33.674
37.288
36.086
38.747
39.393
43.983
42.619
46.782
46.642
53.485
45.644
44.585
44.341
45.878
42.408
43.959
43.299
41.423
41.558
41.469
42.035
38.156
38.295
37.075
35.771
35.717
33.737
37.195
31.729
37.954
36.785
37.590
37.822
45.510
50.981
68.111
78.511
83.682
86.297
87.675
87.173
83.886
80.674
77.219
76.315
70.471
69.772
63.784
67.713
64.594
63.425
69.187
68.221
67.366
71.835
74.812
73.528
76.153
80.127
81.894
84.824
85.118
85.701
86.854
87.989
88.585
89.556
90.176
88.354
86.564
90.189
90.065
88.772
90.380
93.108
94.106
94.349
92.991
91.171
89.185
86.555
88.010
90.188
86.984
85.201
86.730
85.772
88.356
92.093
92.574
91.772
91.786
93.025
93.974
94.780
95.340
94.400
92.773
91.469
87.512
87.045
83.403
84.640
84.869
87.583
88.265
91.039
93.961
94.683
93.935
93.582
91.708
90.881
90.418
89.995
92.108
92.904
89.828
90.638
92.347
90.753
84.858
78.693
81.341
76.861
83.808
88.589
91.135
91.952
90.652
86.224
82.472
80.683
85.576
88.838
87.337
87.977
87.993
85.430
79.912
58.475
