46.977
52.549
57.297
58.937
68.497
76.534
78.613
79.987
83.146
83.075
83.564
86.304
85.405
88.112
90.095
91.621
90.703
91.680
93.251
92.983
92.202
91.322
89.670
92.802
93.001
91.539
93.806
94.440
94.706
93.815
91.409
71.235
82.680
87.651
90.059
91.963
94.286
93.387
92.800
93.978
93.827
90.941
91.635
93.491
93.790
95.103
95.586
95.785
95.860
95.626
95.627
95.456
94.764
93.865
92.612
91.789
90.623
89.330
89.805
89.435
91.847
93.150
93.115
92.319
91.852
89.985
89.542
86.665
88.741
93.576
92.554
93.544
94.293
95.534
95.833
96.643
96.627
95.970
95.217
94.606
93.221
93.268
92.394
93.367
93.242
95.100
95.365
96.070
96.376
96.400
96.083
95.807
95.551
94.283
92.462
87.680
82.635
84.192
87.432
91.546
91.612
89.776
89.117
88.764
88.703
88.449
89.111
89.223
87.425
86.553
82.692
82.123
78.402
74.781
78.239
82.375
84.403
85.388
86.406
87.054
87.715
89.494
89.464
89.109
90.760
92.549
92.181
92.571
93.405
92.983
93.331
92.917
90.390
90.209
90.356
93.396
92.900
92.352
91.071
89.670
87.685
87.931
90.101
88.035
85.308
86.351
86.795
88.593
91.692
91.695
91.426
90.691
92.199
91.549
92.416
92.890
92.422
91.474
87.275
