68.398
81.280
86.884
90.170
91.907
91.224
91.379
91.795
91.163
87.090
87.829
89.857
88.915
91.831
92.872
94.562
94.503
94.977
94.561
94.375
93.639
92.572
91.169
90.364
88.702
86.404
87.332
86.646
89.489
90.483
90.012
88.186
87.544
80.998
80.638
76.058
80.022
87.264
84.636
87.807
88.301
92.079
93.836
95.825
96.001
95.356
93.889
93.338
92.482
92.025
91.870
91.937
91.634
94.184
94.393
95.340
95.608
95.597
94.321
93.003
91.438
88.972
86.440
82.041
84.601
87.679
91.263
92.976
93.798
92.162
91.224
91.287
90.804
90.443
91.693
91.471
90.869
89.557
88.210
87.817
87.358
85.163
85.116
87.116
88.928
89.566
91.361
91.420
92.204
92.806
92.782
92.884
93.613
94.541
94.746
94.936
95.106
94.694
95.287
94.320
92.203
93.459
94.541
95.967
95.787
95.358
94.110
92.010
90.708
92.075
93.330
90.759
90.374
91.157
90.377
92.168
94.457
95.023
93.479
93.666
95.189
95.075
95.941
96.021
95.773
94.718
93.934
90.107
89.047
87.484
86.612
85.873
88.812
89.836
92.154
95.194
95.290
94.944
94.551
92.843
91.190
89.941
86.502
90.636
92.411
87.576
86.642
91.413
90.746
84.000
78.665
84.006
80.687
88.029
91.327
94.554
95.103
93.337
85.191
