29.453
31.174
32.134
32.313
29.520
33.674
32.478
35.194
33.208
35.132
32.295
30.922
33.171
31.249
33.371
30.922
31.454
33.157
32.375
33.982
36.484
35.471
37.926
35.697
41.116
39.332
46.242
42.797
47.882
46.859
53.005
46.812
44.506
44.383
47.242
43.998
42.879
43.033
42.808
40.643
40.990
39.589
38.103
37.026
35.794
33.264
35.260
32.242
36.405
31.939
38.032
36.335
38.087
39.954
47.155
49.438
67.241
77.435
82.733
84.799
86.341
86.943
83.369
80.874
78.272
77.383
72.758
71.967
67.884
71.907
68.585
65.915
70.845
71.367
70.754
74.691
76.695
76.432
78.147
81.486
82.890
86.052
86.516
86.501
87.734
89.076
88.935
89.750
90.612
89.190
87.245
90.242
90.399
88.903
90.171
92.568
93.589
93.349
92.099
90.048
88.475
86.196
87.681
90.109
87.245
85.913
87.288
86.386
88.649
92.121
92.634
91.833
91.769
92.894
93.914
94.442
94.741
93.578
91.242
90.304
86.651
86.649
84.364
84.390
84.487
86.668
87.485
90.408
93.699
94.395
93.454
92.683
90.454
89.172
87.947
87.971
90.967
91.852
88.098
89.300
91.701
89.978
84.090
77.928
81.177
76.354
82.996
87.860
90.178
90.465
89.679
83.878
79.108
76.313
80.754
82.541
81.823
82.566
77.078
