75.142
84.918
88.706
89.774
89.406
90.723
90.734
87.919
86.449
91.076
89.850
86.040
87.106
84.592
87.881
88.943
85.266
85.271
86.595
85.629
90.216
91.249
91.893
93.404
90.255
91.646
87.626
87.916
85.724
85.232
85.099
87.771
88.319
90.146
93.313
93.079
93.480
91.572
89.610
86.243
83.300
82.827
86.128
86.933
82.908
84.279
87.167
84.023
78.548
71.798
75.130
72.454
78.824
83.848
85.199
86.848
86.412
83.685
83.351
81.286
85.845
86.661
85.960
84.987
84.221
82.971
82.265
77.210
78.191
80.266
78.780
81.799
83.083
83.684
84.627
82.213
86.580
84.069
85.719
82.968
80.105
76.363
73.605
75.654
76.584
76.751
80.645
81.850
82.751
81.672
82.925
80.848
81.029
80.588
79.958
84.416
82.617
82.726
79.820
80.262
84.843
88.105
90.162
87.646
89.736
87.589
86.527
85.927
82.981
81.776
84.601
86.328
87.227
86.200
86.225
82.021
83.460
82.803
82.734
80.084
78.728
73.923
62.015
55.864
53.597
56.667
52.406
52.025
50.157
49.581
42.503
39.453
40.990
36.285
31.202
28.715
29.153
26.897
30.601
26.582
31.363
32.534
31.440
29.749
32.429
32.313
30.949
27.493
26.410
28.372
26.315
22.213
28.544
29.597
28.249
25.605
30.536
28.608
28.926
