50.138
52.855
55.446
49.225
50.383
45.302
47.836
45.208
44.376
44.084
42.410
42.957
42.101
41.495
38.785
41.263
43.382
40.963
39.327
41.591
40.296
43.347
41.346
41.191
40.888
41.125
42.028
48.491
56.437
73.109
85.762
90.843
92.642
94.301
95.371
94.827
93.490
92.586
92.240
91.180
90.525
92.242
93.104
93.094
91.691
90.788
89.497
88.226
87.662
88.177
89.228
89.898
89.945
90.004
91.455
91.452
92.736
93.417
93.860
94.358
95.231
95.286
94.437
93.791
95.289
94.397
92.058
93.211
95.073
96.417
96.381
96.015
94.836
93.001
91.966
93.708
94.063
91.913
91.544
92.758
91.341
92.811
94.908
95.607
94.123
94.096
95.432
95.297
96.487
96.330
95.871
94.937
93.732
89.986
89.285
86.435
86.936
87.568
90.095
90.712
93.125
95.557
95.804
95.224
94.964
93.497
92.914
92.625
91.487
93.142
94.521
92.085
90.979
93.139
92.369
85.292
80.480
85.038
82.469
89.315
93.259
95.227
95.979
96.037
93.599
91.979
91.080
92.312
94.779
95.037
94.174
93.796
93.940
92.794
88.473
88.220
88.779
86.389
88.693
91.395
92.587
93.057
92.862
91.828
91.510
91.009
90.519
91.042
90.645
89.823
90.903
91.006
91.137
92.403
93.777
92.478
88.776
81.290
71.965
