37.944
46.166
50.469
41.557
45.733
41.907
43.874
45.586
47.729
46.380
50.442
48.785
52.815
45.744
43.657
44.386
45.461
42.261
43.490
43.034
42.863
42.876
42.760
44.975
41.443
42.292
40.015
39.815
40.541
38.322
41.932
40.376
40.013
39.777
41.954
39.253
46.719
55.033
71.184
84.827
90.112
91.263
92.617
92.926
90.866
87.966
86.509
84.177
78.512
79.145
78.596
81.015
79.030
74.897
77.057
74.919
73.164
75.959
78.881
78.445
79.344
83.227
83.232
86.283
87.040
88.980
90.147
91.233
91.710
93.024
93.508
92.454
91.677
93.746
93.341
91.244
92.586
94.819
95.939
96.027
95.138
93.613
91.580
89.789
91.305
92.564
90.239
88.562
90.234
89.329
91.320
94.080
94.634
93.515
93.626
94.905
95.112
96.167
96.224
95.555
94.474
93.197
89.459
88.722
85.152
86.314
86.840
89.315
90.129
92.600
95.184
95.570
94.989
94.727
93.288
92.784
92.768
91.822
93.345
94.605
92.220
91.554
93.231
92.359
85.617
80.296
84.436
81.770
88.021
92.704
94.259
95.123
94.379
91.186
88.558
86.975
90.369
93.389
92.796
92.768
93.198
93.274
91.064
87.494
87.495
86.864
84.580
87.657
88.740
89.578
88.525
88.479
85.546
84.435
81.483
78.421
76.667
65.059
62.679
