48.895
59.774
72.345
74.522
75.167
83.643
87.362
89.762
91.842
91.327
91.192
92.772
93.687
93.833
94.345
94.136
94.345
95.342
94.508
93.160
94.576
95.636
96.257
95.876
94.866
93.545
92.078
89.748
90.843
92.959
90.566
87.941
89.956
89.629
92.032
94.492
94.720
93.785
94.191
95.328
95.544
96.298
96.062
95.681
93.872
93.196
89.633
89.268
86.509
86.448
87.520
89.841
90.960
93.166
95.736
95.816
95.305
94.314
92.225
90.816
89.814
89.212
92.510
93.788
92.008
92.324
94.241
93.324
89.462
88.235
89.337
86.595
91.284
94.173
95.750
95.140
94.286
90.620
88.288
87.295
89.551
92.430
92.433
90.549
90.199
90.872
89.809
84.447
84.469
88.785
88.853
91.827
93.309
93.864
93.189
91.895
91.989
90.370
89.537
85.345
82.940
78.746
77.092
74.403
76.235
80.011
83.219
87.892
88.550
88.249
87.695
86.030
86.295
85.521
86.015
90.137
89.862
91.302
91.073
93.271
94.526
95.036
95.509
94.295
93.756
91.304
89.610
88.248
87.919
89.504
87.112
89.782
92.409
93.411
94.532
93.850
94.223
93.772
92.548
89.766
86.661
82.083
71.107
62.646
63.147
64.174
60.666
62.055
59.012
58.161
49.748
48.968
51.200
46.870
38.741
38.499
41.214
31.436
33.007
