49.548
69.623
80.410
77.077
75.423
77.726
77.935
68.485
64.515
73.866
69.477
66.890
68.305
62.079
63.441
55.055
49.597
45.652
40.237
36.095
35.414
34.933
28.859
33.434
29.806
32.578
33.270
32.993
33.958
32.729
35.103
34.414
37.090
35.104
39.381
38.241
38.923
38.075
34.909
35.119
38.733
34.377
33.217
36.335
35.562
36.619
35.855
36.131
35.691
37.648
32.311
29.440
29.343
27.644
25.862
23.608
28.052
28.090
29.835
31.395
40.136
46.531
64.180
75.506
82.604
83.482
82.519
83.575
77.845
73.860
66.424
62.859
55.160
49.643
48.656
50.535
51.588
52.321
53.337
53.381
55.274
62.463
68.337
63.140
66.824
72.470
74.043
77.283
77.298
79.017
81.949
84.267
83.866
85.909
88.838
87.696
85.058
90.056
91.218
90.548
91.641
93.388
93.912
93.617
91.583
89.471
87.233
83.356
85.432
88.695
85.026
81.665
84.730
84.459
87.756
92.159
92.516
92.042
92.876
94.100
94.559
94.844
95.163
93.776
92.199
90.683
87.416
87.251
85.435
85.785
85.986
88.459
89.603
92.050
94.562
95.099
94.019
93.511
91.324
89.415
87.978
87.239
90.924
92.294
88.860
89.436
92.409
91.307
85.116
80.839
83.554
79.284
84.114
88.772
89.392
89.137
87.180
76.316
62.912
