46.155
61.292
69.809
82.147
86.709
88.738
88.760
89.204
90.455
91.531
91.439
92.377
91.685
91.236
92.431
91.972
90.587
91.566
93.382
94.661
94.407
93.680
92.617
91.812
89.783
90.327
92.811
91.171
88.341
89.812
89.305
91.578
93.492
93.027
92.402
92.795
93.303
93.893
94.853
94.861
94.885
92.531
92.356
88.497
88.603
86.102
85.672
86.319
88.836
90.339
92.256
94.835
94.872
94.501
93.172
90.946
88.827
87.755
86.635
90.628
91.795
89.119
90.040
92.399
91.358
87.080
84.260
87.085
83.985
87.988
91.246
93.264
93.010
92.456
89.200
86.941
85.374
88.409
90.729
90.619
89.119
88.376
88.595
87.810
82.870
83.023
86.232
85.748
89.092
90.199
91.444
90.672
89.265
89.496
87.280
85.478
82.376
80.070
76.551
75.400
74.914
77.252
78.570
82.164
86.024
86.903
86.719
86.852
85.282
85.483
84.783
85.290
88.594
88.539
89.319
89.021
90.864
92.830
93.413
93.838
91.691
90.631
87.658
86.899
85.505
84.376
85.411
83.122
86.021
88.685
90.277
91.699
90.621
91.480
91.081
89.712
87.421
85.843
81.120
70.450
62.200
61.510
62.454
59.453
60.544
58.722
58.612
47.031
47.961
50.478
45.617
31.546
31.554
37.813
33.840
29.525
32.525
32.079
26.112
