44.874
68.842
73.268
66.124
58.740
77.543
82.889
79.483
83.391
86.118
85.133
87.781
87.172
78.050
76.269
77.269
82.648
88.348
88.417
90.331
90.498
90.467
90.357
90.810
87.764
87.502
89.778
90.144
92.103
92.586
93.388
93.941
94.139
94.372
93.886
93.870
93.142
91.278
90.383
88.940
87.922
88.717
86.749
90.181
90.466
90.587
89.676
89.341
85.641
85.741
83.005
84.963
90.333
89.218
90.456
91.096
93.147
93.783
95.460
95.471
94.776
93.460
93.152
91.892
90.856
91.086
90.749
91.307
93.574
93.831
94.885
95.051
94.145
94.312
93.483
92.973
91.145
88.382
81.818
79.848
81.377
85.967
88.146
90.172
89.192
88.214
87.693
88.080
86.544
88.319
88.239
87.984
85.700
85.006
85.387
85.320
80.908
82.202
83.631
87.522
87.888
88.891
88.406
89.955
89.825
90.196
90.408
91.093
91.854
91.606
91.944
92.166
91.527
91.193
90.466
88.568
87.605
88.608
92.333
91.561
92.000
90.998
89.157
87.836
88.996
90.464
87.965
86.910
87.558
87.153
89.330
91.115
90.976
90.294
89.674
91.221
90.142
92.090
92.641
92.367
90.896
90.408
86.792
86.600
83.157
83.658
82.817
84.309
86.509
87.103
91.967
90.724
90.198
89.503
85.028
81.694
77.142
71.482
75.330
