48.822
52.454
50.797
47.179
47.483
43.946
43.274
43.415
42.829
44.864
51.569
60.103
77.581
87.840
92.537
94.249
95.520
95.789
95.201
92.964
92.484
91.284
90.417
90.797
92.551
92.930
92.927
91.049
89.493
87.884
86.399
84.851
85.781
86.102
85.822
85.435
85.380
86.776
87.173
89.819
91.133
91.406
92.207
94.363
95.072
94.124
93.907
95.839
95.254
93.050
94.114
95.484
96.653
96.494
96.118
94.919
93.027
91.860
93.593
94.056
91.851
91.202
92.654
91.378
93.048
95.272
95.852
94.596
94.773
95.988
95.668
96.778
96.496
96.047
95.101
93.962
90.512
89.527
86.541
86.990
87.982
90.388
91.449
93.705
95.880
96.091
95.509
95.072
93.656
93.147
92.999
91.787
93.634
94.686
92.845
91.783
93.751
92.950
86.742
82.946
87.420
85.566
91.490
94.161
95.724
96.426
96.336
94.184
92.616
92.267
93.067
95.300
95.925
95.147
94.620
94.919
94.334
91.126
90.525
91.672
90.278
91.406
93.589
93.913
93.624
91.863
90.942
89.238
87.386
87.032
88.562
88.551
88.372
90.117
90.859
91.586
93.033
94.739
94.193
92.013
90.391
90.057
87.212
89.525
87.779
90.453
88.063
88.092
87.070
87.668
88.515
87.351
87.096
83.111
76.845
64.884
55.375
47.138
46.700
