47.650
48.559
48.903
46.898
45.461
44.704
43.370
41.807
41.028
40.727
39.321
41.107
40.761
39.827
41.416
38.870
39.708
40.298
40.552
42.822
48.702
57.033
74.441
86.044
90.859
92.920
94.621
95.549
95.089
93.842
92.863
92.465
91.391
90.516
92.288
93.568
93.553
92.300
91.355
89.891
89.233
88.462
88.777
89.702
90.156
90.252
90.511
92.033
92.220
93.067
93.911
94.437
94.656
95.497
95.741
95.085
94.120
95.647
95.034
92.671
93.581
95.158
96.560
96.440
96.259
95.209
93.541
92.514
94.222
94.497
92.520
92.369
93.431
91.924
93.416
95.305
95.975
94.578
94.620
95.897
95.572
96.726
96.467
96.122
95.157
94.114
90.566
89.733
86.902
87.252
87.878
90.514
91.309
93.658
95.894
96.050
95.507
95.058
93.666
92.617
91.916
90.195
92.803
94.207
91.490
90.443
92.950
92.090
85.488
81.125
85.785
83.345
89.905
93.292
95.317
96.172
96.327
94.187
92.936
92.308
93.164
95.304
95.634
94.760
93.995
93.987
92.855
88.184
88.046
89.398
87.308
89.633
91.911
93.131
93.219
92.819
91.676
91.545
90.838
90.467
91.075
90.911
89.827
91.312
91.686
92.123
93.164
94.303
93.244
90.384
87.464
85.791
82.804
83.540
81.026
84.618
80.599
77.728
76.353
