60.302
66.402
67.906
63.365
65.664
65.528
72.829
75.583
73.580
74.701
77.021
79.540
83.240
85.641
87.862
86.737
85.315
84.693
81.591
81.333
79.554
79.459
78.843
81.320
81.667
82.549
87.661
87.641
88.491
88.189
86.248
83.296
80.903
80.102
84.240
84.425
80.416
81.726
84.256
80.206
75.019
70.697
73.296
72.511
76.283
80.407
81.544
82.603
77.706
71.223
73.527
76.618
81.338
82.728
83.371
83.826
82.510
81.272
82.146
78.168
77.109
80.067
79.410
82.023
83.414
82.667
84.322
81.391
84.622
82.251
83.726
81.663
76.399
72.067
69.602
73.303
74.179
75.114
78.636
81.235
82.988
82.541
84.484
82.673
82.880
80.619
81.672
85.592
83.476
83.581
80.878
81.859
84.715
87.312
88.789
86.373
87.672
84.191
82.638
82.654
79.446
79.000
81.502
84.406
85.434
85.366
85.012
82.672
84.115
83.982
84.324
81.436
80.143
74.885
63.880
57.289
54.332
56.145
53.284
53.424
51.817
50.863
44.469
43.664
45.377
41.197
34.279
35.261
37.018
33.331
37.940
35.274
35.436
38.426
38.422
34.641
35.179
37.621
33.180
34.001
30.363
32.086
28.493
24.980
30.758
30.146
29.720
28.158
33.359
34.293
35.766
41.440
38.982
42.506
45.704
41.910
36.918
38.984
34.328
