45.514
46.981
47.500
45.172
43.066
41.476
41.440
43.222
40.344
40.841
42.916
40.442
39.748
39.877
40.146
41.986
49.169
58.107
76.439
86.839
91.792
93.485
94.965
95.253
94.830
93.108
92.443
91.847
90.858
90.339
92.011
93.093
93.026
91.474
90.178
88.733
87.593
86.474
87.005
87.830
87.920
88.427
87.747
89.848
89.058
90.760
92.268
92.431
92.388
94.218
94.893
93.313
92.794
95.198
94.693
92.551
93.710
95.313
96.606
96.493
96.144
94.993
93.226
92.065
93.763
94.208
92.086
91.582
92.878
91.617
93.204
95.321
95.876
94.568
94.646
95.937
95.596
96.752
96.491
96.052
95.127
93.972
90.421
89.579
86.729
87.130
88.009
90.487
91.405
93.729
95.885
96.066
95.499
95.054
93.678
92.949
92.542
91.162
93.370
94.569
92.319
91.223
93.408
92.517
86.062
81.974
86.410
84.266
90.531
93.699
95.422
96.305
96.207
94.081
92.604
92.143
93.034
95.262
95.765
94.940
94.400
94.602
93.765
89.861
89.530
90.689
88.665
90.124
92.251
92.762
92.649
91.906
90.932
89.846
89.176
89.090
90.217
89.812
88.916
90.369
90.857
91.544
92.824
94.383
93.660
91.118
89.002
88.341
85.383
86.827
84.403
88.113
83.870
82.436
82.091
81.861
83.577
80.234
73.837
