81.071
87.334
88.575
87.509
86.186
83.096
82.099
80.970
83.382
84.383
84.034
85.182
88.811
90.972
92.369
92.068
92.119
93.320
93.973
94.065
94.730
94.365
94.654
95.723
94.750
93.546
95.335
96.196
96.538
96.208
95.122
93.782
92.115
90.365
91.933
93.167
90.792
89.515
91.047
90.318
92.401
94.568
94.846
93.703
94.088
95.354
95.677
96.229
96.316
95.671
94.380
93.332
89.682
89.059
86.611
86.227
87.222
89.792
91.271
93.301
95.634
95.803
95.221
94.906
93.150
92.362
92.091
92.378
94.476
95.136
94.018
94.643
95.706
95.120
91.910
90.996
92.499
89.347
92.531
94.877
96.082
95.593
94.702
91.863
89.905
89.244
90.914
93.588
93.707
92.150
91.914
92.373
91.003
86.708
86.673
90.234
89.963
92.441
93.640
94.031
93.631
92.663
93.025
91.398
90.090
87.025
86.423
85.315
86.013
87.486
88.527
88.690
90.066
91.942
91.163
90.267
89.121
86.954
87.151
85.974
86.877
90.757
90.632
91.843
92.324
93.916
94.693
95.223
95.701
94.581
93.607
91.631
89.920
88.668
88.406
90.012
86.650
90.350
92.686
93.714
94.675
94.106
94.370
94.221
93.107
90.974
87.990
83.266
72.820
63.759
61.071
64.646
61.516
63.852
63.073
64.793
58.343
58.452
51.291
