64.311
79.630
86.816
89.650
90.333
91.288
88.963
84.236
83.277
86.548
90.075
91.712
93.043
92.321
92.574
93.081
92.155
89.083
90.339
91.498
91.226
93.057
93.927
94.362
94.851
94.983
94.882
94.569
93.950
93.155
91.716
91.026
89.352
88.724
89.065
87.937
90.592
91.624
91.472
89.991
89.467
84.184
84.072
79.891
83.593
89.420
87.144
89.896
90.341
93.484
94.599
95.914
95.949
95.250
93.972
93.573
92.350
91.485
91.230
91.621
91.457
93.961
94.256
95.336
95.570
95.350
95.094
94.184
93.271
90.663
88.760
82.978
81.489
84.722
88.092
91.519
92.366
91.063
90.230
89.905
89.542
88.642
90.484
90.630
89.494
88.411
86.706
86.095
85.263
80.881
82.463
85.224
87.753
88.396
89.647
89.788
91.031
91.529
91.548
91.670
92.397
93.431
93.396
93.674
93.678
92.939
93.085
92.393
89.569
89.189
90.743
93.910
93.738
94.168
93.120
91.289
89.843
90.903
92.168
89.645
88.680
89.414
88.909
90.941
93.033
93.315
92.125
91.440
92.761
91.684
93.804
94.191
94.571
93.810
93.331
89.472
88.424
86.041
85.500
84.489
86.516
88.304
90.168
93.553
93.113
93.496
92.741
91.596
89.687
87.704
84.844
88.183
89.063
83.922
83.082
87.177
84.474
73.172
53.312
