77.843
69.627
61.448
71.440
78.397
75.684
77.585
77.074
75.733
69.952
65.098
68.422
73.067
68.374
69.047
78.217
81.126
85.489
88.248
87.404
87.801
90.167
91.364
91.150
92.396
92.672
92.877
94.162
93.683
92.699
94.603
95.674
95.701
95.528
93.642
92.140
89.861
87.164
88.405
91.016
87.921
85.157
87.122
87.505
90.216
93.058
93.141
92.423
93.162
94.254
94.954
95.490
95.793
94.889
93.552
92.213
88.727
87.765
84.779
84.902
86.272
88.195
89.877
91.979
94.747
95.177
94.570
94.301
92.509
92.137
92.327
92.768
94.251
94.922
93.957
94.524
95.275
94.469
91.077
90.973
91.953
88.841
91.859
94.388
95.105
94.225
92.133
88.225
85.894
85.506
88.579
91.767
91.726
90.926
91.477
92.036
90.414
86.455
87.113
89.892
89.583
91.378
92.066
91.756
90.669
88.692
89.061
86.345
84.465
80.615
79.464
77.745
77.436
77.863
79.961
82.516
85.467
88.663
87.972
87.255
85.989
84.773
84.420
84.177
84.696
89.271
89.389
90.338
91.010
92.394
92.785
93.142
93.264
91.740
90.456
87.832
85.499
84.913
83.878
84.605
81.345
85.234
88.749
90.352
91.594
91.258
92.201
92.523
91.653
89.925
86.755
82.402
67.785
57.439
48.307
54.525
49.433
52.443
49.302
