35.825
42.063
38.248
41.639
39.537
36.871
42.172
39.561
41.508
39.909
42.565
42.937
46.183
43.437
49.749
46.951
52.388
43.223
41.723
42.875
44.592
40.404
42.513
42.042
41.933
42.266
42.303
44.601
40.692
41.021
38.491
39.131
38.760
36.730
40.662
39.160
39.190
38.359
40.492
38.656
45.984
53.989
69.652
83.429
88.756
89.549
90.622
90.892
87.532
83.504
80.738
77.540
69.577
71.005
68.958
71.171
63.757
63.665
65.003
58.053
60.113
65.690
69.965
65.360
68.228
77.385
79.078
82.247
84.114
86.057
87.208
88.205
89.741
91.088
91.422
90.334
89.184
92.049
91.678
90.055
91.785
94.250
95.365
95.574
94.228
92.402
90.108
87.736
89.187
91.133
88.214
85.981
88.008
87.140
89.559
93.128
93.613
92.566
92.847
94.195
94.730
95.651
95.930
95.075
93.943
92.432
88.837
88.086
84.364
85.521
86.029
88.644
89.554
92.061
94.811
95.264
94.647
94.463
92.900
92.301
92.354
91.334
92.980
94.295
91.794
91.164
92.830
91.952
85.071
79.278
83.329
80.712
86.704
91.710
93.174
94.228
92.974
88.978
86.185
84.880
88.719
92.203
91.093
91.378
92.267
92.284
89.661
86.257
86.645
85.635
82.644
85.979
86.443
86.744
85.270
84.591
79.980
77.772
69.034
