30.283
35.275
34.379
31.890
33.282
33.650
33.395
33.216
34.933
34.388
31.606
32.929
33.869
30.128
31.583
33.702
31.839
32.856
30.957
32.176
28.920
33.934
30.831
31.463
33.375
33.039
34.590
35.453
37.727
40.480
42.236
41.349
46.787
45.880
50.958
43.985
43.600
43.646
46.131
42.150
43.561
43.022
41.061
40.224
40.807
39.939
37.925
36.280
34.323
34.877
33.662
32.246
34.630
28.966
37.101
33.324
34.973
36.364
44.816
49.404
66.808
75.728
79.988
82.907
83.124
84.023
78.320
75.529
69.903
69.806
65.086
60.852
53.544
59.308
56.623
56.679
58.062
56.396
55.984
63.473
69.366
67.945
70.083
76.404
78.814
82.060
82.492
82.774
83.615
85.450
86.134
86.714
88.546
87.121
85.601
89.117
90.053
89.268
90.382
92.404
92.926
92.546
90.607
87.993
86.325
82.536
84.275
87.577
83.698
81.027
83.242
82.761
86.583
91.090
91.440
91.195
91.645
93.095
94.074
94.218
94.713
93.208
90.871
90.865
87.494
87.646
85.435
85.188
84.969
87.472
88.737
91.155
94.092
94.656
93.745
93.066
90.494
89.388
87.694
87.794
91.445
91.952
87.988
89.815
92.264
90.659
85.809
80.026
81.787
76.017
83.216
86.566
88.609
88.662
86.392
74.059
60.145
48.660
46.107
