77.424
83.629
81.541
80.562
84.734
84.544
86.136
86.394
88.444
88.854
88.599
90.259
90.508
90.650
88.127
86.688
89.928
89.621
88.821
91.009
92.163
92.754
92.090
88.245
79.930
83.837
87.021
89.899
90.765
92.812
92.405
91.407
92.237
92.574
89.547
89.705
91.981
92.519
94.154
94.675
94.994
95.291
95.158
95.254
94.845
94.372
93.525
92.097
91.328
89.787
89.088
89.767
88.775
91.386
92.285
92.194
91.498
91.437
88.802
88.582
86.248
87.967
92.743
91.674
92.696
93.458
94.818
95.116
96.264
96.236
95.597
94.318
94.030
92.520
91.966
91.749
92.319
92.175
94.451
94.663
95.707
95.930
95.625
95.571
95.166
94.792
93.449
91.197
86.016
82.092
83.601
87.462
90.662
91.519
90.124
89.742
89.145
89.338
88.314
89.449
89.833
88.872
87.563
86.020
85.635
85.104
81.158
82.568
84.683
87.666
88.206
89.105
89.227
90.396
90.515
90.880
91.145
91.734
92.790
92.632
92.985
93.330
92.948
92.942
92.276
90.045
89.126
89.449
92.437
91.873
90.754
89.028
85.705
85.864
87.556
87.496
84.743
85.345
86.139
84.630
86.140
88.486
90.351
90.282
89.967
91.294
89.612
89.354
89.439
87.827
88.471
85.860
82.108
74.890
68.393
63.172
56.198
51.203
47.018
