61.077
73.643
76.866
78.178
86.190
88.646
90.790
92.364
91.912
91.789
93.135
93.953
94.018
94.449
94.200
94.358
95.396
94.531
93.306
94.657
95.805
96.426
96.018
95.238
94.058
92.661
90.630
91.666
93.627
91.482
89.064
90.740
90.459
92.539
94.728
94.837
93.911
94.270
95.314
95.643
96.376
96.136
95.858
94.048
93.497
89.803
89.460
86.790
86.612
87.778
90.039
91.130
93.233
95.841
95.907
95.446
94.339
92.235
90.837
89.932
89.228
92.472
93.833
92.199
92.472
94.362
93.518
89.842
88.829
89.865
87.908
91.782
94.360
95.940
95.360
94.682
91.023
89.235
88.085
90.299
92.979
93.064
91.119
90.512
91.165
90.327
85.039
85.032
89.152
89.353
92.289
93.410
94.118
93.618
92.501
92.648
91.229
90.522
86.933
84.805
81.415
79.535
76.537
78.185
81.639
84.683
88.939
89.356
88.841
88.062
86.415
86.768
85.870
86.653
90.546
90.439
91.608
91.376
93.465
94.738
95.293
95.757
94.627
94.207
92.139
90.223
89.336
89.034
90.660
88.663
90.861
93.077
93.860
94.877
94.106
94.437
93.806
92.525
90.220
87.513
82.999
72.783
66.173
63.541
65.442
64.362
65.300
63.399
63.451
53.435
54.427
55.683
52.476
40.130
40.745
45.847
41.380
30.285
36.052
