50.706
51.740
50.501
45.388
43.255
41.934
40.790
40.174
42.901
42.449
41.121
42.359
38.828
41.005
41.198
41.627
43.802
50.754
59.003
76.451
86.490
91.368
92.886
94.495
94.910
94.501
92.721
91.941
91.444
90.540
90.156
91.771
93.040
92.962
91.617
90.517
89.037
88.104
86.987
87.440
88.479
88.468
88.886
88.118
90.259
89.448
90.819
92.418
92.698
92.587
94.148
94.865
93.197
92.423
95.030
94.533
92.536
93.569
95.289
96.599
96.509
96.170
95.051
93.349
92.121
93.833
94.252
92.140
91.715
92.979
91.573
93.209
95.222
95.849
94.483
94.618
95.872
95.597
96.700
96.523
96.101
95.174
94.041
90.535
89.691
87.099
87.261
87.963
90.450
91.512
93.664
95.916
96.083
95.523
95.177
93.797
93.138
92.916
91.611
93.676
94.711
92.565
91.716
93.694
92.744
86.459
82.433
86.584
84.026
90.156
93.595
95.239
96.198
96.154
93.961
92.552
91.996
92.952
95.247
95.560
94.758
94.341
94.458
93.397
89.626
89.173
90.126
87.680
89.109
91.175
91.956
92.028
91.306
90.153
89.536
88.825
88.977
90.319
90.026
88.974
90.636
91.058
91.628
92.814
94.046
93.146
90.391
87.641
86.330
83.290
84.398
82.481
85.954
79.737
75.834
77.053
75.310
75.174
74.214
