45.453
49.556
49.301
44.737
46.644
44.915
44.055
42.446
43.076
39.991
40.437
42.092
40.396
40.526
41.387
40.879
42.742
39.189
41.265
41.235
41.578
43.282
49.289
56.925
73.284
85.676
90.350
92.186
93.933
95.060
94.533
93.113
92.021
91.559
90.315
89.653
91.400
92.920
92.999
91.769
90.942
89.676
88.834
87.927
88.132
88.881
89.426
89.436
89.336
91.062
91.207
92.391
93.452
94.030
94.486
95.359
95.530
94.803
93.877
95.405
94.706
92.323
93.220
95.002
96.512
96.413
96.182
95.122
93.480
92.438
94.073
94.448
92.465
92.229
93.334
91.941
93.351
95.301
95.940
94.521
94.547
95.822
95.476
96.695
96.451
96.095
95.149
94.086
90.581
89.811
86.927
87.598
88.133
90.707
91.505
93.753
95.900
96.035
95.465
94.979
93.608
92.497
91.912
90.190
92.600
94.177
91.417
90.218
92.640
91.898
84.921
80.628
85.184
82.766
89.326
93.029
95.122
95.936
96.149
93.845
92.514
91.623
92.800
94.964
95.033
93.901
93.357
93.404
91.918
86.905
86.968
88.026
85.640
87.558
90.353
91.655
91.905
91.879
90.444
90.593
90.047
89.657
90.418
90.315
89.305
90.824
91.157
91.515
92.457
93.374
91.748
87.447
83.152
81.014
75.090
75.241
72.622
66.223
58.325
