95.072
96.557
96.287
96.467
95.816
94.523
93.225
92.971
91.330
90.178
92.096
93.167
93.012
91.099
89.541
88.501
87.105
86.603
86.243
86.656
86.631
87.296
90.395
92.025
93.558
93.982
93.458
94.202
94.966
95.700
95.550
95.281
95.816
96.504
95.416
94.181
95.924
96.813
96.898
96.641
95.529
94.318
92.062
91.212
92.996
93.596
91.246
90.872
91.853
90.711
92.046
94.298
94.929
93.660
94.175
95.417
95.624
96.211
96.268
95.474
94.379
92.707
88.932
87.879
83.858
84.490
86.264
88.361
89.730
92.282
94.865
95.449
94.848
94.683
92.906
93.420
94.440
95.088
95.129
95.998
96.109
95.965
96.003
95.640
92.544
92.625
94.051
93.415
95.517
96.579
97.088
96.813
95.945
93.093
91.487
90.795
91.992
94.604
95.506
94.295
94.419
95.508
94.877
92.933
93.770
95.026
95.376
95.678
95.925
95.992
95.582
95.023
94.828
93.896
92.829
91.367
90.961
89.875
89.265
90.125
90.369
90.805
92.460
94.390
93.463
91.619
90.664
90.438
88.388
90.516
92.016
94.394
93.699
93.153
94.041
94.566
94.683
95.156
95.338
94.480
93.509
91.976
89.416
88.733
88.272
89.591
87.554
91.716
93.545
94.754
95.386
95.075
95.258
95.352
95.212
95.168
93.475
90.166
74.664
