75.389
64.217
72.111
73.636
78.348
84.325
85.862
88.239
87.964
88.344
88.534
88.637
85.414
86.032
87.967
87.448
90.090
90.521
92.409
92.262
93.083
93.180
93.173
92.969
92.058
90.561
89.764
87.775
85.890
86.301
85.046
87.920
88.328
88.035
86.367
85.949
80.474
80.127
76.284
79.414
86.350
83.582
86.014
86.958
90.664
92.247
94.915
95.030
94.345
92.710
92.020
90.935
89.676
90.127
89.790
90.100
92.884
93.210
94.365
94.439
93.872
92.869
91.461
89.825
87.367
84.856
79.245
81.422
83.707
87.770
89.395
90.424
88.541
87.770
88.472
88.104
87.295
89.327
88.979
87.887
85.092
83.387
84.248
83.577
77.928
80.916
83.269
86.515
87.343
88.045
88.496
89.804
90.349
90.167
90.338
91.470
92.172
91.863
92.446
92.667
91.935
92.196
91.469
89.482
90.299
91.677
93.664
93.221
92.839
91.629
89.832
87.911
89.100
90.828
88.383
87.054
87.954
87.585
90.129
91.958
92.108
91.485
91.217
92.578
92.420
93.448
94.472
93.880
92.441
92.307
88.226
87.380
84.586
84.185
83.446
85.698
87.608
89.688
93.365
93.434
93.221
92.681
90.542
88.718
87.139
84.513
88.574
89.836
85.031
84.445
89.274
87.818
80.909
75.415
80.298
76.938
83.094
87.010
89.283
