88.487
88.960
88.841
89.585
91.857
90.059
88.929
89.376
86.624
89.330
91.011
90.331
88.971
88.559
89.157
91.090
93.058
93.670
93.915
91.780
91.020
87.232
86.667
84.648
83.253
84.274
87.658
89.297
90.683
93.411
93.551
93.589
92.294
90.206
87.084
85.402
84.111
87.547
89.589
84.979
85.859
88.876
86.307
82.355
78.972
81.719
80.791
84.504
86.751
89.995
91.509
90.901
88.627
87.315
87.301
88.979
90.864
90.306
89.067
87.560
86.831
86.252
80.087
80.209
83.808
81.923
86.835
89.758
91.217
92.080
91.480
92.246
91.593
91.249
89.116
87.294
84.397
83.839
82.493
83.296
84.123
85.923
88.657
88.211
87.310
87.251
84.061
84.943
82.274
81.887
87.042
85.704
88.336
86.746
90.182
92.835
94.482
95.047
93.702
93.619
92.465
89.818
89.392
88.558
88.816
89.883
92.314
93.163
93.410
93.848
92.162
92.092
90.530
88.510
84.629
81.367
76.008
64.267
59.532
61.389
60.180
56.430
57.344
55.716
53.912
48.616
48.152
47.886
42.465
37.238
35.823
36.976
34.848
36.369
36.259
38.646
40.637
38.966
42.309
39.176
39.393
34.950
37.716
36.106
42.262
38.663
37.423
44.501
38.431
39.129
38.145
41.778
45.328
46.591
57.142
56.869
70.232
70.120
77.614
