64.425
82.590
82.637
85.741
86.125
83.143
86.724
88.211
89.537
84.850
85.103
88.233
87.027
87.187
89.192
89.777
90.751
89.865
81.451
77.379
80.638
84.436
88.790
88.968
90.976
90.905
90.147
90.790
91.278
88.410
88.517
90.596
91.347
93.020
93.452
94.081
94.477
94.509
94.672
94.239
94.008
93.314
91.446
90.789
88.868
88.336
89.232
87.449
90.481
91.172
91.121
90.438
90.494
87.744
87.509
85.279
86.895
91.614
90.475
91.476
92.282
93.918
94.279
95.729
95.700
95.028
93.719
93.398
92.044
91.216
91.465
91.534
91.740
93.925
94.103
95.212
95.320
94.771
94.803
94.281
93.770
92.397
89.750
84.144
80.601
82.375
86.384
89.026
90.141
88.421
87.348
86.405
86.808
85.507
86.083
86.492
85.405
84.089
81.832
80.937
75.714
69.643
76.313
80.853
83.802
85.905
86.739
87.666
89.251
89.440
89.694
89.727
90.881
91.802
91.426
91.938
92.228
91.794
91.584
90.666
88.750
88.146
89.102
92.432
92.254
91.733
90.573
88.548
86.548
87.701
89.413
86.510
85.211
86.411
85.742
88.226
90.489
90.515
89.805
89.318
91.099
90.011
91.430
92.545
91.761
90.722
90.208
86.745
86.733
83.853
83.809
82.584
83.435
85.900
85.529
90.430
89.485
84.899
86.493
