48.097
54.807
52.226
51.656
49.346
45.479
46.714
48.234
44.553
41.407
43.974
42.929
40.648
41.380
41.620
42.007
43.337
43.009
43.577
41.063
44.603
42.055
39.610
42.328
40.866
44.946
42.715
42.981
42.374
41.593
41.417
48.745
56.382
72.791
85.594
90.702
92.220
93.859
94.648
93.939
92.441
91.857
91.030
88.417
89.811
90.799
91.913
91.443
89.530
89.110
87.613
86.042
85.705
86.585
87.631
88.396
88.870
88.669
90.485
90.251
91.874
92.596
92.897
93.477
94.528
94.633
93.393
92.802
94.621
93.734
91.592
92.946
94.940
96.161
96.146
95.572
94.250
92.310
91.079
92.838
93.473
91.187
90.488
91.907
90.557
92.084
94.376
95.106
93.688
93.662
94.914
95.044
96.169
96.146
95.610
94.580
93.325
89.436
88.628
85.377
86.005
86.704
89.234
90.079
92.482
95.150
95.513
94.907
94.747
93.239
92.855
92.719
91.828
93.290
94.493
92.276
91.454
93.191
92.454
85.854
81.076
84.987
82.432
88.735
93.048
94.817
95.664
95.511
92.622
90.598
89.859
91.684
94.006
94.184
93.727
93.598
93.811
92.058
88.875
88.414
87.711
86.126
88.564
90.382
91.732
92.023
91.986
90.996
90.128
89.165
88.586
88.992
88.712
87.757
88.483
88.743
88.771
89.871
88.867
