48.067
50.900
49.266
46.024
44.970
45.701
43.082
42.383
43.089
42.279
44.300
51.277
59.999
77.598
87.646
92.300
94.029
95.308
95.516
94.874
92.708
92.335
91.103
90.207
90.452
92.136
92.426
92.187
89.857
87.931
85.326
83.299
81.304
83.465
83.812
83.670
85.122
85.277
86.936
87.335
89.925
91.116
91.373
92.092
94.100
94.805
93.876
93.612
95.614
94.976
92.842
93.928
95.339
96.539
96.399
95.880
94.576
92.507
91.144
92.878
93.571
91.158
90.182
91.804
90.644
92.525
94.936
95.491
94.238
94.539
95.752
95.509
96.581
96.386
95.900
94.918
93.738
90.267
89.349
86.406
86.751
87.567
90.022
91.163
93.463
95.680
95.929
95.336
94.957
93.521
92.983
92.842
91.615
93.513
94.584
92.657
91.611
93.605
92.802
86.525
82.763
87.165
85.251
91.233
93.994
95.577
96.282
96.055
93.493
91.829
91.496
92.553
95.012
95.659
94.932
94.457
94.767
94.141
90.836
90.275
91.397
89.923
91.110
93.286
93.626
93.344
91.850
91.007
89.307
87.752
87.286
88.699
88.371
87.423
89.060
89.698
90.666
92.406
94.342
93.864
91.786
90.092
89.723
87.053
89.248
87.386
90.037
87.538
87.629
86.711
87.376
88.317
87.452
87.432
83.859
77.654
64.510
54.620
45.278
