36.476
32.753
32.950
34.303
35.561
36.928
34.871
36.762
35.812
32.341
35.504
32.334
33.205
36.074
35.258
37.919
35.541
40.722
40.911
46.875
44.419
49.919
48.926
55.211
46.839
45.713
45.126
48.972
43.894
44.619
44.351
43.753
41.919
42.079
41.324
39.107
37.930
36.463
35.319
35.815
33.695
37.482
31.988
38.575
35.655
38.889
39.519
45.543
51.404
66.242
79.940
85.615
87.457
88.738
88.607
84.699
80.312
76.314
74.771
66.891
66.638
60.732
64.822
59.688
60.032
64.478
60.526
62.180
68.321
71.927
69.516
71.400
78.099
80.215
83.985
85.516
85.733
86.655
88.496
89.536
90.142
90.810
89.778
88.301
91.376
91.150
89.312
90.830
93.353
94.525
94.854
93.523
91.664
89.537
86.586
87.890
90.199
86.733
84.632
86.355
85.323
88.047
92.207
92.835
92.074
92.420
93.647
94.413
95.112
95.635
94.741
93.599
92.062
88.388
87.762
84.168
85.231
85.530
88.248
89.130
91.624
94.420
95.041
94.330
94.107
92.449
91.467
91.101
89.612
91.958
93.368
89.838
89.520
91.954
90.663
83.243
76.910
81.321
77.794
84.516
89.625
91.872
93.013
91.582
87.871
84.419
82.971
87.669
91.006
89.495
90.171
90.960
89.888
87.361
82.191
82.034
78.439
75.214
75.901
