88.968
91.757
90.928
88.501
88.658
90.763
91.823
91.062
89.629
88.869
87.685
86.203
85.680
85.665
87.107
86.946
85.375
89.362
90.609
92.120
92.094
91.906
92.768
93.406
93.406
94.122
93.432
93.617
94.674
93.732
92.607
94.410
95.289
95.830
95.572
94.409
93.142
91.559
90.036
91.547
92.633
90.548
89.626
90.768
89.556
91.674
93.521
93.727
92.725
93.353
94.220
94.657
95.110
95.576
94.968
93.497
92.465
88.396
88.052
85.720
84.728
85.882
88.167
90.074
92.143
94.711
94.981
94.413
94.233
92.479
92.173
92.462
93.315
94.316
94.819
94.422
94.967
95.231
94.691
91.622
91.587
93.016
89.656
92.150
94.163
95.189
94.856
94.115
91.115
88.635
88.165
90.356
92.987
93.062
92.214
92.417
92.941
91.733
87.885
88.757
90.816
90.386
91.963
92.720
93.190
93.319
93.224
93.582
92.774
92.020
90.467
90.265
89.063
88.323
89.728
90.354
89.524
91.134
92.283
90.936
89.158
88.051
85.779
85.068
84.506
85.640
90.067
89.721
90.900
91.996
93.281
93.917
94.776
95.367
94.472
93.170
91.452
89.761
87.820
87.699
89.632
86.349
91.205
92.902
94.083
94.510
93.590
93.750
93.441
92.240
91.081
88.344
82.353
67.095
57.768
49.600
39.861
42.631
52.695
