42.819
43.362
42.786
49.051
40.080
44.653
41.471
43.370
44.362
47.089
45.306
49.832
47.435
51.871
44.181
42.300
43.160
44.411
41.309
42.753
42.275
42.387
42.688
42.858
45.012
40.925
42.078
40.151
39.360
40.414
38.227
42.197
40.464
40.392
39.919
40.567
39.663
47.085
54.785
70.798
84.792
90.068
91.367
92.867
93.363
91.744
89.323
88.255
86.443
82.044
83.075
83.297
85.523
85.440
81.918
82.961
81.492
79.836
81.096
82.161
83.014
83.569
85.334
85.222
87.806
87.910
89.690
90.815
91.674
92.068
93.310
93.780
92.488
91.582
93.836
93.231
91.001
92.514
94.756
95.953
96.073
95.337
93.946
92.022
90.576
92.091
93.020
90.784
89.719
91.083
89.909
91.637
94.169
94.779
93.495
93.477
94.755
95.041
96.125
96.198
95.610
94.565
93.259
89.413
88.808
85.354
86.247
86.810
89.308
89.990
92.391
95.134
95.478
94.942
94.744
93.236
92.727
92.671
91.678
93.237
94.506
92.131
91.382
93.098
92.282
85.639
80.301
84.322
81.788
87.941
92.654
94.337
95.294
94.738
91.868
89.761
88.325
91.115
93.797
93.377
93.311
93.446
93.490
91.384
88.008
87.654
86.997
84.849
87.784
89.065
89.940
89.583
89.419
87.096
85.861
82.566
79.975
77.783
74.162
