80.111
73.687
82.041
87.302
87.439
87.931
86.955
86.222
84.444
82.730
81.995
82.860
83.401
82.444
84.692
87.627
90.125
91.687
91.250
91.400
92.771
93.366
93.490
94.240
93.986
94.288
95.413
94.493
93.378
95.241
96.166
96.365
96.101
94.907
93.585
91.593
89.944
91.425
92.857
90.395
88.951
90.457
89.933
91.840
94.131
94.492
93.318
93.735
94.955
95.462
96.053
96.138
95.408
94.134
92.881
89.251
88.355
85.292
85.452
86.872
88.964
90.401
92.610
95.260
95.521
94.925
94.650
92.940
92.622
92.772
93.289
94.669
95.296
94.510
95.119
95.702
95.111
91.897
91.781
92.717
89.849
92.595
94.911
95.938
95.418
94.342
91.097
89.237
88.570
90.599
93.379
93.581
92.391
92.277
92.780
91.175
86.996
87.304
90.389
90.212
92.337
93.213
93.491
92.899
91.787
92.075
90.205
88.408
85.699
85.676
84.441
84.582
85.590
87.008
87.696
89.668
91.632
90.787
89.622
87.981
86.364
86.247
85.166
85.998
90.332
90.328
91.608
92.070
93.595
94.195
94.667
94.905
93.724
92.719
90.765
88.999
87.967
87.573
88.907
85.712
89.518
91.735
92.888
93.825
93.475
93.715
93.765
92.720
90.676
87.803
83.343
71.527
61.209
52.890
60.462
57.148
56.243
57.749
55.930
