50.321
53.338
55.149
71.909
77.897
76.756
81.120
84.539
85.806
88.579
88.909
84.912
80.203
80.558
84.261
89.254
90.224
91.820
91.537
91.560
91.544
91.693
88.641
88.817
90.647
90.669
92.689
93.627
94.041
94.606
94.824
94.933
94.547
94.192
93.354
91.741
91.011
89.398
88.730
88.865
87.403
90.444
91.207
91.139
90.178
90.172
86.272
86.408
82.988
85.393
91.093
89.363
91.392
91.775
94.133
94.878
96.027
96.067
95.420
94.063
93.764
92.558
91.699
91.594
92.102
91.660
94.221
94.483
95.429
95.689
95.259
95.164
94.383
93.947
91.701
89.240
83.456
81.490
84.510
87.720
90.994
91.875
90.546
89.495
89.187
88.915
87.442
89.154
89.475
88.846
87.262
86.342
86.264
85.867
82.004
83.017
85.292
88.277
88.659
89.684
89.424
90.677
90.783
91.145
91.403
92.008
92.984
92.925
93.179
93.251
92.636
92.930
92.108
89.432
89.304
90.101
93.790
93.118
93.261
92.135
90.444
89.166
90.322
91.668
89.133
88.175
88.989
88.414
90.435
92.411
92.688
91.385
91.177
92.965
91.896
93.472
93.750
93.658
92.640
91.893
88.081
87.387
85.019
84.487
83.817
85.811
87.679
89.337
93.226
92.518
92.363
91.743
89.288
87.391
85.603
82.215
85.276
85.488
77.504
