49.547
52.670
45.107
45.605
43.847
45.573
42.963
43.324
44.638
42.917
43.646
42.186
41.559
39.801
42.098
43.175
40.386
39.780
42.075
40.748
43.261
41.345
41.223
41.168
41.354
42.645
48.752
56.804
73.338
85.667
90.486
92.392
93.947
95.157
94.601
93.149
92.076
91.714
90.621
89.999
91.679
92.848
92.920
91.571
90.668
89.413
88.108
87.590
87.986
88.955
89.616
89.682
89.592
91.305
91.320
92.559
93.284
93.804
94.289
95.137
95.204
94.462
93.682
95.208
94.334
92.090
93.130
95.021
96.365
96.301
95.921
94.711
92.801
91.810
93.593
93.919
91.727
91.411
92.571
91.166
92.622
94.775
95.478
94.041
94.095
95.366
95.217
96.344
96.228
95.722
94.737
93.482
89.547
88.907
85.901
86.546
87.238
89.811
90.459
92.962
95.376
95.646
95.050
94.799
93.242
92.754
92.405
91.403
93.074
94.431
92.000
90.981
93.098
92.316
85.430
80.673
85.140
82.622
89.305
93.147
95.143
95.864
95.949
93.425
91.681
90.949
92.176
94.599
94.797
93.737
93.374
93.553
92.118
87.452
87.492
88.141
85.679
88.230
90.889
92.120
92.539
92.371
91.240
91.022
90.629
90.239
90.798
90.440
89.676
90.766
90.897
91.081
92.219
93.337
91.914
88.095
82.269
74.748
57.747
