47.755
50.002
49.765
45.808
47.421
45.880
43.294
44.882
41.587
41.777
41.846
41.625
43.673
50.803
59.690
77.439
87.611
92.287
94.051
95.382
95.808
95.361
93.953
93.432
92.792
91.794
91.239
92.793
93.652
93.463
91.844
90.512
88.897
87.607
86.422
87.225
88.362
88.535
88.689
89.113
89.580
89.524
91.830
92.614
92.593
92.931
94.792
95.248
94.095
93.745
95.726
95.156
92.972
94.043
95.418
96.650
96.518
96.176
95.021
93.195
92.098
93.817
94.213
92.014
91.599
92.883
91.491
93.144
95.286
95.848
94.580
94.714
95.904
95.614
96.720
96.506
96.097
95.137
94.047
90.613
89.661
86.862
87.134
87.976
90.292
91.447
93.705
95.892
96.066
95.507
95.130
93.752
93.143
92.885
91.572
93.602
94.658
92.693
91.656
93.707
92.874
86.652
82.828
87.226
85.204
91.216
94.005
95.646
96.419
96.365
94.336
92.815
92.396
93.195
95.367
95.951
95.168
94.630
94.849
94.216
90.860
90.273
91.371
89.757
91.041
93.323
93.777
93.740
93.047
92.429
91.650
90.519
90.227
91.091
90.580
89.684
90.982
91.188
91.854
93.221
94.801
94.210
91.922
90.060
89.562
86.819
88.858
86.907
89.954
87.067
87.125
86.166
86.696
88.639
88.197
89.426
87.006
82.025
71.294
