46.709
51.259
62.769
73.951
73.498
77.511
79.397
79.203
81.920
83.323
86.218
84.392
82.789
82.945
79.882
80.127
77.661
78.087
78.725
79.494
78.857
80.655
86.316
85.967
86.652
86.647
85.159
84.099
81.544
82.545
85.804
86.374
81.659
85.334
86.492
82.222
78.101
72.572
74.330
71.445
75.133
80.335
82.136
83.967
78.392
71.434
74.435
77.268
81.510
83.053
84.252
85.101
82.698
82.311
83.180
78.477
77.886
81.752
79.967
83.661
87.176
86.770
88.469
86.294
89.404
86.960
87.909
86.487
82.539
78.883
77.692
78.134
80.009
78.790
82.852
83.941
84.868
84.582
84.854
80.628
81.400
76.717
77.268
83.280
82.422
84.372
82.310
84.834
88.886
91.532
92.323
90.244
90.327
87.545
85.700
84.465
83.172
81.456
85.232
87.559
89.368
89.450
90.373
87.017
88.725
86.864
84.592
81.453
77.862
68.922
52.758
46.261
38.946
33.350
31.286
30.822
32.501
32.462
31.981
33.476
33.960
33.704
30.245
31.867
32.345
33.184
35.708
35.995
37.633
36.831
35.620
37.157
36.561
35.115
35.336
39.224
39.787
43.037
42.738
42.845
48.204
47.260
47.134
44.560
43.848
44.477
46.429
43.312
34.710
32.751
31.316
27.298
34.297
30.961
36.702
30.416
28.049
31.259
33.012
