72.707
83.745
87.966
89.473
90.825
89.641
89.200
91.727
91.107
89.705
91.030
93.109
94.772
94.777
94.344
93.547
92.492
90.942
91.726
93.835
92.284
90.596
91.735
90.605
91.993
93.964
93.589
92.631
92.735
93.009
93.959
95.209
95.148
95.323
93.073
92.819
89.020
88.881
86.676
86.351
87.066
89.582
90.343
92.548
95.259
95.245
94.919
93.389
91.162
88.729
87.017
86.379
89.715
91.108
87.793
88.809
91.071
89.163
84.307
81.784
83.362
81.384
86.786
90.347
93.171
93.279
93.195
89.463
88.353
86.839
88.811
91.178
91.304
89.104
88.078
88.182
87.386
81.077
81.640
85.380
84.590
88.125
90.755
91.590
91.058
89.636
90.278
89.061
88.848
85.813
84.073
81.529
79.432
78.512
80.085
81.246
84.026
87.300
87.368
87.130
86.756
84.204
85.223
84.184
83.272
88.189
87.563
89.293
87.101
88.889
91.548
92.024
92.530
90.264
90.510
87.058
84.423
83.810
80.816
82.133
84.642
88.507
90.302
90.161
91.679
89.825
90.977
90.180
89.119
86.015
82.899
78.067
66.155
59.813
57.078
58.145
55.029
55.883
54.417
52.243
44.861
43.457
43.961
38.235
33.588
32.415
33.682
33.672
38.288
31.920
36.203
36.278
38.352
38.159
40.288
41.634
41.153
39.861
27.536
