45.974
43.645
46.552
42.957
45.567
46.271
45.973
43.256
42.262
43.158
43.667
40.701
38.285
40.494
40.473
38.527
39.799
40.656
41.367
42.763
42.876
44.963
41.280
43.270
40.764
38.739
40.496
38.487
41.585
40.134
40.155
40.440
40.692
39.535
46.815
54.953
70.290
84.160
89.333
90.151
91.464
91.651
88.771
85.015
82.739
80.013
73.107
72.048
71.882
72.446
69.730
66.619
69.179
65.398
63.897
69.310
74.008
71.511
73.222
78.793
79.666
83.180
84.446
86.468
88.217
89.395
90.185
91.868
92.443
91.177
90.082
92.792
92.390
90.489
92.165
94.402
95.494
95.663
94.445
92.752
90.682
88.254
89.714
91.636
88.926
86.638
88.708
87.913
90.393
93.365
94.027
92.951
93.193
94.292
94.735
95.694
95.901
95.147
93.986
92.644
88.915
88.181
84.879
85.681
86.117
88.692
89.379
92.012
94.817
95.220
94.626
94.442
92.894
92.341
92.199
91.140
92.940
94.180
91.745
90.980
92.734
91.885
85.122
79.826
83.897
81.118
87.279
92.139
93.667
94.540
93.473
89.519
86.232
84.775
88.796
92.220
91.405
91.524
92.521
92.629
89.889
86.482
86.796
85.821
83.588
86.094
86.132
87.577
85.818
85.745
81.768
80.516
75.850
73.577
68.819
64.090
59.697
56.418
59.472
