66.775
73.634
78.351
78.795
82.218
84.445
88.286
87.240
86.079
85.151
81.171
81.958
78.899
79.198
79.300
81.269
79.300
82.564
87.649
87.640
88.494
88.209
86.421
85.138
82.783
83.223
86.732
87.579
82.779
85.806
87.592
83.609
79.077
74.730
77.659
75.923
79.001
83.192
85.016
86.751
81.445
75.972
77.400
79.696
83.862
85.312
86.691
86.461
84.682
83.545
83.363
78.136
78.873
82.372
80.578
85.029
88.100
89.120
90.320
88.821
90.814
88.833
89.079
87.812
84.016
80.930
79.913
80.952
82.875
81.603
84.475
86.010
86.283
85.033
84.828
79.224
80.032
73.864
75.830
82.102
81.168
84.602
82.570
87.111
90.171
93.009
93.000
91.618
91.095
88.897
87.091
85.509
86.026
84.260
86.963
89.247
90.593
91.091
91.760
89.128
90.209
87.742
84.964
81.216
77.030
66.617
53.089
44.809
37.546
33.628
31.267
29.819
31.003
33.252
33.370
35.639
35.174
35.878
33.805
33.508
33.848
34.745
36.852
36.405
37.905
38.488
36.781
39.790
37.056
36.265
34.707
38.567
41.968
45.177
43.359
43.026
49.683
48.459
46.505
44.454
45.572
43.516
47.224
44.945
37.226
37.667
33.019
33.151
35.139
31.642
34.654
29.415
28.441
30.054
33.012
32.553
33.948
33.442
33.885
