69.897
65.035
79.312
81.444
77.470
70.261
79.935
85.094
82.431
84.790
87.228
86.700
88.548
87.875
78.228
76.452
77.900
82.446
88.221
88.433
90.295
90.437
89.974
90.289
91.127
88.146
87.825
90.250
90.775
92.541
92.948
93.643
94.183
94.268
94.532
93.985
93.935
93.100
91.379
90.524
88.978
88.027
88.813
86.731
90.283
90.693
90.838
89.940
90.091
87.157
87.162
84.983
86.826
91.454
90.334
91.330
91.992
93.682
94.168
95.612
95.609
94.901
93.618
93.226
91.883
90.702
91.008
90.968
91.327
93.665
93.952
94.973
95.209
94.418
94.609
93.965
93.422
91.901
89.283
83.384
80.580
81.795
86.419
88.592
90.233
89.270
88.407
87.963
88.267
86.976
88.750
88.592
88.311
86.048
85.167
85.547
85.463
80.582
82.229
83.875
87.631
87.770
88.844
88.341
89.884
89.801
90.076
90.339
91.112
91.832
91.689
92.031
92.312
91.804
91.625
90.708
88.699
88.307
89.202
92.573
91.627
91.228
89.817
88.139
86.981
88.301
89.855
87.400
86.480
87.508
87.050
89.054
90.948
90.921
90.024
89.488
91.271
90.442
92.023
92.603
91.769
90.292
89.229
86.705
85.899
83.395
83.975
83.603
84.607
87.135
87.463
91.640
90.498
89.118
88.358
82.430
80.728
61.918
54.653
