42.825
50.678
56.104
64.606
80.273
89.692
93.479
94.827
95.672
96.047
95.708
94.567
93.255
93.083
91.685
90.767
92.480
93.444
93.475
91.789
90.198
89.315
87.895
86.877
86.880
87.123
86.939
87.463
90.287
91.844
93.240
93.701
93.568
94.101
94.520
95.569
95.707
95.054
94.788
96.042
95.378
93.276
94.420
95.533
96.649
96.459
96.145
95.011
93.124
92.007
93.779
94.285
92.120
91.678
92.958
91.790
93.302
95.393
95.962
94.587
94.752
96.009
95.544
96.809
96.424
96.081
95.048
93.868
90.501
89.422
86.630
87.166
88.219
90.511
91.819
93.764
95.954
96.053
95.560
95.062
93.600
93.329
93.436
92.756
94.051
94.939
93.617
92.717
94.132
93.454
88.486
85.496
89.447
88.273
92.638
94.686
95.814
96.417
96.313
94.407
92.787
92.044
92.956
95.207
95.852
94.908
94.578
95.004
94.540
91.976
91.589
92.879
91.900
92.743
94.421
94.949
94.799
94.599
94.317
93.749
92.678
91.346
91.097
90.187
89.696
90.839
91.135
91.513
92.979
94.539
93.833
91.542
89.550
89.728
85.780
89.262
88.826
91.815
90.760
90.144
89.990
91.932
93.405
94.358
94.854
94.154
93.412
91.358
88.223
87.908
87.737
87.667
86.935
90.912
93.085
94.255
94.419
93.782
92.387
