38.786
46.056
42.887
46.223
46.466
46.497
44.299
41.939
42.649
43.737
40.606
38.194
40.720
39.873
38.184
39.666
40.491
40.896
42.227
42.515
44.532
41.130
43.351
40.629
38.795
40.519
38.775
41.840
40.383
40.167
40.599
41.095
39.619
46.673
55.215
71.080
84.541
89.832
90.842
92.481
92.931
91.001
88.357
86.961
84.795
78.556
79.203
80.347
80.593
80.161
77.334
79.644
77.348
76.831
78.229
80.614
80.298
81.817
84.220
84.399
87.652
87.583
89.127
90.682
91.419
91.711
93.160
93.613
92.120
91.099
93.568
93.036
91.018
92.528
94.778
95.972
96.024
95.105
93.561
91.623
89.613
91.286
92.683
90.297
88.750
90.592
89.633
91.622
94.246
94.842
93.661
93.737
94.879
95.149
96.184
96.219
95.573
94.491
93.262
89.575
88.831
85.426
86.284
86.913
89.303
90.129
92.727
95.276
95.607
94.973
94.796
93.318
92.806
92.619
91.649
93.289
94.471
92.091
91.356
93.118
92.242
85.500
80.320
84.307
81.426
87.630
92.490
94.247
95.120
94.468
90.970
87.603
86.032
89.723
92.994
92.291
92.341
93.114
93.201
90.814
87.618
87.505
86.462
84.337
86.821
87.596
89.218
88.263
88.581
85.870
84.742
82.468
80.458
79.010
78.895
74.708
71.158
68.663
69.113
