51.103
58.201
72.409
79.078
84.518
89.152
91.843
92.826
92.550
92.492
91.883
90.226
89.761
92.858
91.485
89.356
89.760
88.526
90.222
91.242
89.831
89.172
88.552
88.290
91.559
93.407
93.777
94.716
92.181
92.492
88.980
88.754
86.183
86.165
86.774
88.895
89.482
91.158
94.169
94.406
94.570
92.824
91.006
87.615
84.997
84.241
87.900
88.901
85.381
85.957
88.796
86.089
79.512
77.549
78.528
77.728
82.569
86.643
89.670
90.520
90.268
86.522
85.891
84.811
88.050
89.212
89.469
87.858
86.273
86.008
85.842
78.848
79.702
83.317
81.617
85.610
88.164
88.684
89.390
87.887
89.472
87.395
88.164
84.259
82.487
79.251
78.353
77.520
79.257
79.993
83.386
85.845
85.657
86.039
85.005
83.192
84.193
83.068
81.493
86.766
85.212
87.124
84.081
86.783
89.769
91.986
92.566
90.008
91.025
88.250
86.376
85.437
84.754
83.872
86.007
87.893
89.368
88.928
90.159
87.679
88.697
87.606
86.951
83.426
80.256
76.109
62.551
58.607
56.896
58.176
54.649
56.068
52.849
50.321
46.164
43.073
46.357
39.719
34.632
33.222
34.668
33.789
37.486
34.966
36.139
35.119
36.857
34.954
34.216
36.855
32.411
28.700
26.684
31.628
29.238
25.237
29.662
28.173
24.384
