61.974
68.555
75.921
79.843
78.644
82.543
83.669
88.566
88.276
85.887
85.099
82.044
83.115
79.626
79.649
81.424
82.142
83.272
83.005
88.519
87.995
89.274
88.749
87.947
86.441
84.772
85.491
88.145
88.672
84.684
87.575
88.172
84.929
80.340
77.272
79.555
77.374
80.627
84.893
86.012
87.528
81.362
71.640
77.130
81.094
85.083
86.266
87.493
87.837
86.055
85.902
86.816
80.687
81.583
85.098
82.971
87.289
90.120
90.151
91.528
90.001
91.660
90.078
90.658
87.970
85.585
81.695
81.552
81.301
83.571
81.748
84.707
86.982
87.174
86.892
86.327
81.875
83.448
78.099
78.525
84.727
84.540
87.422
85.755
89.410
92.341
94.141
94.589
92.469
93.090
90.432
87.974
87.446
86.928
85.859
88.802
90.321
92.001
92.067
93.036
91.230
91.532
90.224
86.991
84.245
80.461
71.272
55.651
46.049
40.119
34.125
30.753
30.066
31.782
34.747
35.937
36.264
36.445
36.675
36.455
34.644
35.858
36.422
37.602
35.991
39.778
39.523
37.305
40.857
38.282
39.667
38.631
44.064
43.434
47.565
47.324
48.410
52.519
51.646
51.221
47.695
48.673
47.074
48.356
50.703
44.209
45.587
40.909
41.492
46.705
41.220
46.821
41.968
41.714
39.485
46.582
42.052
39.586
34.938
