50.445
46.875
46.279
46.689
44.287
41.772
41.518
40.701
39.103
41.392
41.411
40.422
41.748
38.822
40.475
40.887
41.494
43.615
50.489
58.706
76.451
86.508
91.437
92.753
94.411
94.921
94.524
92.862
92.185
91.718
90.869
90.276
91.908
93.189
93.056
91.761
90.775
89.110
88.295
87.140
87.703
88.661
88.755
88.980
88.450
90.559
89.822
91.293
92.848
93.145
92.949
94.419
95.064
93.453
92.593
94.962
94.488
92.399
93.510
95.268
96.596
96.542
96.202
95.096
93.395
92.243
93.914
94.349
92.264
91.940
93.138
91.720
93.297
95.296
95.871
94.493
94.561
95.870
95.666
96.743
96.563
96.139
95.230
94.113
90.571
89.640
87.039
87.325
87.896
90.557
91.317
93.745
95.940
96.111
95.537
95.278
93.877
93.351
93.182
92.098
93.960
94.859
92.831
92.088
93.885
92.890
86.791
82.555
86.482
83.865
90.041
93.572
95.181
96.193
96.142
94.056
92.688
92.153
93.040
95.319
95.641
94.883
94.493
94.599
93.572
89.878
89.508
90.147
87.809
89.130
91.082
91.818
92.045
91.463
90.141
89.949
89.384
89.402
90.428
90.300
89.172
90.929
91.260
91.799
92.924
94.181
93.399
90.684
88.273
86.831
83.611
84.429
82.993
86.219
79.292
74.572
76.242
74.499
69.382
