31.754
30.625
32.171
29.694
35.115
34.517
35.582
35.013
36.387
34.057
31.850
33.935
33.581
32.951
31.436
30.588
33.204
32.229
32.986
36.992
34.929
38.348
35.925
41.285
40.727
46.957
44.333
49.231
48.325
53.817
48.022
46.108
45.574
48.122
44.652
43.796
43.823
43.020
41.283
41.102
39.881
38.628
37.334
36.993
34.308
35.871
32.616
37.462
32.820
38.719
37.398
39.293
40.722
47.221
51.157
68.698
79.666
85.645
87.740
89.915
89.581
86.806
84.222
81.865
80.381
74.860
75.702
72.524
76.354
72.991
70.604
76.165
74.841
74.364
77.361
78.886
78.260
80.081
83.552
84.445
87.546
88.263
88.294
89.127
90.427
90.650
91.496
91.911
90.666
89.165
91.997
91.574
89.996
91.113
93.642
94.790
94.863
93.850
92.208
90.216
88.267
89.892
91.457
88.697
87.639
88.787
87.636
89.677
92.859
93.501
92.624
92.566
93.710
94.459
95.271
95.588
94.756
92.945
91.939
88.038
87.429
84.390
85.109
85.270
87.682
88.302
91.321
94.275
95.000
94.234
93.850
91.958
91.434
91.072
90.606
92.503
93.289
90.123
90.691
92.703
91.150
85.363
78.578
82.141
77.600
84.617
89.602
92.362
93.214
92.315
88.220
85.013
82.712
87.079
89.822
88.012
89.223
88.833
84.503
