69.515
78.049
77.091
78.140
81.627
84.550
84.612
86.559
90.017
92.077
92.841
92.347
92.388
91.877
90.190
89.968
92.896
91.662
89.258
90.210
88.904
90.664
92.343
91.121
90.774
90.333
89.703
92.286
93.676
93.887
94.598
92.064
92.343
88.685
88.378
86.176
85.736
86.203
88.549
89.001
91.437
94.510
94.505
94.431
92.768
90.649
87.711
85.470
84.323
87.818
89.083
85.620
85.966
88.841
86.814
80.449
77.725
79.086
77.063
82.218
87.221
89.400
90.471
89.986
86.502
86.158
84.997
87.789
89.164
89.067
87.858
86.625
86.108
85.660
79.265
79.878
83.162
81.612
84.808
87.414
87.631
88.146
86.838
88.832
87.497
88.103
84.749
83.150
79.788
78.275
77.946
79.123
79.916
83.420
85.700
85.897
86.417
85.717
83.963
84.719
83.400
82.369
86.844
85.732
86.970
84.220
85.397
88.692
89.716
92.105
89.475
90.905
88.804
86.357
85.389
82.362
82.213
85.159
88.534
90.033
88.789
89.714
86.187
87.341
86.611
86.181
83.048
80.699
76.675
63.854
58.590
57.516
58.834
54.980
55.423
53.633
50.183
44.699
40.718
43.190
37.543
30.862
30.057
30.866
29.007
36.836
35.205
37.453
36.732
37.854
39.098
39.385
39.168
35.481
33.328
28.687
33.184
30.812
21.616
