47.278
49.177
50.254
45.949
43.145
43.279
45.480
41.594
41.918
44.097
41.282
40.076
40.510
40.001
41.775
49.160
58.535
76.683
87.060
91.966
93.702
95.119
95.464
95.097
93.579
92.999
92.468
91.460
90.818
92.451
93.495
93.442
91.951
90.626
89.245
88.087
87.172
87.677
88.707
88.907
88.949
88.682
90.023
89.190
91.311
92.424
92.415
92.476
94.362
94.931
93.517
93.112
95.384
94.831
92.606
93.801
95.309
96.585
96.463
96.180
95.026
93.237
92.155
93.892
94.247
92.117
91.728
92.948
91.594
93.183
95.258
95.816
94.507
94.614
95.838
95.531
96.703
96.463
96.040
95.055
93.952
90.353
89.507
86.697
87.081
87.887
90.391
91.308
93.632
95.839
96.033
95.467
95.017
93.578
92.877
92.393
91.007
93.197
94.475
92.293
91.161
93.361
92.555
86.230
82.057
86.556
84.503
90.761
93.781
95.499
96.332
96.293
94.316
92.787
92.335
93.114
95.298
95.839
94.990
94.372
94.586
93.838
90.020
89.728
90.825
89.050
90.508
92.662
93.167
93.175
92.463
91.790
90.925
89.920
89.899
91.006
90.565
89.640
90.941
91.273
91.843
93.105
94.609
93.898
91.385
89.326
88.826
85.982
87.804
85.360
88.914
85.188
84.346
83.860
84.013
86.076
84.897
85.253
77.846
