39.599
35.898
35.571
37.522
34.162
38.615
35.913
34.840
37.887
35.679
37.039
37.089
37.671
39.667
37.554
39.829
41.576
44.432
43.406
49.221
47.989
53.617
45.155
43.684
43.622
45.917
42.378
42.811
43.034
42.361
41.980
42.197
43.736
40.882
40.588
38.174
39.971
38.200
36.840
40.079
38.973
37.368
37.926
39.946
41.057
44.565
52.782
68.225
81.673
86.833
88.116
89.941
90.007
86.770
84.241
82.329
81.598
75.868
78.230
76.864
80.427
77.283
75.423
79.215
76.650
75.494
78.294
80.053
78.587
79.688
84.153
84.082
86.962
87.353
87.598
89.053
90.154
89.942
91.188
91.785
90.139
88.037
91.519
91.276
89.313
90.917
93.640
95.081
95.382
94.580
93.069
90.894
89.087
90.690
92.050
89.515
88.354
89.554
88.589
90.302
93.313
93.850
92.612
92.527
93.853
94.481
95.571
95.820
95.166
93.987
92.517
88.659
87.882
84.255
85.277
85.970
88.451
89.381
91.839
94.642
95.161
94.543
94.206
92.606
91.710
91.391
90.267
92.002
93.674
90.425
90.165
92.039
90.942
83.779
78.329
82.145
79.206
85.345
90.406
92.475
94.040
93.256
90.243
87.994
86.548
89.893
92.675
91.340
91.859
91.918
91.435
88.901
84.459
84.696
83.383
79.966
84.100
83.736
83.842
