72.389
82.946
85.498
87.978
88.948
90.366
91.538
92.094
91.130
91.682
92.883
91.991
91.277
92.689
94.047
95.014
94.860
93.902
93.088
92.111
90.189
90.903
92.982
91.683
89.444
90.561
89.968
91.890
93.727
93.275
92.572
92.962
93.453
94.314
95.115
95.403
95.128
93.654
92.974
89.344
88.810
86.384
86.169
86.978
89.373
90.723
92.616
95.029
95.334
94.816
94.295
92.652
91.203
90.200
89.621
92.905
93.499
91.141
91.535
93.878
92.250
87.512
84.853
87.592
83.618
88.169
91.151
93.203
93.304
92.724
88.744
86.508
85.281
88.553
91.464
91.161
89.144
89.612
90.074
87.949
82.908
83.230
86.486
84.750
88.555
90.525
91.221
90.103
88.719
88.873
86.284
84.208
80.832
79.621
75.886
73.714
73.587
75.109
77.392
81.185
85.184
85.477
85.554
85.367
84.013
84.890
83.659
83.322
88.422
87.799
89.724
88.753
90.830
92.028
92.074
92.033
90.058
88.535
84.587
81.959
81.844
80.183
79.853
80.954
84.362
87.246
88.477
90.117
90.254
90.887
91.374
90.105
86.826
83.473
79.114
64.759
55.869
53.303
53.731
50.882
49.407
50.127
46.910
44.004
44.126
46.873
60.025
56.720
65.765
60.595
62.374
50.589
39.058
35.932
34.729
34.553
28.820
29.294
32.410
