87.211
92.375
93.366
93.069
93.095
92.259
90.794
90.527
93.156
91.801
90.057
90.569
88.931
90.456
91.492
90.008
88.752
89.153
88.092
92.172
93.786
94.154
94.825
92.674
92.913
89.208
88.920
86.824
86.116
86.333
89.029
89.870
91.457
94.352
94.499
94.594
93.235
91.408
88.388
86.053
85.433
88.825
89.651
86.291
86.925
89.570
85.925
80.812
76.484
77.827
76.593
82.748
86.857
89.783
91.747
91.297
87.879
87.215
86.580
89.345
90.623
90.500
89.114
87.578
86.845
86.442
79.842
80.358
83.312
81.858
85.752
88.702
90.408
91.642
91.194
92.150
91.492
91.506
89.452
87.966
85.053
84.264
82.595
83.425
83.671
86.304
88.495
87.981
87.743
87.318
84.008
84.812
82.694
81.638
86.740
84.752
86.871
83.561
85.881
90.317
92.766
94.349
92.273
93.482
92.196
89.766
89.975
87.936
87.820
90.499
91.846
92.477
92.222
92.435
89.895
89.515
87.903
86.587
82.799
80.220
75.146
62.303
57.545
55.265
57.295
53.368
54.169
52.201
50.570
46.038
42.936
44.468
39.516
33.358
32.461
34.000
32.809
38.288
35.617
38.987
39.469
38.432
38.811
40.685
40.393
39.467
36.716
34.272
36.914
35.533
26.853
33.778
35.682
34.004
28.765
34.465
33.771
31.594
31.359
