49.783
54.651
51.276
47.064
46.462
46.330
44.602
46.397
51.924
60.313
77.493
87.738
92.418
94.040
95.324
95.445
94.863
92.161
91.701
90.210
89.175
90.297
92.222
92.575
92.878
91.345
89.990
89.149
88.264
86.492
86.432
85.635
85.148
83.855
83.476
84.698
84.897
88.075
89.797
90.162
91.149
93.835
94.740
93.657
93.365
95.695
95.208
93.083
94.104
95.461
96.666
96.502
96.227
95.082
93.341
92.313
94.003
94.390
92.328
91.845
93.081
91.826
93.302
95.474
95.970
94.698
94.841
96.045
95.665
96.814
96.499
96.107
95.152
94.027
90.630
89.671
86.627
87.254
88.264
90.756
91.642
93.925
95.942
96.092
95.559
95.051
93.658
93.092
92.908
91.592
93.508
94.625
92.756
91.663
93.663
92.888
86.504
82.722
87.438
85.716
91.400
94.094
95.654
96.398
96.391
94.330
92.931
92.650
93.272
95.382
95.953
95.125
94.538
94.804
94.186
90.806
90.222
91.497
89.932
91.006
92.917
93.128
92.667
90.470
89.271
87.316
84.822
84.723
86.919
87.462
88.078
90.325
91.381
91.990
93.219
94.677
94.059
91.719
89.640
89.550
86.263
89.130
87.060
89.790
87.304
86.309
85.775
85.685
85.909
84.209
83.045
78.832
71.182
61.118
53.789
45.369
44.192
43.749
40.076
