79.570
87.460
89.570
90.550
89.250
88.735
91.304
90.944
89.228
90.561
92.863
94.636
94.672
94.449
93.720
92.404
91.162
92.074
93.914
92.262
90.979
91.939
90.357
91.924
93.718
93.547
92.468
92.432
92.716
93.727
95.180
94.998
95.220
92.997
92.770
89.189
88.726
85.899
86.119
86.471
89.102
89.736
92.103
94.950
95.035
94.796
93.246
91.226
88.647
86.625
86.077
89.310
90.601
87.195
87.964
90.412
88.682
82.961
81.256
82.242
80.150
85.707
89.552
92.946
93.208
93.272
89.578
88.819
87.578
89.302
91.351
91.499
89.486
88.129
88.086
87.244
80.830
81.067
85.037
83.843
87.810
90.714
91.634
91.527
90.412
91.032
89.856
89.517
86.675
85.208
82.920
81.026
80.137
81.669
82.920
85.412
88.254
88.223
88.068
87.100
84.800
85.696
84.326
83.074
88.180
87.439
89.507
87.333
89.690
91.790
92.277
92.870
90.788
91.017
87.849
85.000
83.977
81.892
83.246
85.663
89.647
91.049
91.007
92.262
90.349
91.243
90.340
89.276
85.793
82.303
77.552
64.996
59.232
56.402
58.276
54.822
55.483
54.319
50.959
45.985
42.129
42.700
38.242
31.939
29.696
32.864
30.166
37.191
37.824
37.745
39.363
39.546
40.032
43.376
41.723
40.273
44.378
37.591
38.269
