59.303
59.985
57.963
56.859
72.556
78.901
77.706
81.737
84.752
85.052
87.783
87.771
81.452
76.252
77.877
82.442
88.454
88.777
90.601
90.624
90.495
90.452
90.867
87.766
87.505
89.764
90.104
92.174
92.990
93.680
94.222
94.379
94.569
94.097
94.011
93.255
91.531
90.661
89.211
88.243
88.832
86.945
90.300
90.770
90.827
89.873
89.636
85.882
86.109
83.091
85.132
90.585
89.347
90.825
91.367
93.468
94.099
95.658
95.664
94.969
93.653
93.285
91.935
90.909
91.173
90.981
91.421
93.830
94.047
95.083
95.261
94.549
94.647
93.833
93.330
91.250
88.562
82.293
79.990
81.449
86.013
88.773
90.614
89.593
88.709
88.350
88.395
86.798
88.763
88.684
88.469
86.232
85.710
86.047
85.948
82.153
82.875
84.362
88.001
88.396
89.325
88.788
90.148
90.091
90.470
90.773
91.416
92.211
92.079
92.347
92.530
91.877
91.603
90.869
88.630
87.856
88.492
92.533
91.335
92.080
90.941
89.406
88.316
89.475
90.753
88.338
87.338
87.980
87.662
89.680
91.410
91.345
90.719
90.092
91.650
90.262
92.177
92.574
92.196
90.447
90.073
86.793
86.958
83.825
84.024
83.378
84.760
86.980
87.574
92.102
90.659
89.858
89.003
83.942
80.555
77.978
74.553
75.678
78.565
