49.115
54.819
53.422
51.450
49.365
51.740
55.576
61.781
78.254
88.228
92.726
94.321
95.382
95.398
94.657
92.095
91.697
90.025
88.446
89.789
91.945
92.294
92.451
90.720
89.245
88.420
87.785
85.696
85.301
84.385
83.523
82.533
82.523
84.000
84.357
88.064
89.674
90.138
91.388
93.633
94.598
93.575
93.521
95.616
95.029
92.934
94.079
95.402
96.566
96.435
96.108
94.952
93.105
91.952
93.662
94.167
91.944
91.351
92.611
91.392
93.073
95.177
95.729
94.396
94.571
95.810
95.496
96.697
96.428
96.055
95.011
93.848
90.343
89.272
86.415
86.800
87.857
90.337
91.339
93.572
95.833
95.954
95.451
94.981
93.457
93.051
93.074
91.864
93.626
94.661
92.941
91.846
93.750
93.079
86.988
83.183
87.965
86.344
91.826
94.255
95.650
96.367
96.243
94.094
92.621
92.232
92.864
95.238
95.887
94.982
94.485
94.874
94.384
91.218
90.537
91.973
90.474
91.657
93.464
93.377
92.711
90.935
89.803
88.064
84.876
84.509
86.030
86.301
86.936
89.462
90.765
91.564
93.010
94.575
94.008
91.641
89.868
89.710
86.611
89.355
88.162
90.871
88.444
87.867
86.593
86.424
86.880
84.860
83.808
79.958
74.425
69.005
61.551
58.153
60.042
64.562
58.783
60.827
56.366
