50.551
53.900
56.109
50.458
50.523
48.915
48.991
45.971
42.315
44.654
43.004
41.223
41.620
42.415
42.491
43.785
43.363
43.793
41.559
44.992
42.934
40.367
42.883
41.307
45.020
43.276
42.924
42.878
41.853
41.959
49.092
56.436
72.977
85.879
91.043
92.605
94.314
95.192
94.601
93.375
92.737
92.316
90.928
91.369
92.722
93.231
92.822
91.186
90.534
89.259
88.097
87.650
87.977
89.005
89.634
89.658
89.574
91.003
90.719
92.231
93.053
93.284
93.785
94.825
94.970
93.765
93.045
94.883
94.051
91.876
93.125
95.103
96.347
96.318
95.866
94.639
92.792
91.767
93.529
93.917
91.717
91.409
92.578
91.059
92.575
94.711
95.417
93.981
94.009
95.245
95.294
96.360
96.287
95.775
94.807
93.568
89.741
88.973
85.799
86.476
87.209
89.751
90.545
92.944
95.405
95.726
95.107
94.944
93.427
93.095
92.907
92.196
93.552
94.687
92.625
91.821
93.498
92.736
86.291
81.514
85.407
82.795
89.030
93.289
95.096
95.939
95.839
93.374
91.231
90.838
92.518
94.617
95.124
94.809
94.212
94.323
93.043
89.784
89.101
88.531
86.640
88.963
91.123
92.334
92.833
92.673
91.875
91.012
90.110
89.839
90.350
90.114
89.548
90.602
90.628
90.707
92.398
93.515
90.733
