68.614
81.608
82.589
87.156
84.965
86.065
88.023
86.937
88.061
88.956
90.758
90.819
90.897
92.046
92.121
92.105
90.083
88.254
91.962
91.627
90.689
92.978
93.505
94.072
93.058
90.005
73.952
83.452
87.242
89.999
91.646
93.644
92.874
92.197
93.239
93.328
90.357
90.903
92.968
93.443
94.784
95.224
95.403
95.439
94.943
95.099
94.673
94.153
93.044
91.939
91.110
89.815
88.756
89.342
88.923
91.298
92.555
92.517
91.648
91.416
89.386
89.250
86.557
88.695
93.300
92.253
93.240
94.070
95.349
95.599
96.221
96.016
95.114
94.121
93.414
91.137
90.344
89.139
89.107
90.925
93.976
94.393
95.340
95.820
95.821
95.793
95.583
95.269
94.160
92.156
87.138
82.549
83.551
86.695
89.782
88.946
86.304
84.434
84.798
84.658
83.603
84.270
85.120
82.814
81.772
76.769
78.510
72.280
66.181
72.927
76.078
78.237
78.858
79.938
81.052
82.096
85.523
85.459
85.232
87.957
89.939
89.366
90.462
91.770
91.524
91.714
91.704
89.599
89.243
89.414
91.999
90.846
89.175
87.132
84.564
83.245
84.276
85.790
83.286
81.420
82.788
81.815
83.969
88.004
88.735
89.893
89.684
90.567
89.743
89.495
89.889
87.941
87.651
85.298
79.137
70.894
61.455
55.884
51.080
