44.402
43.466
40.483
43.469
40.697
39.298
41.372
39.651
40.726
40.559
41.199
38.360
40.514
41.889
39.901
38.910
41.149
40.092
42.475
40.058
40.732
41.154
41.770
42.828
48.855
56.574
72.740
85.061
89.831
91.635
93.378
94.926
94.174
92.619
91.405
90.739
88.954
88.314
90.388
92.424
92.800
91.663
90.815
89.380
88.213
87.320
87.919
88.946
89.428
89.447
88.965
90.892
90.611
92.083
93.140
93.637
94.053
95.054
95.228
94.367
93.242
95.165
94.392
91.974
93.080
94.975
96.421
96.372
96.069
94.900
93.121
92.012
93.715
94.125
91.967
91.545
92.783
91.288
92.949
94.993
95.644
94.228
94.188
95.560
95.367
96.527
96.376
95.970
95.023
93.910
90.286
89.482
87.107
87.303
87.775
90.339
90.969
93.330
95.685
95.902
95.329
95.049
93.575
92.781
92.283
90.918
93.080
94.394
91.694
90.868
93.072
92.209
85.263
80.493
85.111
82.322
88.881
92.972
95.082
95.840
96.012
93.516
92.091
91.020
92.226
94.701
94.494
93.117
93.048
93.061
90.513
85.805
86.294
86.844
83.974
86.568
88.758
90.837
90.949
91.228
89.379
89.882
88.964
89.481
90.096
90.442
89.543
90.859
91.028
91.178
91.665
92.545
90.301
84.281
77.591
67.153
54.764
51.012
43.573
