93.832
97.048
97.331
96.953
97.083
96.485
95.599
94.417
94.246
93.037
91.781
93.465
94.298
94.071
92.573
91.243
90.421
89.053
88.500
88.607
89.616
89.317
89.213
92.666
93.391
94.612
94.982
94.458
94.975
95.725
96.364
96.267
95.968
96.417
97.132
96.124
95.031
96.573
97.325
97.495
97.185
96.304
95.132
93.237
92.253
94.020
94.455
92.433
92.182
93.314
92.193
93.526
95.490
96.076
94.614
95.107
96.415
96.456
97.061
96.950
96.253
95.370
94.057
90.687
89.864
87.294
87.416
88.607
90.797
92.122
93.994
96.107
96.313
95.732
95.570
94.094
94.360
95.476
95.921
95.966
96.591
96.864
96.564
96.769
96.711
94.527
94.258
95.623
95.081
96.652
97.282
97.684
97.386
96.636
94.717
93.177
92.227
93.066
95.525
96.303
95.244
95.319
96.326
95.806
94.412
95.132
96.320
96.921
96.909
96.675
96.629
96.295
95.939
95.768
95.100
94.150
92.892
92.749
91.742
91.099
91.916
91.915
92.106
93.499
95.293
94.621
92.889
92.406
92.091
90.450
92.660
93.871
95.666
95.408
94.588
95.531
95.612
95.701
96.111
96.341
95.530
94.768
93.544
91.590
90.426
89.914
91.770
89.524
93.228
94.663
95.633
96.142
95.935
96.024
96.174
96.153
96.444
95.145
90.692
