62.438
73.531
73.996
79.611
81.411
80.423
83.091
85.240
87.843
86.743
85.187
85.021
81.677
82.520
80.064
80.393
80.974
82.355
81.381
83.223
88.645
87.949
88.945
87.989
86.702
84.731
81.728
82.249
86.164
86.670
81.372
85.196
86.772
82.244
77.330
72.507
74.079
73.000
76.664
81.631
83.762
85.619
80.273
73.682
76.188
79.031
83.371
84.567
85.669
85.754
83.421
81.961
82.291
77.136
76.950
80.752
78.860
83.616
87.343
88.175
89.911
88.599
90.634
88.759
89.132
87.277
83.505
79.827
79.195
79.367
82.081
80.338
83.664
85.201
85.514
84.938
84.455
79.974
81.355
75.866
75.998
82.510
81.504
85.317
81.922
86.161
90.538
92.893
93.443
91.687
91.255
88.703
86.246
85.068
84.665
83.045
86.289
88.847
90.501
90.938
91.516
88.651
89.793
86.923
83.924
80.287
76.699
67.852
53.522
45.768
38.202
34.633
30.772
31.795
32.795
33.689
34.301
35.299
32.936
34.831
31.815
31.014
31.226
32.533
34.748
34.072
38.353
36.919
36.368
39.181
37.415
34.578
35.065
37.288
39.372
41.427
41.746
39.873
46.474
44.535
42.965
40.830
42.335
40.593
43.026
40.250
32.980
33.883
30.147
28.068
31.907
27.914
32.486
26.674
24.443
25.458
27.928
26.928
29.587
