51.720
63.442
69.192
76.714
80.666
85.464
89.227
91.482
92.458
92.254
92.370
91.880
90.067
89.602
92.801
91.382
89.254
89.880
88.226
90.059
91.397
89.776
88.812
88.387
88.456
91.558
93.297
93.768
94.657
92.035
92.432
88.793
88.563
86.436
86.117
86.035
88.834
89.185
91.382
94.313
94.423
94.524
92.868
90.830
87.470
85.210
84.423
87.827
89.019
85.552
85.857
88.902
86.544
80.737
77.541
79.130
77.358
82.362
86.326
88.933
89.890
89.599
86.234
85.638
84.476
87.610
88.827
88.863
87.349
86.123
85.752
85.225
78.925
79.805
82.756
81.341
84.997
87.527
87.964
88.829
87.473
89.498
87.518
87.710
84.476
82.405
78.881
77.429
77.500
79.140
79.613
83.186
85.586
85.747
85.977
85.418
83.406
84.633
83.013
81.832
86.740
85.423
87.032
84.328
86.335
89.705
90.970
92.560
90.296
90.958
88.836
86.772
84.992
83.273
83.138
85.498
88.625
90.139
89.490
90.320
87.336
87.993
87.179
86.574
83.373
80.657
76.889
62.721
58.042
57.008
58.907
54.434
55.425
53.271
50.776
44.939
42.775
44.825
39.849
32.392
32.212
34.419
33.068
37.347
35.811
37.993
35.931
38.227
37.321
38.657
37.019
32.866
30.508
27.237
33.928
32.241
25.543
28.603
20.353
