47.247
56.072
64.968
80.169
90.529
93.891
95.298
96.110
96.586
96.248
95.323
93.950
93.932
92.544
91.341
93.151
94.072
94.151
92.630
91.168
90.438
89.175
88.394
88.200
88.899
88.669
88.667
91.897
93.017
94.316
94.689
94.317
94.813
95.476
96.164
96.132
95.641
95.498
96.307
95.545
93.409
94.458
95.538
96.651
96.471
96.269
95.233
93.390
92.433
94.197
94.576
92.527
92.321
93.463
92.228
93.626
95.574
96.173
94.737
94.908
96.085
95.578
96.872
96.446
96.184
95.182
94.023
90.659
89.668
86.895
87.369
88.465
90.744
92.081
93.973
96.067
96.127
95.669
95.199
93.790
93.531
93.534
92.975
94.154
94.978
93.637
92.922
94.152
93.533
89.075
86.202
89.965
89.161
93.155
94.872
95.947
96.499
96.510
94.882
93.384
92.494
93.269
95.385
96.080
95.119
94.729
95.134
94.884
92.379
92.099
93.403
92.823
93.749
95.465
95.840
95.793
95.523
95.251
94.698
93.811
92.497
92.185
91.299
90.818
91.732
91.869
92.102
93.433
95.022
94.290
92.180
90.671
90.686
87.048
90.446
90.183
93.144
92.787
92.959
93.279
94.494
95.057
95.686
95.934
95.295
94.586
92.947
90.665
89.710
89.586
90.666
88.719
92.590
94.457
95.304
95.626
95.379
95.383
94.095
