67.274
81.132
86.158
90.278
91.662
91.217
91.765
93.002
93.409
93.716
94.165
93.323
93.160
94.410
93.467
92.112
93.274
94.802
95.861
95.492
95.013
93.878
92.875
91.376
92.413
94.215
92.630
90.859
92.236
91.123
92.964
94.661
94.679
93.507
93.695
94.655
95.095
95.990
95.724
95.634
93.475
93.140
89.327
89.295
86.903
86.862
87.926
90.424
91.529
93.355
95.709
95.716
95.276
93.915
91.557
89.725
88.862
87.962
91.468
92.857
90.718
91.258
93.378
92.405
88.282
86.482
87.977
85.792
89.881
93.034
95.071
94.603
94.367
90.973
89.052
87.239
89.397
92.120
92.114
89.824
89.231
89.790
89.123
83.811
84.079
87.665
87.243
90.674
91.925
93.257
92.624
91.865
91.829
90.130
88.367
84.895
82.226
77.861
76.819
75.774
78.386
80.201
83.597
87.745
88.019
87.447
87.131
85.305
85.723
84.314
85.153
89.195
89.056
90.275
89.543
91.926
93.925
94.605
95.155
93.765
92.981
90.804
89.121
88.377
88.156
89.519
87.713
89.190
91.728
92.766
93.889
92.840
93.046
92.411
90.660
88.343
86.159
81.104
69.548
61.700
60.907
63.108
60.245
60.943
59.670
60.765
49.644
49.609
52.133
47.434
35.248
34.799
39.955
35.856
33.430
35.282
36.239
29.869
45.660
