62.522
77.501
82.735
83.506
85.856
85.912
83.900
87.087
88.573
89.880
85.628
85.012
88.350
86.952
87.292
89.270
89.915
91.096
90.202
81.392
77.406
80.760
84.607
88.954
89.079
91.241
91.270
90.212
90.744
91.401
88.420
88.214
90.638
91.411
93.119
93.574
94.161
94.513
94.522
94.707
94.237
93.998
93.270
91.413
90.648
88.767
88.238
89.226
87.457
90.581
91.229
91.199
90.589
90.508
87.980
87.674
85.606
87.140
91.732
90.641
91.575
92.270
93.916
94.331
95.770
95.751
95.051
93.722
93.444
91.978
91.163
91.431
91.456
91.665
93.898
94.118
95.233
95.349
94.724
94.859
94.307
93.835
92.416
89.862
84.449
80.882
82.500
86.410
89.092
90.093
88.332
87.281
86.331
86.750
85.377
86.090
86.561
85.481
84.052
81.871
81.402
76.921
70.454
76.618
80.789
83.925
85.927
86.748
87.693
89.236
89.411
89.669
89.692
90.848
91.765
91.413
91.882
92.185
91.766
91.601
90.673
88.731
88.037
89.201
92.312
92.214
91.609
90.495
88.361
86.365
87.554
89.130
86.297
85.143
86.362
85.847
88.272
90.551
90.264
89.919
89.322
90.825
89.803
90.995
92.246
91.486
90.489
90.196
87.425
87.252
83.849
83.581
81.745
81.593
84.366
83.407
89.282
88.626
81.386
