72.307
83.177
87.060
88.154
90.286
91.579
92.027
91.407
91.953
93.082
92.284
91.262
93.310
94.487
95.229
94.950
94.045
92.874
91.499
89.758
90.718
92.482
91.022
89.362
90.591
88.798
91.100
93.174
93.105
92.240
92.601
93.477
94.319
94.977
95.391
94.919
93.491
92.559
89.038
88.423
85.836
85.452
86.347
88.786
90.310
92.308
94.734
95.052
94.483
94.190
92.544
91.414
90.963
90.213
92.811
93.768
91.675
91.914
94.033
93.068
88.171
85.716
88.202
84.447
88.981
91.649
93.906
93.796
93.189
89.168
87.052
85.811
89.006
91.820
91.742
90.374
90.519
90.788
88.805
84.785
84.619
87.845
86.142
89.679
91.352
91.669
90.455
88.816
89.132
87.248
85.091
83.090
81.174
77.507
75.474
74.290
75.847
78.149
82.144
86.089
87.110
86.735
86.630
85.309
85.482
84.424
84.465
88.960
88.781
90.107
89.924
91.528
92.109
92.107
91.896
90.426
89.318
86.259
83.963
83.471
81.450
82.385
83.627
86.249
87.618
89.295
90.421
90.584
91.242
92.039
90.686
88.119
84.950
80.383
66.148
56.611
51.848
53.880
51.432
48.150
47.757
47.364
46.953
49.699
48.312
65.212
69.144
76.671
76.526
78.796
80.577
75.766
60.207
58.959
51.443
39.392
37.380
45.044
38.072
