58.860
81.519
82.781
84.932
83.663
82.062
78.939
77.403
76.028
79.647
77.030
77.179
82.571
84.856
88.829
90.740
90.408
90.895
92.384
93.129
93.460
94.119
93.885
94.271
95.414
94.555
93.510
95.247
96.214
96.385
96.130
94.935
93.586
91.565
89.910
91.350
92.793
90.312
88.608
90.118
89.883
91.762
94.156
94.453
93.483
93.953
95.085
95.536
96.125
96.213
95.477
94.208
92.977
89.345
88.516
85.207
85.500
86.949
89.266
90.518
92.714
95.294
95.654
95.026
94.762
93.000
92.605
92.424
92.834
94.585
95.266
94.255
94.929
95.721
94.932
91.849
91.324
92.283
89.538
92.576
94.900
96.035
95.396
94.263
90.759
88.918
88.320
90.580
93.357
93.409
92.129
92.017
92.559
91.222
86.940
86.893
90.461
90.446
92.502
93.227
93.340
92.445
90.898
90.864
88.555
86.991
83.187
82.710
80.592
82.175
82.946
84.860
86.170
88.411
90.992
90.140
89.250
88.135
86.560
86.481
85.735
86.662
90.564
90.482
91.444
91.888
93.396
93.905
94.346
94.430
93.115
92.085
89.697
87.668
87.335
86.620
87.427
84.061
87.497
90.532
91.842
93.071
92.932
93.481
93.755
92.817
90.837
87.767
83.724
73.092
65.162
61.144
66.383
63.558
66.985
64.278
67.115
65.422
57.794
