74.184
82.475
88.760
90.328
90.553
91.534
92.321
92.580
93.239
93.633
92.659
92.219
93.943
92.842
91.124
92.824
94.691
95.738
95.544
94.984
93.930
92.726
91.078
92.069
93.996
92.362
90.611
91.852
91.129
92.691
94.455
94.362
93.238
93.467
94.187
94.729
95.917
95.724
95.696
93.740
93.311
89.597
89.325
86.899
86.984
87.700
90.099
91.082
93.020
95.572
95.691
95.255
94.311
92.323
90.683
89.237
88.348
92.026
92.977
90.144
90.984
93.054
91.581
86.900
84.530
85.971
83.835
88.606
92.549
94.796
94.654
94.155
90.623
89.006
87.539
89.559
92.021
91.938
90.102
89.599
90.129
88.992
82.762
82.978
87.488
86.576
89.937
92.386
92.991
92.117
91.235
91.325
89.502
87.948
84.320
82.026
78.295
76.569
75.677
77.584
79.633
82.808
86.734
87.534
87.813
87.585
85.962
86.979
85.672
84.937
89.399
88.893
90.497
88.922
91.285
93.381
94.144
94.313
93.060
92.270
89.509
88.104
87.995
87.148
87.364
86.627
87.737
90.967
91.925
93.283
92.182
92.501
91.849
90.862
87.692
84.507
79.304
67.972
62.970
59.740
60.595
57.345
58.077
56.918
55.125
46.407
43.957
42.045
40.940
39.861
36.682
36.850
33.095
37.972
35.503
42.239
34.040
39.313
30.578
