50.277
60.476
66.629
78.206
80.231
81.702
84.604
83.704
84.822
87.251
86.519
88.179
89.308
90.885
90.870
91.320
92.612
92.630
92.125
90.533
88.717
92.192
92.246
90.820
93.132
93.951
94.260
93.514
91.539
71.435
82.732
87.386
90.326
91.958
94.011
93.218
92.562
93.602
93.583
90.538
91.168
93.223
93.567
94.989
95.483
95.667
95.841
95.669
95.705
95.435
94.788
93.759
92.457
91.642
90.438
89.277
89.655
89.283
91.716
92.986
92.942
92.131
92.011
89.781
89.709
86.792
88.843
93.615
92.620
93.649
94.325
95.604
95.951
96.747
96.797
96.142
95.404
94.932
93.401
93.824
92.765
93.634
93.245
95.129
95.438
96.124
96.477
96.431
96.152
95.837
95.603
94.329
92.414
87.705
82.826
84.376
87.767
91.762
92.223
90.691
90.629
89.926
90.126
89.686
90.669
90.636
89.588
88.761
86.540
86.104
85.332
82.258
82.530
85.145
87.757
88.039
89.603
89.549
90.525
91.052
91.063
91.234
92.200
93.344
93.150
93.528
94.032
93.532
93.875
93.418
90.921
90.466
90.583
93.824
93.355
92.713
91.485
90.209
88.642
89.321
90.748
88.844
87.162
88.051
88.419
90.356
92.467
92.694
92.025
91.720
93.045
92.295
93.075
93.281
92.909
92.095
90.289
82.504
69.900
