37.045
48.935
42.461
42.082
47.504
40.972
44.428
42.360
43.908
45.107
47.289
45.609
49.788
47.447
52.303
44.954
42.303
43.774
45.099
41.734
43.005
42.585
42.769
42.939
42.720
44.262
41.248
42.468
39.645
39.886
40.348
38.797
42.800
40.854
40.372
41.187
43.712
41.916
47.374
54.607
69.863
84.007
89.427
90.286
91.300
91.075
87.384
83.028
80.202
76.923
68.954
68.433
65.525
66.029
58.148
57.655
58.069
51.833
54.684
61.132
66.744
61.318
63.446
74.720
77.914
81.008
83.318
85.089
86.343
87.865
89.454
90.986
91.582
90.838
89.943
92.346
92.257
90.343
91.878
94.166
95.224
95.441
93.887
91.884
89.600
86.942
88.310
90.551
87.435
84.911
86.968
86.327
89.004
92.759
93.249
92.423
92.802
94.061
94.597
95.450
95.827
94.868
93.675
92.161
88.573
87.987
84.491
85.496
85.918
88.432
89.260
91.828
94.602
95.130
94.533
94.311
92.760
92.121
92.108
90.984
92.721
94.070
91.564
90.792
92.497
91.631
84.686
79.149
83.509
81.074
87.098
91.989
93.451
94.246
92.609
88.479
85.317
84.114
88.053
91.778
90.972
91.199
92.149
92.405
90.115
86.741
86.867
86.309
83.886
86.790
87.284
87.593
85.280
84.680
79.955
78.691
71.721
64.920
53.332
