58.551
68.459
82.721
82.349
82.562
86.468
85.506
86.380
88.724
87.570
89.120
90.363
91.886
91.542
92.124
93.197
92.981
92.774
91.203
89.439
92.768
92.740
91.538
93.739
94.423
94.817
93.852
91.006
71.801
84.709
88.151
90.538
92.427
94.381
93.394
92.945
93.973
93.743
90.888
91.626
93.471
93.870
95.084
95.535
95.697
95.670
95.150
95.234
94.841
94.215
93.214
92.109
91.374
90.205
89.057
89.774
89.428
91.678
93.003
93.013
92.061
91.721
89.688
89.522
86.873
88.963
93.564
92.611
93.528
94.319
95.492
95.718
96.308
96.022
95.203
94.221
93.456
91.177
90.171
89.298
89.145
91.278
94.157
94.521
95.450
95.887
96.011
95.934
95.764
95.503
94.399
92.491
87.751
83.140
84.261
87.321
90.503
89.632
86.911
85.075
85.441
85.281
84.342
85.427
86.085
83.727
82.695
77.748
79.302
72.827
67.252
73.561
77.080
79.134
79.671
80.947
81.424
82.307
85.854
85.743
85.401
88.181
90.363
89.777
90.788
92.160
92.018
92.226
92.212
90.325
89.826
90.063
92.632
91.596
90.157
88.257
86.599
84.582
85.165
87.307
85.184
82.424
83.636
83.772
85.209
89.347
89.604
90.338
90.114
91.057
90.680
90.549
91.234
89.553
89.261
86.937
79.857
71.954
58.965
