78.748
86.947
86.988
88.726
83.171
82.086
82.540
86.492
89.895
91.094
92.728
91.958
92.069
92.553
91.691
88.051
89.204
90.438
89.795
92.096
93.282
94.176
94.495
94.885
94.675
94.530
94.000
93.083
91.818
91.164
89.685
88.567
89.250
88.179
90.691
91.570
91.007
89.233
88.654
82.910
82.454
77.951
81.778
87.760
84.788
87.381
87.507
91.703
93.169
95.631
95.783
95.220
93.941
93.445
92.151
91.519
91.228
91.436
91.323
94.064
94.382
95.321
95.430
95.120
94.312
93.035
91.555
88.403
86.624
80.469
78.401
81.873
85.662
89.479
91.136
90.041
89.638
89.979
89.625
88.515
90.540
90.414
89.574
87.878
86.629
86.470
85.847
81.917
83.256
85.796
88.317
88.759
90.116
89.763
90.935
91.212
91.082
91.659
92.172
92.921
92.694
93.053
92.865
91.473
91.269
90.076
86.756
86.451
88.491
92.283
92.468
93.632
92.766
91.085
89.657
90.618
92.138
89.800
88.923
89.595
89.295
91.152
92.789
92.887
91.364
89.561
90.906
89.450
92.493
93.121
94.115
93.318
93.185
89.553
88.494
86.188
85.623
84.719
86.850
87.406
89.528
92.925
92.057
92.915
92.105
91.209
88.433
86.337
82.653
86.380
87.700
81.981
80.917
84.857
83.002
69.778
55.883
46.610
35.587
