41.736
49.019
56.771
62.371
71.680
73.896
75.157
79.322
85.724
88.286
90.424
89.910
90.058
91.631
92.566
92.451
93.264
92.589
92.515
93.354
92.672
91.411
92.539
93.747
94.828
94.562
93.128
91.430
89.611
86.692
88.297
90.591
87.441
84.790
87.229
86.158
89.795
92.280
92.472
91.952
92.825
93.575
93.854
94.423
94.844
94.321
92.266
91.590
87.460
87.429
84.718
84.068
84.184
86.703
88.654
90.929
94.064
94.378
93.826
93.189
91.144
89.634
88.469
88.312
91.484
92.546
90.503
91.378
93.129
92.262
88.144
85.769
89.244
85.061
88.826
92.008
93.694
93.400
92.536
88.894
85.943
84.751
87.688
90.815
90.426
89.380
89.056
89.243
88.111
83.549
83.477
86.795
86.765
89.643
90.920
91.995
91.719
90.609
91.274
89.401
88.906
84.979
81.511
77.815
74.888
73.739
75.185
77.769
82.052
86.451
87.490
86.883
87.183
85.011
85.035
84.071
84.866
88.888
88.569
89.767
90.147
92.145
93.390
94.242
94.756
93.559
92.012
89.805
88.569
86.634
86.581
88.138
84.616
88.410
90.989
92.664
93.629
92.279
92.984
92.310
90.785
88.257
86.043
80.266
68.965
60.273
58.977
59.830
55.641
58.813
55.871
56.251
46.841
47.535
47.511
43.287
32.537
38.216
38.522
