49.937
58.521
63.097
72.112
71.422
71.291
80.839
85.107
88.502
90.980
90.366
90.544
92.227
93.198
93.442
94.119
93.854
94.118
95.201
94.395
93.170
94.830
95.765
96.201
95.886
94.707
93.290
91.450
88.893
90.322
92.336
89.686
87.036
89.209
88.674
91.398
94.032
94.351
93.399
93.936
94.952
95.388
96.055
96.061
95.458
94.176
92.993
89.535
88.711
85.498
85.376
86.804
89.081
90.445
92.772
95.336
95.662
95.057
94.723
93.155
92.188
91.474
91.316
93.616
94.429
92.598
93.208
94.745
93.972
90.216
88.811
89.977
87.041
90.912
93.246
95.398
94.961
94.055
90.099
87.758
87.169
89.786
92.942
92.910
91.530
91.267
91.608
90.184
85.366
85.245
88.638
87.529
91.375
93.111
93.576
92.592
91.266
91.112
88.997
87.984
83.360
81.291
76.118
75.303
72.273
74.407
78.490
82.125
87.730
88.988
89.080
88.553
86.655
86.837
85.288
85.326
90.072
89.986
91.723
91.639
93.599
94.487
94.729
95.039
93.600
92.745
90.130
88.270
87.536
86.643
87.901
84.888
87.860
91.247
92.587
93.942
93.629
94.067
93.895
92.650
89.669
85.933
81.297
65.964
56.607
52.090
54.100
50.284
48.436
47.010
47.520
48.987
51.028
50.918
68.133
76.058
80.716
83.352
80.036
