48.238
50.904
51.041
50.584
47.779
47.591
44.135
45.361
42.754
41.703
41.940
40.840
41.480
41.044
41.186
38.700
40.101
42.966
40.495
39.222
41.677
40.769
43.724
41.399
41.351
41.238
41.772
42.638
48.724
56.496
72.749
85.971
91.062
92.881
94.594
95.494
94.989
93.674
92.831
92.501
91.515
91.163
92.699
93.328
93.236
91.866
90.973
89.601
88.487
87.887
88.335
89.408
89.958
90.098
90.076
91.434
91.324
92.648
93.444
93.711
94.286
95.185
95.244
94.239
93.543
95.246
94.289
91.898
93.156
95.061
96.446
96.408
96.100
94.899
93.118
92.078
93.826
94.142
92.056
91.806
92.910
91.458
92.903
94.934
95.625
94.138
94.065
95.389
95.326
96.497
96.365
95.923
94.996
93.841
90.116
89.438
86.443
87.012
87.558
89.979
90.762
93.169
95.583
95.824
95.224
94.983
93.526
92.919
92.621
91.505
93.178
94.515
92.121
91.106
93.192
92.375
85.472
80.589
85.127
82.501
89.176
93.265
95.230
96.057
96.099
93.830
92.078
91.372
92.526
94.844
95.335
94.616
94.078
94.224
93.274
89.354
88.816
89.072
86.909
89.180
92.015
92.949
93.464
93.089
92.354
91.727
91.180
90.743
91.199
90.748
89.947
91.094
91.162
91.310
92.652
93.994
92.573
88.348
79.397
