68.437
74.506
68.258
74.215
73.537
80.085
85.391
87.173
88.597
88.661
89.356
88.767
89.347
86.024
86.446
87.895
87.413
90.073
90.557
92.305
92.437
93.154
93.246
93.171
93.071
92.527
90.626
89.856
87.975
86.682
87.757
85.534
88.591
88.932
88.984
87.093
86.565
81.393
81.243
77.657
80.112
86.442
83.629
85.309
86.443
90.037
91.351
94.521
94.714
94.278
92.872
92.187
91.314
89.703
90.355
89.872
90.560
92.981
93.197
94.336
94.188
93.368
92.596
91.004
89.564
87.227
84.704
78.508
79.328
81.602
85.894
87.080
88.540
87.639
86.501
87.338
87.000
85.425
87.972
87.603
87.060
83.951
82.856
84.478
83.497
78.327
81.153
82.719
86.689
87.431
87.482
87.917
89.227
89.463
89.259
89.701
90.782
91.205
90.717
91.282
91.185
90.102
89.887
89.732
88.258
88.263
90.265
92.552
92.315
92.579
91.643
90.038
87.826
89.078
90.829
88.389
86.975
87.722
87.644
90.259
91.849
91.387
90.909
90.365
91.503
91.226
92.761
93.999
93.716
92.184
92.249
88.106
87.511
84.763
84.590
83.558
85.886
87.467
89.328
93.363
93.200
92.923
92.260
89.819
88.129
86.449
83.920
87.870
88.827
83.988
83.555
88.468
86.822
79.728
73.229
77.660
72.323
78.786
80.343
