83.480
85.806
86.159
85.428
83.389
82.996
81.894
83.141
83.695
83.932
84.708
88.701
90.788
92.392
91.825
92.030
93.220
93.828
93.865
94.625
94.206
94.411
95.473
94.512
93.277
94.955
95.878
96.322
95.977
94.885
93.554
91.955
90.194
91.736
93.020
90.687
89.335
90.825
89.980
92.138
94.282
94.532
93.477
93.870
95.038
95.454
95.898
96.099
95.484
94.080
93.081
89.289
88.862
86.473
85.821
87.197
89.410
91.060
92.972
95.404
95.571
94.999
94.709
92.835
91.854
91.306
91.619
94.113
94.731
93.393
94.158
95.333
94.630
91.099
90.402
91.939
88.499
91.894
94.335
95.665
95.279
94.405
91.439
89.350
88.562
90.494
93.283
93.450
91.802
91.384
91.734
90.397
85.865
86.047
89.373
88.961
91.804
93.203
93.775
93.408
92.609
93.020
91.333
90.505
87.208
86.649
84.828
85.536
86.784
88.252
88.148
89.520
91.509
90.675
89.793
88.701
86.204
86.501
84.820
85.750
90.174
89.891
91.295
91.782
93.596
94.548
95.043
95.675
94.502
93.603
91.769
90.011
88.487
87.938
89.836
86.434
90.331
92.773
93.797
94.768
94.016
94.316
93.898
92.628
90.175
87.190
81.680
69.932
61.054
55.926
60.415
57.948
58.868
56.981
60.180
54.526
55.523
52.513
47.759
