34.724
33.686
36.084
35.683
34.466
36.058
31.973
35.356
31.547
31.335
31.897
29.728
29.246
31.814
31.778
33.230
35.198
34.439
38.078
36.420
39.604
38.856
45.031
42.450
46.761
46.450
54.886
45.929
43.853
43.914
46.381
42.848
43.411
44.009
42.570
42.619
42.392
41.686
39.709
39.253
38.060
35.137
35.737
33.206
37.454
32.035
38.875
36.930
39.285
39.865
46.220
51.699
68.167
78.513
83.729
85.909
87.339
86.844
83.787
80.138
76.587
75.865
69.846
68.893
62.217
65.776
62.069
61.847
67.913
66.675
66.645
71.765
74.287
73.095
75.754
80.022
81.716
84.970
85.556
85.782
87.079
88.316
88.580
89.795
90.446
88.242
86.459
90.376
90.212
88.736
90.350
92.988
94.057
94.216
92.805
90.952
89.004
86.389
87.798
90.178
86.989
85.294
86.901
86.033
88.559
92.224
92.728
91.914
91.927
93.110
94.031
94.774
95.249
94.315
92.619
91.316
87.512
87.250
83.792
84.922
85.075
87.759
88.572
91.172
94.080
94.736
93.940
93.521
91.545
90.534
90.143
89.387
91.851
92.722
89.631
90.321
92.259
90.824
84.780
78.564
81.508
77.028
83.882
88.682
91.010
91.879
90.495
86.180
82.529
80.475
85.217
88.738
87.229
87.772
87.963
86.487
81.227
67.988
67.169
