53.728
45.155
51.211
44.680
47.230
44.614
45.371
46.853
44.602
45.644
43.783
43.071
41.010
42.725
43.790
41.273
40.315
42.193
40.929
42.675
40.788
40.952
41.690
42.034
43.184
49.375
56.943
73.358
85.854
90.599
92.380
93.870
95.266
94.579
93.178
91.973
91.427
89.918
89.092
91.026
92.696
93.032
91.853
91.016
89.793
88.458
87.833
88.300
89.374
89.946
89.893
89.975
91.529
91.571
92.710
93.503
93.976
94.492
95.299
95.373
94.680
93.884
95.373
94.526
92.257
93.273
95.106
96.457
96.400
96.073
94.879
93.044
92.014
93.793
94.112
91.962
91.643
92.829
91.395
92.920
94.973
95.664
94.205
94.231
95.527
95.346
96.507
96.356
95.909
94.948
93.789
90.009
89.371
86.639
87.131
87.707
90.204
90.912
93.226
95.599
95.827
95.250
95.007
93.524
92.961
92.606
91.623
93.314
94.564
92.170
91.241
93.305
92.512
85.817
80.970
85.586
82.927
89.484
93.311
95.259
95.966
96.082
93.689
92.044
91.056
92.282
94.726
94.701
93.428
93.299
93.493
91.473
87.005
87.269
87.976
85.467
87.856
90.187
91.964
92.053
92.212
90.554
90.894
90.217
90.219
90.771
90.717
89.979
91.015
91.195
91.234
91.927
92.962
91.159
85.857
78.970
70.427
53.049
48.117
