28.744
30.559
29.302
33.216
34.180
33.251
35.043
31.669
33.286
34.655
32.636
36.452
34.644
36.559
38.601
37.732
39.748
40.273
45.629
43.760
49.987
47.847
54.222
44.295
43.760
43.141
45.864
41.155
42.355
42.214
41.485
40.853
41.074
41.798
39.015
39.409
37.364
37.697
36.990
35.545
38.911
36.706
35.087
36.972
38.594
38.509
43.945
50.783
65.030
79.915
85.466
87.200
88.645
88.475
84.632
80.886
77.717
77.390
71.038
70.641
64.319
70.046
63.628
64.804
68.602
64.168
66.485
72.430
74.490
73.535
75.472
79.485
81.867
84.570
85.262
85.943
87.271
88.548
89.203
90.191
90.661
89.030
87.445
90.865
90.332
88.447
90.435
93.195
94.619
94.986
93.733
92.107
90.190
87.570
88.976
91.044
88.112
86.499
88.188
86.862
89.438
92.836
93.295
92.121
92.183
93.668
94.262
95.123
95.669
94.919
93.778
92.296
88.482
87.991
84.688
85.656
85.728
88.601
89.358
91.942
94.697
95.061
94.401
94.125
92.487
91.170
90.672
89.018
91.457
93.294
89.724
89.129
91.557
90.499
83.211
76.384
80.944
78.116
84.441
89.592
92.066
93.215
91.963
88.645
85.615
84.148
88.225
91.372
89.594
90.094
90.786
89.963
86.945
82.948
82.913
81.634
78.086
81.176
69.715
