48.468
65.885
72.595
78.937
85.162
88.286
90.370
91.477
91.371
84.031
84.923
87.687
90.767
92.352
93.978
92.958
93.024
93.461
92.919
89.946
90.650
92.059
91.705
93.654
94.708
94.909
95.399
95.532
95.429
95.176
94.489
93.494
92.116
91.344
90.019
88.953
89.164
88.591
91.078
92.434
92.294
91.167
90.817
85.976
86.309
81.631
85.336
91.387
89.371
92.050
92.397
94.794
95.631
96.518
96.508
95.815
94.859
94.288
93.105
92.895
92.361
93.119
92.345
94.775
95.104
95.829
96.156
96.106
95.788
95.094
94.765
92.455
90.281
84.777
82.688
86.084
89.071
92.586
93.178
91.922
91.388
90.935
90.567
89.826
91.218
91.496
90.776
90.148
88.648
87.780
87.192
84.378
84.712
87.124
89.122
89.377
91.108
90.938
91.827
92.182
92.283
92.475
93.038
94.222
94.192
94.389
94.471
93.859
94.452
93.768
91.074
91.137
92.306
95.236
95.021
94.763
93.770
91.947
90.782
91.958
93.021
90.456
89.703
90.467
89.884
91.714
93.921
94.395
92.821
92.986
94.526
93.917
95.231
95.437
95.384
94.707
93.808
90.057
88.702
86.758
85.560
85.076
87.745
89.236
91.488
94.668
94.624
94.442
94.108
92.496
90.774
89.031
85.757
89.731
90.755
84.981
83.847
88.170
84.564
