45.251
49.258
48.236
49.341
48.921
46.834
45.257
45.748
43.124
41.394
42.828
39.905
40.097
41.480
39.463
41.717
38.153
40.604
40.355
41.300
42.633
48.674
56.368
72.946
84.877
89.684
91.790
93.648
94.831
94.177
92.543
91.611
91.091
89.848
89.276
91.053
92.499
92.504
91.052
90.130
88.410
87.616
86.580
86.954
87.648
88.129
88.530
88.144
90.281
90.607
91.637
92.857
93.530
94.024
94.909
95.123
94.374
93.483
95.157
94.398
92.139
93.092
94.803
96.311
96.206
95.957
94.840
93.070
91.941
93.606
94.074
91.928
91.491
92.694
91.313
92.870
94.904
95.585
94.170
94.299
95.531
95.267
96.458
96.258
95.902
94.853
93.775
90.212
89.393
86.723
87.032
87.596
90.202
91.007
93.317
95.612
95.814
95.246
94.803
93.372
92.155
91.328
89.547
92.217
93.838
90.907
89.861
92.405
91.648
84.784
80.490
84.942
82.377
89.049
92.709
94.857
95.718
95.902
93.264
91.970
91.238
92.443
94.715
94.841
93.837
93.083
93.047
91.357
86.050
86.113
87.627
85.335
87.819
89.716
91.842
91.623
91.508
90.078
89.979
89.463
88.810
89.599
89.583
88.447
90.060
90.553
91.100
92.232
93.212
91.520
87.916
83.341
81.202
76.794
76.598
73.469
76.546
68.530
62.688
