34.249
36.341
34.370
36.096
34.383
38.260
36.643
34.593
38.497
36.998
39.255
38.445
41.364
41.543
45.974
43.247
50.120
47.759
54.049
44.573
42.564
43.362
45.831
41.368
42.671
42.215
42.233
42.210
42.223
44.222
40.284
41.096
38.471
39.291
38.485
36.997
41.000
38.878
38.376
39.007
41.171
40.138
45.759
53.370
68.457
82.839
88.039
89.218
90.843
91.825
89.674
86.770
84.460
82.097
76.483
79.363
78.646
82.048
80.454
78.501
80.323
77.846
76.409
79.101
80.076
78.093
79.619
82.970
82.913
86.036
86.365
87.992
89.412
90.073
90.603
91.829
92.094
90.477
89.308
91.998
91.613
89.701
91.387
94.017
95.470
95.705
94.962
93.449
91.380
89.794
91.367
92.575
90.209
89.131
90.478
89.423
91.030
93.784
94.313
92.966
92.856
94.245
94.651
95.829
95.957
95.329
94.134
92.746
88.850
88.243
84.652
85.703
86.383
88.963
89.668
92.091
94.852
95.198
94.695
94.322
92.740
91.883
91.685
90.521
92.229
93.959
90.959
90.309
92.174
91.273
84.058
78.380
82.623
79.947
86.040
91.176
93.093
94.563
93.911
90.864
88.900
87.324
90.334
93.122
92.298
92.463
92.431
92.279
89.737
85.486
85.828
85.208
82.091
86.159
86.694
87.521
86.944
84.967
75.208
