73.411
84.505
89.890
92.993
93.486
93.376
93.385
92.497
91.071
91.234
93.481
92.083
90.578
91.094
89.185
91.077
91.722
90.297
88.217
88.790
89.113
92.735
93.843
94.012
94.998
92.828
92.964
89.340
89.025
86.621
86.470
87.049
89.417
89.903
91.589
94.389
94.520
94.719
93.257
91.447
88.307
85.767
85.174
88.515
89.695
86.296
86.727
89.594
87.004
81.509
78.804
79.203
79.022
83.538
87.796
90.748
91.797
92.202
88.723
87.911
87.022
89.557
90.590
90.665
89.045
87.208
86.819
86.224
79.548
80.422
83.578
82.227
86.496
89.455
91.122
92.030
91.446
91.924
91.135
91.126
88.740
87.323
84.448
83.920
82.154
83.150
83.757
86.105
88.519
87.764
87.791
86.860
84.098
85.119
83.188
81.560
86.993
85.385
87.917
85.193
88.191
91.541
93.684
94.289
92.447
93.448
91.502
89.430
89.340
87.892
87.816
89.931
91.494
92.300
92.311
92.849
90.833
90.543
89.079
87.477
83.893
80.363
76.211
62.715
59.127
56.516
58.031
53.765
55.980
53.316
50.990
47.003
44.172
45.724
40.657
34.893
32.522
34.642
33.856
37.300
34.352
38.850
37.149
37.605
36.544
41.052
40.348
38.515
35.860
31.433
35.946
34.676
26.712
34.164
35.994
35.063
30.675
34.253
30.628
