52.320
66.913
73.208
78.261
82.103
86.389
85.847
84.225
82.852
79.632
80.350
77.309
78.393
78.053
80.073
78.414
80.607
85.362
86.217
86.951
87.287
86.037
83.794
82.130
82.929
85.542
86.017
82.780
84.456
85.461
82.110
76.661
75.128
77.113
76.096
79.593
82.796
84.830
85.093
80.585
73.566
76.749
78.376
82.979
84.778
85.972
85.543
84.576
84.455
83.747
79.635
80.026
83.024
81.535
85.884
88.090
88.916
90.251
89.012
90.034
89.056
88.680
86.639
82.364
80.166
76.883
79.716
80.070
80.221
82.894
85.570
85.000
85.103
85.188
80.917
81.548
76.645
78.349
84.494
82.999
86.865
84.533
87.733
90.899
92.866
93.452
91.785
91.731
89.047
86.287
84.795
86.142
84.729
86.359
89.001
89.826
91.024
90.345
89.588
89.476
88.731
85.844
83.237
79.571
70.034
54.845
43.586
40.663
36.164
33.795
33.457
34.530
36.057
32.844
32.894
34.021
31.835
28.624
30.483
31.652
28.976
32.735
30.363
32.420
31.673
32.926
29.544
31.590
34.575
34.872
34.457
32.603
32.585
31.028
29.179
33.458
31.117
31.792
32.295
36.001
34.579
38.789
40.852
39.343
38.003
37.816
33.362
26.696
30.047
29.432
26.895
22.832
26.058
23.403
24.772
23.884
24.673
25.002
28.820
