69.943
80.823
83.276
87.377
89.357
90.100
89.867
91.121
92.467
92.092
91.804
93.493
94.760
95.292
95.246
94.085
92.822
91.358
89.561
90.134
92.150
90.162
88.388
89.120
88.530
90.621
93.026
92.715
91.957
92.601
93.434
94.601
95.172
95.658
95.195
93.813
93.013
89.465
88.686
86.121
85.916
86.782
89.144
90.368
92.594
95.043
95.416
94.919
94.561
93.007
91.859
91.326
90.912
93.447
94.245
92.210
92.713
94.644
93.417
89.006
86.734
88.939
85.293
89.658
92.280
94.125
94.022
92.804
88.764
86.959
85.953
89.189
91.944
92.111
90.681
90.950
91.430
89.347
84.666
84.986
87.961
86.453
90.114
91.697
91.713
90.123
87.891
88.259
86.530
86.204
82.259
81.327
77.541
75.309
74.367
76.267
78.965
82.300
86.786
87.707
87.929
87.544
85.506
86.240
84.500
83.984
88.883
88.523
89.729
89.707
90.836
91.337
91.433
91.141
88.544
88.170
84.209
81.213
80.292
78.192
79.118
81.439
85.199
87.362
88.238
89.544
89.383
90.754
91.789
90.711
87.846
84.366
78.884
64.785
54.210
51.048
54.058
50.259
47.176
48.276
47.380
46.986
49.724
49.727
68.780
69.460
75.245
74.144
75.398
75.155
54.679
44.923
40.987
37.658
35.830
31.833
31.740
30.437
34.985
