50.075
54.256
49.750
49.410
46.012
45.701
45.189
44.094
46.025
51.979
60.452
77.541
87.835
92.453
94.193
95.511
95.794
95.269
92.980
92.476
91.243
90.241
90.905
92.740
93.263
93.397
91.977
90.745
89.648
88.810
87.650
87.629
87.334
86.677
85.604
85.260
86.179
86.233
89.156
90.749
90.847
91.712
94.245
95.068
93.961
93.720
95.844
95.281
93.130
94.138
95.504
96.719
96.550
96.288
95.177
93.448
92.471
94.164
94.513
92.438
92.099
93.298
91.941
93.397
95.523
96.068
94.721
94.867
96.071
95.737
96.871
96.547
96.158
95.228
94.122
90.676
89.710
86.586
87.209
88.162
90.751
91.635
93.927
95.997
96.143
95.577
95.112
93.725
93.175
92.984
91.758
93.653
94.711
92.827
91.804
93.806
92.992
86.753
82.941
87.506
85.760
91.489
94.132
95.740
96.480
96.521
94.525
93.062
92.781
93.387
95.476
96.083
95.263
94.641
94.899
94.319
91.004
90.340
91.605
90.131
91.244
93.368
93.701
93.367
91.511
90.552
88.816
86.652
86.425
88.255
88.753
89.145
91.092
91.753
92.312
93.490
94.933
94.319
92.024
90.184
89.893
86.789
89.471
87.606
90.213
87.939
87.367
86.552
86.830
87.448
86.017
85.268
81.492
75.032
62.274
57.349
49.129
48.590
45.153
