84.362
87.906
89.397
89.732
88.662
91.232
91.208
92.379
89.706
88.208
90.977
90.422
89.292
91.800
92.916
93.704
93.036
90.758
84.460
85.948
88.850
91.150
91.974
93.817
93.116
92.577
93.281
93.107
90.306
90.760
92.536
92.927
94.399
95.016
95.328
95.592
95.561
95.517
95.176
94.633
93.641
92.092
91.344
89.833
89.143
89.833
89.096
91.624
92.697
92.617
91.749
91.760
88.968
89.031
85.927
88.287
93.079
91.852
93.136
93.706
95.204
95.670
96.538
96.575
95.926
94.762
94.387
93.176
92.882
92.387
93.159
92.431
94.774
95.083
95.906
96.226
96.081
95.884
95.482
95.193
93.758
91.633
86.465
82.373
84.592
87.857
90.885
91.569
89.949
89.251
88.231
88.275
87.463
88.362
88.318
86.977
86.208
83.748
83.071
80.046
73.319
77.876
82.824
85.316
86.718
88.455
89.260
90.648
91.110
91.128
91.210
92.178
93.268
93.012
93.425
93.734
93.198
93.530
92.709
90.304
90.054
90.589
93.839
93.430
93.042
91.692
89.766
88.183
89.227
90.940
88.139
86.682
88.059
87.475
89.882
92.395
92.800
91.424
91.281
92.965
92.133
93.456
93.828
93.616
92.645
91.745
89.350
87.752
86.069
84.878
84.549
85.331
87.923
88.711
92.437
91.713
91.015
90.082
81.107
