51.997
71.772
83.009
87.914
91.263
92.279
92.266
92.683
92.161
90.448
90.038
92.901
91.620
89.333
89.672
88.011
89.924
90.400
88.463
85.602
86.105
86.810
90.873
92.464
93.055
94.516
92.114
92.573
89.099
88.904
86.648
86.413
87.038
89.282
89.608
90.860
93.825
93.925
94.417
92.737
91.029
87.865
85.127
84.513
87.696
88.754
84.659
85.328
88.191
85.548
79.501
76.194
76.554
75.925
81.016
85.831
88.915
90.025
90.368
86.348
86.063
85.311
88.375
89.298
89.222
87.799
86.254
85.740
85.416
78.974
79.588
82.540
80.913
84.486
87.678
88.403
90.056
87.987
89.765
87.705
88.336
85.110
83.317
80.100
79.100
78.516
80.254
80.827
83.860
86.409
86.017
86.279
85.598
83.299
83.926
82.381
81.223
86.488
84.473
86.246
82.941
84.974
89.180
91.570
92.016
89.475
91.429
88.840
87.168
86.748
85.046
84.309
86.654
88.493
89.670
89.408
90.215
87.484
88.324
86.924
86.374
82.808
80.061
75.756
62.529
58.253
56.399
57.886
53.963
55.274
52.820
50.007
45.646
43.190
44.147
39.825
33.441
31.612
33.448
32.423
37.758
35.673
38.078
37.478
37.644
37.252
38.928
37.142
34.468
31.305
28.650
32.831
29.340
24.825
31.660
34.574
31.855
30.875
28.728
