61.665
81.267
86.683
86.319
86.777
89.226
88.184
89.072
90.018
91.419
91.481
91.900
92.785
92.548
92.224
90.955
88.833
92.073
92.273
91.292
93.474
94.236
94.735
94.142
93.503
81.517
86.810
89.953
91.544
92.761
94.879
93.773
93.111
94.110
93.901
90.936
91.569
93.546
93.856
95.236
95.760
95.960
96.040
95.890
95.804
95.595
94.845
93.982
92.686
91.886
90.900
89.851
90.494
90.207
92.270
93.606
93.507
92.570
92.079
89.952
89.704
86.624
88.734
93.651
92.621
93.678
94.470
95.633
95.906
96.707
96.735
96.099
95.380
94.826
93.546
93.983
93.066
94.072
93.573
95.317
95.484
96.189
96.473
96.483
96.163
95.868
95.681
94.397
92.538
87.662
82.669
84.461
87.845
92.143
92.794
91.499
91.407
90.506
90.692
90.311
90.868
90.942
90.224
89.508
86.932
86.322
84.599
81.594
82.441
85.479
87.637
88.271
90.019
90.346
90.948
91.744
91.746
91.688
92.571
93.849
93.673
93.877
94.345
93.751
94.151
93.635
91.188
90.524
90.520
93.693
92.873
91.902
89.959
87.078
86.653
88.666
88.856
85.943
86.081
87.103
86.147
87.743
90.545
92.266
91.770
91.403
92.911
91.527
91.668
91.014
89.508
89.640
87.317
83.227
75.272
68.701
64.255
56.000
49.777
