32.669
36.723
37.851
36.390
39.172
38.600
35.812
38.697
37.825
40.050
38.668
40.730
41.354
44.401
42.002
47.764
45.567
51.410
43.007
41.148
42.178
44.265
40.312
42.122
41.676
41.661
42.310
42.292
44.535
40.677
41.100
38.773
39.411
38.710
37.241
40.536
39.405
38.533
38.699
41.594
41.821
45.646
53.816
69.361
82.981
88.206
88.986
90.552
91.421
89.013
85.974
83.527
80.842
73.765
76.939
76.789
80.124
77.514
75.567
77.986
75.235
73.598
76.359
77.025
76.188
77.331
82.336
82.099
84.891
85.542
87.348
88.706
89.076
89.920
91.290
91.587
89.977
88.701
91.649
91.113
89.452
91.398
94.047
95.471
95.717
94.840
93.360
91.228
89.563
90.978
92.280
89.850
88.284
89.830
88.840
90.657
93.621
94.075
92.831
92.775
94.141
94.674
95.830
95.996
95.337
94.212
92.761
88.920
88.138
84.128
85.384
86.073
88.657
89.510
92.028
94.869
95.284
94.729
94.405
92.874
92.120
92.007
90.911
92.474
94.117
91.275
90.632
92.440
91.458
84.112
78.622
82.730
80.160
86.297
91.295
92.920
94.419
93.752
90.645
88.286
86.810
90.161
93.028
91.893
92.228
92.517
92.311
89.640
85.865
86.127
85.008
81.724
85.527
85.995
86.687
86.252
85.797
81.126
77.525
