65.267
71.514
64.831
64.729
68.666
68.870
71.571
75.325
71.921
79.040
83.800
80.695
81.125
82.863
81.403
83.643
84.707
86.158
86.469
87.099
86.874
88.018
87.775
86.446
84.132
85.579
87.463
87.001
87.118
88.629
88.711
88.359
83.926
79.991
78.372
80.286
84.281
85.797
87.937
88.690
87.528
88.116
88.699
84.919
85.510
88.374
88.899
90.731
91.570
91.870
92.078
90.876
91.561
90.380
89.522
89.008
84.711
82.802
80.623
81.276
83.152
82.565
85.382
87.258
87.803
87.124
87.645
84.088
85.065
82.410
83.623
88.827
89.172
89.818
91.019
92.704
92.845
94.304
94.120
92.985
91.832
90.280
88.482
85.582
86.959
85.386
87.585
90.768
91.414
92.535
92.983
92.252
92.965
92.578
91.691
90.575
87.512
81.439
67.256
59.233
55.614
46.429
45.280
40.205
43.154
37.625
39.648
37.798
37.912
39.105
35.033
38.310
36.600
35.001
38.890
39.347
39.955
42.808
40.286
44.961
44.266
42.985
43.700
46.309
48.719
52.585
53.296
55.591
57.865
55.490
56.952
53.015
54.286
48.308
53.641
58.573
57.297
58.233
57.708
58.174
60.803
64.079
62.816
60.526
59.799
59.445
56.947
53.013
49.443
48.064
47.324
48.040
50.127
48.040
48.297
44.279
47.420
44.501
45.452
