76.412
85.238
89.331
89.796
91.345
92.092
93.029
93.786
94.112
93.225
94.079
94.984
93.815
92.950
94.756
95.672
96.175
95.888
95.141
93.985
92.652
91.015
92.354
93.668
92.282
90.727
92.209
90.616
92.616
94.302
94.506
93.270
93.509
94.728
95.289
95.801
96.095
95.641
94.433
93.523
90.088
89.407
87.257
86.683
87.834
90.131
91.296
93.221
95.500
95.772
95.154
95.019
93.523
92.830
92.556
92.299
94.297
94.907
93.734
93.819
95.191
94.608
90.510
89.179
90.875
87.493
91.485
93.819
95.361
95.229
94.622
91.204
88.944
87.802
90.375
93.283
93.501
91.898
91.981
92.429
90.621
86.594
86.686
89.566
88.441
91.577
93.158
93.831
92.873
91.728
91.561
89.414
87.780
84.781
83.259
79.059
76.928
75.529
77.015
79.685
83.529
88.507
89.429
88.945
88.784
87.371
87.578
86.028
86.322
90.399
90.344
91.691
91.788
93.323
93.741
93.958
93.896
92.417
91.229
89.432
87.537
86.922
85.502
85.350
84.963
87.819
90.220
91.467
92.941
92.858
93.308
93.663
92.380
89.774
86.879
82.058
67.098
56.601
53.634
56.042
53.173
49.436
50.448
49.657
49.479
54.996
51.602
69.836
77.242
80.315
81.526
85.696
84.170
83.536
77.002
80.814
70.570
38.748
57.151
