42.314
44.501
49.637
48.811
47.645
45.997
43.443
44.245
46.758
43.670
40.837
43.394
42.670
40.807
41.772
41.938
42.418
43.826
43.630
44.472
41.574
44.269
41.520
39.769
41.481
39.920
43.472
41.423
41.129
41.641
41.884
40.301
48.458
55.924
72.029
85.037
90.232
91.403
93.002
93.530
91.979
90.074
89.448
87.839
81.636
82.835
85.594
87.160
86.666
84.554
85.502
83.642
82.033
81.619
83.858
84.445
85.412
86.528
86.556
88.991
88.761
90.231
91.394
91.915
92.363
93.634
93.955
92.440
91.607
93.981
93.158
90.871
92.524
94.726
95.988
96.009
95.216
93.719
91.715
90.003
91.721
92.935
90.539
89.292
91.005
89.875
91.694
94.206
94.826
93.468
93.415
94.685
94.960
96.062
96.131
95.554
94.415
93.195
89.388
88.786
85.775
86.292
86.725
89.198
90.025
92.440
95.164
95.474
94.890
94.705
93.199
92.681
92.527
91.514
93.108
94.346
91.938
91.130
92.951
92.152
85.221
80.137
84.245
81.495
87.894
92.669
94.488
95.265
94.774
91.250
88.155
86.827
90.055
93.118
92.678
92.493
93.097
93.355
91.191
88.172
87.936
87.033
85.052
87.664
88.733
90.194
89.793
90.081
88.470
87.679
86.217
85.179
85.221
85.280
83.727
82.514
82.037
81.122
78.623
