47.858
73.403
77.512
87.322
91.173
93.827
95.374
96.113
94.832
90.857
89.417
90.918
91.667
92.695
94.818
96.129
95.688
96.286
97.185
97.454
97.226
97.383
97.595
97.261
97.068
97.275
97.064
95.767
95.796
96.037
95.232
95.981
95.445
94.001
95.849
97.150
96.268
95.819
96.508
97.128
95.972
95.433
96.209
96.173
93.952
92.213
93.762
94.676
95.489
97.026
95.938
96.161
96.627
96.950
97.551
97.911
97.708
97.480
97.581
97.769
97.195
96.836
96.490
95.804
97.107
96.442
95.716
96.559
96.742
97.245
96.786
96.192
96.534
96.712
95.681
96.016
96.173
95.593
96.732
95.994
95.306
95.768
96.237
95.219
94.542
95.104
94.718
93.104
93.592
93.331
92.266
91.864
90.609
90.145
91.855
87.479
88.855
90.881
88.936
92.233
92.316
91.243
89.191
85.470
85.826
87.341
88.869
91.589
90.835
90.639
88.623
86.599
86.211
88.540
86.212
83.023
87.579
89.749
90.729
91.212
90.797
91.540
91.113
89.692
90.055
89.981
88.797
87.143
86.860
87.620
85.141
82.983
83.570
80.395
75.263
58.861
51.300
48.548
62.462
74.932
77.955
79.761
82.442
84.650
84.373
85.169
87.636
86.688
89.045
87.793
88.538
88.224
90.037
86.853
86.603
86.614
87.594
85.938
89.829
91.321
92.696
93.630
93.716
93.744
92.786
91.879
92.733
89.900
91.457
91.945
92.654
90.750
91.440
90.920
87.871
88.854
89.310
87.907
90.987
88.807
88.632
88.243
88.591
86.386
86.027
82.996
81.084
61.136
54.369
