69.840
76.409
85.798
86.353
88.497
89.609
88.848
89.832
89.582
91.405
91.218
90.840
89.780
92.235
89.832
90.226
90.434
90.398
89.421
87.052
86.015
89.896
85.528
87.159
86.112
85.866
90.809
90.214
89.139
88.708
85.271
84.470
86.673
87.250
89.982
89.310
88.555
86.332
83.730
84.685
86.739
84.155
80.962
86.899
89.123
89.540
89.129
89.667
90.014
89.849
87.992
87.980
89.412
88.821
86.246
86.095
87.940
84.997
82.583
83.634
83.238
79.094
63.509
53.369
51.638
67.786
71.242
75.552
75.747
76.416
80.024
79.683
76.200
82.353
81.202
82.442
83.437
84.217
81.901
81.546
82.316
81.568
82.902
83.065
85.819
90.171
91.623
92.931
93.394
94.754
95.023
95.174
94.572
93.282
91.607
90.917
91.939
92.378
89.954
89.872
88.240
87.391
87.305
86.867
87.612
88.799
86.460
87.411
89.466
88.770
87.540
89.075
86.126
86.709
83.390
85.940
86.366
87.388
87.818
90.444
92.033
92.923
93.845
94.847
94.414
90.274
88.036
91.309
91.902
91.690
92.924
94.970
94.575
94.314
95.205
96.480
96.124
94.760
96.067
96.023
95.115
94.099
95.082
93.605
92.942
92.937
93.030
94.246
93.495
91.563
94.002
95.703
94.265
93.211
95.197
96.189
95.218
94.601
95.804
96.013
94.019
91.371
93.624
94.658
95.573
96.634
95.501
94.923
95.052
95.252
96.635
97.062
96.093
96.368
96.599
96.542
95.981
96.055
95.792
95.146
95.524
93.839
91.104
91.913
91.707
92.782
91.534
88.496
86.464
