84.538
88.199
90.231
91.748
94.311
95.211
95.692
94.627
93.021
91.684
89.555
91.868
92.860
90.356
89.992
89.957
89.182
89.543
89.458
90.023
90.182
88.243
89.219
90.601
89.757
88.969
90.362
88.846
85.957
82.343
79.030
76.745
81.810
80.401
87.403
88.436
92.311
93.938
95.563
94.300
91.422
89.927
91.721
91.925
92.874
95.016
96.664
96.089
96.614
97.274
97.521
97.066
97.314
97.441
96.723
96.142
96.706
96.311
94.125
94.421
95.284
93.835
94.983
93.890
92.278
95.164
96.312
95.100
94.289
95.897
96.707
95.730
95.134
96.099
96.053
94.102
92.086
93.588
94.434
95.272
96.954
95.570
96.220
96.603
96.873
97.388
97.847
97.697
97.227
97.286
97.568
97.035
96.612
96.035
95.544
96.708
96.331
95.742
96.453
96.527
97.111
96.594
95.919
95.923
96.517
95.270
94.892
95.288
92.640
95.466
94.973
92.246
92.500
94.571
91.906
90.311
91.909
91.146
85.563
85.341
86.959
83.964
80.114
78.998
80.168
83.999
81.785
84.941
88.730
86.849
86.729
86.321
83.404
82.306
76.491
71.584
72.398
77.587
79.993
80.461
75.050
73.803
69.317
65.759
74.256
71.950
72.939
79.027
83.766
86.631
86.645
83.371
85.501
88.138
86.935
83.781
86.063
87.869
84.521
82.472
85.952
84.948
80.994
80.120
80.927
77.405
69.073
53.541
46.890
41.996
43.088
39.254
36.057
36.375
36.767
39.440
33.232
34.108
34.983
36.611
37.778
36.695
37.703
37.044
33.798
35.391
37.623
29.118
25.273
