34.509
37.896
38.948
37.072
37.409
41.614
43.995
49.475
60.434
73.010
78.006
80.804
80.308
77.954
79.612
84.154
86.472
87.611
89.584
88.974
89.586
90.124
90.725
88.567
87.562
89.397
88.313
87.654
89.381
92.414
92.179
94.285
94.692
95.175
95.453
94.242
91.588
87.237
85.497
88.926
87.500
82.515
83.308
84.647
81.659
77.573
76.110
79.545
79.249
79.874
79.520
78.941
80.043
80.408
79.603
76.313
78.891
78.378
79.328
80.974
83.067
83.224
88.579
92.425
94.003
95.897
96.724
96.067
93.111
92.151
92.929
93.048
94.203
95.686
96.862
96.617
97.022
97.471
97.731
97.691
97.622
97.656
97.122
97.195
97.257
96.739
95.795
95.815
96.052
94.869
95.337
94.102
91.341
94.551
96.034
94.327
92.682
95.407
96.498
94.666
93.493
95.648
95.419
91.731
87.550
91.675
93.573
95.041
96.855
95.719
96.452
96.860
97.058
97.440
97.908
97.747
97.246
97.287
97.668
97.095
96.627
96.042
95.739
96.918
96.574
95.952
96.647
96.751
97.237
96.709
96.107
96.415
96.706
95.589
95.890
96.238
95.571
96.786
96.208
95.701
96.254
96.724
95.927
95.382
96.148
95.742
94.577
94.706
94.448
93.245
92.811
91.734
90.307
92.013
87.748
88.411
90.423
87.193
89.985
89.144
90.343
88.224
87.700
89.953
89.726
88.292
89.049
84.423
79.151
66.756
62.593
51.486
50.715
51.251
50.826
48.789
52.100
62.733
58.310
64.831
70.800
72.893
69.170
67.375
68.931
69.663
59.238
49.812
38.339
