91.213
94.069
93.435
94.430
93.663
91.361
94.361
95.903
94.694
93.635
95.467
96.297
95.282
94.615
95.501
95.634
93.375
90.991
92.563
93.457
94.901
96.599
95.199
95.786
96.233
96.480
97.056
97.450
97.315
97.027
96.990
97.230
96.789
96.327
95.796
95.373
96.441
96.020
95.289
96.399
96.186
96.764
96.330
95.685
95.838
96.007
95.189
95.198
95.321
94.299
95.727
95.167
94.502
94.515
95.706
94.707
93.858
94.307
94.237
93.261
93.763
93.717
92.368
92.305
91.557
89.809
92.111
87.654
89.636
92.049
90.904
93.791
93.901
93.933
92.601
90.144
91.338
91.295
91.507
93.146
92.200
90.797
89.017
85.285
85.761
86.483
84.986
82.167
84.833
88.240
90.188
90.537
90.166
91.888
92.466
90.856
90.332
91.899
92.148
89.671
89.822
91.628
89.556
86.707
87.952
86.961
82.792
71.798
65.849
55.238
73.318
78.840
82.265
84.089
85.266
87.602
89.455
90.446
89.471
89.351
90.361
88.061
88.628
89.719
90.814
88.755
87.833
90.988
90.982
90.803
93.865
94.965
95.124
95.546
95.555
95.411
95.369
94.323
93.415
92.044
91.416
93.323
93.278
91.610
91.938
91.149
89.222
89.761
90.643
91.068
91.894
89.870
90.851
92.330
92.348
90.792
91.324
89.956
89.751
86.277
86.061
85.972
88.467
88.790
92.279
93.533
94.498
95.544
95.858
95.058
91.046
90.035
91.993
91.534
92.266
94.240
96.006
95.482
95.950
96.559
96.882
96.706
96.693
96.855
96.456
96.297
96.422
96.045
92.698
