37.578
41.040
42.606
52.029
63.193
71.629
81.257
88.104
90.315
92.267
93.227
95.203
95.813
96.034
95.032
93.645
92.157
90.306
92.780
93.171
90.866
90.889
90.873
89.769
89.687
89.947
90.585
91.339
89.876
90.582
92.140
91.790
90.572
91.721
90.833
87.979
83.374
80.490
78.482
83.144
82.852
89.487
90.657
93.643
94.393
96.213
95.191
92.680
91.462
92.775
92.783
93.880
95.503
96.991
96.577
96.982
97.543
97.829
97.391
97.520
97.669
96.969
96.362
96.846
96.506
94.612
94.640
95.373
94.332
95.209
94.536
92.682
95.338
96.570
95.548
94.488
96.099
96.951
95.980
95.338
96.309
96.316
94.449
92.378
93.927
94.761
95.499
97.157
95.867
96.514
96.856
97.051
97.535
97.974
97.801
97.315
97.405
97.697
97.150
96.740
96.187
95.788
96.883
96.521
95.952
96.655
96.672
97.233
96.745
95.949
96.044
96.692
95.466
94.998
94.886
92.951
95.501
94.828
92.331
92.747
94.680
91.989
90.169
92.037
91.824
86.908
86.696
88.295
86.007
81.996
81.480
83.172
86.391
84.103
86.910
90.233
88.506
89.125
89.115
85.884
84.547
78.771
74.696
74.861
79.911
83.275
83.358
77.627
75.269
70.459
68.451
74.908
75.068
75.314
81.045
85.851
87.762
87.968
86.770
88.256
90.378
89.959
87.655
89.331
90.641
87.751
85.264
88.761
86.937
83.827
82.439
82.489
78.426
70.081
52.655
47.140
42.706
43.097
40.239
38.436
38.167
39.644
42.243
38.283
38.210
36.037
36.467
37.362
34.976
