65.067
73.961
77.119
78.752
77.767
76.063
79.761
78.213
75.735
75.235
80.182
74.725
79.548
79.123
81.330
86.543
87.917
86.323
86.336
82.515
80.467
83.763
85.045
87.487
87.421
85.944
84.861
81.766
81.109
85.833
81.704
78.156
83.531
85.856
87.529
87.006
87.672
88.105
87.823
86.478
87.144
88.479
87.474
84.911
84.729
86.692
83.513
81.144
82.244
81.984
76.862
60.576
52.416
50.667
61.419
70.812
74.739
75.074
76.663
80.097
79.383
78.082
81.539
80.584
79.397
80.189
80.455
77.981
76.760
77.970
76.600
78.031
79.672
83.182
88.516
88.921
90.377
90.451
92.387
92.788
94.009
93.250
91.910
90.460
89.583
90.096
90.906
88.579
87.896
86.034
85.225
85.517
85.208
85.278
86.922
84.613
84.745
87.317
86.839
85.246
86.947
84.502
85.309
82.728
83.613
83.732
85.620
84.936
88.061
88.523
90.251
90.127
91.336
90.624
85.162
83.147
88.369
88.455
89.536
92.189
94.578
92.997
92.440
94.445
95.478
94.352
94.249
95.562
94.800
93.583
94.680
94.825
92.368
91.901
93.800
92.434
93.839
92.433
90.032
93.462
95.117
93.085
92.304
94.720
95.701
94.422
93.989
95.307
95.272
93.181
90.938
92.892
93.701
95.037
96.439
95.053
95.529
95.575
96.323
97.002
97.292
97.153
97.018
96.928
97.164
96.860
96.352
95.728
95.404
96.460
95.923
95.027
95.831
95.563
96.130
95.567
94.271
93.705
93.720
91.617
89.004
83.176
77.047
80.349
78.625
76.535
72.863
73.790
69.496
