81.393
86.057
88.429
88.836
86.917
86.886
89.956
86.293
83.047
83.109
84.787
80.860
80.986
79.180
76.763
71.613
55.669
49.695
49.062
68.709
79.083
81.935
85.972
86.368
86.437
88.164
90.399
90.645
91.024
92.115
89.991
90.604
92.356
92.535
90.417
89.561
92.148
91.552
91.134
93.918
95.279
95.249
96.079
96.212
96.331
96.205
95.401
94.310
92.997
91.425
93.569
93.189
90.439
90.666
90.565
88.913
87.861
87.946
89.077
89.724
87.357
87.711
89.075
89.438
88.163
88.170
85.590
86.430
84.394
83.915
84.958
87.825
87.093
92.163
94.441
95.432
96.571
97.198
96.454
92.855
92.303
93.482
93.012
94.161
95.599
96.907
96.674
97.020
97.467
97.824
97.768
97.627
97.707
97.357
97.317
97.295
96.973
96.062
95.916
96.099
95.215
95.667
94.849
92.520
95.156
96.493
95.316
94.174
95.962
96.913
95.927
95.226
96.263
96.292
94.486
92.289
93.864
94.711
95.404
97.106
95.726
96.380
96.725
96.943
97.456
97.924
97.706
97.206
97.342
97.670
97.054
96.613
96.066
95.668
96.866
96.511
95.881
96.581
96.661
97.223
96.679
96.069
96.393
96.691
95.630
95.834
96.257
95.586
96.784
96.152
95.691
96.316
96.790
95.992
95.561
96.383
95.895
94.886
95.228
95.037
93.772
93.469
93.075
91.426
93.484
89.580
91.438
93.424
91.579
93.866
94.047
94.002
92.539
90.996
92.427
92.586
92.194
93.373
91.819
89.320
85.475
81.376
81.711
82.318
76.690
69.494
65.260
63.099
60.776
