33.743
34.251
45.987
56.896
61.896
78.973
88.044
89.795
92.120
93.174
95.284
95.913
96.135
95.243
94.020
92.762
90.904
93.251
93.584
91.394
91.325
91.052
90.045
90.169
90.496
91.000
91.664
89.952
90.555
92.076
91.836
90.532
91.559
90.554
88.119
83.372
80.673
78.588
83.021
82.674
88.858
90.040
93.337
94.340
96.192
95.244
92.880
91.932
93.261
93.263
94.172
95.683
97.118
96.707
97.030
97.602
97.857
97.384
97.573
97.712
96.981
96.419
96.941
96.560
94.598
94.882
95.614
94.645
95.550
94.641
92.978
95.604
96.724
95.734
94.735
96.244
97.040
96.114
95.498
96.453
96.458
94.721
92.794
94.219
95.012
95.713
97.307
96.033
96.666
96.996
97.160
97.641
98.058
97.896
97.417
97.527
97.822
97.273
96.867
96.383
95.952
97.094
96.695
96.136
96.815
96.871
97.365
96.884
96.151
96.237
96.846
95.682
95.328
95.353
93.327
95.687
95.126
92.605
93.017
94.752
92.160
90.562
92.211
91.579
86.426
86.734
88.232
85.395
81.390
81.317
82.763
86.975
84.745
87.677
91.115
89.069
89.220
89.232
86.003
84.232
78.706
74.921
74.304
79.831
83.314
83.635
77.852
76.232
71.665
69.330
76.060
75.188
75.816
81.477
85.674
88.050
88.389
86.157
88.288
90.301
89.748
87.159
89.066
90.328
87.378
85.042
88.301
86.350
82.975
81.861
82.066
77.578
68.936
53.020
46.214
42.046
43.140
39.209
37.009
38.260
39.405
42.973
37.555
37.915
39.818
39.344
40.157
40.004
39.604
