42.823
47.630
53.264
49.587
59.623
75.353
76.632
77.078
80.931
82.496
82.506
80.228
83.536
82.138
79.429
78.287
82.395
78.840
76.713
74.867
74.976
73.062
56.882
50.439
48.250
61.185
68.630
72.702
72.793
77.501
77.632
80.703
83.559
85.400
85.502
88.285
86.436
86.623
86.946
89.004
87.091
86.566
90.000
89.897
88.420
92.112
94.316
94.277
95.303
95.594
95.812
95.955
95.069
93.490
91.954
90.177
92.297
92.294
89.017
88.960
88.835
87.263
85.872
85.050
86.964
87.578
85.561
86.501
87.912
87.722
87.478
88.105
85.056
85.605
82.456
83.452
83.691
86.522
86.748
91.826
93.970
95.081
96.341
96.953
96.177
92.566
91.670
92.422
92.062
93.391
95.326
96.844
96.534
96.960
97.508
97.795
97.733
97.668
97.724
97.326
97.361
97.378
96.995
96.130
95.955
96.247
95.252
95.759
94.884
92.494
95.128
96.441
95.158
93.969
95.872
96.808
95.763
95.043
96.169
96.219
94.249
91.823
93.559
94.508
95.463
97.144
95.766
96.434
96.802
97.019
97.527
97.978
97.804
97.350
97.420
97.768
97.223
96.743
96.264
95.914
97.092
96.665
96.052
96.709
96.774
97.369
96.847
96.171
96.479
96.822
95.740
95.939
96.269
95.391
96.815
96.172
95.481
96.205
96.751
95.809
95.340
96.288
95.741
94.304
94.890
94.651
93.259
92.681
91.624
90.186
92.144
87.430
89.292
91.585
89.911
92.033
92.095
92.049
90.051
87.925
89.478
89.244
88.376
90.651
87.865
82.553
70.539
56.343
40.282
