35.884
47.137
58.592
64.087
79.003
87.530
89.649
91.921
93.100
95.301
95.966
96.143
95.277
94.181
93.013
91.320
93.598
93.818
91.830
91.822
91.664
90.446
90.639
90.955
91.410
91.998
90.354
90.863
92.154
91.858
90.609
91.450
90.232
87.663
83.050
80.415
78.370
82.533
81.925
88.238
89.457
93.003
94.014
96.048
95.074
92.587
91.699
93.204
93.170
94.128
95.619
97.060
96.635
96.957
97.521
97.815
97.342
97.530
97.674
96.920
96.184
96.898
96.504
94.188
94.650
95.457
94.421
95.318
94.401
92.892
95.498
96.661
95.703
94.705
96.229
97.022
96.107
95.457
96.424
96.426
94.706
92.770
94.164
94.914
95.630
97.249
95.928
96.562
96.921
97.105
97.578
98.006
97.840
97.341
97.462
97.737
97.188
96.774
96.225
95.786
96.943
96.541
95.982
96.693
96.750
97.277
96.776
96.048
96.138
96.754
95.543
95.187
95.084
93.081
95.520
94.873
92.042
92.317
94.391
91.429
89.637
91.417
90.940
86.171
86.097
87.766
84.949
81.260
81.064
82.862
86.478
84.689
88.026
91.381
89.362
89.662
89.281
86.240
84.386
79.043
75.435
75.203
80.593
84.211
84.481
79.468
77.830
72.687
70.157
76.591
75.041
76.354
81.850
86.177
88.357
88.768
86.045
88.545
90.581
89.940
87.604
89.502
90.493
87.283
85.544
88.505
86.637
83.426
82.670
82.309
77.930
69.273
52.632
46.536
41.279
44.456
39.840
36.964
36.890
37.008
41.227
35.524
37.045
36.625
36.960
36.570
36.990
34.924
33.075
