79.074
88.878
89.031
89.762
91.245
90.449
88.646
91.400
91.223
90.915
92.841
92.208
91.999
92.274
93.735
92.660
91.737
91.611
92.565
90.342
90.523
90.748
90.193
89.069
87.539
86.481
89.223
85.170
86.651
87.384
85.808
90.208
90.242
89.027
88.204
83.698
83.997
86.443
87.240
90.040
89.358
88.345
86.262
83.994
83.768
87.356
82.946
80.386
85.847
87.937
89.266
88.925
88.959
89.806
89.684
88.204
88.545
89.445
88.976
86.110
85.961
87.790
84.622
81.593
83.426
82.020
76.704
61.158
52.594
50.214
63.953
72.479
75.402
77.052
78.837
81.618
81.290
80.885
83.873
83.924
84.902
84.832
84.946
82.483
83.059
82.481
82.043
83.418
83.556
85.894
90.524
91.956
92.735
93.665
94.737
94.650
94.893
94.142
93.218
91.542
91.062
91.825
91.853
89.919
89.679
87.663
86.809
87.302
87.422
87.632
88.887
86.417
86.922
89.045
89.011
87.322
88.651
86.338
87.312
84.221
85.080
85.360
87.173
86.902
90.030
91.607
92.866
93.914
95.225
94.777
90.863
88.287
91.723
91.129
91.854
93.994
95.495
95.080
95.552
96.189
96.817
96.877
96.034
96.147
96.191
95.723
94.536
95.058
94.176
93.574
92.465
92.455
93.544
93.038
90.830
93.126
95.078
93.651
92.605
94.640
95.732
94.711
94.143
95.316
95.565
93.492
90.986
92.976
93.854
94.866
96.262
94.859
94.881
94.870
94.583
95.917
96.461
95.045
94.930
95.609
95.720
94.193
93.919
93.414
91.928
91.848
85.050
75.481
58.075
