89.005
92.402
94.731
95.541
95.808
94.865
93.287
91.990
90.124
92.199
93.017
90.891
90.420
90.103
89.317
89.546
89.890
90.410
90.267
88.583
89.736
91.077
90.303
88.855
90.594
88.969
85.446
80.722
77.016
74.019
80.448
80.331
87.543
87.465
92.418
93.640
95.802
94.781
91.820
90.644
92.135
92.206
93.120
95.144
96.814
96.221
96.688
97.357
97.584
97.166
97.338
97.478
96.765
95.967
96.630
96.089
93.664
94.168
94.947
93.697
94.689
93.649
92.295
95.102
96.374
95.184
94.373
96.001
96.810
95.849
95.302
96.273
96.280
94.337
92.221
94.008
94.827
95.702
97.207
95.946
96.481
96.806
97.035
97.607
97.977
97.804
97.440
97.474
97.691
97.186
96.816
96.310
95.748
96.840
96.320
95.852
96.520
96.472
97.168
96.715
95.868
95.843
96.627
95.424
94.733
94.902
92.520
95.272
94.769
91.519
91.830
94.335
91.383
89.664
91.502
91.349
83.720
84.672
87.511
83.892
78.795
78.666
81.552
85.518
83.578
86.531
89.806
87.827
87.820
87.256
83.586
81.924
74.488
69.161
70.739
77.368
80.933
81.335
76.162
75.504
70.955
68.427
75.354
73.505
74.861
80.535
84.785
87.453
87.549
84.803
86.880
88.935
88.092
85.071
86.732
88.211
85.220
82.847
85.654
84.484
80.599
79.688
79.838
75.745
66.413
49.451
42.549
40.566
42.204
38.181
35.341
36.889
36.983
38.462
34.192
33.631
36.523
36.144
37.329
36.346
37.919
37.235
32.962
35.357
38.336
37.764
39.691
44.256
41.533
