91.741
94.093
95.018
93.917
91.982
90.771
88.703
90.061
91.580
89.274
88.541
86.863
86.327
87.837
88.038
88.471
88.628
87.208
88.177
89.410
88.054
86.724
88.990
87.404
82.985
78.528
74.740
71.511
77.922
76.479
85.319
84.858
90.697
91.436
94.088
92.884
90.538
88.449
90.979
91.844
92.622
94.977
96.583
95.693
96.352
97.192
97.279
96.639
97.175
97.273
96.284
95.504
96.528
95.863
92.718
93.947
94.870
93.148
94.241
92.639
91.041
94.462
95.753
93.993
93.506
95.442
96.285
95.187
94.568
95.830
95.851
93.750
91.619
93.412
94.284
95.316
96.961
95.712
96.311
96.646
96.899
97.441
97.857
97.712
97.322
97.294
97.566
97.076
96.642
96.096
95.570
96.807
96.247
95.671
96.419
96.386
97.127
96.652
95.843
95.856
96.520
95.287
94.816
94.939
92.017
95.151
94.781
91.175
90.681
93.766
90.340
87.009
89.671
89.276
80.511
80.792
83.365
79.790
74.853
73.706
77.148
80.324
78.111
82.267
85.632
84.858
84.183
84.033
80.310
79.854
72.326
65.832
68.821
75.313
77.538
77.703
72.407
68.702
66.229
63.061
70.891
73.464
74.553
80.558
83.891
86.224
85.862
82.904
84.731
87.088
85.921
82.613
84.177
86.424
82.839
80.224
83.963
83.078
78.728
77.930
79.365
75.797
67.020
50.955
43.974
40.760
40.454
37.880
35.860
34.010
34.803
36.307
31.957
33.224
33.479
37.112
36.986
33.877
31.125
34.136
32.821
34.559
39.844
41.352
41.472
50.631
46.236
46.395
48.110
