87.782
88.794
89.875
91.549
92.007
91.068
91.697
93.050
94.300
93.249
91.542
93.621
93.988
93.619
93.585
93.825
95.187
93.970
92.875
94.952
95.184
94.221
95.421
94.766
94.777
94.465
95.430
95.229
94.489
93.635
95.039
93.196
93.463
93.715
93.158
92.757
90.622
89.971
93.551
90.171
90.551
89.249
89.412
93.487
93.004
91.973
90.860
87.825
87.253
88.236
88.744
92.305
91.115
90.780
88.941
86.347
87.432
88.620
88.526
86.987
90.053
92.575
92.882
92.649
92.377
93.166
93.127
90.793
90.093
91.630
90.904
88.620
87.781
90.109
87.679
84.793
85.533
85.120
82.826
68.406
59.612
53.472
71.888
73.492
77.739
78.137
80.642
83.091
81.224
78.535
83.988
82.818
84.410
86.950
87.528
85.606
85.530
86.105
85.451
85.750
85.773
88.645
92.373
93.995
95.037
95.292
96.142
95.958
95.054
94.227
93.885
92.128
92.644
93.746
93.710
92.015
92.226
90.546
89.547
90.413
91.159
91.164
92.019
89.971
90.956
93.095
92.233
91.004
92.405
90.735
90.187
86.516
89.245
89.580
90.030
90.442
92.921
94.308
94.767
95.684
96.240
95.703
93.081
89.417
91.453
91.295
91.832
91.846
93.582
94.800
95.042
94.574
95.765
96.645
95.767
95.227
96.330
96.215
94.991
95.595
95.347
95.412
94.334
94.151
94.316
93.889
92.116
93.262
94.615
93.756
92.668
93.766
94.685
94.580
93.490
93.536
94.466
93.338
90.402
91.581
90.423
90.526
90.779
87.670
83.299
81.866
79.635
81.533
82.303
