92.603
92.830
92.396
93.585
93.632
93.868
93.552
94.091
94.335
95.377
94.052
92.566
94.753
94.807
94.555
94.239
94.129
95.255
94.028
92.852
94.654
94.826
93.740
95.118
94.241
94.265
94.023
95.022
94.792
94.128
93.470
94.560
92.672
93.229
93.433
92.671
92.315
90.408
89.494
93.006
89.295
90.158
89.125
89.091
93.232
92.771
91.698
90.763
87.760
87.338
88.202
88.712
92.085
90.872
90.449
88.518
85.661
86.944
88.049
87.431
85.829
88.960
91.784
92.286
92.022
91.718
92.793
92.721
90.383
89.773
91.371
90.615
88.291
87.524
89.879
87.325
84.376
85.086
84.783
81.778
67.065
57.715
52.678
70.795
73.020
77.386
77.628
79.882
82.765
81.005
78.508
83.528
82.438
84.181
86.127
86.741
84.846
85.199
85.631
85.256
85.849
85.923
88.550
92.199
93.851
94.709
95.021
95.924
95.664
94.749
93.588
93.510
91.919
92.279
93.385
93.461
91.737
91.761
89.994
89.086
89.881
90.622
90.653
91.544
89.395
90.336
92.575
91.716
90.313
91.616
90.032
89.653
85.713
88.074
88.679
89.332
89.985
92.515
94.024
94.490
95.543
96.064
95.403
91.590
87.719
90.176
89.466
89.059
89.567
92.724
93.500
93.306
93.320
95.267
96.134
95.058
95.103
96.322
96.180
95.006
95.769
95.294
95.436
94.508
94.124
94.575
93.887
92.053
93.591
94.930
93.942
92.718
94.032
94.822
94.515
93.406
93.523
93.780
92.560
90.263
90.951
89.354
89.853
90.712
84.467
79.275
65.767
67.637
65.571
