71.898
72.410
67.393
71.331
74.477
76.295
75.690
75.708
80.584
83.375
84.820
89.747
92.132
93.181
94.060
95.187
95.621
95.895
94.760
93.038
91.222
89.251
91.899
92.456
89.909
90.181
90.128
88.863
88.476
88.896
89.657
90.544
89.126
89.951
91.617
91.383
90.410
91.549
90.790
88.013
84.236
82.132
80.904
84.801
84.973
90.457
92.368
94.463
95.597
96.654
95.612
92.559
91.062
92.328
92.331
93.601
95.346
96.875
96.505
96.953
97.483
97.789
97.622
97.628
97.683
97.213
97.028
97.218
96.861
95.641
95.550
96.018
95.099
95.647
94.830
92.673
95.231
96.503
95.374
94.242
95.974
96.862
95.825
95.149
96.178
96.173
94.117
91.950
93.686
94.551
95.357
97.063
95.686
96.371
96.755
96.946
97.419
97.910
97.728
97.204
97.330
97.659
97.055
96.635
96.055
95.691
96.865
96.504
95.867
96.637
96.774
97.266
96.731
96.164
96.367
96.737
95.669
95.757
96.089
94.990
96.502
95.988
94.749
95.219
96.256
94.808
93.519
94.853
94.573
91.513
91.220
91.991
90.366
87.029
85.894
85.834
88.788
85.190
87.042
89.691
87.982
89.711
89.963
88.128
86.753
82.487
80.711
80.668
82.628
85.024
83.505
76.246
72.537
66.459
63.046
70.742
72.341
72.076
78.131
84.717
86.186
86.821
86.425
87.324
89.503
89.625
87.347
89.084
90.508
88.433
86.143
89.046
87.588
84.962
83.498
83.691
80.541
73.009
55.756
51.429
46.659
48.807
47.018
41.259
42.232
42.966
42.809
35.959
31.798
