64.695
76.138
77.825
78.069
80.540
80.522
81.724
82.007
82.403
81.887
79.394
82.522
83.691
83.276
85.883
87.541
91.568
92.316
95.254
96.246
95.854
94.299
91.736
91.578
92.870
94.043
95.072
96.865
96.550
97.211
97.761
97.843
97.831
97.997
98.151
97.393
97.802
97.814
97.216
95.737
96.695
96.814
95.043
95.206
92.645
89.229
92.578
95.129
92.232
90.518
93.599
95.558
93.134
92.756
95.500
95.816
92.870
89.580
93.383
94.935
96.451
97.527
96.919
96.553
97.277
97.424
98.013
98.346
98.271
98.048
97.770
98.254
97.858
97.302
96.640
97.017
97.786
97.410
96.872
97.534
97.738
98.139
97.661
97.112
97.648
97.784
96.545
97.073
97.132
96.504
97.611
96.717
96.311
96.381
97.110
96.216
95.534
95.992
96.204
94.495
94.557
94.434
93.535
92.946
90.737
90.527
92.407
88.727
89.214
88.488
86.682
90.109
89.344
90.235
88.979
87.603
88.068
88.067
88.522
89.844
87.114
85.246
81.670
79.630
80.162
81.505
82.233
79.270
83.253
85.463
82.728
83.406
85.483
85.406
84.094
85.053
85.231
85.243
84.517
84.957
84.803
85.483
84.150
82.995
83.409
80.188
77.549
69.875
62.332
53.636
69.034
69.424
74.779
73.703
75.919
81.301
82.165
80.223
83.817
81.979
82.866
85.174
86.739
85.843
87.265
87.367
85.127
85.493
84.358
85.535
88.478
90.759
90.944
92.321
92.515
93.831
93.274
92.777
89.017
84.516
83.113
84.149
86.049
79.613
78.211
76.156
66.938
48.967
38.108
