82.435
87.314
89.451
87.970
86.546
87.585
83.816
83.710
85.040
86.108
83.144
83.459
87.527
89.142
89.157
93.400
95.115
95.624
96.097
96.328
96.326
96.167
95.249
94.453
93.358
92.397
94.281
94.063
92.578
92.857
92.370
90.579
90.929
91.911
91.879
92.923
91.469
91.882
93.278
93.728
92.414
92.590
92.177
90.882
86.242
84.040
83.843
87.771
88.339
93.086
94.370
95.678
96.575
97.139
96.268
92.924
92.069
93.219
92.822
94.021
95.438
96.867
96.609
96.956
97.360
97.766
97.699
97.580
97.648
97.345
97.221
97.238
97.005
96.120
95.877
96.066
95.386
95.758
95.209
93.024
95.389
96.587
95.638
94.465
96.059
96.926
95.989
95.201
96.175
96.199
94.261
92.282
93.689
94.480
95.271
96.988
95.554
96.232
96.653
96.846
97.293
97.834
97.613
97.059
97.258
97.561
96.934
96.486
95.919
95.547
96.724
96.388
95.752
96.534
96.671
97.141
96.587
96.057
96.341
96.596
95.503
95.786
96.197
95.556
96.732
96.166
95.609
96.221
96.723
95.823
95.211
96.199
95.780
94.212
94.299
94.672
93.184
91.616
91.296
90.495
92.789
89.424
91.045
92.781
91.124
94.078
94.280
93.238
91.418
87.704
88.468
87.809
89.844
92.113
92.331
90.084
87.365
83.173
81.756
84.025
81.688
80.804
85.222
87.999
89.902
90.406
90.560
91.958
92.708
92.612
91.755
92.931
93.545
91.756
91.300
92.478
90.283
87.945
88.084
86.558
82.079
75.199
55.232
46.889
44.001
43.309
40.927
36.357
35.264
