91.079
92.371
93.449
93.597
94.385
93.103
92.815
93.266
93.440
93.575
93.582
91.551
93.308
94.656
93.769
92.765
93.847
94.242
92.555
92.089
93.239
93.323
90.400
87.638
90.860
91.255
93.022
94.272
92.879
92.257
93.168
94.173
95.423
95.613
95.611
95.907
95.790
95.876
95.651
95.399
94.801
94.651
95.536
94.723
93.124
95.024
94.822
94.998
94.561
94.132
94.159
92.955
91.844
93.249
93.211
91.818
93.448
92.511
92.586
92.095
92.781
92.870
92.481
92.054
92.454
91.906
93.019
92.695
92.406
92.793
91.586
90.850
92.416
88.809
89.109
87.179
87.569
92.606
92.293
92.577
91.103
87.998
89.231
88.473
88.903
92.141
90.831
89.950
88.208
85.192
85.468
86.816
84.660
81.542
85.887
89.865
90.606
91.148
90.053
91.327
91.800
89.671
88.939
90.412
90.408
88.055
87.436
89.721
87.341
84.772
85.740
85.363
82.201
67.408
58.639
49.421
65.008
70.948
75.808
76.968
79.030
82.721
83.176
81.537
86.117
85.738
87.721
87.267
88.416
88.519
91.305
88.765
88.988
90.609
90.560
90.519
93.080
94.209
94.653
94.169
93.524
92.857
91.848
90.851
91.026
88.620
90.270
90.723
91.701
89.755
90.656
89.572
86.786
87.949
88.798
89.021
91.233
90.260
90.701
91.735
91.785
91.075
91.766
90.017
90.606
86.758
87.547
88.769
89.908
90.679
92.735
93.696
93.539
93.924
92.833
91.571
83.205
78.882
85.544
85.023
85.232
81.903
86.410
84.536
86.933
86.030
84.204
84.717
83.290
