38.651
42.377
40.768
46.580
45.504
52.427
46.867
51.901
68.264
70.838
73.523
77.063
79.226
79.285
78.178
81.498
79.392
76.587
73.806
79.499
75.730
74.839
69.205
73.487
70.225
56.994
51.569
50.730
63.856
71.602
74.876
76.579
78.849
80.298
81.320
83.714
86.092
85.708
87.655
86.244
85.225
84.675
85.469
84.960
83.349
86.701
86.134
85.776
90.332
93.159
93.848
95.128
95.634
95.860
95.713
94.952
93.445
91.582
89.914
91.706
91.505
88.010
88.218
87.685
85.415
84.059
83.883
84.885
86.127
84.956
85.529
85.774
85.632
84.662
84.964
81.501
81.446
79.688
79.749
79.828
82.472
83.216
89.543
92.505
94.416
95.893
96.740
96.066
92.240
91.379
92.556
92.322
93.713
95.310
96.754
96.317
96.813
97.351
97.684
97.588
97.493
97.574
97.111
96.966
97.066
96.665
95.455
95.298
95.714
94.483
95.195
94.130
91.450
94.521
96.063
94.489
93.077
95.471
96.547
95.226
94.313
95.815
95.873
93.342
90.479
92.836
94.021
95.175
96.940
95.625
96.354
96.682
96.939
97.435
97.896
97.664
97.204
97.273
97.571
96.960
96.537
95.864
95.503
96.670
96.385
95.696
96.379
96.402
97.117
96.522
95.797
96.050
96.463
95.183
95.323
95.704
94.464
96.280
95.555
94.842
95.381
96.286
95.219
94.492
95.630
95.161
93.333
93.739
93.860
92.548
91.483
90.397
89.452
91.644
87.421
89.635
91.241
89.242
92.049
91.866
90.815
88.185
85.394
86.717
87.468
86.882
90.135
87.147
77.810
