93.839
94.299
94.058
92.509
93.203
93.733
95.349
93.986
93.543
95.144
95.487
95.446
95.645
94.859
95.912
95.496
94.285
95.362
95.320
94.321
95.749
94.915
94.630
94.240
95.584
94.965
94.024
93.408
94.793
92.681
92.995
93.403
92.658
92.149
90.104
89.429
93.330
89.851
90.456
89.234
89.229
93.283
92.694
91.718
90.612
87.290
86.585
87.902
88.424
91.888
90.743
90.419
88.312
85.617
86.764
88.016
87.846
86.262
89.457
92.068
92.458
92.074
91.900
92.831
92.647
90.382
89.722
91.350
90.476
88.326
87.473
89.872
87.435
84.728
85.214
84.890
82.718
68.205
58.820
52.853
71.997
72.983
77.634
78.091
80.134
82.873
81.132
78.358
83.879
82.616
83.806
86.215
86.639
84.883
84.097
85.034
84.207
84.694
84.657
87.671
92.012
93.628
94.751
95.076
96.121
96.210
95.826
95.174
94.215
92.474
92.529
93.647
93.732
91.935
92.016
90.267
89.376
90.151
90.756
90.830
91.592
89.424
90.562
92.660
91.748
90.522
91.903
90.195
89.685
86.184
88.651
89.017
89.544
89.877
92.495
93.917
94.575
95.528
96.380
95.971
93.596
90.010
92.271
93.250
93.818
94.495
96.053
96.169
96.474
96.578
97.154
97.368
96.687
96.842
96.983
96.683
95.773
96.184
95.358
95.411
94.565
94.369
94.673
94.106
92.240
93.616
95.539
94.326
93.168
94.801
96.073
95.458
94.498
95.562
96.039
94.600
91.788
93.808
94.474
94.931
96.303
95.282
94.573
95.131
94.971
95.506
96.356
94.742
91.108
