34.804
41.544
42.240
55.149
49.914
64.995
74.878
83.628
83.456
86.482
90.732
90.411
90.629
92.837
94.262
92.803
92.404
93.986
94.014
92.811
93.462
93.931
95.401
94.440
93.652
95.432
95.482
95.695
95.355
94.724
95.205
94.736
93.477
94.552
94.837
93.394
94.874
94.352
94.063
94.139
95.169
94.551
94.044
93.543
94.263
92.716
93.597
93.463
92.538
92.345
90.976
90.127
92.265
88.242
89.249
88.141
87.888
92.704
92.697
91.900
90.767
87.314
87.863
88.559
89.638
92.479
91.438
90.950
89.239
86.231
87.024
89.125
86.866
84.282
87.230
89.651
90.273
90.965
90.890
92.127
92.254
90.502
90.398
91.474
90.859
88.450
88.203
89.667
86.626
84.201
84.993
83.042
78.290
60.062
53.112
51.168
68.225
75.747
78.817
80.273
81.883
84.941
84.127
84.050
86.764
86.130
87.854
87.886
88.024
87.113
88.797
87.069
87.180
88.752
88.672
89.554
92.650
93.881
94.080
94.402
93.841
92.163
90.700
87.858
87.986
84.986
87.210
88.196
87.574
87.360
89.063
87.468
85.532
85.602
87.872
88.442
90.606
88.949
89.124
91.348
91.308
89.566
90.480
88.993
89.420
85.313
86.078
87.040
88.695
89.154
91.649
93.279
93.516
94.610
94.445
93.825
88.564
85.133
87.273
85.266
86.968
90.090
90.712
91.118
93.491
94.178
93.699
95.632
95.911
95.410
95.450
96.164
95.831
95.410
94.818
95.195
94.873
93.297
93.751
92.171
89.423
90.810
92.160
89.485
86.348
88.445
89.955
86.795
72.786
