50.027
55.447
66.338
82.523
87.936
92.794
92.018
92.914
94.997
95.507
95.173
96.018
96.620
96.434
96.576
96.907
96.842
95.876
95.664
95.940
95.155
95.611
94.899
92.445
94.992
96.383
95.028
93.946
95.691
95.969
94.565
94.241
94.936
94.087
91.663
89.969
92.276
92.791
94.359
95.382
93.161
94.003
95.417
96.025
96.738
97.159
97.311
97.117
97.224
97.560
96.928
96.471
96.104
95.601
96.798
96.242
95.421
96.506
96.560
97.041
96.551
95.981
96.242
96.169
95.363
95.718
95.867
95.276
96.112
95.294
94.983
95.214
95.127
94.364
94.105
93.851
92.949
92.915
93.673
93.075
91.869
92.191
91.692
90.063
91.423
87.978
88.272
90.394
89.584
92.862
93.381
93.644
92.301
89.746
90.999
90.500
90.621
92.407
91.000
89.004
86.857
82.844
81.736
83.459
81.787
79.041
82.473
86.914
88.810
89.232
88.584
90.228
91.305
89.823
88.377
90.579
91.260
88.323
88.342
90.840
88.924
85.215
87.326
86.443
82.659
70.713
60.773
52.292
61.728
69.271
73.909
74.219
76.706
82.007
86.648
88.733
88.004
87.831
89.674
87.476
88.734
89.428
91.201
88.973
88.373
91.285
91.548
91.117
93.963
95.106
94.740
94.658
94.124
93.320
93.609
91.473
90.532
90.145
89.564
91.541
92.394
90.622
91.064
90.740
88.998
89.345
90.102
90.693
91.661
89.813
90.787
92.136
92.240
91.009
91.452
90.026
90.000
86.584
85.983
86.418
89.007
89.268
92.815
94.332
94.732
94.910
94.274
91.707
79.336
