52.432
73.031
86.040
92.749
91.834
90.711
93.075
94.548
93.495
92.907
94.389
94.970
92.669
90.265
92.074
93.026
94.667
96.106
95.129
95.683
96.071
96.228
96.678
96.685
96.687
96.278
95.643
95.534
95.486
94.350
93.110
93.062
94.427
94.718
94.614
96.047
95.496
96.067
96.161
95.674
95.537
95.835
95.007
95.335
95.611
94.439
95.425
95.250
94.663
94.420
95.559
94.818
93.990
94.035
94.357
93.302
93.921
93.746
92.503
92.461
91.319
89.656
92.027
87.367
89.694
91.027
90.004
93.417
93.688
93.673
92.405
89.886
91.416
91.011
91.216
93.071
91.963
90.749
89.132
85.064
85.487
86.471
84.974
82.653
85.598
88.817
90.745
91.141
90.432
92.125
92.662
90.867
90.249
91.889
91.980
89.358
89.313
91.412
89.188
86.188
87.465
86.854
82.436
69.803
62.859
53.333
71.465
77.583
81.027
82.878
83.983
86.635
87.694
88.789
88.294
88.203
89.553
87.731
88.583
89.182
90.853
88.863
88.401
91.448
91.111
91.038
93.629
94.671
94.589
94.994
94.693
94.675
94.366
93.892
92.966
91.545
91.095
92.110
92.119
90.811
90.713
89.196
87.517
88.243
89.599
89.585
91.165
89.146
89.439
91.672
91.837
90.149
90.812
89.931
90.148
86.751
86.577
86.725
89.071
88.830
91.831
92.780
93.402
94.626
95.005
94.685
90.198
88.899
91.420
91.119
92.263
94.222
95.875
95.259
96.011
96.402
96.093
96.243
96.205
95.780
94.855
95.149
95.114
93.713
92.125
92.805
92.170
88.696
83.754
