86.384
92.003
90.529
89.460
91.822
91.558
87.919
85.632
88.693
89.569
92.170
93.694
92.815
93.781
95.031
95.370
95.649
96.063
96.366
95.747
95.325
95.780
95.529
94.260
93.629
93.783
95.251
95.135
94.198
95.690
95.651
96.324
95.938
95.313
95.604
95.569
94.569
95.061
95.338
94.644
95.614
94.831
94.614
94.765
95.198
94.422
93.849
93.843
93.448
92.890
93.761
93.286
92.120
92.155
91.412
89.781
91.655
88.091
88.623
90.170
89.335
92.930
93.168
93.669
92.489
90.234
91.217
91.246
91.449
93.015
91.853
90.422
88.142
84.530
85.384
86.005
84.884
81.798
84.572
88.186
89.762
90.439
89.865
91.507
92.018
90.573
89.958
91.490
91.680
89.447
89.465
91.185
89.101
86.477
87.824
86.355
82.562
71.389
65.581
55.146
74.590
79.559
83.104
84.170
85.148
87.621
89.499
90.170
89.130
89.089
90.168
87.809
88.560
89.449
90.460
88.709
87.882
91.109
91.155
91.308
93.605
94.690
94.163
94.326
93.499
92.656
92.115
90.835
89.785
88.740
88.704
89.941
90.005
88.927
89.795
88.363
86.101
87.588
89.163
89.508
90.896
89.150
89.781
91.560
91.584
90.235
90.797
89.720
89.668
85.974
85.777
86.342
88.210
88.881
92.170
93.655
93.871
94.758
94.194
92.991
88.560
82.170
78.485
78.943
87.453
91.262
93.821
93.038
94.229
95.302
95.189
95.540
96.005
96.058
95.619
96.119
96.048
95.709
94.750
94.821
94.696
93.323
93.254
92.166
88.566
90.248
91.894
87.061
69.258
