82.214
83.623
85.651
87.757
87.643
87.416
89.317
87.045
85.346
87.054
88.986
88.160
90.149
87.556
87.311
89.865
90.145
87.523
88.571
86.800
85.581
82.873
80.635
79.522
83.066
83.786
86.905
87.510
89.628
90.226
90.655
89.222
83.083
81.971
84.364
83.706
87.790
90.627
92.719
91.539
93.782
95.141
94.594
94.350
95.514
95.525
94.130
94.899
95.901
94.952
92.798
94.333
95.217
93.457
94.123
90.977
88.665
93.131
93.970
90.599
90.285
93.364
93.578
90.982
90.900
92.995
91.409
86.669
86.798
90.290
90.981
93.618
94.834
93.766
94.962
95.774
96.507
96.804
96.834
97.276
96.964
96.592
97.017
96.867
96.410
95.614
95.494
96.739
96.400
95.667
96.483
96.454
96.922
96.539
95.981
96.128
96.110
94.975
95.465
95.582
94.490
95.435
94.557
93.884
93.361
94.070
93.143
91.268
91.124
91.817
90.694
90.143
90.865
90.134
89.274
89.266
88.337
90.428
87.641
88.061
89.949
88.960
90.942
91.085
90.133
88.043
84.390
84.762
85.097
86.719
89.373
89.224
87.812
87.029
83.438
83.653
84.880
82.899
81.560
84.504
87.087
89.293
89.421
88.592
90.233
90.912
89.822
88.112
89.630
89.348
87.075
86.398
88.114
85.911
82.587
83.719
83.582
78.640
63.000
55.080
50.990
48.221
49.085
45.956
51.307
55.369
79.265
85.565
85.811
85.089
83.178
85.683
83.413
83.430
83.108
83.474
77.706
68.125
65.763
59.115
65.360
79.340
88.689
89.474
90.262
91.148
89.821
88.954
85.018
