72.425
86.963
85.868
87.270
90.871
90.585
91.745
92.839
92.187
92.552
92.316
94.156
93.536
92.323
91.957
93.949
91.517
91.460
91.638
91.918
90.943
88.843
87.971
91.880
88.116
88.911
88.116
87.171
91.001
90.369
89.228
88.383
85.086
84.705
87.033
87.686
90.392
89.229
89.194
86.457
84.685
85.524
87.446
86.130
81.669
88.131
89.697
88.817
88.607
89.488
89.206
88.808
87.031
87.814
89.126
87.295
85.440
85.605
87.290
84.054
82.200
83.265
82.604
78.598
65.568
55.994
53.119
69.235
72.943
77.064
78.515
79.977
81.986
80.651
77.229
83.521
83.010
83.421
85.860
86.389
84.592
82.715
83.939
82.257
82.609
82.564
85.635
89.920
91.526
92.782
93.712
95.138
95.724
95.881
95.425
94.021
92.252
91.355
92.402
92.691
89.850
89.356
88.075
87.261
86.609
85.294
86.107
86.866
85.141
86.312
88.752
87.295
86.471
88.157
85.774
85.727
82.509
86.487
86.716
87.039
87.805
90.298
91.879
92.932
94.141
95.600
95.230
92.615
90.017
92.413
93.126
93.646
94.492
96.262
95.950
95.773
96.380
97.268
97.065
95.945
96.809
96.663
95.755
95.078
95.497
94.048
93.738
93.341
93.319
94.562
93.776
91.949
94.529
96.109
94.550
93.609
95.656
96.822
95.697
95.131
96.472
96.736
95.091
92.360
94.803
95.577
96.608
97.503
96.871
96.236
96.143
96.235
97.416
97.851
96.684
96.908
97.232
97.185
96.468
96.619
96.545
95.851
96.151
94.324
91.785
92.028
92.400
92.188
90.844
