81.920
87.189
90.818
92.469
90.267
92.648
94.973
94.139
93.189
94.629
95.556
94.023
93.637
94.549
94.849
92.119
89.442
91.367
91.893
94.110
95.800
94.544
95.053
95.466
95.810
96.550
96.858
96.639
96.514
96.327
96.342
95.941
95.497
94.550
94.265
95.194
94.678
93.800
95.304
94.846
95.690
95.436
94.558
94.701
94.813
93.554
94.071
93.953
92.568
94.086
94.008
93.485
93.078
94.642
94.027
93.055
92.870
93.420
92.335
92.979
92.981
92.050
91.827
90.060
89.363
91.917
88.018
89.448
89.149
88.454
93.177
93.324
92.864
91.562
88.375
89.637
89.202
89.725
92.709
91.685
90.958
89.416
85.847
85.397
87.726
85.773
83.652
86.369
89.535
91.043
91.401
90.724
92.319
92.765
90.850
90.267
91.801
91.394
88.416
87.963
90.390
87.483
84.723
85.788
85.073
80.181
62.525
53.870
50.182
65.829
72.227
76.156
79.120
80.829
83.987
83.971
84.890
87.391
86.466
88.600
87.373
88.063
88.148
90.451
88.598
88.826
90.992
90.833
90.187
93.398
94.698
94.994
95.120
95.245
94.920
94.864
93.685
92.858
91.336
91.517
92.226
92.871
91.341
91.357
91.048
88.810
89.175
90.029
90.293
91.364
89.746
90.374
92.028
91.993
90.632
91.160
89.387
89.954
85.723
86.293
87.149
89.220
89.455
92.456
93.796
94.284
95.203
95.192
94.510
88.654
86.581
90.085
89.929
91.018
92.696
94.737
94.049
94.923
95.620
95.740
95.741
95.477
95.632
95.364
95.161
94.850
94.243
92.425
87.256
