44.582
51.089
46.284
52.001
43.992
43.685
49.731
49.501
47.050
46.675
49.147
49.754
50.104
48.605
60.218
70.015
76.056
78.606
79.075
76.779
77.661
81.217
84.125
85.206
87.556
87.705
88.309
87.967
88.219
87.142
85.621
86.727
85.242
83.170
85.315
89.858
89.761
93.268
93.950
94.979
95.441
94.662
91.791
88.870
85.008
87.603
88.229
82.607
81.312
83.206
81.647
76.590
74.198
77.221
77.119
78.593
78.178
75.129
75.812
75.650
74.749
71.224
73.564
73.779
75.843
76.888
78.281
79.520
84.682
90.104
92.655
95.245
96.448
95.784
92.745
91.840
93.047
93.281
94.095
95.500
96.809
96.473
96.878
97.379
97.682
97.603
97.513
97.567
96.972
97.061
97.134
96.546
95.363
95.543
95.779
94.219
94.836
93.364
90.187
93.844
95.707
93.752
92.323
95.184
96.387
94.838
94.197
95.910
95.945
93.486
91.028
93.344
94.450
95.278
97.003
95.738
96.359
96.696
96.930
97.432
97.855
97.685
97.169
97.229
97.591
97.012
96.530
95.890
95.581
96.796
96.387
95.777
96.550
96.607
97.145
96.645
96.026
96.325
96.612
95.433
95.757
96.128
95.369
96.629
95.981
95.467
95.933
96.541
95.652
94.896
95.645
95.335
93.930
93.817
93.754
92.568
91.707
90.115
89.097
91.030
86.698
87.612
89.460
85.649
87.931
86.550
87.142
84.591
84.446
86.179
87.283
85.361
86.570
81.291
76.618
65.692
61.113
53.778
53.462
51.257
50.023
48.002
48.217
48.822
49.307
50.057
52.625
47.998
45.572
