84.635
90.650
93.362
95.282
95.411
94.047
89.082
85.578
86.902
88.195
90.791
93.336
95.620
95.235
95.929
96.887
97.206
97.037
97.268
97.624
97.243
97.146
97.234
97.176
95.854
95.850
96.033
95.386
95.925
95.386
93.424
95.183
96.829
95.555
94.651
95.827
96.518
94.813
94.069
95.578
95.526
92.744
89.885
93.096
94.039
95.369
96.761
95.685
95.513
96.391
96.792
97.531
97.904
97.745
97.544
97.544
97.835
97.144
96.772
96.515
96.081
97.064
96.400
95.542
96.628
96.870
97.422
96.836
96.197
96.718
96.809
95.355
96.020
96.207
95.394
96.712
95.535
95.202
95.320
95.768
94.886
94.324
94.837
94.279
92.759
93.504
93.146
92.030
91.887
90.422
89.622
91.700
87.902
88.843
89.049
88.204
92.328
91.868
91.194
89.887
87.064
87.019
87.824
88.595
91.577
89.987
89.437
86.886
84.103
85.078
85.930
84.777
83.279
86.882
90.316
90.894
91.061
90.472
91.508
91.423
89.052
89.134
89.551
89.025
87.307
86.614
88.147
85.641
83.327
83.673
82.102
78.365
67.394
54.470
50.599
68.606
73.152
77.672
77.586
79.894
83.551
82.086
80.296
84.958
82.351
84.794
85.361
86.661
85.506
87.766
86.348
84.737
84.543
85.082
84.448
87.761
90.654
92.666
92.464
92.327
93.550
90.871
90.756
91.140
86.005
90.029
90.699
92.337
89.786
90.362
89.705
86.314
87.171
88.027
86.875
90.512
88.795
88.933
89.390
88.922
87.379
87.042
84.998
83.630
76.592
75.496
74.477
74.078
63.456
