79.834
84.512
84.964
84.225
84.926
80.660
80.022
83.231
84.992
84.436
88.360
86.887
87.406
89.223
89.673
88.259
89.014
87.845
88.028
84.602
83.010
82.955
86.128
86.794
90.486
92.384
92.853
94.464
94.967
94.179
91.293
89.362
90.039
90.406
91.640
94.059
95.836
94.942
96.082
96.937
96.829
96.906
97.264
97.227
96.496
96.953
97.154
96.505
95.413
95.765
96.023
94.755
94.940
92.941
90.050
93.584
95.044
92.361
91.216
94.190
94.941
92.864
92.061
94.409
93.923
89.689
88.812
91.512
92.795
94.573
96.251
95.282
95.885
96.478
96.769
97.326
97.629
97.590
97.206
97.122
97.566
97.064
96.552
95.861
95.646
96.793
96.393
95.678
96.556
96.600
97.139
96.660
96.063
96.372
96.615
95.403
95.972
96.366
95.664
96.717
96.111
95.319
95.683
96.212
95.209
94.395
94.782
94.716
93.468
93.721
93.463
92.412
91.777
91.193
89.733
91.312
87.213
87.968
89.716
88.361
91.371
91.800
91.917
90.245
87.756
88.469
87.423
87.917
90.107
88.909
86.852
84.687
81.141
79.836
83.548
82.214
80.369
82.682
86.039
87.154
87.728
87.761
88.845
89.463
89.007
87.761
88.938
89.405
87.504
86.844
89.030
87.337
83.780
85.495
85.777
81.597
63.240
55.612
52.913
50.917
50.523
49.210
54.704
58.419
75.349
85.135
85.935
84.945
84.070
86.655
84.306
84.905
86.431
87.856
85.166
82.249
84.666
85.334
88.501
91.731
92.785
92.960
93.383
93.280
93.126
92.781
90.857
86.616
72.367
