33.882
40.218
49.696
47.315
50.722
45.823
50.389
66.117
67.530
72.102
77.386
78.060
78.735
78.590
81.804
79.857
76.795
75.878
80.497
76.889
75.589
69.500
72.914
69.108
55.887
49.278
50.746
63.317
69.837
74.287
74.352
77.147
80.501
81.595
83.794
86.238
85.140
87.534
85.883
85.467
84.304
86.059
84.607
83.823
87.155
86.675
85.665
90.576
93.482
94.140
95.324
95.763
96.034
95.951
95.191
93.816
92.282
90.799
92.370
92.215
89.155
89.158
88.795
86.799
85.226
85.106
86.330
87.294
85.518
86.010
86.606
86.112
85.279
85.508
81.518
81.637
79.428
79.826
80.196
82.404
83.568
90.067
93.062
94.764
96.155
96.968
96.295
92.712
91.935
92.863
92.566
93.809
95.542
96.936
96.626
97.033
97.526
97.817
97.771
97.666
97.729
97.287
97.241
97.276
96.893
95.792
95.653
96.010
94.839
95.501
94.541
91.967
94.953
96.331
94.915
93.663
95.790
96.775
95.616
94.849
96.116
96.179
94.056
91.382
93.415
94.463
95.466
97.165
95.854
96.530
96.905
97.094
97.550
98.001
97.777
97.342
97.438
97.737
97.189
96.739
96.211
95.820
96.986
96.585
95.995
96.617
96.624
97.279
96.753
96.040
96.329
96.728
95.627
95.659
96.056
94.981
96.615
95.962
95.162
95.754
96.617
95.556
94.856
95.981
95.543
93.819
94.234
94.274
92.938
92.013
90.635
89.863
92.069
88.057
89.993
91.599
89.982
92.523
92.116
91.049
88.312
85.154
87.115
87.123
87.030
90.569
87.597
81.413
67.790
