72.933
79.636
82.906
80.433
84.230
84.561
85.763
85.614
86.730
86.416
82.994
81.487
87.300
81.122
84.368
82.896
84.862
90.365
90.289
89.150
89.130
85.543
84.928
86.153
86.162
89.337
88.689
87.147
85.436
82.060
82.262
84.537
81.521
78.707
83.839
88.229
89.014
89.035
88.749
90.098
90.297
88.247
87.558
89.640
89.371
86.656
85.826
88.805
85.715
82.951
83.647
84.042
79.917
64.384
54.272
51.181
66.335
69.297
73.965
72.178
73.858
78.725
77.600
73.369
79.087
78.028
79.290
80.572
82.192
79.938
80.448
82.305
81.424
82.840
83.638
86.540
90.080
90.918
92.389
92.057
93.630
94.022
94.561
93.853
92.322
90.737
89.966
90.703
91.736
89.590
89.385
87.349
86.582
87.087
87.497
87.760
89.270
86.704
87.681
90.144
89.342
87.773
89.517
87.570
87.977
84.530
85.966
86.518
87.595
87.523
90.230
90.908
91.832
92.146
92.833
92.259
86.677
84.146
89.353
90.547
90.397
92.388
95.187
93.912
93.118
94.787
95.977
94.726
94.422
95.816
95.277
93.961
94.667
95.106
92.584
92.131
93.876
93.088
94.524
93.181
91.210
94.229
95.904
94.020
93.037
95.205
96.179
94.934
94.374
95.709
95.776
93.513
90.908
93.326
94.264
95.426
96.754
95.468
95.547
95.680
96.494
97.360
97.576
97.366
97.360
97.337
97.485
97.046
96.628
96.313
95.828
96.885
96.309
95.187
96.095
95.920
96.269
95.674
94.233
94.014
94.227
92.164
89.709
82.243
80.714
84.378
77.702
77.037
71.892
