63.807
80.407
91.062
92.720
91.562
92.068
93.109
93.040
92.607
93.229
93.304
94.434
93.365
91.790
94.236
94.217
93.792
93.238
93.545
94.355
93.108
91.076
93.810
94.196
92.587
94.429
93.855
93.441
93.831
94.743
94.022
93.439
93.250
93.800
91.826
92.306
92.499
91.588
90.814
89.373
88.328
90.749
86.611
88.424
88.721
87.148
91.256
91.475
90.132
89.360
85.221
85.543
87.369
88.526
91.261
90.360
89.465
87.523
84.809
84.626
88.077
84.665
82.266
85.998
88.558
89.885
89.852
89.610
90.706
90.823
89.288
89.394
90.386
89.946
87.029
86.883
88.367
85.136
82.480
83.704
81.332
75.967
59.587
52.549
50.390
65.449
74.275
76.607
79.381
80.422
82.919
82.348
82.822
85.250
85.247
86.112
86.002
85.876
83.739
85.334
84.084
83.522
84.678
84.837
86.736
91.263
92.563
93.118
93.981
94.655
93.995
93.595
92.598
92.429
90.758
90.845
91.702
91.599
90.000
89.957
88.181
87.021
87.659
88.307
88.317
89.691
87.669
87.690
89.625
89.876
87.958
88.844
87.298
87.882
84.405
84.887
85.345
87.381
87.276
90.399
92.164
93.059
94.134
94.965
94.440
89.855
86.496
89.704
88.121
88.831
90.163
92.312
92.920
93.090
93.763
94.721
95.704
95.083
94.996
95.530
95.890
95.454
95.314
94.673
94.896
94.572
93.082
93.891
92.740
90.111
92.321
93.761
92.406
90.997
92.491
93.421
93.006
91.868
92.094
92.519
90.908
88.701
88.594
88.138
86.983
89.289
82.222
79.012
61.288
