92.070
94.059
94.801
95.352
93.718
93.823
94.513
94.203
94.733
94.368
92.494
94.435
95.827
94.714
93.885
94.821
95.395
93.654
93.171
94.312
94.677
92.430
89.701
92.796
93.191
94.408
95.450
94.733
93.861
94.810
95.583
96.561
96.645
96.801
96.941
96.760
96.946
96.603
96.255
95.945
95.756
96.670
95.916
94.681
96.318
96.274
96.488
96.069
95.459
95.637
94.846
94.240
94.922
94.734
93.009
95.307
94.193
93.468
93.094
94.544
93.987
92.573
92.946
93.685
91.646
92.001
92.636
92.246
91.448
89.441
89.672
92.209
89.201
89.619
89.703
88.849
92.671
92.066
91.043
90.194
86.956
85.896
87.179
88.359
91.927
90.765
90.311
88.635
86.032
86.945
88.104
87.024
84.932
88.472
91.338
91.753
91.999
91.662
92.371
92.610
90.280
89.983
90.930
90.390
88.281
87.385
89.060
86.873
84.291
84.863
84.070
80.986
65.867
56.205
50.362
67.371
71.918
77.334
77.466
80.490
83.439
81.965
79.477
85.166
83.506
85.514
86.140
86.510
85.398
87.518
86.194
85.412
86.033
86.123
88.437
91.729
92.930
94.330
94.266
94.666
94.326
93.108
92.584
92.945
90.091
91.603
92.486
92.521
90.456
91.881
90.234
87.207
88.783
89.796
88.993
91.660
90.250
90.715
91.979
91.912
90.759
91.694
89.714
89.871
85.978
87.553
88.440
88.697
90.042
92.290
92.857
93.401
93.822
94.559
94.296
89.591
85.320
90.242
90.207
90.829
90.018
91.572
91.685
92.808
92.621
91.337
92.186
90.530
90.475
