84.166
91.965
93.394
92.536
93.871
92.866
90.793
93.921
95.456
94.367
93.292
95.259
96.023
95.154
94.548
95.494
95.648
93.257
90.993
92.917
93.887
95.012
96.538
95.112
95.416
95.925
96.189
96.921
97.176
96.940
96.822
96.717
96.723
96.360
95.933
95.263
94.803
95.764
95.336
94.353
95.737
95.413
96.126
95.832
95.070
95.252
95.428
94.645
94.581
94.625
93.501
94.967
94.460
93.928
93.719
95.133
94.297
93.295
93.668
93.974
93.058
93.538
93.576
92.419
92.214
91.658
90.121
92.242
88.037
89.886
92.434
91.019
93.973
93.863
94.010
92.848
90.344
91.385
91.183
91.523
93.094
92.015
90.731
88.533
85.292
85.652
86.201
85.054
81.874
84.583
88.072
89.776
90.207
90.012
91.514
92.032
90.883
90.011
91.505
92.014
90.004
90.177
91.750
90.140
87.775
89.113
87.605
84.182
73.709
69.759
56.751
72.371
78.005
81.112
81.822
84.041
86.814
89.614
90.549
89.569
89.185
90.358
87.977
88.896
89.868
90.810
88.966
87.982
90.811
90.751
91.154
93.710
94.728
94.909
95.362
95.521
95.367
95.310
94.387
93.511
92.346
91.304
93.254
93.185
91.436
91.812
91.069
89.246
89.789
90.770
91.313
91.892
89.804
90.961
92.301
92.280
91.109
91.658
90.424
90.449
86.990
86.484
86.645
89.012
89.111
92.188
93.171
94.234
95.134
95.540
94.943
91.437
90.703
92.161
92.178
91.850
93.869
95.817
95.196
95.610
96.139
96.626
96.405
96.218
96.438
96.117
95.745
95.598
94.243
