50.061
64.360
71.313
77.095
84.549
88.888
92.941
91.712
92.442
94.688
95.377
94.820
95.804
96.521
96.215
96.308
96.843
96.736
95.641
95.520
95.905
95.096
95.565
94.790
92.439
94.943
96.358
95.059
93.983
95.702
96.127
94.816
94.404
95.231
94.623
92.202
90.481
92.455
93.235
94.684
95.954
94.096
94.786
95.747
96.395
97.023
97.315
97.440
97.157
97.262
97.571
96.982
96.460
96.058
95.657
96.819
96.225
95.577
96.538
96.606
97.093
96.630
96.062
96.267
96.234
95.425
95.735
95.900
95.072
95.922
95.105
94.702
94.686
94.613
93.580
93.243
92.853
91.917
92.100
92.826
92.161
91.065
91.528
91.030
89.123
90.423
87.188
87.712
89.833
89.264
92.475
93.136
93.282
91.920
89.386
90.632
90.060
90.137
91.843
90.473
88.187
86.299
81.756
80.461
82.699
80.769
78.843
82.071
86.644
88.759
89.055
88.050
89.877
91.046
89.308
87.857
90.177
90.809
87.702
87.561
90.363
88.337
84.303
86.453
86.080
82.118
69.846
59.739
50.877
58.891
65.777
70.952
70.600
72.211
79.675
85.445
87.619
86.973
86.973
88.867
86.684
88.109
88.939
90.763
88.419
87.975
90.835
91.075
90.730
93.692
94.844
94.557
94.195
93.812
93.184
93.641
91.826
90.730
90.059
89.567
91.405
92.403
90.696
91.009
90.736
88.910
89.288
90.024
90.491
91.479
89.742
90.736
92.040
92.032
90.729
91.345
89.705
89.514
86.212
85.515
86.065
88.643
88.834
92.517
94.053
94.454
94.348
93.564
87.822
