42.328
57.254
81.047
87.826
93.307
92.911
93.754
95.297
95.881
95.773
96.161
96.743
96.625
96.695
96.881
96.898
96.000
95.716
95.889
95.124
95.601
94.916
92.446
94.978
96.421
95.168
94.019
95.741
96.044
94.853
94.449
95.180
94.304
92.023
90.425
92.684
93.292
94.484
95.448
93.261
93.815
95.263
95.740
96.641
97.125
97.168
97.062
97.175
97.515
96.850
96.459
96.073
95.545
96.727
96.074
95.180
96.326
96.401
96.974
96.373
95.824
96.143
96.009
95.055
95.599
95.738
95.237
96.072
95.061
94.986
95.333
95.234
94.371
94.306
94.390
93.535
93.307
94.213
93.809
92.516
92.688
92.298
90.966
92.422
88.912
89.587
91.441
90.540
93.696
94.159
94.357
93.454
91.081
91.907
91.521
91.888
93.328
92.170
90.428
88.091
84.337
83.783
85.260
83.660
80.850
83.728
87.348
89.288
89.858
89.790
91.123
91.908
91.049
89.848
91.589
92.307
90.150
90.494
92.203
90.933
88.998
90.223
89.209
85.700
75.652
70.826
59.793
66.919
73.682
77.938
75.075
80.125
84.618
89.031
90.843
89.661
89.448
90.701
88.515
89.738
90.642
91.852
89.469
88.940
91.696
92.018
92.111
94.657
95.437
95.209
95.272
94.985
94.275
94.229
92.425
91.604
91.068
90.387
92.385
92.920
91.051
91.539
91.163
89.399
89.632
90.480
91.229
92.011
90.148
91.254
92.708
93.031
91.862
92.283
91.476
91.766
88.604
87.429
87.697
90.826
90.191
93.495
94.701
95.152
95.547
95.160
93.437
87.244
74.941
