48.338
46.936
59.200
62.802
59.468
65.767
73.168
79.048
82.847
88.295
90.879
92.537
93.456
95.251
95.898
96.110
95.103
93.662
92.108
90.172
92.746
93.230
90.867
90.910
91.297
90.011
89.716
90.089
90.919
91.316
90.257
91.112
92.346
91.933
91.157
92.068
91.020
88.098
83.260
81.195
78.737
83.211
83.826
89.814
91.143
93.852
94.796
96.392
95.350
92.879
91.748
92.925
92.972
93.979
95.576
97.024
96.650
97.020
97.569
97.878
97.517
97.567
97.695
97.066
96.579
96.951
96.582
94.883
94.784
95.541
94.532
95.363
94.766
92.895
95.373
96.642
95.650
94.563
96.149
97.003
96.035
95.397
96.350
96.353
94.499
92.363
94.006
94.881
95.583
97.194
95.882
96.539
96.883
97.067
97.544
97.976
97.792
97.306
97.412
97.695
97.124
96.731
96.194
95.777
96.897
96.501
95.986
96.707
96.724
97.228
96.766
96.036
96.079
96.673
95.546
95.090
95.168
93.133
95.767
95.099
92.727
93.286
94.926
92.429
90.864
92.640
92.427
87.723
87.727
89.352
86.986
82.893
82.679
84.507
87.237
84.703
87.292
90.379
88.451
89.610
89.336
86.885
85.303
80.163
76.937
77.425
81.257
84.679
84.234
78.157
75.294
69.597
66.674
73.359
74.226
74.887
80.965
85.940
87.648
88.193
87.157
88.256
90.541
90.279
87.807
89.560
90.927
88.069
85.712
89.126
87.183
84.276
83.257
83.047
78.457
72.251
55.526
48.050
43.824
43.238
39.525
35.345
36.453
35.315
40.563
34.568
33.638
32.732
33.546
