48.033
54.140
63.779
71.947
71.933
73.702
74.891
77.335
79.886
83.862
88.213
90.582
94.486
95.963
95.884
93.953
91.832
92.224
93.156
93.851
95.035
96.890
96.596
97.049
97.575
97.712
97.546
97.670
97.725
96.629
96.610
96.737
95.457
93.264
94.613
94.220
91.168
92.201
90.050
86.269
90.121
94.046
91.753
90.191
93.434
95.685
94.112
93.496
96.122
96.461
94.125
91.430
94.253
95.325
96.426
97.553
96.744
96.426
97.163
97.320
97.913
98.281
98.160
97.880
97.458
97.776
97.520
96.640
95.174
95.883
96.879
97.078
96.577
97.303
97.408
97.901
97.351
96.692
97.022
97.416
95.994
96.432
96.690
95.397
96.843
96.178
95.502
94.823
96.440
95.758
94.469
94.920
95.656
94.085
93.668
94.137
93.171
92.529
90.551
90.087
92.276
88.316
89.094
89.405
87.332
90.373
88.665
89.227
87.507
86.687
87.758
88.458
88.692
89.728
86.662
85.064
80.709
78.871
79.819
80.664
80.901
77.756
82.529
82.762
79.582
79.012
82.137
82.465
80.422
81.025
82.807
82.834
80.833
82.123
82.679
83.147
81.981
81.409
81.497
77.838
75.155
67.661
59.795
54.049
70.150
71.960
76.624
75.849
78.619
81.991
83.619
82.379
85.213
84.089
85.492
86.369
88.024
87.926
88.764
88.398
84.955
86.349
83.707
83.098
85.887
89.378
90.010
92.894
93.575
95.092
94.687
94.383
91.241
88.474
85.574
87.375
88.592
82.917
81.650
82.060
74.904
72.267
71.358
65.188
38.532
41.727
46.190
38.786
23.455
