92.140
95.756
95.787
96.100
96.662
96.767
95.300
95.297
96.223
95.737
96.176
95.718
93.592
95.842
96.730
95.631
94.857
96.118
96.377
94.544
94.433
95.684
95.539
93.699
91.229
94.722
94.508
96.075
96.401
95.843
94.663
95.585
96.426
97.468
97.643
97.717
97.877
97.723
97.916
97.796
97.469
97.193
97.217
97.923
97.604
96.821
97.727
97.644
97.565
97.138
96.809
97.084
96.165
95.442
96.220
96.022
94.622
96.094
94.679
94.331
93.730
95.000
94.040
92.854
93.410
93.897
91.952
92.207
92.668
92.490
92.057
90.240
90.303
92.970
90.867
90.779
90.276
89.967
93.274
92.965
91.760
90.986
87.846
86.493
87.999
89.015
92.700
91.559
91.108
89.444
87.209
87.980
89.148
89.467
87.759
90.671
93.336
93.165
93.539
93.370
93.433
93.749
91.436
91.001
91.831
91.404
89.538
88.602
90.118
88.478
85.687
86.106
85.225
83.528
71.164
62.098
52.927
71.113
73.379
78.606
79.376
81.686
84.443
82.977
79.064
85.226
84.149
84.953
87.449
87.486
86.795
87.089
86.464
84.439
83.906
84.113
87.081
92.054
93.008
94.954
94.443
94.931
94.764
93.487
92.794
93.488
90.773
92.234
93.897
93.508
91.305
92.873
91.576
88.389
89.997
90.976
90.235
92.750
91.580
91.929
93.135
92.915
91.800
92.984
90.867
90.529
86.996
89.375
89.822
89.621
90.524
93.105
93.328
94.128
93.842
94.041
93.927
86.853
83.588
90.179
90.230
91.000
87.822
89.744
89.660
89.903
89.682
89.223
87.927
