77.647
80.931
83.119
82.658
80.746
80.561
74.047
73.405
82.399
75.787
74.934
80.381
81.233
84.290
84.236
83.576
85.008
84.187
81.578
81.410
85.772
81.945
78.204
78.976
81.633
74.563
70.446
72.467
68.156
55.282
51.727
42.771
41.903
47.023
60.268
61.752
64.123
68.581
66.452
69.894
74.117
77.829
77.423
80.229
76.139
78.120
76.289
73.111
71.775
71.559
69.610
74.658
77.359
84.538
87.408
88.416
90.871
92.873
93.794
94.401
93.545
90.930
87.650
85.998
87.547
88.982
84.116
82.004
84.358
81.891
77.936
76.347
77.022
76.797
77.000
78.809
79.136
77.173
77.857
79.367
78.053
79.319
79.229
79.587
79.752
81.302
80.337
84.396
88.005
91.119
92.887
94.786
93.772
88.893
86.757
89.708
89.269
91.277
93.736
95.624
95.037
95.804
96.647
97.084
96.682
96.892
97.017
96.248
96.087
96.431
95.810
94.121
94.317
94.889
93.190
93.731
92.458
89.064
92.713
94.733
92.613
91.030
94.010
95.463
94.003
92.662
94.693
94.802
91.807
88.212
90.809
92.327
93.790
95.890
94.247
95.220
95.785
96.197
96.770
97.398
97.218
96.652
96.605
97.041
96.432
95.773
94.819
94.855
96.090
95.650
94.963
95.739
95.823
96.705
96.014
95.299
95.436
95.818
94.122
94.342
94.319
92.622
95.297
94.280
93.029
93.352
94.788
92.970
91.305
91.940
91.817
88.465
87.580
88.226
86.494
84.208
82.123
81.686
84.348
79.586
81.261
84.306
83.965
85.425
85.778
84.267
81.706
76.070
65.518
