43.102
50.974
61.477
66.685
67.297
71.875
73.182
73.702
75.411
77.039
78.733
80.832
83.593
88.132
90.010
93.670
94.991
94.621
91.525
89.580
91.055
91.935
92.241
94.316
96.150
95.528
96.106
97.004
97.255
97.040
97.146
97.327
96.342
96.690
96.793
95.701
93.848
95.043
94.967
92.201
92.647
90.289
85.892
89.948
93.733
91.115
89.284
92.841
94.926
92.913
92.127
94.945
95.226
92.086
89.239
92.462
94.118
95.252
96.750
95.425
95.743
96.484
96.702
97.377
97.763
97.587
97.326
96.984
97.408
96.958
96.131
94.796
95.326
96.551
96.060
95.282
96.312
96.534
97.221
96.632
95.968
96.302
96.552
95.419
95.773
95.906
95.143
96.424
95.603
95.133
95.160
96.113
95.156
94.249
94.524
94.705
93.222
93.455
93.111
92.102
91.547
89.753
88.804
90.646
85.597
86.669
87.567
84.629
88.314
86.934
88.823
87.180
86.185
87.000
87.650
87.812
88.533
85.208
82.358
76.970
75.324
75.313
78.038
77.840
71.866
77.132
80.364
77.807
77.839
80.459
80.740
78.727
80.025
81.276
81.446
80.478
81.655
81.795
82.852
81.351
80.208
80.683
77.168
73.133
62.992
55.971
51.120
64.509
70.776
74.488
73.392
74.089
79.517
81.692
81.955
84.212
83.603
85.352
83.755
85.585
85.669
87.577
86.687
84.336
86.793
84.940
84.743
86.068
89.283
88.392
91.548
91.814
93.320
93.393
92.869
89.140
85.414
81.992
83.480
85.360
79.065
76.963
78.226
69.921
65.897
59.936
55.935
36.483
31.755
