34.896
37.988
39.945
39.617
38.658
39.144
43.938
41.850
44.848
45.579
51.869
60.600
70.593
76.285
78.543
77.946
76.148
77.404
81.966
84.411
86.044
88.483
88.149
88.981
89.242
89.954
88.153
86.994
88.637
87.409
86.289
88.183
91.415
90.893
93.573
94.166
94.873
95.282
94.160
91.077
87.424
84.524
87.740
87.127
81.690
81.793
83.138
80.551
77.162
74.133
77.139
76.998
77.114
76.982
76.408
77.083
77.476
76.666
73.484
76.644
76.837
78.565
79.978
81.803
82.237
87.101
91.560
93.314
95.542
96.524
95.829
92.665
91.678
92.857
93.026
94.121
95.568
96.816
96.499
96.946
97.393
97.671
97.614
97.569
97.602
97.013
97.130
97.208
96.649
95.618
95.711
95.934
94.627
95.135
93.749
90.822
94.253
95.875
94.001
92.485
95.288
96.415
94.610
93.624
95.670
95.534
92.207
89.007
91.971
93.805
95.021
96.853
95.625
96.362
96.751
96.967
97.366
97.868
97.701
97.167
97.236
97.613
97.003
96.528
95.924
95.594
96.797
96.456
95.794
96.541
96.669
97.180
96.626
96.048
96.350
96.626
95.465
95.806
96.156
95.461
96.714
96.115
95.620
96.167
96.648
95.828
95.198
95.960
95.538
94.361
94.390
94.083
92.893
92.307
91.014
89.553
91.295
86.927
87.432
89.418
85.881
88.600
87.520
88.863
87.020
86.648
88.477
88.494
86.975
87.335
82.342
75.659
63.744
59.571
48.856
49.184
49.379
49.385
46.939
50.844
59.612
56.845
63.467
67.084
70.464
67.319
65.515
66.236
63.715
