40.112
48.131
66.495
84.108
87.692
90.096
89.273
89.759
91.528
93.789
93.194
93.457
93.625
91.081
91.933
93.427
93.471
91.102
90.320
92.802
93.286
94.284
96.004
96.345
96.109
96.437
96.564
96.540
96.323
95.524
94.876
93.885
93.035
94.802
94.410
93.154
93.379
92.964
91.053
91.467
92.347
92.442
93.375
92.136
92.441
93.290
94.177
93.191
92.869
92.391
92.962
90.163
88.616
88.959
92.475
91.162
94.323
95.212
95.967
96.801
97.249
96.509
93.740
92.891
93.859
93.449
94.400
95.689
96.979
96.794
97.049
97.425
97.821
97.749
97.596
97.686
97.392
97.276
97.255
97.057
96.267
95.997
96.127
95.557
95.891
95.362
93.292
95.542
96.712
95.795
94.662
96.193
97.024
96.121
95.337
96.333
96.332
94.433
92.623
93.923
94.732
95.432
97.088
95.680
96.317
96.764
96.957
97.383
97.885
97.652
97.133
97.328
97.621
96.985
96.586
96.030
95.634
96.776
96.509
95.891
96.608
96.722
97.175
96.620
96.094
96.383
96.633
95.585
95.824
96.219
95.651
96.803
96.176
95.772
96.438
96.824
96.082
95.730
96.539
96.116
95.116
95.421
95.306
94.112
93.762
93.553
91.985
93.851
90.478
92.199
93.846
92.019
94.903
95.457
95.680
95.639
94.566
94.513
95.066
94.975
94.971
94.038
92.317
89.561
85.470
86.441
86.384
83.068
79.834
82.907
86.298
89.016
89.235
89.015
90.829
92.023
91.068
90.706
92.581
93.249
91.482
92.452
94.145
92.819
91.782
93.223
92.969
89.767
86.651
