38.899
47.832
54.699
57.961
66.582
70.614
70.766
72.737
74.295
73.679
75.816
76.269
78.528
80.189
83.632
88.217
89.693
93.287
94.607
93.992
90.008
88.209
90.120
90.439
92.540
94.696
96.301
95.531
96.363
97.214
97.288
97.155
97.384
97.394
96.267
96.782
97.052
95.968
94.401
95.411
95.505
93.039
93.121
90.548
85.961
90.325
93.853
90.557
88.448
92.290
94.551
91.341
90.919
94.272
94.671
90.800
87.336
90.822
93.135
94.862
96.814
95.699
96.249
96.739
97.009
97.572
97.913
97.748
97.389
97.135
97.510
97.094
96.422
95.227
95.418
96.848
96.497
95.875
96.716
96.861
97.319
96.916
96.322
96.516
96.798
95.883
96.008
96.213
95.495
96.678
96.132
95.588
95.807
96.457
95.592
95.037
95.118
95.178
93.803
94.006
93.510
92.983
92.641
90.284
89.837
90.794
85.568
85.722
85.291
82.760
87.255
86.887
88.451
86.989
84.840
86.746
87.022
87.243
88.834
85.912
84.746
80.376
78.663
78.746
81.611
80.269
74.756
80.346
82.063
79.058
80.142
82.395
83.290
80.257
81.587
83.177
83.318
81.386
81.760
82.508
82.761
80.524
79.439
79.903
76.279
69.906
58.160
50.062
48.030
60.666
72.573
75.194
77.068
79.272
82.726
82.272
82.917
87.283
85.993
88.497
86.639
88.664
88.550
91.308
89.035
88.966
89.186
88.079
84.442
87.044
89.541
88.322
89.227
87.197
89.453
87.775
87.145
84.273
76.810
78.597
77.379
81.006
73.401
69.372
68.942
56.741
48.217
44.881
43.185
