79.838
91.935
94.204
94.335
94.989
95.980
95.792
95.802
96.182
96.393
95.706
95.399
95.713
95.501
95.477
95.641
93.624
94.827
96.085
95.162
94.192
95.084
95.314
93.499
93.079
93.977
93.657
90.723
88.668
91.162
91.516
93.023
94.590
91.994
92.449
93.963
94.957
96.159
96.618
96.651
96.687
96.666
97.006
96.695
96.218
95.755
95.405
96.693
96.033
95.068
96.436
96.492
96.717
96.309
95.843
95.958
95.399
94.878
95.312
95.512
94.762
95.260
94.484
94.388
94.507
94.533
94.045
94.124
93.892
93.288
92.916
93.837
93.365
92.837
93.096
91.674
91.093
92.462
88.670
89.668
88.120
87.967
92.733
92.990
92.744
91.101
87.857
88.962
88.310
89.258
92.591
91.416
90.557
89.046
86.179
85.475
87.911
85.374
82.259
86.418
90.013
90.774
91.484
90.375
91.882
92.193
90.496
89.729
91.219
90.896
88.219
87.725
89.772
87.181
84.665
85.747
84.869
80.161
64.447
52.775
48.062
62.735
69.921
74.120
76.548
78.768
82.612
82.668
82.430
86.674
86.016
88.285
86.956
88.065
88.189
90.351
88.616
89.441
90.590
90.832
90.383
93.307
94.475
94.705
94.015
93.412
92.093
91.400
89.116
90.074
88.245
89.976
90.406
91.947
89.866
90.610
90.215
87.045
87.800
88.592
88.941
91.326
90.469
90.744
91.749
92.015
91.256
91.569
89.632
90.458
86.555
87.095
88.379
90.057
90.754
92.885
94.090
94.043
94.023
92.779
90.851
79.758
70.461
78.406
76.851
76.989
66.835
79.853
69.605
