27.435
37.544
42.091
39.109
38.927
45.901
45.432
51.933
47.182
53.483
65.667
66.623
67.872
72.440
76.066
75.842
71.983
77.901
78.661
74.182
70.155
77.152
75.269
69.378
65.848
70.968
68.290
50.819
45.581
41.480
47.511
51.436
52.704
54.698
60.236
56.815
58.648
64.772
70.413
68.903
69.651
69.510
69.250
64.629
66.419
71.528
70.983
75.827
77.169
79.148
85.700
88.634
90.735
92.264
93.951
94.542
94.863
93.789
91.239
88.098
85.523
88.429
89.134
84.139
84.272
85.483
82.706
79.584
78.682
80.904
81.723
82.690
83.291
82.545
82.427
82.372
83.654
80.443
80.023
77.823
79.338
78.376
80.414
80.873
87.252
89.590
92.659
94.016
95.540
94.289
89.579
87.067
90.210
90.508
92.119
94.462
96.255
95.559
96.222
97.032
97.364
97.077
97.169
97.292
96.667
96.194
96.550
96.154
94.448
93.881
94.929
93.292
94.475
93.348
90.516
93.788
95.499
93.681
92.003
94.861
96.014
94.371
93.180
95.107
95.153
91.907
88.485
91.606
93.198
94.623
96.487
95.143
96.011
96.357
96.667
97.261
97.748
97.537
97.069
97.058
97.390
96.802
96.330
95.548
95.191
96.412
96.010
95.308
96.064
95.956
96.925
96.266
95.310
95.213
96.089
94.561
93.660
94.040
90.564
94.627
93.729
91.497
92.126
94.713
92.111
90.589
92.766
92.055
85.698
86.805
88.175
84.992
81.995
80.120
79.771
83.346
79.113
82.676
85.132
84.328
85.699
86.631
82.247
79.979
71.761
65.183
72.536
67.538
72.792
