68.571
63.356
76.677
80.240
83.518
88.728
90.252
88.838
88.603
85.011
85.130
86.118
87.002
89.169
88.598
87.283
86.445
83.428
82.064
86.659
82.701
81.550
84.568
87.548
89.326
89.390
89.157
90.157
90.197
89.056
88.683
90.024
89.425
86.592
85.728
88.184
85.034
82.102
83.707
82.555
78.138
59.935
52.317
49.607
62.218
70.435
74.768
75.343
77.985
80.420
80.435
80.239
82.839
82.965
82.378
82.918
82.091
81.063
78.323
79.214
79.576
81.378
83.979
85.777
90.665
91.969
92.578
93.253
94.366
94.484
95.028
93.919
92.893
91.036
90.892
91.611
91.851
89.780
89.889
88.029
86.915
87.355
88.032
87.852
89.259
86.753
87.089
89.295
89.103
87.696
89.189
87.521
87.929
85.733
85.696
85.734
88.129
86.441
90.031
91.648
93.263
94.226
95.195
94.194
90.205
88.835
90.474
89.625
91.556
94.149
95.971
95.211
95.920
96.896
97.216
96.896
97.178
97.309
96.772
96.778
96.996
96.548
95.272
95.237
95.789
94.482
95.091
93.964
91.347
94.298
95.877
94.248
93.340
95.271
96.212
95.036
94.394
95.624
95.565
93.464
91.178
92.938
93.692
95.068
96.700
95.104
95.990
96.322
96.637
97.197
97.678
97.557
97.130
97.134
97.501
97.008
96.413
95.866
95.510
96.769
96.271
95.674
96.450
96.484
97.060
96.585
95.930
96.164
96.360
95.317
95.522
95.706
94.486
96.123
95.359
94.118
94.489
95.353
93.701
92.155
92.917
92.450
90.045
89.359
89.031
87.668
86.111
82.923
70.971
