62.453
80.787
88.815
91.211
90.367
91.829
93.636
93.415
94.313
95.244
95.693
94.891
94.574
95.195
94.865
94.179
94.043
93.874
95.548
95.185
94.359
96.224
96.104
96.166
95.861
95.343
95.605
95.331
93.872
94.920
95.330
93.677
95.187
95.110
94.347
94.681
95.488
94.824
94.320
94.055
94.490
92.898
93.329
93.354
92.588
91.985
90.297
89.402
91.533
87.604
89.539
89.166
88.207
92.262
92.495
91.321
90.228
86.586
86.602
88.268
89.688
92.002
91.241
90.429
88.906
85.949
86.332
89.145
86.136
83.355
86.378
88.820
90.352
90.408
90.287
91.466
91.552
90.163
90.200
91.126
90.588
88.021
87.771
88.925
85.939
83.874
84.236
82.097
76.756
57.464
52.869
50.729
66.525
76.060
78.667
81.244
82.742
84.930
83.338
84.723
86.849
86.396
87.461
87.423
87.279
86.007
86.800
85.446
85.586
86.320
86.104
87.832
92.025
93.261
93.650
94.455
94.858
94.322
94.120
93.108
92.602
90.518
90.935
91.758
91.656
90.434
90.486
88.035
86.690
87.581
88.309
88.003
90.051
88.197
87.981
89.996
90.370
88.285
89.151
87.853
88.337
84.869
84.761
85.644
87.603
87.747
90.856
92.418
93.340
94.500
95.410
94.785
90.239
87.233
90.026
88.398
90.557
93.417
94.550
94.676
95.772
96.373
96.116
96.823
96.918
96.554
96.121
96.519
96.601
95.887
94.870
95.501
95.354
93.528
94.202
92.807
90.260
92.567
94.001
92.321
90.980
93.157
94.259
93.328
92.013
93.185
93.329
90.495
77.867
