83.139
89.329
91.346
94.311
95.116
95.483
94.358
92.635
91.228
89.460
91.527
92.449
90.318
90.069
89.591
88.613
88.870
89.184
89.584
89.809
87.971
88.863
90.282
89.283
87.196
89.254
87.395
83.103
78.519
74.462
71.014
77.509
76.975
85.203
85.740
91.507
92.954
95.253
94.089
91.151
89.312
91.286
91.414
92.684
94.819
96.502
95.864
96.499
97.189
97.388
96.813
97.076
97.211
96.260
95.211
96.016
95.419
92.247
93.026
93.884
92.533
93.718
92.924
91.415
94.598
95.886
94.715
93.886
95.672
96.546
95.515
94.935
95.939
95.903
93.804
91.637
93.364
94.281
95.188
96.865
95.455
96.157
96.533
96.779
97.339
97.786
97.631
97.191
97.202
97.384
96.887
96.532
95.864
95.264
96.138
95.800
95.315
96.158
96.002
96.748
96.297
95.254
95.191
96.151
94.799
93.742
93.862
90.376
94.460
94.087
90.065
90.584
93.623
90.436
87.707
90.506
90.454
83.691
83.402
86.284
83.135
77.488
77.643
79.569
83.807
81.859
85.216
88.512
87.184
87.133
86.883
83.291
81.728
74.613
68.549
70.638
78.128
81.058
81.708
77.292
76.046
71.735
70.323
76.495
74.494
74.141
80.004
84.280
87.068
86.762
85.271
87.096
88.651
88.298
86.299
87.596
88.558
86.459
84.210
85.944
84.559
81.597
80.412
80.136
76.399
68.796
52.815
47.684
42.939
44.200
40.841
37.759
37.884
41.798
43.075
42.954
37.560
41.166
37.275
34.997
35.255
34.774
34.688
30.257
32.498
36.095
29.890
30.390
26.446
