74.979
88.330
90.448
89.886
91.713
94.004
93.950
94.615
95.782
96.140
95.497
95.351
96.025
95.538
95.194
95.074
94.507
96.031
95.350
94.615
96.253
96.146
96.296
95.941
95.385
95.683
95.427
93.939
94.979
95.353
93.769
95.275
95.177
94.314
94.743
95.552
94.845
94.345
94.138
94.546
92.862
93.413
93.450
92.658
92.114
90.403
89.667
91.672
87.578
89.607
89.060
88.006
92.248
92.543
91.345
90.276
86.740
86.629
88.158
89.630
92.030
91.280
90.419
88.949
85.853
86.222
89.112
86.008
83.141
86.371
88.934
90.423
90.407
90.225
91.461
91.529
90.108
90.174
91.120
90.590
88.032
87.791
89.060
86.115
83.935
84.445
82.456
77.205
57.327
52.355
50.491
65.702
74.748
77.823
80.507
82.017
84.194
82.728
83.816
86.272
85.602
86.898
87.026
86.774
85.282
86.260
85.232
85.360
86.251
86.070
87.625
91.932
93.205
93.658
94.425
94.814
94.129
93.814
92.354
92.005
89.882
90.461
91.383
91.309
89.958
90.294
87.957
86.579
87.157
87.962
87.805
89.878
88.056
87.940
89.904
90.271
88.231
89.127
87.754
88.315
84.747
84.809
85.594
87.531
87.847
90.898
92.488
93.390
94.541
95.362
94.729
90.117
87.034
89.680
88.360
89.905
93.152
94.001
94.253
95.637
96.288
95.918
96.806
96.947
96.650
96.196
96.581
96.697
96.026
94.954
95.549
95.405
93.664
94.384
92.984
90.528
92.951
94.362
92.474
90.936
93.203
94.244
92.954
91.383
92.474
92.650
89.541
79.033
55.458
