89.358
88.403
86.732
89.631
89.994
86.704
83.712
86.649
87.548
90.533
92.251
91.951
92.447
93.974
94.341
94.488
95.066
95.599
94.387
93.403
94.649
94.175
92.240
91.930
92.728
94.356
94.641
93.676
95.468
95.525
96.161
95.762
95.144
95.634
95.622
94.258
95.041
95.447
94.652
95.840
94.807
94.756
94.853
95.262
94.550
93.883
93.925
93.651
93.009
93.813
93.509
92.241
92.132
91.336
89.971
92.006
88.689
89.278
90.763
89.780
93.332
93.571
93.793
92.610
90.383
91.070
90.948
91.324
92.845
91.947
90.449
88.035
84.500
86.075
85.852
85.240
82.688
85.130
89.087
90.244
90.617
90.345
91.745
91.961
91.035
89.993
91.490
91.813
90.081
89.870
91.457
89.867
87.425
88.552
86.877
83.649
73.156
68.568
56.668
74.595
77.925
81.992
81.903
83.702
86.802
89.381
90.201
89.032
88.611
89.674
87.172
88.538
88.985
89.920
88.037
87.583
90.460
90.478
91.203
93.600
94.873
94.365
94.656
93.789
92.862
91.938
90.732
89.965
88.903
89.038
90.292
89.925
89.107
90.122
88.695
86.197
87.581
89.748
89.764
91.339
89.823
90.199
91.963
91.984
90.839
91.393
90.588
90.336
86.503
86.221
87.116
88.736
89.580
92.440
93.899
93.986
95.048
94.481
93.409
89.468
83.487
78.435
80.869
88.175
90.868
93.411
92.984
94.169
94.977
94.946
95.545
96.041
95.952
95.698
96.225
95.922
95.565
94.853
94.926
94.538
93.304
92.584
91.596
87.846
89.135
89.953
84.193
70.925
54.411
