46.423
48.778
49.513
46.950
50.977
53.053
65.545
57.541
69.983
72.052
79.127
84.764
87.370
85.819
86.751
83.193
81.303
83.911
84.893
86.235
86.757
85.106
84.652
81.095
80.661
85.774
82.046
78.818
83.134
86.330
88.331
88.105
88.210
88.906
88.539
87.739
87.697
88.718
88.360
85.497
84.864
87.370
84.276
81.781
82.454
83.278
78.089
59.929
49.105
50.832
58.406
70.048
74.167
73.233
75.028
78.945
79.299
77.407
81.114
80.200
79.513
80.665
79.676
79.144
77.950
78.757
78.291
80.238
82.706
84.586
89.220
89.221
90.406
90.017
91.939
92.219
93.816
92.626
91.179
89.428
89.091
89.716
90.878
88.557
88.398
86.760
86.039
86.336
86.050
86.483
87.972
85.564
85.858
88.207
87.992
86.470
88.031
86.137
86.826
84.301
84.834
84.840
87.002
85.517
88.779
89.500
91.197
90.838
91.795
89.816
84.142
81.406
85.715
85.782
87.939
91.854
94.585
92.922
93.270
95.341
95.930
94.830
95.679
96.403
95.496
95.158
96.135
95.765
93.890
93.909
95.052
93.377
94.361
93.095
90.525
93.775
95.395
93.470
92.747
94.936
95.794
94.495
94.048
95.308
95.162
92.947
90.746
92.640
93.495
94.909
96.385
94.832
95.632
95.974
96.469
97.068
97.418
97.377
97.060
96.988
97.341
96.939
96.379
95.733
95.323
96.650
96.068
95.345
96.081
96.127
96.731
96.279
95.406
95.411
95.455
94.148
93.955
92.458
89.883
92.947
90.992
88.927
88.895
90.206
86.814
83.897
83.880
79.998
70.128
