69.030
79.616
86.992
85.916
85.774
88.062
87.954
87.465
86.635
89.367
87.003
83.336
82.544
86.218
82.118
80.693
78.291
78.271
73.116
55.961
49.963
50.836
68.578
78.055
80.400
83.899
84.572
84.657
86.848
89.281
89.823
90.175
91.328
89.113
89.447
90.882
91.277
89.259
88.580
91.596
91.137
90.590
93.644
95.169
95.225
95.976
96.157
96.252
96.148
95.362
94.393
93.219
91.795
93.705
93.361
91.116
91.219
90.737
88.913
88.485
88.795
89.330
90.329
87.994
88.617
90.081
90.088
88.632
88.905
86.189
86.482
83.686
83.521
84.396
87.160
86.695
92.053
94.336
95.426
96.522
97.134
96.338
92.491
92.070
93.220
92.788
93.932
95.484
96.857
96.585
96.967
97.435
97.795
97.722
97.606
97.680
97.329
97.276
97.273
96.956
96.038
95.847
96.087
95.143
95.633
94.839
92.498
95.103
96.464
95.238
94.049
95.917
96.880
95.895
95.149
96.193
96.256
94.420
92.210
93.729
94.567
95.383
97.098
95.688
96.353
96.713
96.954
97.454
97.922
97.706
97.212
97.347
97.673
97.071
96.651
96.084
95.689
96.887
96.537
95.876
96.566
96.657
97.229
96.673
96.064
96.370
96.682
95.576
95.808
96.205
95.488
96.741
96.099
95.555
96.197
96.714
95.853
95.376
96.270
95.762
94.597
94.992
94.817
93.512
93.114
92.617
91.044
93.121
88.917
90.868
93.097
91.557
93.627
93.926
93.721
92.081
90.386
91.623
91.867
91.617
92.936
91.384
88.261
84.245
80.012
77.598
78.189
63.504
49.478
