67.742
86.654
94.012
93.141
92.042
94.303
95.610
94.715
94.028
95.230
95.650
93.600
91.268
92.845
93.786
95.123
96.659
95.472
95.998
96.386
96.507
96.975
97.218
97.038
96.515
96.282
96.377
95.927
95.012
94.123
94.067
95.410
95.399
95.163
96.418
95.999
96.489
96.488
95.980
95.907
96.332
95.487
95.768
96.050
95.144
96.182
95.887
95.252
95.398
96.238
95.423
94.700
95.239
95.134
94.054
94.630
94.594
93.230
93.069
92.598
90.867
93.004
88.452
90.852
92.823
91.829
94.469
94.641
94.678
93.459
91.111
92.458
92.211
92.455
93.880
92.944
91.821
90.214
87.133
87.843
88.315
86.978
84.855
86.946
89.027
90.779
91.132
90.956
92.447
92.854
91.499
91.057
92.437
92.630
90.708
91.176
92.462
90.747
88.445
89.841
88.450
84.543
75.121
70.829
58.328
75.761
80.954
84.617
86.001
87.398
89.161
90.725
92.010
90.803
90.455
91.724
89.520
90.404
91.459
92.251
90.123
89.459
92.126
92.229
92.130
94.480
95.445
95.389
95.844
95.706
95.621
95.412
94.772
93.985
92.807
92.009
93.822
93.421
91.994
92.301
91.193
89.366
90.065
91.302
91.443
92.437
90.809
91.109
92.686
93.020
91.588
91.753
90.790
90.912
87.236
86.789
86.896
89.633
89.741
93.054
94.130
94.758
95.714
96.210
95.551
92.263
91.331
92.771
92.319
93.154
94.830
96.400
96.023
96.476
96.860
96.946
96.954
96.863
96.679
96.151
96.227
96.157
95.510
94.185
94.177
93.929
91.659
90.113
84.689
