82.005
84.647
86.670
91.488
91.702
92.630
93.670
92.913
93.207
92.980
94.797
93.886
92.723
92.281
94.322
91.716
91.723
91.960
92.099
91.107
88.808
87.933
92.025
88.390
89.052
88.109
87.654
91.348
90.621
89.432
88.585
85.267
84.742
87.121
87.731
90.564
89.282
89.267
86.517
84.843
85.434
87.287
86.347
81.757
88.041
89.983
88.730
88.587
89.612
89.286
88.818
87.029
87.823
89.192
87.402
85.642
85.833
87.456
84.424
82.586
83.512
82.897
79.435
67.020
57.310
53.350
70.653
73.276
77.511
79.009
80.424
82.298
80.725
77.171
83.721
83.120
83.099
86.109
86.407
84.703
82.283
83.960
82.045
82.211
82.259
85.438
90.147
91.786
93.183
93.954
95.520
96.109
96.344
95.852
94.379
92.698
91.700
92.917
93.273
90.347
89.867
88.730
87.929
87.064
85.799
86.587
87.126
85.621
86.840
88.971
87.550
87.004
88.627
86.032
85.934
82.775
86.850
87.152
87.360
88.075
90.730
92.357
93.451
94.537
95.990
95.556
93.396
90.402
92.787
93.714
94.349
95.095
96.772
96.441
96.302
96.923
97.630
97.401
96.479
97.309
97.079
96.328
95.942
96.305
94.746
94.560
94.517
94.310
95.392
94.425
92.611
95.123
96.641
95.142
94.275
96.203
97.230
96.171
95.643
96.958
97.131
95.679
93.099
95.493
96.173
97.114
97.888
97.392
96.870
96.841
97.036
97.899
98.223
97.406
97.598
97.752
97.778
97.274
97.193
97.105
96.821
97.148
96.264
94.272
94.893
94.469
95.048
94.223
89.256
