62.322
73.350
78.639
67.770
65.376
71.683
64.349
59.072
59.985
65.387
53.709
55.398
65.394
63.202
53.899
58.988
62.127
60.236
56.814
55.335
66.906
72.378
77.067
78.244
77.650
77.300
78.826
79.446
82.608
82.319
82.910
84.452
86.358
83.910
81.751
82.947
79.954
79.052
78.006
80.597
83.929
88.975
89.864
92.854
94.294
95.863
96.335
95.586
92.107
89.915
86.967
89.178
91.379
85.860
83.877
85.972
85.510
80.864
75.862
77.799
76.920
76.642
78.456
77.681
75.682
78.080
77.865
74.236
75.208
74.184
78.231
79.957
79.867
83.086
85.241
90.792
92.536
95.790
97.146
96.655
95.479
93.487
92.082
93.402
94.474
95.747
97.190
97.130
97.583
98.001
98.167
98.164
98.220
98.353
97.963
98.035
98.069
97.692
96.318
96.998
97.221
95.735
96.535
94.702
92.262
95.288
97.020
94.935
94.015
96.060
97.185
95.850
95.236
96.855
97.035
95.450
92.709
95.135
95.504
96.707
97.704
97.044
96.952
97.406
97.457
97.947
98.418
98.305
97.982
97.953
98.371
97.942
97.439
97.403
97.208
97.877
97.683
97.234
97.681
97.883
98.266
97.905
97.331
97.847
98.052
96.969
97.504
97.543
96.865
97.848
97.033
96.257
96.288
97.197
96.141
94.887
95.956
96.136
93.398
92.624
93.248
92.320
90.768
88.691
89.041
90.810
87.505
88.493
89.298
85.690
88.038
86.156
86.309
83.152
82.790
83.304
84.331
83.310
85.840
81.181
76.848
70.117
66.838
61.843
60.367
55.978
54.055
47.830
47.918
