83.450
90.045
93.059
93.154
91.409
84.571
77.045
71.714
70.758
85.530
90.349
93.645
92.987
94.045
95.678
95.748
95.580
96.354
96.743
96.143
96.302
96.833
96.457
95.052
95.343
95.699
94.755
95.055
93.847
91.133
94.194
95.888
94.022
92.949
95.186
95.593
93.406
93.463
94.682
93.872
90.743
88.941
91.895
92.755
94.528
95.666
94.035
94.778
95.856
96.448
97.100
97.422
97.472
97.259
97.250
97.585
97.031
96.588
96.062
95.719
96.895
96.267
95.473
96.551
96.658
97.130
96.660
96.134
96.349
96.302
95.458
95.847
96.044
95.300
96.170
95.330
95.077
94.990
95.104
94.342
93.953
93.607
92.891
92.311
93.003
92.223
91.503
91.707
90.195
89.024
90.428
86.823
87.173
87.602
86.821
90.614
90.318
90.556
88.821
86.018
87.438
87.978
88.198
90.943
89.076
88.056
85.512
82.119
81.970
83.913
81.707
77.389
82.511
86.464
87.501
87.632
87.031
88.831
88.321
86.561
86.870
88.221
87.419
84.308
84.595
86.409
83.467
81.457
82.549
81.227
75.591
62.217
53.615
49.171
64.465
72.327
75.656
77.209
78.634
82.394
82.467
82.876
85.806
84.763
86.689
85.479
86.761
86.248
88.826
86.796
85.255
86.733
84.936
84.074
86.884
90.164
90.691
91.128
90.791
91.286
90.376
89.187
87.565
84.908
86.346
85.008
89.120
87.100
86.426
85.431
83.064
83.067
83.157
82.502
86.025
83.145
83.771
84.328
82.944
82.645
82.419
78.967
78.770
73.766
75.369
75.252
74.446
75.322
70.819
