56.912
61.887
81.096
89.333
91.146
92.904
93.879
95.599
96.059
96.204
95.297
94.193
93.128
91.534
93.708
93.935
92.081
92.074
91.860
90.610
90.753
91.192
91.617
92.213
90.698
91.222
92.460
92.303
91.337
91.987
90.771
89.250
85.083
82.999
81.283
85.537
85.052
90.422
91.639
94.093
95.047
96.538
95.419
92.813
91.836
93.325
93.312
94.201
95.649
97.063
96.668
97.005
97.576
97.860
97.549
97.668
97.763
97.211
96.843
97.206
96.865
95.388
95.569
96.035
95.086
95.736
94.930
93.181
95.670
96.756
95.814
94.830
96.279
97.055
96.170
95.534
96.449
96.447
94.765
92.849
94.183
94.968
95.653
97.271
95.947
96.566
96.925
97.097
97.591
98.033
97.852
97.372
97.493
97.782
97.216
96.800
96.303
95.840
97.028
96.621
96.055
96.768
96.852
97.351
96.846
96.186
96.370
96.852
95.660
95.659
96.035
94.668
96.376
95.888
94.205
94.549
95.770
93.763
92.535
93.530
92.832
88.159
88.215
89.173
86.559
82.728
82.517
83.429
87.227
85.204
88.232
91.525
89.571
90.053
90.072
87.221
85.606
80.672
76.660
76.265
81.241
84.538
84.944
79.876
78.854
73.627
72.079
78.220
76.115
76.600
82.302
86.033
88.318
88.881
86.902
88.890
90.714
90.066
87.721
89.742
90.689
87.871
85.999
88.879
87.181
83.808
83.370
83.289
78.794
70.084
54.197
47.104
43.457
44.184
40.076
37.953
39.763
41.422
43.597
37.775
38.489
39.161
37.610
39.414
40.119
40.058
36.080
35.532
31.668
