74.814
86.096
88.330
88.549
89.357
89.475
91.679
91.153
90.398
90.502
92.051
90.193
90.396
90.711
90.434
89.019
87.794
86.584
90.023
85.607
87.065
88.014
86.493
90.454
90.354
89.216
88.474
84.369
84.543
86.640
87.282
90.109
89.341
88.678
86.517
84.593
84.891
87.306
83.280
80.835
86.710
88.486
89.321
88.844
89.116
89.516
89.419
87.812
88.125
89.095
88.355
85.583
85.682
87.493
84.285
81.158
83.344
81.831
76.359
61.388
52.749
49.197
64.580
71.659
75.293
76.700
78.445
81.346
80.915
78.641
83.242
83.070
83.846
84.047
84.560
82.168
82.759
82.209
82.145
83.234
83.757
86.038
90.146
91.407
92.479
93.416
94.657
94.748
95.057
94.399
93.268
91.676
91.034
91.780
91.915
89.723
89.165
87.554
86.640
86.764
86.546
87.059
88.311
86.003
86.431
88.773
88.356
86.863
88.323
85.849
86.720
83.707
85.258
85.867
87.105
87.032
89.946
91.323
92.624
93.803
94.920
94.787
90.943
88.965
92.058
92.078
92.381
94.201
96.021
95.298
95.431
96.576
97.148
96.831
96.099
96.915
96.450
95.995
96.023
96.092
94.419
94.329
94.876
93.960
95.057
93.645
91.370
94.268
96.030
94.136
93.032
95.149
96.259
95.041
94.456
95.733
95.861
93.719
91.365
93.400
94.405
95.383
96.862
95.687
95.993
96.297
96.663
97.425
97.790
97.497
97.393
97.372
97.570
97.172
96.700
96.370
95.949
96.919
96.366
95.178
95.955
95.888
96.539
96.072
94.612
94.870
94.709
92.661
85.489
