85.211
87.995
90.186
89.590
90.456
89.411
91.126
90.474
90.975
90.706
90.651
89.598
88.337
86.202
89.732
84.573
87.062
87.460
86.804
91.140
91.590
90.394
89.560
85.764
85.644
86.876
87.806
90.563
90.011
88.762
87.305
84.962
84.363
87.852
83.315
80.974
85.498
88.307
89.961
89.947
89.620
90.556
90.867
89.467
89.227
90.455
90.220
87.383
86.559
88.674
85.710
82.714
84.097
82.982
78.345
62.267
53.054
50.590
63.990
72.335
76.577
77.464
79.403
82.195
81.833
82.491
84.696
84.604
85.295
85.929
86.115
85.508
86.099
85.332
85.278
86.271
86.999
88.277
91.961
92.941
93.509
94.092
94.854
94.694
94.987
94.184
93.393
91.745
91.667
92.414
92.376
90.708
90.872
88.737
87.529
88.339
89.118
88.810
90.212
87.734
87.686
90.424
90.413
88.520
89.825
88.456
89.081
86.141
86.070
86.704
88.940
87.870
90.972
92.299
93.272
94.125
94.945
94.540
89.591
88.368
91.218
90.100
91.642
93.580
95.538
94.736
94.943
96.005
96.689
96.267
95.945
96.599
96.212
95.781
96.154
96.051
94.575
94.510
95.242
94.169
95.040
93.773
91.315
94.288
95.824
94.177
93.281
95.238
96.204
95.107
94.525
95.661
95.668
93.692
91.545
93.151
93.843
95.102
96.699
95.234
95.754
95.840
96.442
97.146
97.508
97.340
97.141
97.149
97.404
97.086
96.528
96.079
95.747
96.818
96.444
95.418
96.343
96.121
96.563
96.011
95.033
95.338
95.303
93.856
92.421
87.007
83.986
85.495
74.642
