49.190
63.986
73.666
82.437
89.213
91.266
93.107
93.848
95.771
96.270
96.332
95.469
94.403
93.341
91.749
93.959
94.105
92.294
92.247
92.237
90.908
91.000
91.416
91.823
92.305
90.933
91.380
92.541
92.446
91.381
91.940
90.776
89.352
84.593
82.137
80.555
84.998
84.072
90.490
91.611
94.338
95.061
96.640
95.595
93.102
92.121
93.530
93.412
94.347
95.744
97.160
96.813
97.096
97.625
97.949
97.625
97.696
97.813
97.262
96.774
97.144
96.849
95.240
95.314
95.837
94.912
95.616
94.987
93.202
95.691
96.831
95.906
94.868
96.344
97.152
96.252
95.588
96.529
96.534
94.860
92.978
94.286
95.088
95.737
97.349
96.084
96.641
97.007
97.157
97.640
98.075
97.884
97.406
97.536
97.809
97.238
96.853
96.340
95.845
96.984
96.572
96.059
96.724
96.775
97.339
96.828
96.088
96.264
96.836
95.614
95.464
95.772
94.011
96.103
95.676
93.606
94.035
95.544
93.302
91.773
93.153
92.552
87.463
87.728
88.981
85.978
82.129
81.919
83.178
87.125
85.021
88.430
91.761
89.711
90.083
89.903
86.799
85.093
79.695
75.991
75.606
80.733
84.036
84.868
79.878
78.543
73.849
71.806
78.415
76.764
77.233
83.191
86.465
88.548
89.121
86.951
88.953
90.719
90.037
87.720
89.591
90.692
87.948
85.938
88.694
86.974
83.509
82.712
82.790
78.314
68.917
50.136
44.677
42.339
40.867
41.075
38.651
40.033
42.156
44.557
38.870
37.348
40.982
38.667
38.724
41.700
41.840
37.417
34.259
