69.703
74.547
85.222
89.270
90.832
89.662
89.582
91.529
93.570
93.549
94.814
94.701
95.827
95.677
95.029
96.006
96.200
95.173
96.304
95.498
95.340
94.761
96.038
95.380
94.448
93.855
95.257
93.163
93.234
93.656
93.021
92.496
90.376
89.993
93.757
90.888
91.008
89.579
89.729
93.527
92.995
92.016
91.050
87.938
87.338
88.355
88.628
92.281
90.936
90.511
88.633
86.308
87.013
88.062
88.628
87.654
90.757
92.927
92.989
92.722
92.595
93.180
92.952
90.938
90.031
91.649
90.968
88.959
88.054
90.385
88.356
85.654
85.897
85.599
84.381
71.749
62.842
54.484
73.929
73.758
78.428
78.302
80.911
83.474
81.550
78.040
83.562
82.611
82.482
86.422
86.856
85.163
83.420
85.214
84.096
84.540
84.642
87.960
92.475
93.900
95.186
95.425
96.541
96.724
96.488
95.969
94.869
93.210
93.138
94.505
94.567
92.738
92.673
91.285
90.510
91.268
91.702
91.893
92.265
90.233
91.464
93.471
92.514
91.519
93.010
91.388
90.548
87.467
90.212
90.374
90.564
90.639
93.207
94.488
95.152
95.791
96.734
96.290
94.312
90.733
92.864
93.987
94.944
95.448
96.845
96.863
96.893
96.976
97.440
97.625
96.867
96.935
97.100
96.774
95.671
96.078
95.440
95.336
94.226
93.895
94.047
93.948
91.957
93.094
95.036
94.508
93.492
94.619
96.060
95.864
94.839
95.949
96.698
95.658
92.766
94.776
95.651
95.795
96.652
96.758
95.757
95.357
94.544
95.460
96.400
94.671
93.574
93.990
94.225
