43.332
59.707
71.318
70.324
75.519
75.242
77.821
72.036
72.462
78.797
70.928
71.058
79.694
81.765
82.531
81.544
82.835
80.656
81.693
81.042
81.923
80.752
79.711
82.019
76.630
76.164
75.440
74.689
66.449
64.135
61.352
53.581
48.586
47.928
54.037
66.211
66.619
65.843
69.348
70.903
68.807
73.562
75.766
77.750
77.014
78.185
76.744
76.364
73.235
73.809
70.841
70.127
74.529
80.161
87.162
89.102
90.351
92.046
94.300
94.769
95.175
94.202
92.618
90.438
89.106
90.091
90.340
87.085
85.600
86.026
84.504
83.408
81.627
82.626
83.446
83.269
83.793
84.625
84.258
83.876
84.728
83.875
84.358
84.307
84.159
83.716
85.213
83.460
87.596
89.789
92.464
93.507
95.492
94.499
91.149
89.845
90.712
91.053
92.320
94.576
96.178
95.620
96.396
97.070
97.475
97.125
97.255
97.394
96.760
96.519
96.907
96.465
94.939
95.078
95.664
94.453
95.029
93.673
91.020
94.203
95.755
93.906
92.591
95.014
96.155
94.796
93.837
95.405
95.456
92.805
89.491
92.185
93.019
94.540
96.412
94.852
95.773
96.229
96.588
97.157
97.669
97.488
96.979
97.038
97.439
96.834
96.289
95.680
95.379
96.624
96.203
95.535
96.278
96.413
97.017
96.417
95.727
96.056
96.304
95.073
95.350
95.618
94.317
96.015
95.234
93.783
93.862
95.169
93.372
91.612
92.345
92.434
89.309
88.237
88.972
87.676
84.691
83.144
83.728
86.284
81.808
85.179
87.755
86.496
87.223
87.260
84.294
82.820
76.394
