90.779
94.323
95.216
95.546
94.778
93.280
91.944
90.094
91.833
92.555
90.236
89.794
87.862
87.328
88.647
89.167
89.560
89.979
88.487
89.191
90.404
89.414
87.887
89.819
88.309
84.138
79.363
75.557
72.514
79.202
78.362
86.792
86.423
91.735
92.974
95.149
94.410
91.951
91.090
92.561
92.822
93.502
95.349
96.878
96.252
96.728
97.335
97.451
97.021
97.226
97.299
96.339
95.256
96.179
95.437
92.355
93.146
94.062
92.811
93.899
92.697
91.306
94.519
95.827
94.380
93.879
95.664
96.492
95.549
94.939
96.122
96.158
94.296
92.300
93.922
94.713
95.599
97.178
95.983
96.512
96.830
97.059
97.567
97.948
97.784
97.393
97.380
97.576
97.086
96.746
96.074
95.539
96.565
96.116
95.696
96.283
96.189
97.014
96.578
95.640
95.508
96.527
95.186
94.259
94.327
91.521
94.793
94.414
90.385
90.284
93.759
90.521
88.757
90.583
90.670
82.834
83.813
86.808
83.372
78.646
78.755
81.418
85.183
83.797
86.341
89.661
88.173
87.304
86.881
83.403
81.606
74.532
69.749
71.184
77.383
80.624
80.624
75.842
73.229
69.071
65.136
73.712
73.016
74.987
80.626
84.783
87.077
87.034
84.552
86.489
88.510
87.458
84.687
86.125
87.719
84.588
82.237
85.206
84.048
80.411
79.504
79.553
75.576
67.428
52.815
44.918
39.993
43.144
36.109
33.429
35.837
35.717
37.921
32.804
34.232
35.466
36.113
37.645
34.532
36.088
34.951
32.672
34.960
37.609
38.357
40.551
41.121
38.476
41.398
