80.478
88.399
92.536
91.221
92.447
93.705
93.866
94.432
94.522
93.429
94.152
94.246
92.707
93.771
94.232
92.437
94.390
93.884
93.053
93.233
94.639
93.524
92.573
92.108
93.151
90.996
91.240
91.469
90.737
89.893
88.196
87.276
89.915
85.549
87.547
87.819
86.235
90.592
90.382
89.133
88.403
84.372
84.291
86.638
87.732
90.490
89.570
88.380
86.435
83.601
83.409
87.124
83.190
80.589
84.736
87.447
89.150
88.684
88.608
89.799
89.687
88.076
88.303
89.404
88.900
85.955
86.031
87.550
84.311
82.115
82.964
81.229
75.356
57.794
52.068
50.265
65.481
73.522
76.769
78.587
79.566
82.318
81.675
81.736
84.695
84.405
85.488
85.378
85.455
83.262
84.275
83.743
83.420
85.012
84.751
86.677
90.980
92.406
93.071
93.914
94.865
94.737
94.846
94.048
93.222
91.446
90.981
91.781
91.845
90.005
89.722
87.884
86.799
87.446
87.647
87.926
89.226
87.233
87.520
89.146
89.370
87.780
88.632
86.523
87.441
84.015
84.880
85.356
87.168
87.364
90.355
92.059
93.145
94.203
95.396
95.060
91.386
88.613
91.972
91.705
92.373
94.386
95.779
95.414
95.998
96.669
96.892
97.104
96.765
96.797
96.426
96.441
95.928
95.717
94.702
94.861
94.025
92.972
93.883
92.912
90.356
92.467
94.679
93.236
92.071
94.085
95.409
94.509
93.812
94.980
95.390
93.386
90.926
92.799
93.776
94.457
95.972
94.924
95.266
95.612
95.577
96.065
96.836
96.363
95.552
95.525
96.026
94.378
85.457
