56.887
67.216
73.006
71.882
68.420
73.221
71.105
68.301
65.948
73.818
65.846
75.318
75.166
80.175
85.876
88.148
85.750
86.835
83.301
80.480
83.580
84.730
86.989
87.504
85.581
85.410
81.539
81.076
85.878
82.426
79.645
83.156
86.680
88.730
88.480
88.527
89.602
89.630
88.359
88.251
89.592
89.307
86.475
85.618
88.047
85.117
82.416
83.229
83.466
78.962
59.870
52.079
51.422
62.659
72.358
75.836
75.745
76.120
80.119
79.954
78.152
80.784
79.450
77.451
78.305
77.741
76.476
74.825
76.978
75.400
76.458
79.207
83.295
88.640
88.353
90.295
89.616
91.852
92.255
93.702
92.722
91.323
89.710
89.369
89.715
90.885
88.955
88.773
86.583
85.721
86.683
87.021
86.738
88.661
86.112
86.199
88.726
88.667
86.756
88.309
86.541
86.946
84.321
84.285
84.355
86.172
85.036
88.414
88.512
90.232
89.120
90.656
89.253
82.620
79.807
86.368
86.614
88.331
91.598
94.262
92.464
91.994
94.325
95.246
93.782
93.952
95.370
94.551
93.124
94.397
94.690
92.154
91.617
93.694
92.274
93.753
92.381
90.060
93.469
95.079
93.093
92.335
94.701
95.629
94.347
93.915
95.153
95.090
92.939
90.730
92.650
93.395
94.863
96.256
94.808
95.351
95.441
96.168
96.882
97.204
97.068
96.911
96.831
97.074
96.735
96.198
95.562
95.239
96.306
95.700
94.777
95.615
95.327
95.975
95.314
93.854
93.020
93.114
89.847
87.225
79.430
73.448
74.716
74.633
74.403
68.416
69.378
69.232
67.520
