76.809
75.613
79.066
80.292
83.218
85.667
89.803
93.558
94.900
96.642
97.486
96.927
95.726
93.671
93.399
94.336
96.350
97.223
98.025
97.671
98.143
98.453
98.382
98.335
98.449
98.548
98.178
98.043
98.337
97.984
96.673
97.029
97.507
96.205
96.793
95.968
93.036
95.867
97.746
96.604
95.512
97.217
97.915
96.404
96.304
97.769
97.723
96.355
94.154
97.029
97.116
98.129
98.456
98.271
98.206
98.378
98.535
98.659
98.762
98.747
98.651
98.557
98.690
98.565
98.322
97.887
98.070
98.460
98.518
98.402
98.542
98.544
98.689
98.586
98.278
98.449
98.527
97.770
98.022
97.892
97.227
98.185
97.557
96.768
96.740
97.679
96.683
95.521
96.415
96.880
94.201
94.339
94.997
94.180
93.284
92.060
92.216
94.635
92.129
92.588
91.451
90.053
93.512
93.169
92.241
90.845
88.622
88.292
89.446
90.146
93.056
90.981
90.771
87.365
86.358
87.173
87.833
89.290
86.675
90.668
90.799
87.440
86.947
89.667
89.032
87.099
86.642
88.614
88.814
85.651
86.823
87.976
88.231
86.307
85.356
86.296
83.393
82.072
72.794
63.451
54.052
71.249
73.318
79.522
79.971
83.391
85.123
82.006
80.249
85.996
84.439
86.126
89.493
90.347
89.323
88.945
88.818
86.244
84.712
83.434
82.841
86.888
89.556
92.918
92.928
93.707
95.460
93.215
94.051
93.227
88.064
89.852
91.625
92.486
88.204
88.423
88.694
83.584
82.790
82.883
80.312
72.616
72.694
73.148
72.044
71.188
69.481
71.001
73.286
