90.203
91.723
90.234
92.651
95.095
94.026
93.171
94.875
95.561
94.102
93.925
94.722
94.700
91.963
89.735
91.830
92.472
94.444
95.795
94.299
94.846
95.596
95.886
96.656
96.970
96.865
96.719
96.554
96.609
96.140
95.799
94.941
94.659
95.685
94.928
94.176
95.597
95.404
96.214
95.847
95.139
95.360
95.311
94.527
94.810
94.914
93.981
94.989
94.332
93.981
93.917
94.674
93.803
93.120
92.840
92.522
91.676
92.701
92.145
91.010
91.008
89.415
88.012
90.560
86.558
87.646
88.601
87.734
92.265
92.017
91.973
90.964
88.041
88.967
89.133
89.222
91.892
90.324
88.991
86.707
82.157
82.038
83.738
82.281
79.746
83.429
88.327
90.030
90.524
89.628
91.376
91.958
89.876
88.932
90.992
90.738
87.634
86.950
89.709
87.057
83.863
85.039
84.786
80.186
63.525
54.300
49.794
66.435
72.157
75.691
76.630
77.942
82.179
83.223
83.593
84.984
84.565
86.477
85.210
86.478
86.201
88.797
87.226
87.302
90.377
90.512
89.982
93.201
94.478
94.548
94.458
94.424
94.094
94.085
92.748
91.450
90.383
90.367
91.239
92.474
90.719
90.796
90.485
88.661
88.772
89.616
90.148
90.870
89.020
90.166
91.787
91.292
90.206
90.797
89.249
89.516
85.403
85.967
86.757
88.583
89.141
92.534
94.081
94.216
94.929
94.594
92.868
83.515
76.048
81.493
83.921
88.143
91.630
94.394
93.662
94.490
95.562
95.926
95.778
95.895
96.203
95.935
95.864
95.848
95.607
94.315
94.430
93.843
76.425
