63.789
80.641
80.442
82.968
83.163
83.031
84.246
85.271
83.657
81.700
81.116
85.578
80.858
83.434
84.119
84.417
89.225
89.907
88.537
88.267
84.541
84.141
85.291
86.077
89.194
88.507
86.939
85.917
83.087
82.244
85.984
81.481
79.512
84.133
87.230
88.927
88.902
88.565
89.611
89.824
88.280
87.957
89.268
89.215
86.252
85.621
88.086
84.968
81.676
83.204
83.103
78.478
62.724
54.522
50.776
63.726
70.099
74.155
74.437
75.493
79.375
79.454
76.557
81.121
80.421
80.504
80.789
81.365
79.716
79.783
80.724
79.407
80.582
81.960
85.380
89.731
90.486
91.707
91.906
93.502
93.659
94.454
93.708
92.399
90.969
90.232
91.055
91.675
89.603
89.385
87.610
86.528
87.057
87.398
87.607
89.031
86.649
86.939
89.356
88.969
87.328
88.752
86.989
87.616
84.519
85.226
85.513
87.279
86.447
89.579
90.271
91.620
91.859
92.804
92.189
86.978
84.740
89.486
89.898
90.184
92.706
95.049
93.776
93.256
94.981
95.943
95.087
94.903
96.015
95.384
94.560
95.331
95.414
93.176
93.008
94.360
93.118
94.368
93.044
90.721
93.858
95.524
93.715
92.813
95.001
95.960
94.719
94.235
95.516
95.536
93.377
91.086
93.125
93.973
95.146
96.591
95.207
95.616
95.788
96.430
97.103
97.410
97.228
97.089
97.076
97.305
96.921
96.451
95.965
95.522
96.615
96.090
95.157
96.011
95.884
96.350
95.816
94.752
94.581
94.422
93.114
91.640
87.437
83.465
87.693
83.399
81.254
77.986
74.084
