47.392
54.709
60.628
59.640
65.021
67.521
69.382
70.677
71.521
75.791
78.212
83.262
88.256
90.634
93.983
95.282
94.966
91.641
90.026
91.846
92.184
93.003
94.906
96.565
95.989
96.446
97.208
97.428
97.200
97.274
97.355
96.335
96.660
96.871
95.831
94.154
95.048
94.980
92.453
92.780
90.769
85.770
90.192
94.036
91.627
89.534
93.284
95.342
93.334
92.642
95.272
95.637
92.607
89.989
92.772
94.394
95.479
97.073
95.910
96.315
96.801
96.972
97.539
97.895
97.723
97.377
97.112
97.401
97.089
96.303
94.780
95.287
96.591
96.450
95.807
96.720
96.787
97.277
96.817
96.215
96.395
96.677
95.685
95.918
96.152
95.382
96.525
95.962
95.411
95.521
96.385
95.498
94.707
94.974
95.100
93.845
94.033
93.717
92.788
92.421
90.830
89.476
91.369
86.062
87.137
88.349
85.632
89.223
88.012
89.328
87.355
85.928
87.695
88.552
88.339
89.378
85.948
83.443
78.680
76.686
76.336
79.365
77.916
72.176
77.709
80.349
77.649
78.117
80.749
81.466
79.477
79.853
81.738
81.932
80.593
80.962
81.785
82.847
80.830
79.592
80.416
77.849
71.365
61.080
53.378
51.122
65.833
73.499
76.592
78.280
78.758
82.104
83.475
84.439
86.147
85.955
87.670
86.148
87.735
87.645
89.839
87.994
86.059
88.499
86.156
84.282
86.226
89.642
89.156
92.116
92.350
93.504
93.499
92.984
89.928
85.998
82.825
83.760
86.021
79.752
77.920
78.482
67.963
67.559
65.263
57.315
35.374
32.935
30.498
