49.863
53.564
39.403
52.579
51.165
55.871
61.664
61.092
57.257
57.767
56.804
57.491
57.503
58.336
58.195
62.947
66.163
65.345
68.487
71.795
66.668
65.295
68.836
66.108
67.646
67.305
67.280
60.850
63.896
69.206
62.830
55.849
60.792
64.362
56.955
56.853
53.656
61.961
62.345
69.107
65.920
65.619
65.007
64.488
63.287
68.245
70.683
71.160
74.446
75.613
71.585
68.997
72.225
68.764
65.363
64.265
73.376
82.716
84.784
88.066
89.591
92.616
95.233
96.363
95.378
90.738
87.594
85.016
88.492
90.436
85.196
83.528
87.405
85.779
80.495
76.803
82.097
79.785
82.487
84.908
83.249
81.710
83.020
85.274
81.471
80.027
79.989
84.740
82.672
81.865
82.649
86.094
88.404
91.782
92.482
95.456
95.213
95.402
91.661
91.801
94.101
96.348
97.670
98.308
98.010
98.415
98.653
98.633
98.395
98.521
98.688
98.167
97.680
98.071
98.061
96.073
96.102
97.040
95.888
96.928
95.638
93.663
96.179
97.669
96.039
94.952
97.065
98.018
96.193
95.818
97.639
97.544
95.117
91.684
95.591
96.085
97.967
98.544
98.334
98.444
98.535
98.585
98.682
98.831
98.776
98.689
98.594
98.752
98.614
98.458
98.215
98.369
98.504
98.447
98.436
98.367
98.238
98.625
98.470
97.688
97.789
98.494
97.703
96.551
96.688
94.914
97.360
96.345
93.736
93.447
96.442
93.103
90.164
92.002
93.268
87.354
85.492
87.280
86.241
82.452
80.786
81.840
83.843
80.432
79.137
79.484
70.546
65.534
59.770
