71.014
89.242
93.485
91.797
90.528
92.678
92.550
89.192
87.246
89.597
90.536
92.379
94.215
93.224
94.136
95.258
95.348
95.590
96.115
96.269
95.556
95.464
95.889
95.462
94.278
93.997
94.109
95.432
95.490
94.674
96.114
96.065
96.499
96.257
95.659
95.879
95.995
94.931
95.383
95.689
95.048
95.963
95.284
94.932
95.196
95.571
94.749
94.232
94.282
93.767
93.234
94.118
93.642
92.416
92.337
91.658
90.158
92.019
88.485
89.111
90.828
89.841
93.257
93.535
93.933
92.683
90.276
91.191
91.301
91.562
93.130
92.024
90.412
88.189
84.531
84.849
85.756
84.726
81.822
84.522
88.274
89.873
90.522
90.067
91.636
92.159
90.900
90.040
91.585
91.921
89.571
89.427
91.303
89.112
86.473
87.716
86.181
82.334
71.427
64.751
54.252
73.383
77.611
81.272
82.253
83.910
86.778
89.323
90.148
89.090
89.029
90.275
87.906
88.603
89.524
90.536
88.872
88.242
91.272
91.379
91.343
93.851
95.005
94.509
94.690
94.047
93.221
93.022
91.675
90.596
89.721
89.420
90.795
90.807
89.844
90.562
89.300
87.334
88.655
89.992
90.314
91.415
89.773
90.554
92.054
92.074
90.878
91.325
90.057
89.873
86.044
86.003
86.356
88.393
89.165
92.568
94.022
94.205
95.064
94.666
93.461
89.437
82.958
79.539
79.791
88.070
91.814
94.269
93.636
94.731
95.620
95.564
95.820
96.232
96.241
95.877
96.315
96.311
95.945
95.064
95.112
95.093
93.796
93.778
92.610
89.431
91.207
92.496
86.263
