36.814
46.731
63.263
69.965
85.956
90.926
93.513
95.428
96.377
95.465
91.037
89.917
91.960
91.731
92.975
94.931
96.500
96.014
96.470
97.185
97.526
97.341
97.342
97.521
97.026
96.926
97.080
96.626
95.158
95.254
95.648
94.364
95.088
94.078
91.559
94.666
96.370
95.146
94.121
95.816
96.749
95.382
94.665
95.842
96.031
93.526
91.015
92.964
94.121
95.315
97.007
95.794
96.250
96.709
96.889
97.495
97.885
97.704
97.354
97.408
97.719
97.156
96.692
96.185
95.834
96.982
96.527
95.859
96.768
96.854
97.261
96.824
96.262
96.469
96.675
95.786
95.956
96.093
95.414
96.540
95.942
95.344
95.695
96.346
95.541
94.933
95.376
95.168
94.010
94.503
94.214
93.127
93.004
91.886
90.152
92.542
87.762
89.817
91.341
89.714
92.861
92.301
92.162
89.861
87.001
88.744
89.030
89.154
91.887
90.176
88.908
86.285
82.946
82.513
84.145
82.120
78.029
82.154
87.269
89.022
88.519
87.823
89.902
89.813
87.830
87.766
89.282
88.764
85.361
85.779
88.121
85.268
82.336
83.665
82.046
77.341
63.593
55.860
51.078
65.955
74.458
77.599
79.719
80.158
83.841
85.071
86.470
87.806
87.002
88.642
86.881
88.295
87.979
90.713
88.072
86.824
89.293
88.378
86.182
90.063
92.769
93.352
94.317
94.414
94.716
93.925
92.940
91.357
89.003
89.267
89.039
91.768
89.441
88.943
88.716
85.642
85.239
85.624
85.442
88.618
85.936
85.959
86.538
85.721
83.973
82.723
80.586
78.312
61.917
