70.321
75.249
67.600
72.036
72.553
77.802
85.016
89.194
92.051
90.467
91.469
94.059
93.991
93.183
94.843
95.661
94.781
94.843
96.021
95.925
94.158
94.763
95.446
94.875
95.054
94.148
92.344
94.486
95.774
93.730
93.214
94.762
94.842
92.152
92.547
94.064
93.065
89.993
88.610
92.157
92.860
94.427
95.180
93.962
94.098
95.204
96.209
96.905
97.011
97.327
97.265
97.060
97.387
96.890
96.454
95.993
95.577
96.735
96.064
95.099
96.268
96.507
96.969
96.545
95.842
96.085
95.845
94.926
95.405
95.270
93.894
94.842
93.626
92.777
92.320
92.539
91.493
90.138
89.621
89.492
88.071
88.379
87.981
88.118
88.025
86.454
86.910
87.120
85.428
84.675
85.124
84.820
88.408
89.181
88.727
88.296
84.622
83.595
85.505
86.849
89.981
88.904
88.328
85.935
83.595
83.366
86.269
85.004
82.173
86.563
89.487
90.186
90.577
90.269
90.793
90.707
89.078
88.995
89.408
89.051
86.971
85.937
87.527
85.071
82.708
82.889
82.206
78.656
63.603
52.257
48.732
62.930
70.232
75.098
76.077
78.443
81.931
80.549
77.762
84.390
82.315
84.544
85.161
85.500
84.710
86.242
84.466
82.693
82.283
82.674
85.681
88.800
90.151
91.284
89.718
87.898
88.336
87.142
85.853
87.624
83.264
87.429
86.962
89.118
87.344
88.708
87.601
84.411
85.390
85.613
85.256
89.502
88.681
88.935
89.395
89.577
88.826
89.480
86.761
87.517
83.236
84.351
85.779
85.556
87.476
89.323
88.967
88.789
83.879
