56.258
83.950
85.760
88.630
88.063
88.113
87.233
90.029
89.031
89.320
89.659
89.826
88.835
86.917
85.091
89.697
84.458
86.861
86.424
86.229
90.857
90.526
89.379
88.972
85.479
84.732
86.348
86.925
90.004
89.194
87.866
86.267
83.267
83.364
86.105
82.673
80.257
86.036
88.517
89.484
89.092
89.047
89.995
90.038
88.129
87.906
89.429
88.971
86.388
85.875
88.269
84.891
82.278
83.339
83.478
79.276
62.475
53.551
51.220
64.876
69.639
74.305
73.353
74.279
78.855
78.706
75.153
80.774
79.919
81.431
82.028
83.236
81.205
82.072
82.564
81.879
83.181
83.654
86.469
90.318
91.571
92.630
93.073
94.348
94.510
94.812
94.199
92.867
91.196
90.597
91.427
91.943
89.713
89.628
87.724
86.763
86.860
87.224
87.613
89.093
86.645
87.233
89.619
89.053
87.601
89.011
86.873
87.473
84.317
85.700
86.323
87.679
87.533
90.228
91.475
92.452
93.152
94.048
93.926
89.208
87.175
90.841
91.482
91.121
93.073
95.376
94.521
93.848
95.115
96.324
95.405
94.366
95.737
95.480
94.319
94.526
95.118
93.166
92.429
93.700
93.226
94.543
93.352
91.269
94.127
95.815
94.043
93.007
95.119
96.122
94.945
94.342
95.631
95.758
93.565
91.050
93.227
94.196
95.238
96.651
95.256
95.225
95.320
96.091
97.126
97.358
96.997
97.152
97.146
97.166
96.930
96.501
96.236
95.683
96.536
96.028
94.526
95.309
95.126
95.541
94.965
93.325
93.523
93.463
90.921
87.215
72.202
77.579
71.108
