36.539
39.312
41.170
48.799
46.603
49.485
61.263
73.887
85.979
85.791
89.242
92.933
92.689
91.980
94.252
95.341
93.649
93.422
95.548
94.905
92.660
93.351
94.419
96.018
95.663
94.679
96.231
96.242
96.600
96.214
95.778
96.005
96.045
95.118
95.588
95.942
95.245
96.160
95.534
95.134
95.530
95.835
94.933
94.480
94.752
94.030
93.494
94.289
93.943
92.511
92.516
91.842
90.260
92.113
88.412
89.032
90.213
89.864
93.481
94.041
94.196
92.990
90.503
91.578
91.663
91.878
93.397
92.469
91.101
89.047
85.726
86.366
87.285
85.665
82.410
84.843
87.867
89.403
90.229
90.174
91.804
92.324
91.047
90.552
91.970
92.226
89.956
90.183
91.698
89.631
86.910
88.369
86.877
83.042
72.798
65.319
55.216
74.083
79.494
82.881
84.095
85.658
87.688
89.955
91.006
89.716
89.614
90.740
88.651
89.118
90.059
90.842
89.094
88.593
91.469
91.751
91.573
94.192
95.245
94.909
94.938
93.451
91.230
89.266
86.284
85.934
83.931
86.126
88.403
87.184
86.710
89.551
88.869
85.708
86.124
88.753
90.035
91.638
89.984
90.748
92.460
92.506
91.253
91.438
90.241
90.031
86.305
85.985
86.408
88.676
89.416
92.887
94.417
94.758
95.359
94.564
93.189
88.679
82.258
75.154
76.534
85.593
89.565
90.909
90.863
93.536
94.417
94.045
95.376
96.229
95.973
95.868
96.565
96.652
96.224
95.660
95.374
95.565
94.454
94.544
93.544
90.229
91.482
92.727
90.261
86.071
87.455
89.751
84.298
