84.411
92.095
92.377
93.799
95.230
96.040
95.999
96.491
96.989
96.845
96.959
97.234
97.114
96.257
95.950
96.260
95.470
95.898
95.358
93.156
95.464
96.740
95.660
94.680
96.113
96.378
95.290
94.875
95.416
94.541
92.352
90.889
92.735
93.173
94.738
95.584
93.385
94.555
95.692
96.545
97.023
97.399
97.667
97.396
97.528
97.855
97.281
96.811
96.425
95.953
97.171
96.745
96.103
96.948
96.947
97.396
96.903
96.382
96.592
96.564
95.664
96.058
96.257
95.563
96.527
95.790
95.370
95.836
95.719
94.938
94.682
94.768
93.801
93.483
94.329
93.753
92.389
92.749
92.373
90.215
91.710
87.822
89.520
91.880
91.011
94.055
95.256
95.184
94.794
92.812
93.267
93.437
93.796
94.465
93.828
92.616
90.625
87.441
88.679
89.463
88.133
84.614
86.935
89.332
90.953
91.698
92.002
92.951
93.592
93.025
92.671
93.630
94.220
93.066
93.498
94.275
93.455
92.415
93.134
91.999
88.973
83.426
82.457
76.240
82.934
84.817
87.167
87.868
88.741
90.945
92.492
93.797
92.429
92.161
92.456
90.486
91.294
92.314
92.924
90.730
89.940
92.539
92.918
93.287
95.679
96.014
95.845
95.655
95.263
94.724
94.376
92.671
92.139
91.361
91.078
93.510
93.772
92.352
92.978
92.752
90.876
91.140
91.964
92.394
93.416
91.801
92.414
93.920
94.449
93.055
93.372
93.162
93.350
90.505
88.609
88.596
92.444
91.486
94.383
95.199
95.702
95.853
95.518
93.561
87.143
78.388
69.194
58.291
45.659
