33.798
43.006
42.924
47.937
43.072
47.926
61.469
62.750
68.489
72.990
73.629
75.489
76.023
78.858
75.432
72.860
71.652
77.177
72.531
73.640
67.489
68.498
65.270
55.480
49.069
52.849
67.820
75.945
78.634
80.346
82.869
82.796
83.401
86.142
87.904
87.450
89.171
88.274
87.944
86.609
88.176
86.227
84.860
87.557
86.777
85.489
89.679
93.005
93.536
95.088
95.554
95.899
95.964
95.261
93.422
91.866
89.929
91.743
91.785
88.319
87.936
87.531
85.754
84.441
83.558
84.154
85.458
83.153
83.377
84.395
83.808
82.775
82.621
79.062
78.649
76.693
76.950
77.755
79.615
81.631
88.989
92.517
94.502
96.113
97.006
96.317
92.811
92.129
93.178
92.833
94.204
95.660
97.060
96.759
97.144
97.601
97.912
97.848
97.743
97.806
97.297
97.289
97.329
96.879
95.720
95.671
95.979
94.707
95.382
94.312
91.717
94.858
96.300
94.739
93.541
95.827
96.834
95.632
94.915
96.232
96.272
94.217
91.843
93.611
94.625
95.543
97.245
95.958
96.616
96.989
97.129
97.606
98.076
97.857
97.370
97.481
97.793
97.214
96.807
96.208
95.802
96.966
96.661
95.992
96.646
96.687
97.340
96.743
96.065
96.357
96.753
95.483
95.633
96.123
94.933
96.639
96.007
95.319
95.962
96.726
95.758
95.109
96.216
95.801
94.219
94.546
94.675
93.373
92.617
91.466
90.529
92.310
88.466
90.140
91.776
89.582
92.065
91.391
90.690
88.034
85.670
87.802
87.969
88.196
90.585
87.690
84.156
70.774
59.123
