81.574
88.343
89.007
91.635
92.390
93.607
93.808
93.072
93.875
94.109
92.632
93.862
94.236
93.005
94.591
94.086
93.600
93.655
94.915
93.922
92.979
92.640
93.479
91.401
91.637
91.828
91.029
90.155
88.742
87.774
90.370
86.255
88.342
88.845
86.913
91.300
91.042
89.755
89.066
84.823
85.294
87.211
88.225
90.857
90.019
89.041
86.879
84.206
84.137
87.508
84.323
81.837
85.741
88.334
89.709
89.562
89.310
90.459
90.393
88.813
88.885
89.975
89.563
86.634
86.558
88.319
85.093
82.291
83.661
82.205
76.778
59.608
53.375
50.570
66.204
74.250
76.927
79.123
80.276
82.730
82.341
82.111
84.935
84.808
85.819
85.783
85.842
83.585
84.381
83.624
83.206
84.658
84.485
86.884
91.218
92.739
93.437
94.278
95.221
95.107
95.152
94.348
93.512
91.842
91.439
92.263
92.262
90.485
90.383
88.521
87.588
88.081
88.278
88.403
89.512
87.128
87.612
89.604
89.620
87.975
88.972
86.870
87.803
84.403
85.407
85.584
87.552
87.731
90.573
92.328
93.485
94.565
95.758
95.342
91.625
89.042
92.150
91.838
92.500
94.419
95.846
95.505
96.034
96.764
97.075
97.216
96.833
96.881
96.583
96.542
95.718
95.645
94.658
94.482
93.372
92.846
93.752
93.099
90.847
92.911
95.183
93.834
92.711
94.604
95.758
94.905
94.217
95.315
95.665
93.646
91.267
93.057
94.007
94.814
96.354
95.095
95.461
95.765
95.759
96.398
96.973
96.267
95.752
95.758
96.095
94.995
93.518
90.237
68.787
