73.567
81.045
87.828
91.297
90.525
91.293
92.914
93.127
93.454
93.995
92.867
93.801
93.786
92.232
93.455
93.778
92.039
94.016
93.469
93.015
92.888
94.473
93.611
92.547
92.220
93.278
91.223
91.499
91.810
91.144
90.466
88.900
88.150
90.880
86.834
88.278
88.354
86.573
91.027
90.510
89.423
88.599
84.609
84.674
86.803
87.774
90.635
89.631
88.702
86.667
83.858
84.046
87.181
84.089
81.721
85.776
88.309
89.636
89.397
89.135
90.202
90.189
88.408
88.438
89.505
89.050
86.092
86.116
87.719
84.475
81.768
83.147
81.431
75.918
59.147
52.188
49.847
65.060
72.773
76.152
77.596
78.296
81.540
81.194
80.367
83.920
83.807
85.068
85.279
85.616
82.751
84.127
83.474
82.658
84.038
83.780
86.338
90.673
92.288
93.027
93.857
94.941
94.807
94.824
94.090
93.150
91.430
90.971
91.822
91.802
90.013
89.787
88.029
86.988
87.583
87.900
88.261
89.450
87.259
87.862
89.553
89.492
87.983
89.124
86.996
87.526
84.009
85.507
86.000
87.343
87.652
90.453
92.146
93.161
94.196
95.393
94.969
91.450
88.434
91.738
91.860
92.009
94.058
95.612
95.330
95.655
96.437
96.814
97.019
96.517
96.653
96.392
96.289
95.574
95.560
94.616
94.415
93.646
92.606
93.667
92.802
90.447
92.392
94.621
93.232
91.954
94.087
95.395
94.435
93.765
95.007
95.372
93.227
90.479
92.695
93.638
94.482
95.958
94.735
94.900
95.240
95.051
95.874
96.700
95.823
95.120
95.245
95.388
91.678
