48.515
74.245
87.226
90.273
91.532
90.642
91.851
93.213
94.609
93.657
93.592
93.634
91.127
91.895
93.101
93.332
90.773
90.168
92.754
93.204
93.890
95.920
96.388
96.253
96.570
96.675
96.645
96.456
95.690
95.066
94.085
93.238
95.008
94.594
93.385
93.635
93.218
91.358
91.766
92.809
92.839
93.790
92.456
92.706
93.934
94.748
93.611
93.488
93.383
93.526
90.567
88.820
88.734
92.255
91.173
94.486
95.389
96.107
96.911
97.374
96.649
94.133
93.231
94.166
93.879
94.695
95.888
97.150
96.990
97.189
97.576
97.945
97.865
97.728
97.797
97.517
97.394
97.385
97.158
96.403
96.134
96.291
95.714
96.059
95.515
93.455
95.680
96.856
95.959
94.836
96.321
97.152
96.253
95.516
96.486
96.484
94.654
92.824
94.161
95.013
95.648
97.277
95.919
96.549
96.946
97.117
97.544
98.003
97.781
97.279
97.461
97.754
97.129
96.755
96.242
95.847
96.995
96.684
96.143
96.800
96.897
97.321
96.785
96.238
96.520
96.808
95.814
96.002
96.334
95.816
96.938
96.328
95.885
96.576
96.957
96.196
95.886
96.699
96.247
95.246
95.545
95.462
94.227
93.883
93.698
92.193
94.081
90.644
92.449
94.105
92.400
95.131
95.687
95.688
95.561
94.087
94.237
94.807
95.011
95.145
94.534
93.088
90.517
86.462
87.693
87.838
84.939
82.099
85.104
88.174
90.224
90.844
90.948
92.271
93.207
92.797
92.572
93.778
94.514
93.431
93.875
94.873
93.912
93.124
94.105
93.480
90.983
88.809
75.779
