77.897
85.065
89.597
89.667
89.937
90.845
91.148
92.730
92.239
92.066
91.973
92.771
91.245
91.925
91.869
91.096
90.260
89.329
87.526
90.552
85.375
87.922
88.373
87.364
91.889
92.100
90.846
90.081
86.160
86.353
87.556
88.557
91.271
90.824
90.178
88.792
86.680
86.826
89.447
85.770
83.707
87.929
89.808
91.033
91.086
90.815
91.676
91.949
90.426
90.318
91.359
90.984
87.955
87.541
89.248
86.159
83.604
84.587
82.704
77.866
61.718
52.444
50.492
66.423
73.867
77.996
79.123
81.432
84.131
83.614
84.449
86.428
86.587
87.554
87.259
87.638
87.173
87.750
86.163
86.922
88.257
88.483
89.272
92.726
93.838
94.203
94.864
95.483
95.284
95.429
94.642
93.996
92.435
92.551
93.315
92.931
91.396
91.879
89.924
88.667
89.131
90.041
89.915
91.035
88.491
88.649
91.166
91.223
89.301
90.454
89.173
89.698
86.278
86.443
87.198
89.460
88.796
91.698
93.185
94.030
95.085
95.941
95.445
91.414
90.252
92.484
91.443
92.635
94.415
96.081
95.566
95.947
96.732
97.262
97.119
96.689
97.124
96.792
96.525
96.509
96.423
95.187
95.068
95.240
94.497
95.393
94.327
91.996
94.731
96.220
94.709
93.734
95.543
96.491
95.434
94.839
95.930
96.016
94.105
91.972
93.588
94.328
95.440
96.960
95.654
96.066
96.149
96.483
97.304
97.677
97.339
97.213
97.300
97.454
97.047
96.603
96.245
95.767
96.751
96.125
94.815
95.739
95.644
96.424
95.920
94.614
94.506
94.285
84.574
