87.751
88.503
91.400
94.460
95.280
94.872
95.870
96.625
96.277
96.178
96.630
96.773
95.277
95.222
95.553
95.068
95.439
95.334
93.188
94.894
96.551
95.422
94.448
95.510
95.937
93.923
93.487
94.425
94.224
91.879
89.520
92.331
92.774
94.117
95.025
93.118
93.242
94.750
95.850
96.785
97.215
97.286
97.222
97.130
97.445
96.855
96.352
95.962
95.627
96.700
95.933
95.096
96.304
96.452
97.001
96.530
95.780
96.139
95.984
94.910
95.368
94.889
93.882
95.665
94.365
93.645
93.943
94.628
93.872
92.752
92.849
92.809
90.868
91.796
91.959
91.344
91.027
89.204
89.205
90.784
87.597
88.228
88.367
87.508
91.797
91.621
90.504
89.585
86.027
84.956
86.513
87.928
91.504
90.498
90.090
88.228
85.878
86.338
87.983
86.606
84.264
88.092
90.770
91.260
91.662
91.262
92.093
92.224
90.012
89.952
90.701
90.136
87.978
86.970
88.507
86.171
83.492
84.242
83.177
79.194
62.262
52.839
50.076
64.188
70.649
76.044
75.643
78.698
82.911
81.496
78.308
84.715
82.927
84.946
85.339
85.879
84.453
86.462
85.146
84.456
84.149
84.793
87.288
91.124
92.357
93.796
93.189
93.059
91.948
90.894
88.962
90.134
87.771
89.773
90.925
91.903
89.539
91.391
90.154
86.717
88.037
88.727
88.126
91.331
90.295
90.480
91.382
91.472
90.277
91.037
88.740
89.152
84.772
86.056
87.370
87.593
89.512
91.932
92.630
93.492
93.133
92.582
91.310
81.577
72.144
79.563
63.064
59.365
47.499
