95.036
95.653
94.179
93.750
93.620
93.310
94.007
93.226
90.909
93.566
95.426
94.040
92.679
94.862
95.770
94.711
93.837
94.915
95.147
92.249
89.897
92.186
93.171
94.516
96.092
94.635
94.702
95.374
95.801
96.600
96.979
96.756
96.610
96.508
96.676
96.159
95.645
95.029
94.792
95.657
94.970
93.831
95.426
95.225
96.021
95.509
94.717
95.042
94.982
93.914
94.293
94.463
93.166
94.769
93.916
93.635
93.397
94.601
93.929
93.148
93.656
93.716
92.868
93.320
93.312
92.118
91.900
91.163
89.717
91.863
87.881
89.460
91.899
90.311
93.657
93.386
93.679
92.532
90.021
90.682
90.615
91.086
92.732
91.587
90.100
87.622
83.972
85.062
85.300
84.433
80.771
83.828
88.052
89.437
89.873
89.692
91.138
91.649
90.419
89.564
91.090
91.700
89.735
89.734
91.444
89.893
87.627
88.909
87.380
84.117
73.038
69.545
56.613
71.487
76.670
79.988
80.885
83.242
86.201
89.202
89.904
88.875
88.550
89.605
87.167
88.243
88.782
89.758
87.989
87.234
90.205
90.305
90.973
93.513
94.708
94.821
95.340
95.452
95.272
95.003
93.875
92.937
91.542
90.554
92.662
92.623
90.633
91.085
90.357
88.388
88.759
89.969
90.568
91.385
89.350
90.772
92.122
91.911
90.750
91.479
90.327
90.235
86.839
86.327
86.848
88.875
89.250
92.338
93.643
94.376
95.429
95.547
94.912
91.010
90.095
91.388
91.710
91.376
93.027
95.146
94.713
95.130
95.793
96.508
96.276
95.948
96.328
96.205
94.808
