82.477
88.296
93.140
94.851
94.829
95.334
96.103
95.982
95.855
96.178
96.443
95.367
95.095
95.390
94.945
95.334
95.342
93.337
94.795
96.245
95.240
94.396
95.153
95.472
93.734
93.164
93.735
93.781
91.253
89.144
91.398
91.859
92.718
94.124
91.572
91.939
93.362
94.530
96.033
96.582
96.625
96.636
96.642
96.976
96.554
95.954
95.481
95.105
96.431
95.674
94.686
96.043
96.189
96.521
96.071
95.524
95.742
95.267
94.438
94.979
94.798
93.896
95.237
94.276
93.721
94.112
94.686
93.975
93.266
93.143
93.435
91.710
92.629
92.727
92.129
91.615
90.113
89.952
91.658
88.213
88.845
89.168
87.814
92.260
91.984
90.985
89.855
86.241
85.744
87.154
88.627
91.947
90.983
90.448
88.651
86.278
86.297
88.399
85.966
83.136
87.603
89.975
90.696
91.194
90.784
91.787
91.886
90.127
90.088
90.832
90.294
88.030
87.276
88.799
86.168
83.516
84.433
82.770
77.972
59.005
51.491
49.830
63.214
72.264
76.740
76.674
79.930
83.877
83.080
81.559
85.996
84.946
86.948
86.240
86.741
85.792
87.793
85.633
85.460
85.937
86.105
88.133
91.725
92.830
93.824
93.443
93.093
91.627
90.740
88.733
90.173
88.555
90.221
90.861
91.773
89.806
91.338
90.036
86.708
87.885
88.730
88.327
91.308
90.321
90.442
91.101
91.560
90.290
90.740
88.508
89.332
84.914
85.837
87.168
87.978
89.616
91.849
92.628
93.351
93.125
92.211
91.494
83.234
76.540
79.231
73.827
64.840
58.759
54.380
