88.980
93.931
94.161
93.714
90.343
87.463
89.626
90.717
93.181
94.677
96.453
95.857
96.705
97.385
97.428
97.200
97.628
97.869
97.187
97.169
97.529
97.282
95.791
96.249
96.697
95.952
96.351
95.420
93.227
95.524
96.905
95.319
94.289
96.018
96.719
94.745
94.276
96.042
96.075
93.690
90.648
94.269
94.992
96.451
97.432
96.893
96.468
97.145
97.439
98.018
98.301
98.218
98.029
97.963
98.245
97.792
97.451
97.285
97.066
97.813
97.445
96.730
97.552
97.743
98.041
97.603
97.055
97.550
97.617
96.224
96.901
96.955
96.046
97.242
96.236
95.550
95.315
96.170
95.150
93.981
94.587
94.963
92.795
92.818
92.700
92.063
91.663
89.895
89.336
91.549
88.446
88.923
88.355
87.708
91.022
89.980
89.398
88.392
85.780
85.891
87.086
87.947
90.834
88.706
88.649
85.624
83.729
84.961
85.773
85.796
83.007
87.326
89.203
87.680
87.524
89.125
88.980
87.595
86.592
87.449
87.617
86.307
85.608
85.427
86.273
84.061
82.606
82.969
81.291
77.679
68.093
58.424
52.070
69.218
72.494
77.815
77.280
80.203
83.311
80.859
77.938
84.076
81.743
83.060
85.902
87.293
86.518
87.222
86.527
83.770
81.941
81.306
83.180
86.070
88.915
91.044
91.081
90.604
93.068
90.656
90.756
90.443
85.338
87.950
89.571
90.924
87.000
87.398
87.047
83.585
83.511
82.818
82.406
85.808
85.105
86.326
86.463
84.809
85.150
85.925
80.423
81.389
77.269
81.839
82.294
79.642
83.121
83.988
80.240
