81.174
84.535
85.048
84.512
85.153
81.764
81.423
82.557
83.298
80.643
80.878
85.115
86.873
87.431
92.157
94.091
94.703
95.358
95.816
95.961
96.013
94.965
93.671
92.037
90.452
92.890
93.088
90.860
91.144
90.956
89.400
89.253
89.903
90.379
91.429
90.013
90.633
92.252
92.466
91.277
91.974
91.508
89.540
85.104
82.908
82.088
86.108
86.685
92.014
93.397
95.200
96.219
96.975
96.053
92.830
91.665
92.844
92.648
93.788
95.383
96.869
96.585
96.959
97.404
97.782
97.687
97.598
97.655
97.300
97.172
97.255
96.947
95.947
95.802
96.094
95.263
95.727
95.046
92.787
95.301
96.534
95.495
94.333
95.980
96.891
95.897
95.154
96.168
96.191
94.188
92.029
93.666
94.495
95.302
97.029
95.608
96.286
96.680
96.893
97.344
97.867
97.680
97.131
97.302
97.620
97.001
96.571
96.007
95.640
96.807
96.458
95.834
96.591
96.721
97.210
96.662
96.118
96.385
96.688
95.615
95.866
96.249
95.472
96.702
96.156
95.364
95.938
96.603
95.547
94.662
95.840
95.462
93.336
93.331
93.991
92.386
90.351
89.869
89.261
91.642
87.980
89.343
91.449
89.743
92.412
92.882
91.906
90.107
86.122
86.533
86.249
88.419
90.517
89.628
84.066
78.604
75.059
69.081
73.858
74.490
72.891
79.084
84.920
87.004
87.372
87.704
88.833
90.327
90.587
89.163
90.976
91.938
90.235
89.222
91.186
89.219
86.866
86.831
85.606
81.825
76.094
54.390
46.846
42.738
42.524
42.944
38.438
38.348
37.254
