36.545
56.941
85.212
91.261
90.357
92.098
93.933
95.021
94.825
95.639
96.475
96.608
96.540
97.001
97.111
96.311
95.861
96.226
95.900
95.833
96.161
93.899
95.395
96.721
95.774
94.869
95.836
95.840
93.878
93.849
94.289
93.240
90.573
88.680
91.234
91.290
93.639
94.504
91.972
92.557
93.970
95.383
96.220
96.813
97.239
97.278
97.369
97.716
97.280
96.813
96.373
95.875
97.149
96.608
95.938
97.007
97.019
97.259
96.828
96.404
96.519
96.151
95.380
95.941
96.228
95.446
96.131
95.239
95.050
95.338
94.824
94.127
94.415
93.773
92.215
91.866
93.136
92.133
91.416
92.046
90.580
89.028
90.190
86.491
86.645
85.547
86.488
91.593
93.284
92.359
91.315
87.768
88.529
87.927
89.096
92.148
91.243
89.728
87.849
83.813
82.517
85.703
83.394
79.416
83.662
88.748
90.177
90.986
89.954
91.383
91.848
90.613
89.622
91.308
90.925
87.919
87.348
89.739
86.968
84.201
85.539
84.664
79.768
62.994
53.964
45.337
58.762
68.474
71.133
72.926
74.672
80.256
82.220
82.137
86.569
85.843
87.927
86.786
88.335
87.903
91.077
88.488
89.715
91.387
92.011
90.781
93.970
95.095
94.917
93.230
92.422
91.377
90.739
88.101
87.715
86.356
88.249
89.192
91.974
90.672
90.942
91.768
89.492
90.031
90.092
90.341
92.158
91.113
91.488
92.656
92.791
91.904
92.156
90.052
90.757
86.824
86.565
88.262
90.462
91.029
93.527
94.839
94.508
94.004
92.647
89.545
80.254
65.412
49.035
