75.935
73.992
81.056
86.491
89.895
91.525
90.056
89.062
89.736
86.386
86.825
88.711
89.668
86.368
86.460
90.206
91.125
91.022
94.491
95.759
96.008
96.436
96.579
96.586
96.437
95.614
94.884
93.823
92.917
94.728
94.438
93.098
93.326
92.958
91.162
91.446
92.471
92.462
93.470
92.041
92.398
93.808
94.226
92.966
93.137
92.728
91.621
87.636
85.729
85.372
89.275
89.611
93.814
95.028
96.019
96.866
97.379
96.613
93.948
93.105
94.002
93.718
94.554
95.826
97.131
96.973
97.206
97.615
97.955
97.889
97.766
97.804
97.528
97.417
97.403
97.153
96.390
96.141
96.301
95.663
96.063
95.528
93.489
95.686
96.846
95.959
94.832
96.325
97.144
96.260
95.559
96.475
96.484
94.699
92.735
94.203
95.022
95.652
97.265
95.905
96.577
96.937
97.104
97.546
97.998
97.787
97.290
97.454
97.758
97.136
96.764
96.265
95.856
97.024
96.664
96.120
96.795
96.905
97.324
96.813
96.256
96.537
96.844
95.824
96.048
96.388
95.854
96.972
96.431
95.916
96.596
96.979
96.187
95.789
96.652
96.207
94.978
95.178
95.243
93.930
93.008
92.607
91.535
93.562
90.115
91.862
93.690
91.928
94.645
94.926
94.321
92.987
90.030
90.934
90.644
91.932
93.342
93.253
91.524
89.117
84.514
84.985
85.902
83.391
80.917
84.941
88.199
90.206
90.807
91.170
92.348
93.124
93.045
92.342
93.445
93.921
92.623
92.487
93.430
91.657
90.036
90.192
89.445
85.766
79.738
59.712
49.750
46.125
43.571
