89.726
89.841
90.444
85.172
84.148
88.352
89.559
90.781
93.417
95.086
94.225
95.021
96.280
96.602
96.162
96.536
96.908
96.478
96.172
96.560
96.500
95.128
95.047
95.451
95.022
95.307
94.966
93.099
94.794
96.365
95.084
94.219
95.454
96.112
94.300
93.799
95.122
95.192
92.329
90.045
92.637
93.728
94.844
96.367
95.154
95.317
96.024
96.470
97.251
97.545
97.404
97.233
97.218
97.444
96.844
96.411
96.024
95.433
96.648
95.957
95.036
96.185
96.378
96.948
96.491
95.803
96.102
96.188
95.164
95.490
95.514
94.474
95.841
94.936
94.177
94.233
95.041
93.986
92.710
92.703
93.133
91.292
91.955
91.493
90.913
90.615
89.081
89.159
90.280
86.747
87.498
88.336
86.941
91.160
91.008
90.160
89.295
85.922
85.609
86.449
87.718
91.076
89.942
89.463
87.554
85.190
84.991
87.225
85.423
83.282
87.057
89.875
90.709
91.205
90.783
91.584
91.790
89.856
89.645
90.433
89.952
87.752
86.673
88.312
85.991
83.696
83.669
82.843
78.693
63.395
53.197
49.080
63.916
71.237
76.128
76.007
79.021
82.664
81.302
78.939
85.059
83.177
85.638
85.672
86.648
85.779
87.925
85.925
85.466
85.511
85.692
87.533
90.438
91.945
93.047
92.530
91.641
91.767
90.406
89.637
90.777
86.358
89.909
89.991
91.537
89.426
90.353
89.844
86.555
87.788
88.222
88.024
91.128
90.029
90.082
90.518
91.035
90.003
90.379
88.252
89.151
84.053
85.022
86.595
86.692
88.477
90.386
89.918
89.019
