62.162
79.712
84.666
88.292
90.155
90.718
90.743
92.322
92.077
89.922
92.390
92.623
91.930
93.585
92.978
92.799
92.807
94.323
93.525
92.687
92.273
93.329
91.242
91.784
91.942
91.295
90.693
89.178
88.498
91.278
87.158
88.709
88.666
86.892
91.543
91.250
90.078
89.144
85.433
85.207
86.974
88.119
91.053
90.163
89.381
87.524
84.605
85.068
87.971
84.879
82.696
86.887
89.365
90.529
90.261
89.936
91.174
91.150
89.072
89.100
90.440
89.773
86.883
86.732
88.719
85.489
82.735
84.012
82.946
77.978
59.407
51.982
50.596
65.736
72.552
75.924
77.200
78.822
81.845
81.563
80.236
84.324
83.828
85.479
86.010
86.322
83.878
84.772
84.173
83.888
85.250
84.891
87.142
91.164
92.867
93.650
94.297
95.321
95.167
95.177
94.435
93.559
91.926
91.731
92.373
92.384
90.727
90.749
88.657
87.878
88.687
89.106
89.313
90.260
87.813
88.484
90.533
90.204
88.653
89.946
87.865
88.325
84.637
86.210
86.692
88.197
88.464
91.119
92.734
93.606
94.692
95.733
95.278
91.727
89.399
92.031
91.976
92.306
94.088
95.628
95.394
95.724
96.364
96.986
97.050
96.348
96.671
96.559
96.210
95.125
95.423
94.553
94.164
92.925
92.789
93.873
93.300
91.417
93.350
95.382
93.975
93.003
94.827
95.897
94.978
94.356
95.448
95.733
93.666
91.077
93.125
94.126
94.953
96.360
94.987
94.959
95.204
95.162
96.243
96.872
95.512
95.406
95.784
95.840
94.021
93.812
92.910
90.009
87.597
