40.631
42.548
43.192
44.847
51.570
51.000
54.115
63.166
73.293
78.499
79.711
81.090
80.527
80.902
82.984
85.048
85.506
88.431
88.279
89.198
89.258
90.149
88.293
87.026
88.150
86.629
83.807
85.852
90.141
90.506
93.775
94.668
95.515
95.694
95.257
93.329
91.451
87.694
89.822
90.377
86.097
83.747
85.235
83.735
80.006
78.007
80.268
79.230
79.988
80.603
79.487
77.782
78.161
79.517
76.540
77.141
76.692
79.073
79.549
80.900
81.327
85.136
90.395
92.821
95.432
96.589
96.115
93.492
92.644
93.745
93.781
94.480
95.764
97.039
96.755
97.046
97.521
97.784
97.689
97.610
97.627
97.003
97.147
97.240
96.611
95.558
95.741
95.947
94.501
95.087
93.574
90.361
94.017
95.768
94.022
92.695
95.202
96.424
95.136
94.402
96.043
96.116
93.982
91.885
93.852
94.806
95.633
97.195
95.977
96.584
96.892
97.089
97.576
97.943
97.762
97.302
97.343
97.675
97.116
96.707
96.054
95.742
96.916
96.566
95.961
96.664
96.697
97.224
96.712
96.119
96.404
96.700
95.561
95.881
96.207
95.594
96.775
96.167
95.663
96.226
96.730
95.916
95.320
96.069
95.747
94.576
94.548
94.417
93.273
92.619
91.538
90.348
92.201
88.311
89.644
91.208
87.293
89.193
87.650
88.091
85.194
84.016
87.380
87.201
85.803
87.655
83.737
81.524
75.065
71.790
72.357
70.797
67.184
63.804
62.225
66.948
70.258
70.651
71.479
71.331
71.850
72.980
73.069
71.732
72.281
72.951
71.935
69.653
62.626
