60.144
69.352
74.663
78.641
81.720
86.448
91.084
92.852
96.153
97.221
96.752
95.526
93.625
93.504
94.290
96.127
97.035
97.943
97.560
98.054
98.399
98.342
98.292
98.413
98.517
98.022
98.065
98.315
97.820
96.354
97.124
97.497
95.679
96.356
94.887
91.217
94.970
97.397
95.689
94.552
96.848
97.740
96.072
95.988
97.614
97.626
96.122
93.832
96.844
96.982
98.032
98.401
98.184
98.081
98.281
98.450
98.620
98.737
98.711
98.609
98.502
98.654
98.514
98.252
97.750
97.988
98.425
98.448
98.285
98.471
98.493
98.648
98.514
98.185
98.415
98.463
97.580
97.987
97.911
97.372
98.209
97.543
96.969
97.015
97.738
96.865
95.978
96.635
96.999
94.856
94.924
95.259
94.536
93.959
92.342
92.356
94.709
91.971
92.342
91.083
89.271
92.310
91.211
90.267
88.570
87.145
87.963
89.049
89.282
92.226
89.360
90.030
86.875
86.110
86.802
86.991
88.337
86.034
90.083
89.900
86.186
84.554
87.933
87.407
84.848
83.984
86.389
86.764
83.042
84.337
85.549
85.607
83.140
83.206
84.138
81.357
80.028
72.392
62.989
53.818
71.225
73.298
79.764
80.313
83.437
84.942
82.155
80.219
86.215
84.648
86.256
89.573
90.683
89.525
90.372
89.494
86.522
84.348
81.808
80.460
83.638
86.849
89.864
91.693
92.232
95.101
92.673
93.779
92.874
87.710
89.200
90.107
91.370
86.558
85.655
85.486
80.427
79.263
78.255
74.459
62.076
63.818
67.730
57.468
50.841
59.600
61.483
47.498
43.629
