78.766
88.674
90.512
92.258
93.243
95.048
95.564
95.817
94.806
93.359
91.837
90.024
92.253
92.816
90.475
90.127
89.503
88.664
89.089
89.242
89.642
90.391
88.622
89.117
90.554
90.232
89.006
89.879
88.379
86.171
81.671
78.671
77.126
82.250
82.684
89.385
90.738
93.636
94.859
96.394
95.321
92.270
91.316
92.676
92.755
93.673
95.319
96.829
96.387
96.820
97.401
97.682
97.484
97.512
97.602
97.098
96.849
97.045
96.706
95.236
95.313
95.745
94.615
95.265
94.442
92.499
95.186
96.362
95.271
94.341
95.900
96.759
95.808
95.160
96.154
96.165
94.268
92.278
93.778
94.633
95.388
97.042
95.698
96.353
96.701
96.925
97.426
97.905
97.730
97.240
97.316
97.604
97.039
96.626
96.002
95.596
96.681
96.320
95.761
96.524
96.570
97.164
96.650
95.990
96.103
96.620
95.386
95.280
95.771
94.203
96.131
95.698
94.321
94.798
95.987
94.397
92.916
94.069
93.768
89.167
88.922
90.304
87.812
83.888
82.831
84.035
87.267
84.685
87.016
89.895
87.904
88.842
88.814
85.813
84.302
78.427
73.892
74.902
79.412
82.353
82.356
76.642
74.548
70.766
68.928
74.915
73.982
74.448
80.264
84.253
86.722
86.526
84.876
86.750
88.724
87.421
84.973
87.341
88.611
85.162
83.461
86.669
84.704
81.084
80.645
81.323
76.585
67.215
53.349
46.782
43.613
43.463
41.731
39.105
38.961
41.840
45.780
44.467
42.136
44.060
41.725
40.205
42.337
43.241
37.221
32.766
35.180
38.533
30.094
