84.574
94.375
93.680
92.996
94.610
95.361
94.229
94.157
94.935
94.671
92.276
90.470
92.356
93.103
94.830
96.025
94.576
95.314
96.076
96.356
96.916
97.122
97.095
96.683
96.472
96.590
96.178
95.410
94.520
94.470
95.748
95.654
95.139
96.375
96.185
96.657
96.422
95.891
95.956
96.149
95.324
95.615
95.858
95.119
96.092
95.524
95.079
95.307
95.799
94.897
94.472
94.657
93.973
93.418
94.220
93.883
92.501
92.552
91.913
90.170
92.209
88.640
89.517
91.105
90.360
93.533
93.902
94.043
92.661
90.207
91.467
91.387
91.675
93.383
92.309
90.963
88.998
85.253
85.909
86.781
85.480
82.963
85.445
88.473
90.391
90.799
90.361
92.130
92.643
91.041
90.443
92.032
92.168
89.624
89.656
91.484
89.249
86.305
87.562
86.389
82.183
70.881
65.023
54.681
73.393
78.943
82.378
83.784
85.278
87.638
89.518
90.498
89.409
89.295
90.650
88.187
88.848
89.838
90.967
89.043
88.413
91.624
91.736
91.257
94.003
95.160
94.927
95.099
94.639
94.215
94.074
92.919
91.798
91.109
90.753
92.229
92.806
91.586
91.736
91.345
89.733
89.862
90.874
91.191
91.839
90.286
90.955
92.396
92.304
90.952
91.174
89.980
89.685
85.946
85.789
86.031
88.291
88.945
92.767
94.068
94.580
95.292
95.274
93.985
90.189
82.891
76.993
78.852
88.867
92.480
94.920
94.351
95.204
96.167
96.210
96.246
96.562
96.610
96.107
96.309
96.399
96.119
94.907
94.621
94.727
93.050
92.479
89.616
75.236
