70.855
86.773
91.060
91.545
90.594
92.153
93.285
94.495
93.373
92.993
93.112
90.669
91.360
92.401
92.730
90.037
89.568
92.280
92.704
93.265
95.617
96.245
96.180
96.505
96.610
96.577
96.398
95.592
94.920
93.944
93.166
94.914
94.502
93.296
93.570
93.150
91.256
91.675
92.760
92.745
93.762
92.333
92.608
94.032
94.656
93.414
93.448
93.294
92.856
89.611
87.624
87.578
91.156
90.572
94.232
95.233
96.051
96.854
97.330
96.579
93.842
92.965
93.971
93.642
94.564
95.798
97.074
96.913
97.142
97.524
97.902
97.824
97.684
97.758
97.474
97.351
97.349
97.123
96.344
96.084
96.243
95.651
96.003
95.440
93.371
95.630
96.811
95.892
94.773
96.286
97.106
96.210
95.463
96.437
96.433
94.556
92.738
94.112
94.942
95.581
97.223
95.859
96.459
96.852
97.057
97.487
97.969
97.753
97.238
97.421
97.715
97.093
96.708
96.171
95.800
96.947
96.635
96.069
96.755
96.850
97.273
96.744
96.208
96.485
96.767
95.759
95.961
96.307
95.767
96.908
96.310
95.869
96.551
96.923
96.176
95.811
96.645
96.193
95.202
95.490
95.410
94.191
93.798
93.560
92.140
93.975
90.537
92.279
93.936
92.132
95.012
95.584
95.492
95.138
93.211
93.601
94.093
94.640
94.996
94.428
92.949
90.512
86.544
87.786
87.886
85.244
82.406
85.337
88.547
90.373
91.216
91.559
92.558
93.407
93.274
93.082
93.914
94.622
93.792
94.136
94.788
93.701
93.091
93.896
92.803
90.132
88.300
77.202
54.025
