33.390
42.242
42.661
45.525
42.793
42.321
44.892
44.961
45.491
44.053
43.562
52.596
50.268
52.074
51.067
55.444
49.857
49.665
55.518
54.406
50.228
46.741
50.522
50.452
48.593
47.416
50.745
45.315
40.264
41.827
44.780
45.751
51.434
52.879
55.231
55.542
52.509
52.420
53.205
59.723
58.728
58.630
56.399
55.999
54.301
55.746
54.242
54.688
61.348
64.586
70.976
79.750
83.077
85.427
87.877
90.750
92.531
93.685
92.447
88.948
85.807
82.503
83.651
87.091
82.139
80.790
81.631
79.758
77.498
74.806
73.882
75.792
78.508
78.535
77.641
75.828
75.762
77.113
74.601
74.975
75.303
75.230
72.856
75.185
76.673
81.969
84.870
89.406
90.308
93.393
91.076
87.604
82.858
86.827
88.518
90.401
93.654
95.591
94.533
95.326
96.587
96.940
96.135
96.680
96.993
95.902
94.885
95.692
95.258
92.010
92.870
93.533
91.256
93.041
91.414
88.692
92.677
94.828
92.196
91.159
94.208
95.493
93.353
92.667
94.804
94.568
90.629
87.821
90.929
91.757
94.159
96.016
94.426
95.521
96.029
96.460
97.028
97.512
97.324
96.874
96.857
97.075
96.462
95.976
95.116
94.721
95.758
94.941
94.680
95.409
95.145
96.530
95.845
94.552
94.433
95.527
93.361
92.558
91.736
88.671
93.455
91.817
89.567
89.038
92.339
88.845
85.880
87.181
87.046
80.235
80.542
81.650
78.624
74.683
73.104
72.104
76.037
70.092
75.947
78.755
79.689
79.967
80.117
76.079
75.328
63.423
54.583
57.405
59.409
