56.740
77.036
84.698
87.983
86.946
87.150
83.235
82.823
84.637
85.298
87.722
86.986
86.052
84.512
81.491
79.955
85.519
81.215
79.570
82.718
85.757
87.866
87.775
87.875
89.040
88.772
87.950
87.838
89.064
88.533
85.888
85.150
87.512
84.547
81.691
83.132
82.899
78.891
60.814
50.770
48.705
60.591
68.168
73.633
74.442
75.746
79.036
78.662
77.791
80.242
80.061
78.417
77.041
76.927
77.095
76.248
76.286
76.154
78.393
81.781
83.473
88.372
89.290
89.697
89.486
90.960
91.647
93.573
91.527
89.457
87.594
86.400
87.376
89.510
86.727
86.664
85.324
84.616
84.656
84.919
85.141
86.542
84.698
85.273
87.380
87.094
85.952
87.700
85.602
86.037
84.143
84.494
84.146
86.222
84.372
88.520
90.157
91.621
91.951
92.485
90.120
85.868
82.380
85.137
85.798
87.980
92.760
95.282
93.460
94.473
96.588
96.667
95.908
97.013
97.243
96.359
96.570
97.053
96.535
95.135
95.181
95.902
94.344
95.016
93.659
90.815
94.120
95.656
93.589
92.636
95.027
95.883
94.331
93.898
95.410
95.006
92.552
90.366
92.698
93.715
95.099
96.662
95.183
96.043
96.433
96.790
97.311
97.744
97.677
97.296
97.238
97.643
97.217
96.664
96.136
95.806
97.040
96.541
95.986
96.624
96.632
97.191
96.714
95.996
96.210
96.413
95.477
95.451
95.649
94.096
96.017
95.219
93.635
93.759
94.451
92.394
90.585
90.532
89.378
86.559
85.465
84.638
82.275
80.146
76.634
66.780
44.361
45.989
32.212
