34.722
37.110
40.647
38.289
40.221
40.190
45.396
47.510
46.871
58.907
73.860
78.262
80.974
80.514
78.408
79.646
84.205
86.348
87.616
89.750
89.022
89.600
90.210
91.003
88.886
87.844
89.876
88.929
88.152
89.606
92.607
92.199
94.262
94.725
95.245
95.534
94.440
91.990
87.890
85.915
89.101
87.792
83.179
83.438
84.724
82.121
78.614
76.660
79.615
78.965
79.738
79.342
78.695
79.532
80.244
79.316
75.734
78.681
77.764
79.687
81.675
83.491
84.098
88.871
92.589
94.059
95.930
96.748
96.133
93.325
92.398
93.286
93.374
94.361
95.767
96.935
96.701
97.075
97.512
97.772
97.733
97.674
97.691
97.170
97.266
97.315
96.791
95.914
95.917
96.132
94.939
95.398
94.178
91.346
94.556
96.063
94.359
92.748
95.403
96.547
94.833
93.729
95.729
95.609
92.197
88.338
91.941
93.888
95.176
96.957
95.819
96.548
96.915
97.097
97.486
97.938
97.784
97.280
97.319
97.715
97.130
96.672
96.116
95.795
96.990
96.635
96.027
96.700
96.814
97.284
96.762
96.174
96.482
96.780
95.674
95.997
96.297
95.695
96.865
96.290
95.798
96.345
96.783
96.014
95.494
96.229
95.813
94.626
94.759
94.500
93.321
92.808
91.778
90.369
92.141
87.870
88.561
90.565
87.324
89.926
89.082
90.442
88.365
87.901
90.207
89.901
88.574
89.077
84.382
79.177
66.920
62.916
51.983
51.073
51.507
51.655
49.050
53.226
64.540
60.590
67.049
72.955
74.567
71.800
70.134
71.597
74.764
57.141
53.117
