80.655
81.719
81.720
82.977
79.777
80.069
81.705
82.510
80.522
80.909
84.730
86.522
87.223
91.895
93.824
94.266
94.992
95.572
95.834
95.965
94.888
93.497
91.803
89.923
92.417
92.825
90.379
90.448
90.404
89.021
88.914
89.346
90.047
90.948
89.517
90.312
92.057
92.168
91.141
91.947
91.560
89.367
85.160
83.108
82.069
86.118
86.749
91.850
93.477
95.043
96.148
96.921
95.976
92.994
91.708
92.716
92.682
93.805
95.435
96.912
96.597
96.993
97.489
97.812
97.716
97.666
97.713
97.337
97.231
97.314
96.971
95.976
95.851
96.157
95.278
95.759
94.960
92.733
95.298
96.529
95.432
94.273
95.961
96.877
95.853
95.139
96.173
96.184
94.148
91.935
93.652
94.504
95.353
97.076
95.674
96.379
96.767
96.937
97.416
97.897
97.734
97.200
97.343
97.672
97.050
96.640
96.079
95.687
96.867
96.512
95.882
96.656
96.802
97.290
96.746
96.176
96.451
96.781
95.702
95.939
96.312
95.504
96.763
96.217
95.398
95.982
96.634
95.570
94.751
95.822
95.435
93.325
93.342
93.728
92.244
90.136
89.096
88.784
91.006
87.094
88.508
90.959
88.985
91.386
92.009
91.077
89.341
85.404
85.829
85.079
86.744
88.679
87.140
80.168
73.016
70.196
67.602
73.064
73.902
73.272
79.504
85.364
86.658
87.221
87.615
88.285
89.903
90.526
88.805
90.362
91.523
89.855
88.052
90.597
88.492
86.099
85.363
84.486
80.982
72.088
54.475
46.462
41.640
43.964
43.561
38.141
36.288
33.591
38.088
