51.016
62.315
70.987
71.472
73.957
74.748
77.661
80.203
83.703
87.300
89.864
93.289
94.716
94.315
90.726
88.616
90.359
91.489
92.388
94.397
96.273
95.555
96.200
97.158
97.412
96.956
97.219
97.426
96.355
96.066
96.469
95.569
93.401
94.247
94.252
92.186
92.693
91.182
87.759
91.690
95.159
92.982
91.795
94.611
96.141
93.984
93.729
95.801
96.048
93.182
90.481
93.551
94.669
95.726
97.200
96.082
96.156
96.738
97.072
97.722
98.041
97.882
97.652
97.482
97.624
97.209
96.639
95.591
95.532
96.822
96.547
95.958
96.858
96.963
97.535
96.954
96.280
96.490
96.933
95.513
95.836
95.818
94.766
96.198
95.461
94.486
94.213
95.553
94.481
93.320
93.685
94.087
91.786
91.984
92.187
91.334
90.665
88.631
88.402
90.264
85.670
86.665
86.985
85.308
89.515
88.465
88.549
86.620
84.688
85.131
86.929
88.003
89.835
87.827
87.372
83.484
81.942
83.027
84.014
83.506
79.634
85.257
86.263
83.539
82.388
85.074
85.807
82.917
82.604
85.179
85.265
82.464
83.144
84.140
84.159
81.866
81.134
81.939
78.371
73.392
61.006
52.539
50.393
64.440
73.556
78.223
78.308
80.871
83.321
82.540
81.921
86.295
84.467
86.906
86.172
87.565
87.211
89.300
87.106
85.011
84.711
83.538
82.674
85.002
87.195
88.438
89.884
89.970
92.348
91.361
91.361
90.072
85.432
86.058
85.127
87.621
82.784
82.072
80.720
71.448
70.734
69.987
54.373
41.661
38.852
45.004
42.017
38.939
33.999
