50.521
72.239
76.084
85.662
84.584
84.791
86.905
87.023
86.326
85.804
88.724
85.586
81.877
81.334
84.829
80.170
78.416
74.794
74.645
69.830
55.923
49.752
52.460
68.808
76.903
79.589
83.751
84.852
84.789
86.797
89.263
89.845
89.970
91.374
89.183
89.308
90.429
91.346
88.969
88.425
91.466
90.986
90.156
93.316
95.018
95.111
95.935
96.136
96.262
96.176
95.414
94.499
93.298
92.041
93.735
93.361
91.207
91.165
90.479
88.594
88.080
88.261
88.898
89.664
87.384
87.861
89.147
89.161
87.894
88.205
85.120
85.591
83.116
82.995
83.808
86.645
86.306
91.870
94.237
95.393
96.523
97.139
96.385
92.712
92.319
93.498
93.154
94.123
95.593
96.926
96.669
96.989
97.472
97.830
97.742
97.627
97.694
97.331
97.277
97.288
96.934
96.025
95.820
96.070
95.132
95.651
94.834
92.504
95.124
96.486
95.276
94.049
95.945
96.910
95.923
95.175
96.261
96.316
94.492
92.207
93.860
94.690
95.518
97.180
95.794
96.485
96.802
97.017
97.525
97.966
97.734
97.255
97.394
97.700
97.096
96.687
96.105
95.729
96.921
96.578
95.953
96.586
96.676
97.250
96.684
96.037
96.340
96.683
95.579
95.800
96.182
95.420
96.752
96.077
95.511
96.178
96.721
95.832
95.350
96.310
95.800
94.615
95.042
94.889
93.541
93.135
92.716
91.084
93.191
89.023
90.927
93.092
91.574
93.638
93.771
93.527
91.759
89.930
91.542
91.497
91.381
92.841
91.240
88.269
83.522
78.840
76.919
75.106
64.197
