82.480
86.861
87.558
88.335
90.712
90.002
88.692
88.402
91.269
89.945
89.782
90.087
90.619
89.734
87.392
85.799
91.193
86.770
88.125
87.337
87.645
91.770
91.298
89.981
89.354
85.863
84.331
86.645
87.055
90.379
89.606
88.890
86.826
83.994
84.921
86.992
85.425
82.285
87.872
90.654
90.783
90.516
90.579
91.079
91.073
88.818
88.391
90.044
89.348
86.877
86.221
88.666
85.717
82.953
83.888
84.113
81.061
66.297
55.804
51.833
69.146
70.583
75.364
75.645
77.543
80.670
79.614
75.818
82.231
81.275
82.541
84.712
85.412
83.030
82.443
83.452
82.498
83.402
83.703
86.748
90.765
91.934
93.452
93.591
95.112
95.569
95.770
95.226
93.868
92.329
91.794
92.688
93.238
90.840
90.747
89.182
88.479
88.692
88.471
88.948
90.038
87.710
88.668
90.865
89.905
88.853
90.467
88.182
88.093
85.116
87.774
88.051
88.882
88.549
91.196
91.884
92.941
93.320
94.402
94.379
91.157
89.086
91.772
92.774
92.858
93.667
96.075
95.259
94.095
95.116
96.611
95.548
94.066
95.789
95.648
93.778
93.984
95.253
93.030
92.402
93.796
93.324
95.118
93.862
92.308
95.016
96.610
94.925
94.024
95.944
96.948
95.934
95.240
96.518
96.720
94.965
92.368
94.589
95.488
96.432
97.535
96.820
96.334
95.965
96.866
97.820
97.906
97.546
97.833
97.806
97.779
97.664
97.235
97.097
96.783
97.359
97.017
95.882
96.260
95.603
95.841
95.126
93.240
93.550
93.198
90.127
85.838
77.907
50.804
