84.951
88.869
89.308
88.939
91.598
92.306
93.597
92.363
91.782
91.976
89.265
89.770
90.942
91.316
88.422
88.068
91.137
91.691
91.929
94.870
95.886
95.958
96.352
96.507
96.503
96.360
95.539
94.783
93.751
92.851
94.646
94.362
93.038
93.271
92.835
91.003
91.393
92.422
92.466
93.434
91.923
92.309
93.715
94.159
92.871
93.018
92.379
91.212
87.450
85.722
85.702
89.360
89.626
93.744
94.980
95.938
96.781
97.287
96.499
93.696
92.802
93.845
93.506
94.403
95.739
97.052
96.869
97.117
97.525
97.897
97.809
97.680
97.745
97.460
97.340
97.342
97.096
96.318
96.063
96.219
95.591
95.989
95.416
93.321
95.589
96.779
95.858
94.743
96.251
97.085
96.194
95.471
96.417
96.431
94.586
92.632
94.097
94.986
95.588
97.222
95.844
96.501
96.864
97.050
97.491
97.965
97.746
97.241
97.412
97.706
97.088
96.701
96.167
95.780
96.935
96.606
96.027
96.729
96.838
97.268
96.740
96.196
96.475
96.762
95.704
95.969
96.321
95.761
96.898
96.319
95.830
96.521
96.898
96.111
95.736
96.572
96.095
94.995
95.258
95.158
93.911
93.392
93.001
91.583
93.421
89.956
91.690
93.553
91.688
94.688
95.161
94.907
94.043
91.601
92.287
92.623
93.469
94.444
93.957
92.461
89.677
85.393
86.218
86.570
84.268
81.357
84.848
88.362
90.147
90.951
91.740
92.617
93.258
93.453
93.208
93.922
94.332
93.316
93.330
93.891
92.304
91.496
92.098
90.706
87.772
84.756
69.641
53.342
46.011
