54.856
54.362
63.031
73.174
77.958
83.711
87.778
91.565
90.333
90.834
93.435
94.245
93.471
94.938
95.883
95.525
95.802
96.473
96.445
95.261
95.413
95.703
94.889
95.318
94.157
91.865
94.579
95.983
94.323
93.212
95.256
95.510
94.028
93.884
94.867
93.983
91.383
90.061
92.400
93.299
94.515
95.525
93.617
94.112
95.186
96.084
96.784
96.957
97.222
96.997
97.055
97.397
96.772
96.284
95.826
95.374
96.590
95.938
95.004
96.186
96.320
96.914
96.409
95.796
96.036
95.880
95.189
95.565
95.784
94.902
95.469
94.502
94.233
93.975
93.602
92.824
92.441
91.912
90.710
91.201
91.825
90.862
89.873
91.037
90.586
88.607
89.335
85.895
86.332
88.882
88.631
91.770
92.916
93.528
92.978
90.778
91.724
91.334
91.426
92.711
91.572
90.151
87.980
84.620
84.807
85.573
84.438
80.882
83.832
87.416
89.050
89.465
89.585
90.894
91.516
90.659
89.728
91.217
91.868
89.911
90.065
91.736
90.314
88.868
89.488
88.516
85.102
74.632
70.770
57.501
69.934
73.405
78.856
78.663
81.615
85.619
88.671
90.267
89.367
88.946
90.085
87.791
89.167
90.112
91.379
89.110
88.365
90.738
90.887
91.737
93.884
94.307
93.561
92.944
92.286
91.642
92.539
90.869
89.618
89.378
88.830
90.254
91.546
90.107
90.550
89.668
88.105
88.938
89.804
90.145
91.158
89.039
90.295
91.929
92.135
90.876
91.499
90.592
90.627
87.520
86.380
87.110
89.430
89.270
92.212
93.444
93.513
93.195
91.385
