73.288
87.287
92.265
94.239
95.842
96.379
95.308
91.329
89.870
91.449
91.950
92.499
94.616
96.143
95.840
96.210
97.108
97.510
97.356
97.368
97.619
97.352
97.185
97.208
97.048
95.904
95.796
95.883
95.290
95.790
95.420
93.527
95.237
96.906
96.002
95.207
96.168
96.941
95.555
94.674
95.806
96.024
93.414
90.797
92.990
94.218
95.270
96.942
95.755
95.910
96.487
96.760
97.488
97.861
97.598
97.348
97.483
97.698
97.011
96.650
96.291
95.659
96.947
96.233
95.410
96.453
96.647
97.190
96.693
96.099
96.463
96.629
95.652
95.973
96.143
95.650
96.738
95.840
95.557
95.849
96.330
95.451
94.991
95.467
95.117
93.880
94.646
94.190
93.099
93.155
92.053
91.089
92.842
88.357
89.849
90.833
89.741
93.193
92.991
92.304
90.380
87.391
88.858
88.845
89.487
92.608
91.279
90.851
88.848
86.056
86.352
87.848
85.924
84.042
87.054
89.868
91.040
91.254
90.489
91.865
91.768
89.447
89.874
90.437
89.535
87.152
87.127
88.457
85.340
83.430
83.948
80.843
75.419
61.978
51.730
49.748
67.181
75.516
77.884
79.388
81.805
85.150
84.401
84.410
87.761
85.924
88.406
87.403
88.621
88.311
90.825
88.038
87.504
87.756
87.757
85.577
89.703
92.452
93.654
94.113
93.846
94.119
92.289
91.506
92.118
88.270
91.279
91.882
93.047
90.837
91.252
91.038
87.618
88.188
88.717
87.982
91.181
89.209
88.804
88.972
89.183
86.943
85.764
83.604
82.079
71.177
64.497
52.743
52.846
