55.300
63.261
69.179
68.196
71.152
77.458
81.963
84.195
89.623
92.130
93.589
94.352
95.581
95.985
96.149
95.151
93.828
92.415
90.556
93.068
93.448
91.245
91.274
91.490
90.236
90.166
90.475
91.160
91.750
90.533
91.325
92.527
92.338
91.435
92.123
90.999
88.265
83.494
81.010
79.783
83.999
84.563
90.777
92.145
94.644
95.533
96.733
95.633
92.912
91.723
92.984
92.926
94.001
95.601
97.026
96.675
97.042
97.554
97.882
97.617
97.627
97.740
97.263
96.829
97.090
96.788
95.300
95.157
95.753
94.819
95.475
94.851
92.916
95.445
96.653
95.658
94.576
96.170
97.013
96.060
95.414
96.367
96.362
94.524
92.427
94.016
94.866
95.597
97.210
95.912
96.528
96.881
97.064
97.545
97.977
97.788
97.306
97.420
97.709
97.135
96.744
96.187
95.787
96.898
96.546
96.001
96.712
96.778
97.253
96.752
96.100
96.250
96.762
95.628
95.475
95.723
93.989
96.156
95.677
93.743
94.315
95.738
93.799
92.490
94.130
93.787
89.541
89.723
91.120
88.815
84.973
84.434
85.902
88.811
85.593
87.953
90.848
89.020
90.415
90.528
87.964
86.342
81.562
78.663
78.790
82.343
85.306
84.994
79.069
76.272
70.602
68.356
75.154
75.250
75.903
81.729
86.269
88.037
88.555
87.101
88.714
90.716
90.396
87.912
89.811
91.134
88.127
86.102
89.572
87.423
84.222
83.733
83.499
79.629
71.453
52.928
47.816
42.910
44.775
38.831
37.449
39.234
40.431
43.180
36.001
39.317
34.279
32.668
34.019
