66.053
65.414
63.577
60.102
68.616
68.669
71.553
71.933
72.937
77.760
80.808
84.352
89.693
91.981
92.993
93.865
95.013
95.478
95.768
94.586
92.811
90.555
88.568
91.312
91.916
89.074
89.406
89.392
88.121
87.665
87.790
88.718
89.614
88.330
89.100
90.706
90.719
89.855
91.019
90.126
87.690
83.705
81.686
80.348
84.195
84.715
90.406
92.121
94.277
95.487
96.596
95.521
92.528
90.842
92.255
92.477
93.663
95.404
96.884
96.508
96.952
97.476
97.779
97.599
97.621
97.661
97.162
96.976
97.184
96.791
95.550
95.445
95.962
94.934
95.548
94.688
92.468
95.106
96.422
95.239
94.072
95.919
96.821
95.690
95.013
96.123
96.098
93.888
91.613
93.540
94.455
95.347
97.050
95.667
96.391
96.770
96.952
97.425
97.917
97.738
97.203
97.338
97.662
97.047
96.650
96.063
95.682
96.850
96.478
95.836
96.624
96.757
97.260
96.724
96.130
96.323
96.710
95.636
95.657
95.996
94.757
96.432
95.901
94.666
95.176
96.193
94.697
93.530
94.844
94.449
90.981
90.825
91.637
89.680
86.231
84.964
85.359
88.554
84.711
86.718
89.358
87.519
89.394
89.658
88.002
86.423
81.981
80.029
80.006
82.082
84.325
82.477
74.362
69.318
63.682
59.066
66.840
68.884
69.054
75.728
83.016
84.549
85.229
83.647
84.966
87.484
87.877
85.098
87.422
89.119
86.533
84.578
88.123
86.221
83.576
82.169
82.128
79.293
72.747
54.976
45.713
42.738
46.594
42.993
37.182
38.891
39.301
39.223
40.559
