38.733
66.588
78.587
79.985
80.607
82.559
82.617
83.957
84.360
84.953
84.288
80.901
83.915
84.768
84.932
87.165
88.505
92.028
92.322
94.945
95.591
95.094
93.754
90.880
90.465
92.002
93.753
94.833
96.630
96.074
97.031
97.642
97.460
97.579
97.914
98.010
97.099
97.631
97.737
96.968
95.679
96.682
96.835
95.231
95.190
92.588
89.594
92.741
94.761
91.676
89.770
93.133
94.819
92.065
91.907
94.778
94.882
91.630
88.505
92.822
94.464
96.226
97.256
96.842
96.503
97.266
97.409
97.989
98.282
98.259
98.035
97.642
98.191
97.826
97.272
96.649
97.000
97.754
97.381
96.831
97.506
97.717
98.117
97.694
97.119
97.645
97.781
96.542
97.085
97.078
96.415
97.565
96.681
96.216
96.299
96.942
96.127
95.444
95.787
96.034
94.245
94.339
94.118
93.464
92.879
90.656
90.575
92.195
88.851
88.686
87.388
86.378
90.020
89.652
90.497
89.327
87.707
88.032
87.917
88.528
90.315
87.587
86.277
82.339
80.286
81.178
82.757
83.046
80.318
83.589
85.760
83.574
84.165
86.212
86.305
85.342
86.041
86.279
86.224
85.609
85.791
85.434
86.122
84.675
83.076
83.564
80.751
77.728
69.230
60.940
52.675
67.727
70.624
75.613
74.710
77.221
81.803
80.498
78.122
83.996
81.553
83.074
85.533
87.132
86.310
88.357
87.679
85.560
85.360
84.263
85.107
88.510
90.157
90.925
90.034
89.825
91.603
90.163
89.960
86.511
79.681
80.944
80.071
83.208
77.566
74.955
70.756
62.464
46.144
