61.074
71.717
72.742
76.269
77.150
79.385
81.723
86.162
89.848
91.970
94.998
96.388
96.143
94.880
92.846
92.740
93.805
95.653
96.517
97.668
97.244
97.776
98.180
98.094
97.903
98.146
98.232
97.336
96.931
97.588
96.680
94.389
95.300
95.782
93.703
94.522
93.151
89.834
93.500
96.446
94.637
93.541
95.976
97.249
95.404
95.309
97.181
97.305
95.644
93.146
96.362
96.608
97.764
98.228
97.980
97.788
98.065
98.242
98.498
98.645
98.617
98.480
98.258
98.435
98.322
97.869
97.043
97.376
98.029
98.219
98.015
98.290
98.273
98.514
98.332
97.859
98.074
98.288
97.185
97.536
97.361
96.090
97.598
96.935
95.680
95.011
96.879
95.738
93.910
95.125
96.102
92.868
92.776
93.917
93.302
92.266
90.638
90.933
93.383
90.528
90.987
89.807
88.527
91.578
90.829
89.696
88.394
86.177
86.022
88.167
89.019
91.423
89.216
89.434
86.040
85.068
86.183
86.714
88.300
85.412
89.748
89.363
85.736
84.680
87.950
87.511
84.962
84.711
86.980
86.770
83.616
84.946
85.952
86.076
84.245
83.711
84.392
81.534
79.738
70.942
59.305
53.064
70.484
73.410
79.331
80.092
83.107
84.677
82.157
80.657
86.029
84.617
86.607
88.839
89.856
88.998
88.423
87.828
84.151
82.447
80.932
80.452
84.020
85.944
89.827
90.611
91.448
94.205
91.988
93.113
92.152
86.767
88.302
89.318
90.353
85.591
85.093
84.605
79.149
77.826
76.885
69.757
48.451
49.831
56.429
45.216
35.859
45.858
36.234
