49.104
59.338
56.425
60.448
61.265
63.581
63.839
67.882
61.154
60.547
65.610
62.142
56.078
53.796
54.967
54.475
51.365
49.400
59.715
70.118
76.286
77.737
77.623
76.894
78.462
81.738
84.253
85.331
86.939
86.905
87.552
87.359
87.184
86.410
84.293
85.961
84.826
84.535
86.723
90.656
90.485
93.293
93.845
94.609
95.276
94.277
91.286
88.487
85.109
87.681
88.671
83.680
82.447
83.708
82.542
79.088
76.333
78.071
78.527
78.988
79.157
77.542
77.153
76.811
76.655
74.234
76.460
76.393
76.509
77.222
79.239
80.031
85.624
90.571
92.813
95.163
96.305
95.436
92.057
90.699
91.799
92.279
93.332
95.185
96.596
96.215
96.714
97.279
97.569
97.498
97.463
97.514
96.936
97.028
97.118
96.575
95.350
95.520
95.784
94.231
94.935
93.456
90.325
94.070
95.805
93.914
92.579
95.256
96.368
94.836
94.208
95.800
95.751
93.157
90.485
93.046
94.156
95.138
96.890
95.556
96.202
96.587
96.841
97.364
97.806
97.639
97.140
97.200
97.557
97.001
96.491
95.914
95.546
96.770
96.360
95.728
96.498
96.571
97.143
96.659
96.013
96.317
96.590
95.470
95.702
96.018
95.307
96.558
95.896
95.321
95.750
96.434
95.506
94.691
95.422
95.111
93.446
93.382
93.240
92.078
91.052
89.193
88.197
90.168
85.152
86.233
88.765
85.898
87.879
87.676
87.816
85.898
85.266
85.936
87.670
86.187
87.312
82.189
75.817
64.448
58.676
52.491
53.645
47.994
48.470
41.273
43.968
47.104
42.745
