62.191
80.468
88.962
90.560
92.470
93.481
95.467
95.953
96.098
95.185
93.983
92.870
91.150
93.353
93.682
91.685
91.447
91.161
90.060
90.389
90.700
91.158
91.648
90.245
90.830
91.904
91.729
90.970
91.653
90.425
88.959
84.393
82.180
80.626
85.168
85.110
90.388
91.445
93.996
94.994
96.551
95.453
92.692
91.698
93.162
93.162
94.036
95.538
96.976
96.579
96.926
97.492
97.788
97.535
97.590
97.684
97.182
96.842
97.104
96.799
95.372
95.469
95.895
94.959
95.521
94.791
92.923
95.483
96.608
95.625
94.657
96.138
96.944
96.048
95.411
96.340
96.343
94.585
92.658
94.086
94.846
95.565
97.185
95.857
96.488
96.822
97.025
97.523
97.968
97.779
97.304
97.413
97.693
97.119
96.725
96.147
95.730
96.848
96.473
95.906
96.616
96.676
97.233
96.730
96.060
96.228
96.730
95.497
95.471
95.905
94.550
96.281
95.812
94.322
94.776
95.936
94.189
92.731
93.864
93.246
87.953
88.032
89.169
86.276
82.387
81.687
82.264
86.521
84.268
87.189
90.996
88.771
88.983
88.933
85.925
84.628
79.593
75.908
74.745
79.708
82.530
83.420
77.886
76.870
72.375
70.067
76.951
75.085
76.006
82.107
85.262
87.897
88.160
85.580
87.832
89.830
88.938
86.319
88.199
89.723
86.656
84.599
87.840
86.199
82.137
81.795
82.150
77.619
67.850
51.588
43.921
43.047
43.254
40.436
39.191
39.095
42.374
43.395
38.574
37.546
39.341
37.285
38.106
37.706
37.530
35.255
29.858
27.729
29.964
