73.834
69.068
72.702
76.525
78.876
76.842
77.798
82.155
85.082
85.506
90.319
92.890
93.954
94.726
95.604
95.906
96.047
94.994
93.676
92.215
90.462
92.856
93.190
91.000
91.172
91.135
89.749
89.645
90.215
90.691
91.618
90.223
90.944
92.467
92.454
91.307
92.139
91.474
88.695
84.081
82.234
80.820
84.801
85.701
90.990
92.887
94.855
95.945
96.836
95.875
92.947
91.762
92.736
92.570
93.749
95.353
96.888
96.544
96.984
97.471
97.799
97.647
97.639
97.703
97.282
97.115
97.255
96.928
95.779
95.693
96.061
95.226
95.717
94.951
92.833
95.363
96.573
95.500
94.382
96.023
96.907
95.915
95.248
96.201
96.229
94.277
92.073
93.708
94.545
95.326
97.066
95.700
96.366
96.753
96.943
97.423
97.890
97.737
97.205
97.325
97.664
97.072
96.633
96.075
95.725
96.885
96.550
95.908
96.692
96.816
97.269
96.748
96.203
96.422
96.765
95.667
95.886
96.202
95.256
96.627
96.141
95.079
95.519
96.403
95.166
94.058
95.254
94.940
92.152
91.997
92.902
91.277
87.820
87.040
87.360
90.283
86.727
88.521
91.183
89.355
91.100
91.269
89.367
87.539
83.391
82.394
81.791
84.232
87.061
86.130
79.958
76.981
71.793
69.599
76.462
76.063
76.319
81.520
86.348
87.808
88.249
88.313
89.370
90.964
90.978
89.377
90.685
91.766
89.837
87.694
90.056
88.159
85.203
84.415
83.986
80.269
73.774
56.342
49.282
48.008
50.998
44.446
41.397
42.733
43.265
44.481
41.210
38.604
38.655
