93.055
93.243
94.896
95.915
95.781
95.806
96.876
97.190
96.054
96.240
97.184
96.381
96.779
96.366
93.926
96.204
97.025
95.614
94.945
96.246
96.000
93.788
94.211
94.878
93.777
92.147
90.236
94.109
92.656
94.645
94.449
92.088
91.741
93.146
95.065
96.556
96.974
97.560
97.897
97.770
98.129
98.152
97.860
97.551
97.591
98.219
97.953
97.458
98.025
98.055
97.982
97.581
97.366
97.555
96.512
95.393
96.756
96.539
95.515
96.218
94.576
94.470
93.991
94.293
93.232
93.089
93.466
92.922
91.511
92.052
92.319
91.834
91.988
90.216
90.071
92.262
90.349
90.184
89.761
89.737
93.011
93.057
91.705
91.030
87.784
86.480
87.953
89.118
92.942
91.839
91.511
89.952
87.794
88.457
89.785
90.350
88.482
91.323
93.915
93.585
94.008
93.816
93.770
94.076
91.811
91.396
92.169
91.681
89.716
88.730
90.144
88.504
85.824
86.072
85.218
83.561
70.952
61.701
53.095
71.348
73.536
78.568
79.413
82.120
84.701
83.306
79.196
85.526
84.355
84.895
87.928
87.780
87.227
86.772
86.545
84.764
83.611
83.901
86.996
92.104
92.690
94.472
93.056
92.613
91.218
89.565
87.671
89.442
87.923
90.781
92.130
92.348
90.839
92.706
91.345
88.357
89.900
91.033
89.953
92.755
91.646
91.931
93.291
93.043
91.894
93.141
90.867
90.565
86.814
89.315
89.852
89.590
90.410
93.085
93.098
93.704
92.061
90.832
89.271
81.953
70.607
80.162
66.416
64.752
58.890
63.294
55.138
54.942
50.324
