79.206
82.476
83.471
84.071
86.518
85.957
84.622
85.507
87.251
86.164
84.090
84.567
83.813
78.251
65.478
57.847
58.822
71.095
83.114
83.853
85.629
85.809
84.877
86.789
89.325
89.779
89.970
91.057
89.454
90.089
91.180
91.407
89.543
88.714
91.162
90.519
90.019
92.342
94.287
93.987
95.364
95.543
95.856
95.846
95.040
93.273
91.440
89.028
91.313
91.175
87.869
87.384
87.752
85.830
84.039
83.187
85.152
86.158
86.033
86.155
86.071
87.414
86.586
85.589
85.230
85.786
83.826
83.125
83.653
86.343
86.127
90.519
93.535
94.758
96.153
96.894
96.148
92.703
91.783
93.000
93.013
93.972
95.471
96.847
96.553
96.902
97.407
97.751
97.671
97.556
97.629
97.186
97.185
97.231
96.811
95.869
95.752
96.022
94.932
95.467
94.398
91.666
94.686
96.237
94.710
93.324
95.617
96.675
95.395
94.794
96.105
96.051
93.856
91.648
93.724
94.659
95.453
97.095
95.773
96.439
96.739
96.986
97.508
97.918
97.701
97.226
97.307
97.654
97.066
96.643
96.048
95.708
96.898
96.530
95.935
96.614
96.690
97.186
96.677
96.064
96.364
96.642
95.601
95.854
96.165
95.537
96.712
96.070
95.568
96.135
96.643
95.769
95.288
96.069
95.632
94.471
94.718
94.527
93.206
92.798
92.079
90.476
92.490
88.231
89.844
92.006
89.701
92.386
92.450
92.728
91.529
89.848
91.314
91.532
91.191
92.099
90.052
86.397
80.925
76.516
76.085
76.955
66.809
58.465
52.088
50.916
48.035
38.873
35.215
