32.019
28.653
33.386
34.282
33.494
35.515
36.836
38.582
37.432
43.067
45.925
52.454
61.174
70.411
75.626
77.825
77.749
75.364
76.945
81.514
84.258
85.449
88.090
88.005
88.635
88.268
89.263
87.579
86.277
87.748
86.495
84.829
86.693
90.754
90.298
93.323
94.039
94.878
95.385
94.490
91.447
87.773
84.512
87.598
87.078
81.345
80.773
82.415
80.031
76.076
72.249
75.314
74.976
75.396
75.468
74.052
74.461
75.733
74.197
70.403
74.248
74.236
76.510
77.876
79.482
80.500
85.863
90.981
92.979
95.370
96.476
95.863
93.011
91.992
93.105
93.384
94.306
95.650
96.913
96.574
96.993
97.451
97.717
97.651
97.599
97.630
96.992
97.154
97.233
96.608
95.536
95.700
95.932
94.465
94.975
93.497
90.383
94.026
95.769
93.807
92.288
95.231
96.405
94.593
93.797
95.822
95.794
92.753
89.867
92.794
94.367
95.287
97.020
95.822
96.458
96.807
97.010
97.469
97.911
97.739
97.232
97.282
97.659
97.065
96.585
95.962
95.689
96.856
96.512
95.854
96.602
96.699
97.217
96.690
96.081
96.392
96.682
95.527
95.859
96.166
95.523
96.751
96.135
95.628
96.157
96.668
95.842
95.219
95.976
95.565
94.323
94.324
94.096
92.912
92.226
90.797
89.620
91.338
86.842
87.434
89.401
85.606
88.203
86.885
88.025
85.576
85.300
87.873
87.325
86.182
86.911
81.436
75.711
62.645
59.659
48.797
49.172
49.197
50.489
49.542
50.860
58.529
54.149
61.699
64.944
68.713
66.450
66.119
62.867
