46.224
47.319
63.561
72.284
84.696
87.538
87.478
89.297
92.200
91.555
91.987
93.472
94.511
92.700
92.105
93.547
93.389
91.234
91.822
92.496
94.461
94.256
93.602
95.688
95.639
95.824
95.585
94.985
95.425
94.879
93.577
94.716
95.082
93.670
95.002
94.434
94.054
94.233
95.122
94.295
94.022
93.560
93.691
92.588
93.362
93.299
92.154
91.935
90.732
89.979
92.071
88.473
89.326
88.437
88.006
92.372
92.585
91.694
90.631
87.182
87.692
88.488
89.556
92.400
91.506
90.906
89.306
86.244
86.741
89.125
86.246
83.624
86.962
89.479
90.622
90.627
90.554
91.951
91.954
90.205
90.230
91.292
90.702
88.135
88.101
89.423
86.337
84.036
84.632
82.834
77.774
59.053
52.868
50.870
67.609
75.252
77.973
79.829
81.355
84.277
83.256
83.099
86.013
85.286
86.883
87.093
87.000
85.675
87.236
85.993
86.007
87.363
87.254
88.640
92.320
93.508
93.670
93.788
93.761
92.697
91.994
90.059
89.470
87.785
89.233
90.064
90.561
89.650
90.479
88.568
86.832
87.276
88.577
88.603
90.375
88.512
88.596
90.628
90.841
88.988
89.782
88.288
88.780
84.843
85.533
86.313
88.006
88.443
91.325
93.029
93.316
94.142
94.258
93.012
87.018
80.280
78.329
79.460
85.897
89.659
91.903
91.962
93.208
94.582
94.457
95.486
95.951
95.711
95.633
96.207
96.244
95.758
95.041
95.299
95.144
93.522
94.002
92.709
89.926
91.291
92.936
91.203
89.190
90.812
92.194
91.047
88.430
88.779
86.031
