39.467
42.784
51.676
49.686
47.169
48.620
55.291
55.924
70.594
73.143
74.650
77.178
78.468
79.555
79.306
80.303
80.125
77.475
79.386
80.134
81.589
83.410
86.546
90.047
90.401
93.555
93.668
92.852
88.570
85.979
86.292
87.210
90.699
93.699
95.401
94.491
95.880
96.812
96.586
96.752
97.184
97.111
95.983
96.758
97.033
96.049
94.993
95.570
95.751
94.170
93.954
91.023
86.909
90.649
92.889
88.744
85.891
90.092
92.284
87.515
86.610
90.857
90.673
84.532
82.005
86.288
89.369
92.628
95.152
94.816
95.705
96.375
96.745
97.177
97.556
97.558
97.097
96.485
97.312
96.866
96.006
94.853
95.313
96.660
96.270
95.620
96.578
96.680
97.166
96.748
96.216
96.356
96.567
95.427
95.831
96.095
95.420
96.537
95.919
95.469
95.797
96.280
95.419
94.998
94.983
94.866
93.698
93.900
93.067
92.683
92.181
89.837
89.201
89.992
84.423
83.220
83.302
81.096
86.653
87.300
88.679
87.441
85.045
86.177
86.161
86.439
87.867
85.168
82.959
77.984
76.219
75.483
78.617
76.368
70.364
75.548
78.526
77.527
79.818
80.339
81.030
81.094
81.768
82.034
82.785
81.981
81.640
81.698
82.845
80.775
78.762
79.149
77.126
70.623
58.926
50.404
46.531
56.363
67.141
71.453
72.598
75.077
79.114
80.078
81.448
85.823
84.976
87.915
85.768
87.480
86.987
91.149
88.596
88.717
89.455
88.837
85.024
88.539
90.707
90.164
88.450
84.331
86.660
83.418
81.977
79.773
64.989
68.618
69.554
