71.037
78.886
82.095
87.102
91.856
93.609
92.575
92.596
93.894
93.783
93.312
93.773
93.620
95.058
94.278
93.060
95.123
94.946
94.946
94.378
94.198
94.796
93.913
92.113
94.090
94.731
93.145
94.776
94.379
93.920
94.273
95.059
94.433
94.022
93.860
94.288
92.511
92.989
92.994
92.151
91.615
90.039
89.138
91.333
87.085
88.610
88.585
87.242
91.704
91.958
90.731
89.733
85.743
85.828
87.769
89.150
91.688
90.856
89.998
88.241
85.125
85.707
88.647
85.251
82.145
86.052
88.601
89.881
90.125
89.965
90.993
91.115
89.832
89.912
90.885
90.367
87.676
87.418
88.806
85.800
83.492
84.091
82.022
76.831
58.007
52.067
50.579
66.248
74.545
77.639
79.652
81.044
83.591
82.619
83.097
85.546
85.431
86.423
86.617
86.283
84.421
85.673
84.571
84.397
85.506
85.601
87.432
91.713
92.979
93.329
94.136
94.168
92.467
91.483
89.358
89.550
87.117
88.286
89.922
89.154
87.944
89.087
87.387
85.611
85.782
87.244
87.826
89.739
88.013
88.021
90.088
90.370
88.384
89.379
88.029
88.413
84.850
85.157
85.774
87.775
87.860
90.756
92.403
93.168
94.290
94.543
94.084
89.258
85.874
87.549
85.069
85.910
88.581
89.486
90.673
92.460
93.089
93.223
95.374
95.485
95.051
95.418
95.994
95.767
95.422
94.790
95.158
94.887
93.306
93.980
92.665
89.942
91.899
93.241
91.281
88.782
90.651
91.304
90.200
87.133
87.009
88.030
85.246
73.307
63.865
55.763
55.445
59.042
57.097
