38.538
44.482
47.954
44.620
50.062
69.340
75.180
79.210
80.062
80.975
80.564
81.912
82.429
82.804
82.345
79.861
81.264
82.163
82.995
85.176
87.156
90.708
91.260
94.209
94.679
94.016
91.609
89.186
89.531
91.137
92.066
93.825
95.953
95.322
96.174
97.071
97.077
97.129
97.377
97.535
96.572
97.105
97.168
96.476
94.914
95.762
95.904
94.278
94.381
91.304
88.037
91.276
93.834
90.025
87.845
91.931
93.729
90.668
89.741
93.510
93.445
88.945
85.799
90.332
92.888
94.881
96.497
95.642
95.579
96.431
96.717
97.521
97.862
97.780
97.533
97.097
97.709
97.161
96.402
95.475
95.919
96.930
96.300
95.616
96.491
96.756
97.429
96.871
96.116
96.655
96.900
95.478
96.064
96.175
95.313
96.722
95.680
95.087
95.129
96.030
95.038
93.904
94.377
94.661
92.721
93.013
92.839
91.878
91.149
89.524
88.863
90.469
85.523
86.281
86.671
84.879
88.753
88.388
89.812
88.478
86.714
86.965
86.704
87.022
88.139
85.736
82.384
78.458
76.489
75.303
78.552
78.311
73.568
77.926
82.421
79.828
81.335
82.650
82.444
82.436
83.491
83.028
83.362
83.504
83.545
83.520
85.002
82.957
80.807
82.928
80.696
76.493
68.063
56.032
49.774
51.567
54.975
57.946
56.692
56.274
72.341
81.316
81.790
82.121
81.633
82.825
81.551
83.603
82.797
83.631
83.640
81.775
82.593
80.467
85.594
88.445
90.964
90.473
91.702
91.232
91.807
91.402
89.939
85.598
80.369
78.540
78.053
79.900
73.713
