84.154
88.456
90.236
88.378
88.011
84.719
84.704
85.743
85.921
90.302
88.292
88.136
86.821
83.491
81.561
86.600
81.678
81.424
83.704
86.678
89.565
89.013
88.889
90.068
89.954
88.557
88.124
90.029
89.139
85.879
85.060
88.160
84.790
81.936
82.725
83.588
79.357
60.538
50.193
49.765
61.331
67.967
72.177
68.768
71.509
76.743
76.902
72.685
78.592
78.212
78.348
78.137
79.629
78.723
77.211
78.752
78.186
80.204
81.604
83.531
89.225
90.801
91.668
92.594
93.456
93.798
94.549
93.525
91.717
90.272
89.222
89.852
90.612
88.627
87.961
85.584
84.538
85.038
85.559
85.206
86.952
84.338
85.195
87.678
87.363
85.948
87.554
85.461
85.798
83.222
84.075
84.030
86.095
85.624
88.938
90.634
92.452
93.810
94.721
93.846
90.102
87.321
89.606
89.805
91.295
94.265
95.993
95.159
95.924
96.954
97.038
96.781
97.218
97.343
96.579
96.808
97.089
96.597
95.211
95.405
96.016
94.480
95.084
93.595
90.749
94.018
95.603
93.582
92.704
95.039
95.932
94.541
94.085
95.533
95.488
93.188
91.029
93.157
94.159
95.280
96.815
95.342
96.059
96.503
96.826
97.361
97.771
97.630
97.311
97.274
97.658
97.173
96.693
96.247
95.818
97.000
96.524
95.862
96.512
96.647
97.172
96.729
96.020
96.301
96.519
95.764
95.719
95.789
94.724
96.282
95.485
94.074
94.441
95.498
93.835
92.411
93.162
92.685
89.709
89.541
89.780
88.218
86.360
84.044
82.138
83.550
75.746
75.613
76.176
