92.291
95.714
96.376
96.286
96.357
96.900
97.008
95.749
95.805
96.574
96.040
96.345
96.048
93.916
95.906
96.799
95.730
94.853
96.098
96.362
94.425
94.286
95.501
95.441
93.461
91.150
94.570
94.322
95.833
96.269
95.570
94.598
95.389
96.327
97.383
97.585
97.693
97.812
97.694
97.934
97.770
97.423
97.154
97.215
97.915
97.598
96.857
97.728
97.734
97.728
97.364
97.067
97.320
96.604
95.719
96.556
96.446
95.261
96.603
95.296
94.888
94.517
95.538
94.694
93.413
94.170
94.606
92.507
92.602
93.201
92.924
92.381
90.561
90.653
93.357
91.170
91.187
90.567
90.362
93.644
93.271
91.975
91.139
88.011
86.764
88.202
89.226
92.988
91.821
91.415
89.813
87.566
88.413
89.472
89.787
88.153
90.875
93.491
93.427
93.768
93.502
93.687
93.990
91.632
91.181
92.048
91.640
89.720
88.805
90.272
88.635
85.872
86.262
85.411
83.633
70.971
61.643
53.203
72.276
74.196
79.233
80.199
82.422
85.179
83.801
80.402
85.970
84.882
85.712
88.027
88.035
87.438
87.617
86.921
85.136
84.705
84.730
87.495
92.471
93.489
95.308
94.833
95.209
95.087
93.659
92.835
93.654
91.062
92.617
94.244
93.852
91.905
93.388
92.164
89.229
90.779
91.629
90.985
93.348
92.245
92.476
93.586
93.334
92.262
93.307
91.113
90.806
87.176
89.497
90.014
89.859
90.854
93.515
93.802
94.500
94.165
94.453
94.177
87.507
83.624
90.163
89.870
90.402
87.006
87.968
89.755
90.308
90.148
89.994
