58.908
70.617
78.250
79.135
77.586
83.148
85.881
86.937
88.094
88.133
89.348
89.413
91.149
91.297
90.928
90.859
92.170
90.416
90.781
91.188
90.620
89.623
88.116
87.096
89.878
85.410
87.374
87.243
86.237
90.813
91.003
89.861
89.103
85.208
85.402
86.975
87.954
90.788
89.953
89.088
87.330
84.600
84.681
87.991
83.860
81.368
86.550
88.292
89.832
89.458
89.507
90.472
90.426
88.759
89.011
90.156
89.637
86.900
86.592
88.527
85.350
82.701
83.971
83.000
77.700
59.335
52.591
51.540
64.491
72.422
76.441
77.039
78.498
82.173
81.604
81.166
84.610
84.309
85.343
85.171
85.458
83.932
84.594
83.851
83.597
84.923
84.962
86.927
91.171
92.382
93.061
93.796
94.681
94.467
94.622
93.929
93.209
91.608
91.380
91.961
91.933
90.144
90.113
87.941
86.863
87.645
88.118
88.158
89.688
87.003
87.279
89.644
89.709
87.783
89.033
87.117
88.008
84.748
85.096
85.657
87.803
87.337
90.342
91.865
92.854
93.772
94.692
94.517
89.926
88.209
91.667
90.808
91.071
92.471
93.770
93.847
93.344
93.080
94.874
94.857
92.183
92.791
93.974
92.282
89.925
91.614
91.239
89.080
87.231
88.796
90.043
91.495
89.697
91.121
93.215
93.114
92.310
93.913
94.848
94.491
93.902
94.844
95.227
93.304
90.927
92.835
93.553
94.226
95.036
93.220
91.691
90.486
89.754
92.569
93.060
89.494
90.236
92.188
90.712
88.441
89.796
89.040
85.360
83.328
70.372
58.049
50.166
50.485
51.721
