31.073
35.730
34.953
37.098
37.976
39.127
37.602
42.372
45.074
50.952
62.308
73.811
78.558
80.748
80.448
78.089
79.553
84.009
86.273
87.393
89.442
88.985
89.449
89.824
90.660
88.615
87.643
89.330
88.368
87.172
89.101
92.253
92.013
94.292
94.804
95.346
95.633
94.590
92.043
88.019
85.892
89.173
87.923
83.014
83.415
84.845
82.155
78.482
76.382
79.424
78.938
79.680
79.268
78.437
79.246
79.867
78.751
75.221
77.884
77.049
79.026
81.011
82.672
83.373
88.327
92.461
94.023
95.945
96.822
96.203
93.431
92.539
93.398
93.504
94.447
95.828
97.018
96.765
97.141
97.580
97.840
97.785
97.718
97.748
97.228
97.310
97.355
96.825
95.924
95.941
96.164
94.973
95.442
94.211
91.463
94.647
96.142
94.456
92.877
95.518
96.634
94.941
93.910
95.856
95.762
92.472
88.684
92.141
94.063
95.291
97.065
95.940
96.596
96.968
97.134
97.542
97.981
97.827
97.327
97.381
97.761
97.177
96.704
96.170
95.846
97.011
96.660
96.022
96.720
96.827
97.310
96.802
96.186
96.501
96.820
95.644
96.011
96.318
95.695
96.893
96.319
95.795
96.357
96.828
96.012
95.507
96.278
95.842
94.638
94.756
94.533
93.328
92.782
91.616
90.296
92.123
87.800
88.583
90.506
87.271
89.890
88.832
89.924
87.888
87.251
89.508
89.312
88.034
88.739
84.134
78.857
66.912
62.902
51.600
50.878
51.540
50.738
48.968
52.444
63.645
59.085
64.983
71.144
72.911
70.491
69.339
70.915
72.061
52.376
