36.468
34.808
40.597
39.755
51.882
48.375
62.832
70.654
80.218
85.019
87.720
86.410
87.752
84.783
82.035
83.488
83.838
84.167
85.258
81.704
80.737
76.559
75.388
80.005
77.706
76.519
80.345
84.876
86.261
87.249
86.526
87.285
88.804
88.425
86.249
88.028
89.349
86.753
85.187
88.672
87.103
83.363
83.881
85.298
81.271
62.954
58.573
60.136
55.725
53.761
52.695
53.925
45.488
65.809
81.034
81.110
78.697
78.124
78.021
74.652
75.305
75.796
75.301
76.819
76.247
79.147
83.098
86.479
90.030
89.531
90.039
88.863
90.869
91.116
93.167
91.305
88.460
86.463
85.377
87.548
89.990
87.186
88.386
88.192
86.857
86.600
86.902
87.768
88.672
87.013
87.919
90.114
90.233
88.831
90.264
89.253
88.822
85.791
84.222
84.598
86.959
86.084
89.436
90.188
91.324
90.847
91.425
88.368
83.206
79.900
84.046
84.688
87.562
91.789
94.476
92.625
93.169
95.090
95.772
94.576
95.419
96.114
95.375
94.602
95.527
95.550
93.321
92.955
94.397
93.253
94.311
93.398
91.263
94.383
95.740
93.994
93.165
95.278
96.031
94.468
94.098
95.261
94.865
91.941
90.013
92.183
93.115
94.726
96.234
94.752
95.539
95.697
96.228
96.858
97.306
97.179
96.841
96.885
97.153
96.676
96.146
95.544
95.140
96.202
95.657
94.661
95.555
95.503
96.229
95.364
94.165
93.706
93.890
90.252
90.361
86.133
81.415
85.457
83.677
82.155
77.543
80.755
80.630
79.369
79.755
80.378
78.214
74.598
68.617
