81.693
85.046
85.778
88.498
87.841
86.480
89.493
89.664
89.868
91.878
91.407
91.649
91.402
93.471
92.642
91.530
90.970
92.641
90.180
90.007
90.414
90.002
88.903
86.816
85.801
89.057
84.826
86.595
86.529
85.327
89.695
89.285
88.254
87.577
83.760
83.492
86.104
87.134
89.633
88.712
87.957
85.591
83.122
83.692
86.675
83.319
79.847
85.784
87.519
87.919
87.362
88.209
88.513
88.032
86.450
87.375
88.753
87.304
84.890
85.309
86.903
83.599
81.499
82.928
81.776
76.154
60.983
52.273
51.705
65.357
72.239
75.671
76.805
77.622
80.587
80.493
78.217
83.161
82.309
83.074
83.861
84.258
81.827
81.694
82.212
80.839
82.100
82.001
84.964
89.376
90.961
92.090
93.072
94.397
94.643
94.844
94.235
93.029
91.210
90.354
91.139
91.531
89.230
88.477
86.706
86.026
86.074
85.081
85.581
86.720
84.746
85.436
87.633
86.888
85.695
87.283
84.450
85.137
82.193
84.543
85.075
86.121
86.684
89.401
91.077
92.344
93.530
94.913
94.599
90.861
88.186
91.343
91.355
91.889
93.556
95.238
94.944
95.121
95.547
96.568
96.489
95.006
95.081
95.588
94.513
92.211
93.506
92.763
91.436
89.606
90.647
92.128
92.321
90.405
92.397
94.582
93.411
92.507
94.523
95.633
94.727
94.141
95.361
95.637
93.500
90.864
93.141
94.069
94.994
96.147
94.736
94.027
93.595
92.933
95.177
95.567
92.777
93.280
94.651
93.856
91.661
92.611
92.266
89.766
88.527
78.561
64.592
55.892
44.907
