51.836
62.017
58.301
58.271
57.858
62.052
55.349
56.115
62.186
58.457
52.066
52.110
53.782
51.756
49.402
48.236
59.838
71.687
78.152
80.239
79.986
78.633
79.727
83.368
85.723
86.739
88.684
88.152
89.169
89.386
89.856
88.362
86.741
88.491
87.180
86.054
87.758
91.636
91.288
93.957
94.345
95.172
95.628
94.848
92.102
89.372
85.888
88.318
89.113
83.778
82.523
84.587
82.923
78.193
76.152
78.899
79.442
80.811
80.428
77.680
78.352
78.684
78.203
75.189
77.956
77.471
78.546
79.128
81.199
81.445
86.679
91.546
93.466
95.637
96.639
95.931
93.044
92.032
92.931
93.174
93.941
95.540
96.874
96.580
96.950
97.465
97.739
97.695
97.616
97.661
97.107
97.230
97.264
96.723
95.683
95.783
96.008
94.587
95.161
93.803
90.804
94.332
95.975
94.152
92.749
95.411
96.552
95.064
94.500
96.073
96.110
93.805
91.085
93.586
94.603
95.463
97.132
95.847
96.461
96.824
97.027
97.515
97.925
97.743
97.287
97.343
97.689
97.115
96.660
96.090
95.734
96.925
96.534
95.954
96.669
96.695
97.252
96.789
96.132
96.460
96.754
95.711
95.925
96.283
95.640
96.784
96.170
95.649
96.120
96.683
95.845
95.215
95.919
95.591
94.251
94.287
94.093
92.878
92.150
90.828
89.637
91.476
87.017
87.906
90.047
86.606
89.043
88.562
89.310
87.149
87.034
88.595
89.602
87.833
88.556
83.679
78.033
67.230
60.721
55.867
58.517
54.012
52.669
49.363
50.856
52.260
54.338
51.828
55.527
