83.803
87.084
85.426
86.413
82.790
83.045
84.460
84.740
88.436
86.946
86.489
84.904
81.455
79.661
85.458
81.768
80.203
83.565
85.829
88.081
87.662
88.004
88.888
87.917
87.358
87.143
88.506
87.448
84.698
84.460
86.808
83.752
80.906
81.720
82.620
78.642
63.578
51.682
49.641
58.501
66.132
70.137
68.839
69.855
73.367
73.970
69.711
75.996
75.103
75.459
74.149
76.180
74.480
73.370
73.116
72.203
74.176
77.413
80.528
86.674
88.125
89.294
90.384
91.865
92.769
93.884
92.859
90.469
88.454
87.046
87.263
89.003
86.186
85.426
84.179
83.046
82.130
81.867
82.096
83.034
81.412
82.815
84.488
83.998
82.944
84.934
82.290
82.613
80.968
82.021
81.336
83.096
82.586
86.300
88.387
90.960
92.255
93.722
92.870
89.521
86.717
89.404
90.183
91.014
94.187
95.968
94.849
95.694
96.948
97.020
96.599
97.175
97.332
96.431
96.528
96.994
96.450
94.737
94.988
95.726
93.951
94.796
93.100
90.180
93.731
95.477
93.123
92.040
94.761
95.769
94.030
93.707
95.428
95.288
92.711
90.523
92.834
94.084
95.245
96.776
95.466
96.083
96.466
96.828
97.407
97.800
97.667
97.342
97.252
97.652
97.171
96.716
96.167
95.783
96.986
96.450
95.880
96.508
96.524
97.184
96.714
95.949
96.131
96.483
95.682
95.415
95.492
93.891
95.943
95.009
93.267
93.406
94.927
92.749
90.513
91.367
91.191
87.374
86.604
87.175
85.483
83.281
80.448
78.080
79.270
71.920
69.993
66.756
45.953
