61.715
84.587
86.387
88.744
89.876
89.087
90.236
90.847
92.332
91.910
91.995
91.319
92.642
91.173
92.176
92.260
91.303
90.932
89.631
88.055
90.840
85.733
88.340
87.265
87.178
92.083
92.407
91.342
90.684
87.034
87.738
88.143
89.059
91.749
91.097
90.346
88.944
86.042
86.506
89.067
85.612
83.221
87.355
89.209
90.568
90.402
90.387
91.628
91.648
90.036
90.042
91.258
90.823
88.127
87.839
89.745
86.605
83.972
85.151
83.762
78.803
60.402
52.575
51.424
65.903
74.369
78.264
79.234
80.702
84.056
83.310
83.783
86.312
86.278
87.409
87.144
87.924
87.202
88.197
86.980
87.525
89.147
89.014
89.545
92.727
93.932
94.268
94.747
95.326
95.200
95.276
94.420
93.747
92.130
92.111
92.964
92.772
91.109
91.568
89.941
88.643
88.756
89.529
89.591
90.873
88.103
88.509
90.989
91.126
89.148
90.138
88.579
89.369
85.815
86.030
86.828
89.125
88.771
91.700
93.340
93.951
94.994
95.701
95.114
90.704
89.046
91.783
90.969
92.053
93.794
95.567
95.047
95.382
96.160
96.812
96.698
95.954
96.557
96.389
96.097
95.727
96.031
94.910
94.535
94.601
94.012
94.930
94.098
91.839
94.408
95.950
94.579
93.589
95.423
96.279
95.325
94.697
95.776
95.909
93.924
91.696
93.360
94.159
95.278
96.706
95.331
95.637
95.805
96.125
96.947
97.331
96.877
96.837
96.920
97.043
96.621
96.207
95.819
95.269
96.154
95.187
93.231
94.407
94.117
95.165
94.575
92.742
92.504
90.213
