29.988
35.848
35.960
36.848
37.087
42.103
57.291
66.106
71.179
72.429
75.380
75.643
77.232
76.785
77.781
76.795
75.620
77.448
78.064
79.518
81.717
85.285
89.147
90.159
93.416
94.074
93.346
90.105
87.698
89.010
89.780
91.855
94.318
95.937
95.025
96.059
96.873
96.738
96.734
97.079
97.099
96.025
96.587
96.872
95.971
94.414
95.186
95.404
93.366
93.496
90.670
85.985
90.658
93.337
89.268
86.364
91.067
93.270
88.884
88.192
92.651
92.668
86.834
83.763
87.952
91.208
93.992
96.049
95.353
95.906
96.529
96.768
97.254
97.623
97.528
97.106
96.777
97.326
96.880
96.106
94.921
95.266
96.552
96.311
95.674
96.580
96.638
97.081
96.658
96.099
96.281
96.511
95.504
95.769
95.995
95.252
96.370
95.824
95.191
95.395
96.144
95.259
94.383
94.445
94.679
93.369
93.608
93.047
92.367
91.824
90.023
88.529
89.748
84.005
83.612
84.442
82.470
87.045
87.172
88.999
87.422
86.036
87.565
88.012
87.729
88.349
84.695
81.727
76.723
74.831
73.465
76.771
75.312
68.682
73.536
78.241
76.005
78.610
79.695
79.510
79.841
80.204
80.406
80.898
80.703
80.827
80.988
82.125
79.894
78.437
79.812
77.221
71.209
60.720
54.154
50.291
60.455
69.098
73.059
73.415
72.604
78.667
80.620
83.201
84.826
85.066
86.866
85.416
86.539
86.429
89.145
87.135
85.371
88.291
85.927
84.745
87.306
90.221
88.728
90.593
89.565
89.966
89.427
87.685
81.853
71.652
69.193
68.667
65.474
