56.207
55.838
60.942
67.053
76.818
79.293
79.619
79.319
80.229
81.969
81.552
79.034
81.635
79.279
80.593
80.480
82.727
84.140
88.230
91.874
92.828
95.089
95.723
94.685
90.112
88.558
89.523
89.911
92.330
94.391
96.181
95.602
96.363
97.169
97.401
97.318
97.432
97.542
96.921
97.152
97.284
96.675
95.678
95.866
96.106
94.831
95.005
93.206
90.023
93.285
95.405
92.622
90.917
94.063
95.651
92.758
92.639
94.953
95.040
91.107
88.603
91.912
93.634
95.046
96.840
95.771
96.139
96.698
96.980
97.529
97.868
97.746
97.394
97.335
97.760
97.189
96.678
95.992
95.795
96.943
96.503
95.765
96.784
96.824
97.282
96.884
96.270
96.504
96.757
95.688
96.013
96.340
95.688
96.771
96.171
95.646
96.105
96.531
95.718
95.297
95.687
95.283
94.240
94.713
94.258
93.466
93.139
91.559
90.858
92.164
87.023
87.697
87.165
86.022
90.886
90.247
91.385
89.339
86.761
88.699
87.910
88.114
90.533
88.182
86.518
82.893
80.372
78.693
81.147
78.407
72.724
78.723
82.258
81.120
81.794
82.909
84.073
83.035
82.481
83.749
85.032
84.535
83.114
83.847
85.661
83.437
81.012
83.615
81.998
77.844
64.084
53.342
47.704
55.331
66.778
69.497
72.668
71.913
78.242
79.360
81.218
85.350
84.577
87.423
85.234
87.044
87.402
90.891
88.014
87.664
89.075
88.044
84.523
89.397
92.027
92.116
91.376
89.467
91.100
87.710
86.125
85.068
74.091
81.683
78.301
84.715
79.501
81.088
75.912
