40.588
41.612
49.764
51.557
54.271
54.479
56.151
53.711
54.545
55.830
56.547
59.983
60.782
65.175
72.954
72.262
73.945
77.998
80.694
75.822
76.916
80.177
78.618
75.147
77.497
80.520
72.775
74.104
82.216
79.331
70.838
72.203
77.923
72.874
63.595
59.736
68.428
63.122
68.452
64.572
61.256
65.491
62.888
63.424
67.490
70.532
69.774
73.421
73.891
70.412
66.223
70.704
66.381
62.355
62.004
74.484
84.226
86.194
89.534
91.109
94.062
96.318
97.022
96.311
93.320
91.335
88.697
90.792
92.769
88.416
86.655
88.764
87.163
84.257
81.364
84.403
82.615
84.072
86.755
86.840
84.985
85.404
88.668
85.077
83.078
82.864
86.101
82.955
82.512
83.305
86.890
88.659
92.036
93.059
96.119
95.857
95.716
92.783
92.614
94.560
96.397
97.622
98.268
97.969
98.322
98.625
98.597
98.339
98.397
98.623
98.122
97.184
97.810
97.748
95.422
95.427
96.464
95.236
96.740
95.511
93.692
96.137
97.718
96.229
95.173
97.093
98.071
96.495
95.984
97.680
97.544
95.708
92.080
95.599
95.519
97.855
98.476
98.233
98.422
98.484
98.555
98.622
98.808
98.755
98.630
98.522
98.716
98.573
98.330
98.070
98.227
98.399
98.358
98.375
98.277
97.950
98.583
98.424
97.434
97.371
98.460
97.468
96.005
95.798
93.885
96.886
95.483
92.439
92.485
95.794
91.758
89.167
91.463
92.811
86.197
85.140
87.096
86.065
82.247
81.309
81.370
84.907
82.131
82.654
82.686
76.328
76.508
74.975
69.058
