37.238
44.087
43.080
44.797
50.201
48.071
54.230
49.700
53.962
71.050
71.421
73.602
78.067
78.274
78.330
77.162
81.441
79.323
75.656
73.358
79.841
76.379
73.416
67.091
71.611
67.307
55.988
51.534
51.302
62.712
68.082
72.936
75.791
76.178
77.205
79.167
81.305
83.950
84.673
86.620
85.405
85.271
84.976
85.325
85.567
83.192
86.449
85.489
85.927
90.056
92.856
93.541
94.802
95.365
95.622
95.532
94.621
92.779
90.567
88.567
90.846
90.656
87.095
87.167
87.224
84.915
82.895
82.571
84.062
85.040
84.701
84.934
84.854
84.831
83.951
84.028
81.070
81.622
80.422
80.455
80.798
83.591
83.290
89.317
92.279
94.297
95.761
96.656
95.869
91.969
90.890
91.899
91.867
93.358
95.208
96.703
96.257
96.773
97.378
97.693
97.593
97.547
97.616
97.131
97.048
97.138
96.711
95.516
95.430
95.817
94.586
95.234
94.049
91.291
94.502
96.056
94.414
92.877
95.407
96.486
95.005
94.040
95.711
95.703
92.821
89.757
92.629
93.856
95.151
96.937
95.604
96.361
96.719
96.977
97.470
97.911
97.704
97.264
97.312
97.625
97.024
96.605
95.948
95.560
96.785
96.421
95.775
96.423
96.492
97.171
96.593
95.875
96.139
96.561
95.384
95.388
95.839
94.743
96.367
95.689
94.965
95.433
96.303
95.211
94.384
95.476
94.977
93.062
93.384
93.333
92.049
90.920
89.474
88.358
90.414
86.093
88.009
89.747
87.799
90.535
91.025
89.987
88.179
85.333
86.400
87.105
86.461
88.990
82.436
