76.162
85.468
89.801
91.288
91.342
91.523
92.398
92.305
89.911
92.474
92.554
91.973
93.654
92.858
92.575
92.613
94.265
93.329
92.491
92.251
93.105
91.093
91.701
91.784
91.129
90.568
89.215
88.488
91.090
86.969
88.436
88.633
86.663
91.229
90.998
89.942
88.939
84.940
85.064
87.047
88.220
91.056
90.174
89.363
87.410
84.647
84.807
88.063
84.544
81.698
86.510
88.827
90.057
89.593
89.492
90.683
90.516
88.733
88.947
90.175
89.488
86.459
86.489
88.323
84.895
82.330
83.716
82.177
76.702
58.957
50.832
50.372
65.071
73.065
76.195
78.240
80.141
82.842
82.282
81.482
84.997
84.710
86.286
86.411
86.603
84.289
84.442
83.948
83.672
84.768
84.300
86.483
90.876
92.521
93.063
94.026
94.978
94.808
94.976
94.249
93.350
91.738
91.483
91.984
91.973
90.297
90.076
87.827
87.027
87.817
88.059
88.258
89.376
86.902
87.488
89.600
89.463
87.765
89.039
86.673
87.523
83.820
85.227
85.669
87.335
87.670
90.361
92.033
93.103
94.299
95.453
95.086
91.424
89.231
91.929
91.651
92.119
94.042
95.528
95.239
95.673
96.295
96.854
96.973
96.233
96.484
96.326
96.040
94.986
95.306
94.414
94.061
93.117
92.841
93.715
93.119
91.005
93.147
95.097
93.621
92.590
94.581
95.663
94.708
94.150
95.282
95.539
93.473
90.947
93.020
93.983
94.858
96.239
94.852
94.927
95.077
94.976
96.187
96.587
95.401
95.054
95.583
96.016
94.358
94.017
93.485
92.001
90.679
77.254
