62.336
76.693
78.895
79.916
77.449
77.028
76.097
73.883
72.119
72.634
73.570
76.509
77.674
78.885
79.267
76.420
79.186
79.394
75.269
75.733
73.702
73.581
70.556
75.411
78.273
83.058
86.006
89.458
91.350
93.263
92.383
88.511
86.365
88.025
88.404
90.965
93.599
95.372
94.306
95.676
96.689
96.525
96.343
96.926
96.904
95.785
95.951
96.548
95.708
93.668
94.357
94.982
92.999
93.507
91.379
88.378
92.330
94.134
90.913
89.677
93.201
94.320
91.517
91.100
93.802
93.225
88.695
87.656
90.503
92.215
94.138
95.871
94.934
95.594
96.191
96.643
97.156
97.529
97.483
97.099
96.898
97.325
96.817
96.314
95.434
95.298
96.422
96.054
95.306
96.299
96.254
96.931
96.459
95.781
95.789
96.266
94.851
94.955
95.274
93.516
95.614
95.023
93.136
93.235
94.902
92.652
90.552
91.281
91.255
85.611
85.697
86.829
83.946
79.730
78.649
80.654
83.405
80.576
82.353
84.678
82.443
83.548
83.168
81.630
79.845
73.970
70.220
71.112
75.310
78.043
77.451
71.328
69.165
67.194
65.798
73.517
72.471
68.843
75.420
80.258
77.811
79.371
79.998
79.596
79.039
79.208
79.275
79.226
78.519
77.881
77.356
79.089
76.303
74.074
73.756
73.000
68.493
56.901
49.717
43.798
41.511
41.998
40.135
37.594
37.209
42.057
42.021
45.633
44.623
47.304
41.689
44.193
44.506
46.562
48.958
46.991
47.550
54.532
62.015
77.263
83.299
84.953
87.232
88.324
89.378
90.145
89.456
87.875
84.192
