86.788
91.131
90.962
89.296
88.652
87.300
87.895
89.431
87.984
87.946
86.404
85.377
87.096
87.897
87.438
88.384
86.388
87.240
89.016
87.853
86.293
88.330
86.114
82.382
77.568
75.293
72.576
76.868
78.551
83.482
84.184
88.202
88.580
89.438
88.915
84.799
84.229
87.251
88.252
90.259
93.155
94.906
93.226
94.520
95.873
95.528
94.783
96.008
96.093
94.398
94.489
95.792
94.714
92.017
93.590
94.597
92.578
93.622
90.900
89.029
93.240
94.416
91.719
91.519
94.271
94.786
93.225
93.180
94.857
94.460
91.921
90.621
92.875
93.645
94.923
96.182
95.238
95.729
96.138
96.707
97.206
97.312
97.505
97.176
96.909
97.266
96.982
96.491
95.821
95.527
96.837
96.342
95.675
96.583
96.558
97.063
96.691
95.998
95.972
96.298
95.351
95.040
95.048
92.878
94.837
93.972
92.060
91.216
92.762
90.640
88.661
89.243
89.064
84.494
84.210
85.913
83.919
79.637
79.039
82.095
84.432
82.910
83.869
86.906
85.694
85.369
85.395
82.198
79.970
73.034
71.547
71.805
76.178
80.355
80.706
75.910
76.285
71.905
65.982
75.839
74.650
76.070
80.986
85.648
87.734
87.660
85.647
86.757
88.804
88.263
85.232
86.132
87.636
84.414
81.289
84.209
82.280
78.595
76.970
76.997
73.493
63.612
48.829
43.934
40.685
44.981
40.618
37.764
36.902
38.385
36.189
39.375
33.429
35.292
37.625
35.225
37.108
37.406
36.259
39.051
35.996
40.240
44.098
59.632
68.463
75.270
75.428
78.749
77.182
