83.026
84.850
84.585
85.676
82.156
81.466
84.879
86.307
86.172
89.556
88.116
88.450
90.298
90.758
89.390
90.264
89.777
89.437
86.383
84.280
83.995
87.041
87.061
90.720
92.081
92.838
94.312
95.155
94.551
91.412
89.847
90.998
91.310
92.307
94.373
96.233
95.514
96.309
97.099
97.089
97.103
97.355
97.324
96.549
96.982
97.198
96.541
95.378
95.774
96.071
94.768
95.024
93.039
90.170
93.574
95.125
92.559
91.322
94.181
95.254
93.233
92.579
94.778
94.547
90.899
89.274
91.815
93.476
94.817
96.571
95.472
96.035
96.575
96.782
97.410
97.773
97.603
97.231
97.158
97.570
97.022
96.513
95.936
95.600
96.850
96.396
95.708
96.525
96.595
97.170
96.693
96.116
96.387
96.633
95.503
95.955
96.272
95.584
96.698
96.061
95.295
95.513
96.256
95.155
94.055
94.495
94.658
92.968
92.979
93.088
92.177
91.277
90.567
89.714
91.306
87.808
88.714
90.537
88.929
91.716
91.806
91.915
90.418
87.232
87.575
87.557
88.324
90.492
89.892
88.081
86.518
83.288
82.477
84.649
82.880
82.081
84.347
86.751
87.992
88.673
88.919
89.926
90.568
90.450
88.917
90.357
90.819
88.878
88.168
90.226
88.785
85.014
86.393
86.565
82.528
68.495
60.328
59.830
55.039
54.308
54.498
59.291
61.491
78.416
86.071
86.621
85.742
84.173
86.357
84.228
84.467
85.483
86.017
83.135
76.547
75.014
70.260
85.678
91.774
92.509
93.055
93.470
93.562
93.634
93.218
91.733
89.037
82.902
77.742
