42.477
52.189
59.948
70.094
81.283
80.994
80.920
83.578
84.384
84.307
83.252
86.199
83.148
79.959
78.249
82.697
79.380
78.463
75.058
76.742
72.458
57.847
50.151
51.469
66.116
73.671
76.834
79.232
79.865
81.600
82.521
84.848
86.891
86.461
87.917
85.961
85.605
85.738
87.136
86.296
85.270
89.030
88.391
87.873
91.896
94.098
94.350
95.377
95.774
95.984
96.017
95.173
93.949
92.604
91.052
92.590
92.626
89.974
89.841
89.261
87.435
86.399
86.388
86.730
87.991
85.554
86.047
87.240
86.933
85.995
86.216
83.057
83.720
81.432
81.764
82.222
84.689
85.144
90.808
93.551
94.906
96.264
96.994
96.255
92.568
91.730
92.897
92.481
93.687
95.470
96.858
96.590
96.984
97.477
97.798
97.749
97.631
97.697
97.295
97.297
97.310
96.936
95.967
95.833
96.093
95.029
95.587
94.626
92.114
94.991
96.366
95.015
93.778
95.821
96.828
95.748
95.040
96.164
96.253
94.321
91.968
93.713
94.570
95.450
97.143
95.740
96.387
96.753
96.978
97.492
97.945
97.711
97.274
97.411
97.701
97.132
96.711
96.174
95.780
96.945
96.560
95.923
96.602
96.659
97.265
96.724
96.096
96.386
96.707
95.697
95.832
96.287
95.519
96.768
96.128
95.516
96.099
96.715
95.762
95.184
96.106
95.593
94.138
94.559
94.317
92.944
92.237
91.142
89.794
91.915
87.792
89.554
91.836
90.326
92.657
92.569
92.096
89.896
87.369
88.595
88.836
88.846
91.193
88.752
84.064
76.016
73.750
62.286
66.326
