88.652
90.558
88.711
86.844
90.879
92.717
91.714
91.214
93.499
93.700
93.986
94.320
93.528
94.719
94.250
92.841
94.317
94.439
93.448
94.847
94.245
93.947
93.770
95.097
94.486
93.663
92.874
94.182
92.194
92.696
92.983
92.326
91.788
89.878
89.147
92.551
88.682
89.765
88.926
88.200
92.639
92.104
91.155
90.154
86.880
86.231
87.543
88.274
91.558
90.528
90.007
87.872
84.961
86.045
87.752
86.755
84.798
88.125
90.846
91.475
91.204
90.940
92.112
91.969
89.736
89.254
90.858
90.103
87.665
87.060
89.373
86.575
83.835
84.572
84.095
80.935
64.788
55.593
51.212
69.563
72.023
76.612
77.026
79.261
82.079
80.461
78.066
83.566
82.243
84.045
85.510
86.119
84.171
83.959
84.647
84.049
84.757
84.778
87.459
91.457
93.174
94.160
94.565
95.553
95.499
94.989
94.392
93.450
91.623
91.661
92.539
92.625
90.969
91.037
89.267
88.296
89.107
89.687
89.861
90.813
88.715
89.687
91.739
90.915
89.662
90.924
89.162
88.941
85.298
87.467
87.932
88.647
89.266
91.768
93.297
93.916
95.008
95.765
95.431
92.222
88.866
91.437
92.049
92.438
93.673
95.288
95.371
95.776
96.000
96.555
96.884
96.210
96.153
96.334
96.150
94.970
95.209
94.616
94.682
93.375
93.212
93.360
92.965
90.878
92.121
94.329
93.200
91.957
93.598
95.118
94.503
93.499
94.536
95.206
93.344
90.575
92.486
93.475
93.908
95.228
93.832
93.558
93.764
93.849
94.568
95.339
93.825
92.896
87.457
