87.347
92.965
93.164
94.647
95.552
95.439
95.297
95.864
96.239
94.870
94.925
95.387
94.950
95.491
95.373
93.321
95.135
96.326
95.248
94.464
95.242
95.424
93.748
93.413
93.953
93.843
91.995
89.583
92.405
92.425
93.318
94.235
91.743
91.276
92.821
94.314
96.060
96.549
96.697
96.804
96.780
97.100
96.694
96.265
95.922
95.631
96.778
95.913
94.881
96.264
96.411
96.715
96.122
95.538
95.806
95.242
94.208
94.928
94.721
93.467
95.045
93.860
93.176
93.066
93.960
93.310
92.305
92.521
92.638
90.838
91.540
91.855
91.615
91.088
89.224
89.431
91.243
88.217
88.703
88.829
87.794
91.791
91.632
90.503
89.485
85.678
84.819
86.541
88.127
91.675
90.809
90.436
88.438
86.325
86.931
88.754
87.588
84.715
88.772
91.386
91.609
92.104
91.776
92.306
92.547
90.463
90.324
91.013
90.375
88.180
87.277
88.495
86.118
83.520
84.225
82.604
79.156
62.894
53.375
49.845
65.033
73.172
77.128
78.281
81.136
83.824
82.942
80.776
85.913
84.539
86.363
86.421
87.058
85.975
87.543
85.641
84.606
84.696
85.118
87.294
91.398
92.328
93.721
92.976
92.632
91.098
90.164
88.330
90.239
88.656
90.500
91.359
92.019
90.071
91.690
90.552
87.357
88.830
89.527
88.565
91.543
90.471
90.689
91.780
91.691
90.612
91.348
89.007
89.398
85.203
86.954
87.943
88.216
89.651
91.926
92.424
93.162
92.419
91.045
90.033
80.609
74.862
77.709
73.638
72.807
62.845
72.456
66.805
65.459
