85.865
86.803
85.739
85.261
83.968
84.793
87.183
85.384
85.651
84.529
83.629
85.472
86.125
86.104
86.604
84.356
85.691
87.680
85.688
84.588
87.013
84.670
80.820
76.590
74.018
71.328
75.471
77.231
81.920
83.528
87.209
87.952
89.088
86.987
83.052
81.347
84.045
84.758
88.436
92.310
93.971
92.316
93.955
95.402
95.089
94.139
95.829
95.819
94.242
93.990
95.563
94.476
91.574
93.400
94.127
92.157
92.891
90.439
88.437
92.485
93.712
90.770
90.076
93.413
93.891
91.682
91.853
93.858
93.135
90.042
88.786
91.658
92.439
94.160
95.450
94.455
95.240
95.789
96.421
96.794
97.046
97.274
96.903
96.539
96.951
96.752
96.186
95.361
95.115
96.411
96.075
95.331
96.250
96.217
96.870
96.407
95.653
95.656
95.997
94.737
94.535
94.749
92.511
94.607
93.895
91.737
90.583
92.170
89.837
87.462
87.965
87.683
82.917
82.079
83.554
81.462
77.001
76.099
79.518
80.355
79.384
79.915
82.361
82.094
81.848
82.202
79.686
77.941
71.081
67.998
69.582
74.526
78.236
78.066
73.227
72.709
68.212
63.579
73.521
72.425
73.606
79.207
84.560
86.579
86.392
84.340
85.437
87.573
87.195
83.714
84.580
86.299
82.780
79.706
82.457
81.028
77.363
76.039
75.986
71.915
64.120
51.589
46.647
40.988
43.894
39.306
35.753
35.007
36.272
36.928
39.357
34.191
34.324
34.997
33.126
35.036
35.327
33.537
34.140
33.542
35.576
35.208
47.421
53.905
57.501
61.425
64.058
54.860
67.572
