43.462
39.447
49.355
48.154
61.839
71.602
76.389
75.871
77.979
77.816
79.326
79.355
79.729
79.440
77.439
79.554
80.097
81.135
83.536
86.520
90.406
91.292
94.151
94.751
94.062
90.159
87.793
89.173
89.709
91.766
94.161
96.047
95.261
96.250
97.040
97.064
97.103
97.293
97.316
96.399
96.913
97.089
96.254
95.113
95.636
95.791
94.287
94.296
91.828
88.027
91.903
94.238
90.780
88.711
92.479
94.263
91.072
90.607
93.681
93.811
89.189
86.527
90.010
92.374
94.507
96.428
95.542
95.962
96.543
96.845
97.381
97.742
97.635
97.273
97.076
97.562
97.052
96.509
95.457
95.510
96.835
96.397
95.732
96.596
96.765
97.194
96.768
96.196
96.401
96.645
95.630
95.932
96.209
95.504
96.610
96.027
95.486
95.749
96.342
95.474
94.955
95.060
95.043
93.695
94.016
93.495
92.762
92.309
90.190
89.604
90.800
85.616
86.011
85.947
84.302
88.633
87.992
89.510
87.248
85.223
87.044
86.561
86.527
88.473
85.183
83.045
78.158
76.348
74.067
77.869
75.838
70.959
76.801
81.129
80.248
81.072
81.589
82.642
82.130
81.888
81.937
82.913
82.334
81.240
81.435
82.829
80.144
77.796
79.481
76.750
70.383
59.512
50.074
46.369
53.397
65.340
68.202
72.009
71.892
77.146
78.855
79.928
83.834
82.981
86.151
84.209
85.925
85.605
89.345
87.289
86.043
87.186
85.367
83.707
87.444
90.592
90.312
89.986
88.870
90.055
87.801
86.568
83.297
75.497
78.748
75.463
79.412
75.103
72.675
