82.282
80.636
82.197
78.448
79.481
82.852
82.264
84.770
83.841
82.651
78.779
77.676
75.251
79.961
81.028
79.828
81.580
84.444
83.403
83.721
86.924
85.825
83.645
85.430
85.089
85.447
82.589
84.865
82.503
82.629
84.165
81.771
79.003
79.068
79.375
75.778
64.033
67.073
76.302
78.062
82.409
79.502
80.073
81.007
81.293
79.993
82.191
80.311
78.736
80.244
79.403
77.955
75.600
76.764
73.568
71.871
71.351
78.084
86.281
87.922
89.928
91.241
92.734
94.784
95.639
94.923
91.310
89.338
86.469
88.450
90.621
86.619
85.188
87.102
86.079
82.305
80.839
83.280
81.810
82.870
85.390
86.429
84.553
84.515
87.181
84.645
83.063
81.449
84.275
83.435
83.841
84.317
87.403
89.771
92.087
93.585
95.519
95.058
94.582
90.547
91.049
93.134
94.825
96.395
97.847
97.392
97.915
98.364
98.404
98.182
98.428
98.576
98.008
97.996
98.210
98.001
96.289
96.764
97.349
95.768
96.676
94.949
92.502
95.384
97.130
94.924
93.694
96.284
97.432
95.612
95.430
97.260
97.221
95.205
92.634
95.402
96.154
97.405
98.241
97.878
97.779
98.065
98.115
98.451
98.686
98.642
98.449
98.349
98.614
98.349
98.063
97.861
97.894
98.344
98.166
97.987
98.166
98.193
98.517
98.312
97.623
97.995
98.324
97.502
97.231
97.294
95.875
97.753
96.752
94.963
94.813
96.773
94.309
91.883
93.315
93.880
89.531
88.231
89.085
87.987
85.285
84.498
83.592
85.892
83.306
82.598
81.312
55.618
43.426
