52.200
66.376
77.618
87.041
89.742
89.265
90.899
93.030
92.655
93.273
94.516
95.184
93.837
93.352
94.394
94.203
92.734
92.861
93.143
94.952
94.831
94.129
96.118
96.060
96.063
95.800
95.278
95.585
95.190
93.736
94.887
95.269
93.700
95.183
95.003
94.229
94.604
95.464
94.694
94.228
93.895
94.371
92.718
93.220
93.329
92.392
91.846
90.148
89.499
91.593
87.296
89.377
88.721
87.932
92.148
92.410
91.242
90.231
86.669
86.664
88.174
89.571
91.995
91.238
90.390
88.926
85.779
86.274
89.012
85.917
82.959
86.416
88.851
90.368
90.275
90.186
91.462
91.514
90.018
90.069
91.022
90.545
88.031
87.803
89.144
86.144
83.903
84.417
82.552
77.224
57.789
52.863
50.764
66.129
75.061
77.938
80.094
81.679
84.013
82.724
83.530
85.999
85.347
86.565
86.794
86.332
85.100
86.199
85.163
85.332
86.491
86.423
87.866
92.006
93.297
93.763
94.426
94.712
93.906
93.491
92.017
91.657
89.449
90.269
91.183
90.899
89.931
90.334
88.126
86.508
87.141
88.095
87.984
90.004
88.219
88.078
90.087
90.459
88.432
89.273
87.827
88.363
84.790
84.989
85.828
87.717
87.944
90.998
92.608
93.376
94.561
95.237
94.686
90.155
87.160
89.684
88.438
89.999
92.725
93.952
93.956
95.232
95.894
95.679
96.586
96.761
96.292
96.017
96.480
96.536
95.824
94.899
95.411
95.255
93.493
94.076
92.649
89.857
91.881
93.341
91.592
89.861
92.014
93.347
92.236
90.257
91.357
90.844
78.885
