76.142
88.721
90.589
90.686
90.837
92.401
91.977
90.290
92.323
92.128
91.717
93.638
92.933
92.451
92.450
94.141
93.085
92.069
91.906
92.897
90.611
90.989
91.216
90.570
89.701
88.259
87.279
90.112
86.115
87.635
88.340
86.441
90.789
90.514
89.465
88.583
84.546
84.652
86.782
87.694
90.442
89.674
88.735
86.708
84.056
84.043
87.449
83.699
81.121
86.189
88.580
89.736
89.326
89.240
90.248
90.171
88.472
88.619
89.707
89.244
86.289
86.298
88.136
84.804
81.787
83.551
82.201
77.168
60.801
52.409
50.061
64.467
72.410
75.408
77.031
78.597
81.503
81.533
80.165
83.803
83.598
84.749
85.006
85.093
82.595
83.061
82.717
82.088
83.511
83.393
86.129
90.577
92.088
92.833
93.762
94.834
94.753
94.905
94.162
93.177
91.534
91.175
91.870
91.886
90.058
89.878
87.798
86.982
87.532
87.764
88.038
89.215
86.797
87.380
89.488
89.279
87.644
88.925
86.592
87.448
83.926
85.320
85.653
87.307
87.393
90.242
91.853
92.959
94.045
95.257
94.892
91.158
88.567
91.548
91.407
91.799
93.883
95.486
95.174
95.485
96.238
96.825
96.894
96.238
96.489
96.303
95.999
95.061
95.390
94.402
94.049
93.128
92.891
93.923
93.199
91.082
93.369
95.203
93.678
92.566
94.626
95.721
94.677
94.081
95.288
95.522
93.362
90.884
92.975
93.962
94.831
96.197
94.822
94.808
94.981
94.728
96.092
96.678
95.352
95.103
95.800
96.038
94.380
94.176
93.856
92.832
92.675
84.799
70.073
