66.945
73.090
79.975
85.235
86.727
84.948
84.284
80.928
81.603
84.235
84.626
87.182
86.234
85.593
83.821
81.432
79.935
85.108
80.167
77.833
82.737
85.562
86.845
86.237
86.550
87.141
86.490
85.425
85.971
87.239
85.166
82.901
83.100
85.054
81.509
78.933
80.489
79.470
72.341
58.725
50.304
49.203
59.004
64.483
71.173
74.325
74.463
76.611
77.051
75.991
79.648
79.610
79.069
78.779
78.734
76.341
76.073
75.048
72.824
73.342
77.124
80.340
86.504
88.320
89.363
90.503
91.895
92.617
94.022
92.882
90.762
88.823
87.265
87.653
88.953
85.983
84.245
82.905
81.719
81.490
79.364
80.791
82.053
80.991
81.699
84.471
82.503
82.577
84.480
82.086
82.371
80.393
81.793
81.236
83.020
82.150
86.241
88.246
90.777
92.140
93.431
92.351
89.842
86.974
89.302
89.831
90.750
94.089
95.956
94.678
95.562
96.989
96.984
96.452
97.211
97.341
96.333
96.479
96.999
96.350
94.647
95.001
95.722
93.929
94.637
92.875
89.998
93.467
95.254
92.892
91.868
94.589
95.714
94.105
93.510
95.323
95.276
92.747
90.139
92.577
93.893
95.124
96.732
95.476
96.115
96.475
96.855
97.357
97.781
97.687
97.342
97.210
97.622
97.178
96.672
96.077
95.792
96.992
96.439
95.918
96.583
96.595
97.223
96.756
96.002
96.190
96.529
95.686
95.451
95.512
93.813
95.871
95.004
93.256
93.196
94.618
92.560
90.537
91.178
90.748
87.826
86.903
87.063
85.062
83.094
79.645
72.409
66.446
56.640
