61.011
85.114
84.596
84.342
87.625
87.060
86.330
86.343
89.351
86.301
82.698
82.432
85.664
81.427
80.443
78.147
77.049
71.523
54.843
50.060
50.157
68.975
79.186
81.357
85.477
85.766
85.641
87.474
89.938
90.508
90.911
91.987
89.948
90.552
92.092
92.243
90.170
89.311
91.924
91.355
90.900
93.698
95.174
95.183
95.989
96.163
96.270
96.157
95.403
94.440
93.233
91.773
93.669
93.288
90.859
90.832
90.419
88.715
88.191
88.256
88.781
89.712
87.434
87.908
89.359
89.472
88.188
88.313
85.559
86.298
84.089
83.770
84.668
87.264
86.619
91.824
94.321
95.370
96.527
97.159
96.421
92.694
92.227
93.372
92.936
94.087
95.539
96.897
96.649
97.020
97.457
97.824
97.762
97.622
97.693
97.339
97.285
97.280
96.940
96.032
95.882
96.077
95.132
95.604
94.730
92.337
95.033
96.430
95.151
93.937
95.871
96.862
95.860
95.104
96.206
96.250
94.428
92.132
93.722
94.577
95.402
97.114
95.713
96.382
96.743
96.959
97.466
97.939
97.709
97.207
97.351
97.672
97.074
96.652
96.068
95.668
96.897
96.554
95.900
96.588
96.672
97.238
96.679
96.072
96.393
96.677
95.603
95.839
96.246
95.567
96.779
96.145
95.634
96.273
96.750
95.937
95.487
96.336
95.850
94.778
95.125
94.930
93.652
93.358
92.914
91.301
93.288
89.285
91.080
93.193
91.477
93.745
93.917
93.803
92.272
90.847
92.171
92.442
91.953
93.210
91.470
88.582
84.319
79.973
78.994
79.191
66.560
53.287
36.507
