57.114
65.243
57.565
61.093
67.912
71.934
76.963
82.893
79.409
80.797
74.641
74.405
77.302
81.557
82.534
83.485
81.539
81.933
77.853
78.771
83.969
80.304
76.885
84.324
86.125
86.871
87.968
87.702
86.816
88.048
88.121
88.233
87.170
87.366
87.453
84.933
85.664
83.528
81.266
79.527
77.197
71.231
66.748
55.846
56.268
64.218
72.653
73.200
75.264
77.868
78.814
78.271
82.714
83.510
84.374
84.196
86.249
84.883
83.276
81.502
81.132
80.683
80.666
85.167
86.715
90.486
91.316
91.426
92.932
94.030
94.442
94.674
93.733
92.467
90.774
90.713
91.353
91.126
88.918
87.391
87.043
86.052
86.837
86.309
87.062
86.937
85.029
85.421
88.024
87.228
86.483
88.344
88.142
88.762
88.559
87.643
86.583
89.054
86.272
88.613
90.770
92.519
93.829
94.776
94.349
90.192
88.243
90.149
89.166
90.547
93.298
95.423
94.725
95.599
96.510
96.954
96.599
96.885
97.054
96.488
96.465
96.804
96.421
95.079
95.074
95.589
94.379
94.869
93.719
90.982
94.115
95.668
93.884
93.013
94.970
95.916
94.716
94.004
95.271
95.133
92.724
90.577
92.358
93.232
94.570
96.273
94.562
95.449
95.816
96.344
96.946
97.417
97.350
96.882
96.917
97.321
96.771
96.168
95.519
95.193
96.488
95.996
95.253
96.156
96.354
96.838
96.315
95.716
95.995
96.064
94.672
95.364
95.310
94.191
95.814
94.973
93.861
93.957
94.927
93.279
91.828
92.362
92.401
89.863
89.198
89.387
87.274
84.358
80.546
