39.423
44.946
45.385
64.624
56.379
73.118
76.891
82.825
88.204
90.056
88.832
89.698
86.234
84.598
86.016
86.801
88.035
88.457
86.312
85.968
81.390
80.193
85.378
82.221
81.332
84.593
88.186
89.555
90.373
89.653
90.773
91.359
89.962
88.715
90.685
90.837
88.158
87.069
90.130
87.524
84.190
85.827
85.932
81.791
65.086
56.052
52.253
65.194
72.962
75.724
76.113
76.007
80.347
81.333
81.024
81.797
81.020
81.061
81.256
80.524
79.336
79.208
80.682
81.123
82.966
85.487
86.984
91.174
91.829
92.643
92.399
93.747
93.797
94.721
93.347
91.904
89.951
89.994
91.008
91.910
90.013
90.707
89.493
88.267
88.757
89.343
89.242
90.271
87.851
88.472
90.900
90.933
88.707
90.209
88.560
89.032
85.722
85.363
85.678
88.149
86.972
90.650
91.732
93.114
93.574
94.260
92.748
87.459
85.226
88.044
87.653
90.223
93.329
95.572
94.453
94.953
96.337
96.883
96.170
96.619
97.011
96.394
96.074
96.512
96.259
94.692
94.432
95.280
93.968
94.791
93.864
91.515
94.456
95.992
94.459
93.561
95.492
96.350
95.084
94.490
95.642
95.501
93.229
90.976
92.730
93.524
95.004
96.601
95.085
95.899
96.184
96.564
97.143
97.598
97.449
97.037
97.086
97.390
96.871
96.328
95.692
95.334
96.479
96.064
95.347
96.238
96.133
96.816
96.156
95.434
95.422
95.699
93.789
93.826
93.005
90.532
93.716
91.826
90.471
90.695
92.195
89.861
87.875
88.734
87.899
85.142
83.581
80.324
74.238
