83.054
93.867
93.672
91.407
93.626
95.765
94.769
93.546
95.292
96.231
95.054
94.470
95.306
95.530
93.155
90.644
92.404
93.385
94.859
96.457
95.239
95.741
96.107
96.307
97.009
97.391
97.152
96.973
96.889
97.036
96.517
96.157
95.493
95.053
96.131
95.564
94.868
96.026
95.731
96.549
96.104
95.405
95.552
95.660
94.561
95.073
95.125
94.204
95.401
94.885
94.386
94.480
95.461
94.572
93.748
93.764
94.010
92.670
93.469
93.215
91.938
91.673
90.162
88.905
91.691
87.303
89.254
90.360
89.408
93.286
93.302
92.918
91.718
88.711
90.184
89.706
90.080
92.637
91.461
90.443
88.739
84.458
84.199
85.805
84.149
81.886
84.938
88.866
90.715
90.933
90.254
91.997
92.526
90.559
89.744
91.584
91.510
88.627
88.298
90.768
88.266
84.923
86.081
85.635
81.510
67.419
60.569
51.320
66.762
73.508
77.325
79.710
81.352
84.493
85.061
86.168
86.521
86.348
87.821
86.333
87.250
87.168
89.718
87.847
87.823
90.912
90.872
90.176
93.566
94.920
95.208
95.490
95.598
95.408
95.362
94.273
93.313
91.817
91.614
92.849
93.220
91.608
91.564
91.231
89.164
89.414
90.232
90.695
91.529
89.658
90.479
92.062
91.883
90.556
91.044
89.597
89.935
85.972
86.105
86.577
89.014
89.127
92.658
94.137
94.749
95.721
95.880
95.205
90.062
88.712
91.319
91.437
92.270
93.976
95.852
95.271
95.813
96.458
96.813
96.691
96.473
96.730
96.517
96.275
96.216
95.868
94.465
94.241
92.018
