71.971
84.890
85.055
84.997
83.990
87.214
86.743
86.867
87.025
87.344
86.443
84.310
82.736
87.097
82.053
85.202
85.204
84.912
89.865
90.117
88.738
88.402
84.511
83.980
86.028
86.919
89.849
89.147
87.859
86.484
83.397
83.470
86.957
83.116
80.260
84.940
87.586
89.195
88.801
88.916
89.843
89.745
88.159
88.334
89.572
89.098
86.323
85.967
87.937
84.762
82.226
83.391
82.817
77.989
60.322
52.683
51.434
65.133
72.105
76.123
77.121
77.916
81.658
81.130
79.813
83.423
82.726
83.090
83.273
83.648
81.824
81.882
82.272
81.272
82.728
83.135
85.892
90.282
91.101
92.275
92.752
94.004
94.138
94.653
93.931
92.834
91.293
90.699
91.229
91.680
89.797
89.321
87.179
86.252
87.104
87.401
87.500
88.987
86.438
86.688
89.030
88.831
87.143
88.557
86.467
87.264
84.316
84.936
85.360
87.195
86.529
89.606
90.640
91.975
92.501
93.469
93.434
88.290
86.363
90.710
90.472
90.978
93.060
95.337
94.269
93.888
95.358
96.237
95.516
95.219
96.206
95.479
94.937
95.474
95.542
93.546
93.513
94.782
93.479
94.710
93.149
90.775
93.900
95.575
93.655
92.707
94.959
95.980
94.740
94.217
95.515
95.577
93.489
91.175
93.196
94.015
95.237
96.667
95.270
95.684
95.750
96.437
97.220
97.494
97.316
97.209
97.183
97.426
97.071
96.587
96.166
95.733
96.869
96.426
95.430
96.297
96.197
96.539
96.029
94.916
94.930
94.869
93.532
91.569
85.740
80.909
84.976
78.625
69.075
