85.750
90.797
91.482
92.057
91.272
93.526
93.037
92.018
90.964
93.323
91.632
91.658
91.661
91.818
90.909
88.572
87.112
92.103
87.754
88.767
87.979
88.408
92.142
91.493
90.329
89.479
86.144
85.248
87.172
87.746
90.803
89.893
89.416
87.220
84.855
85.864
87.472
86.290
82.834
88.190
90.948
90.657
90.509
90.832
91.017
90.831
88.714
88.445
90.049
89.269
86.892
86.520
88.499
85.775
83.131
84.368
84.091
80.919
66.684
56.509
52.352
69.881
72.281
76.725
77.642
79.010
81.618
80.644
76.629
83.092
82.217
83.172
85.363
86.190
84.052
83.394
84.103
83.378
84.149
84.373
87.043
91.062
92.466
93.828
94.229
95.576
96.056
96.191
95.581
94.276
92.618
92.034
93.161
93.523
90.990
90.851
89.316
88.552
88.588
88.332
88.746
89.875
87.640
88.688
90.665
89.906
88.747
90.350
87.791
87.865
84.834
87.979
88.335
88.976
89.027
91.544
92.810
93.684
94.511
95.569
95.367
92.995
90.482
92.682
93.587
94.050
94.793
96.838
96.263
95.862
96.712
97.546
97.041
96.392
97.322
96.881
96.034
96.176
96.558
94.695
94.745
95.374
94.744
95.987
94.665
92.720
95.325
96.935
95.284
94.250
96.138
97.239
96.225
95.516
96.810
96.990
95.356
92.708
94.957
95.788
96.753
97.824
97.233
96.933
97.051
97.434
98.099
98.332
98.120
98.052
98.044
98.177
97.923
97.487
97.410
97.179
97.857
97.571
96.790
97.287
96.915
97.193
96.802
95.301
95.602
95.629
93.266
89.176
82.850
