78.442
89.705
90.785
91.591
93.090
93.337
94.033
94.298
93.352
94.203
94.232
93.020
93.933
94.322
92.945
94.565
94.079
93.598
93.427
94.846
94.026
93.100
92.709
93.598
91.656
91.883
92.054
91.397
90.695
89.311
88.304
91.141
87.083
88.762
89.316
87.400
91.527
90.998
89.770
89.034
84.849
85.272
87.244
88.245
90.909
90.063
89.308
87.021
84.422
84.676
87.645
84.644
82.133
86.246
88.958
89.903
89.737
89.456
90.465
90.538
88.731
88.800
89.839
89.403
86.520
86.592
88.215
85.032
82.283
83.713
81.904
76.665
60.693
53.386
50.480
66.316
73.558
76.772
79.236
80.343
82.726
82.425
81.573
84.846
84.663
86.054
86.019
86.310
83.955
84.811
83.988
83.491
84.949
84.727
87.043
91.054
92.699
93.323
94.253
95.235
95.148
95.114
94.372
93.491
91.844
91.487
92.297
92.168
90.550
90.316
88.428
87.397
87.945
88.297
88.556
89.603
87.373
88.024
89.788
89.682
88.108
89.225
86.946
87.716
84.088
85.769
86.088
87.577
88.039
90.645
92.355
93.451
94.581
95.756
95.369
91.926
89.254
92.178
92.106
92.548
94.373
95.868
95.552
96.011
96.763
97.066
97.220
96.787
96.901
96.607
96.574
95.870
95.777
94.705
94.620
93.668
92.948
93.803
93.058
90.724
92.730
95.050
93.629
92.453
94.384
95.648
94.804
94.019
95.200
95.667
93.559
91.031
92.942
94.018
94.690
96.272
95.132
95.436
95.747
95.710
96.322
97.011
96.365
95.679
95.654
96.036
94.935
92.948
85.632
