42.040
42.180
43.726
51.454
48.208
64.314
55.596
68.457
72.578
79.860
85.203
87.517
85.942
86.838
83.519
81.332
83.966
84.092
85.964
86.410
84.300
84.076
80.744
79.711
84.825
80.608
78.783
83.488
86.930
88.720
89.152
88.686
89.493
89.685
88.667
87.910
89.079
89.306
86.626
85.445
88.216
85.343
81.825
82.910
83.677
78.685
61.654
52.475
50.133
64.107
69.694
73.947
72.253
72.128
76.800
77.836
73.451
77.730
77.431
76.781
77.090
76.652
76.194
75.394
77.126
76.672
78.760
82.054
85.079
88.970
89.020
90.489
89.482
91.898
92.155
93.750
92.473
90.648
89.135
88.597
89.453
90.983
88.794
89.095
87.797
86.963
86.885
87.318
87.635
88.873
86.540
87.322
89.595
88.984
87.509
88.980
87.114
87.810
84.819
85.398
85.514
87.046
85.971
89.215
89.529
91.298
90.557
91.648
89.456
83.661
80.943
85.775
86.680
87.977
91.746
94.612
92.954
93.011
95.152
95.925
94.656
95.525
96.304
95.440
94.878
95.794
95.663
93.507
93.458
94.604
93.150
94.340
93.084
90.795
93.881
95.599
93.785
92.974
95.076
95.869
94.531
94.114
95.318
95.191
92.804
90.518
92.623
93.523
94.866
96.303
94.757
95.383
95.772
96.300
96.978
97.334
97.186
96.970
96.953
97.211
96.753
96.245
95.758
95.246
96.449
95.744
94.911
95.699
95.678
96.527
95.851
94.758
94.773
94.801
93.105
92.472
89.500
86.594
90.868
87.805
86.215
85.156
87.809
84.355
82.182
83.097
81.693
76.814
71.157
