40.616
58.382
77.812
89.137
91.473
90.088
90.638
92.279
92.184
91.832
92.906
93.366
93.790
92.814
90.689
93.489
93.732
92.949
92.420
93.123
94.020
92.604
90.527
93.570
94.297
92.983
94.330
93.748
93.851
94.169
94.790
94.467
93.967
93.758
94.301
92.464
93.064
93.042
92.297
91.608
90.247
89.342
91.726
87.717
89.319
89.392
87.881
92.048
91.806
90.651
89.744
85.734
86.099
87.798
88.907
91.635
90.760
90.036
88.111
85.421
85.793
88.545
85.552
83.250
86.876
89.398
90.428
90.506
90.184
91.292
91.493
89.706
89.746
90.734
90.251
87.319
87.229
88.703
85.554
82.804
84.000
81.951
76.681
59.345
52.681
50.348
66.567
74.656
77.307
79.806
81.186
83.718
82.986
82.829
85.742
85.556
86.879
87.090
87.093
84.670
86.233
84.976
84.640
85.660
85.622
87.579
91.616
93.091
93.530
94.371
94.944
94.101
93.441
92.321
92.214
90.445
90.924
91.808
91.370
90.077
90.214
88.410
87.158
87.965
88.915
88.880
90.173
88.113
88.374
90.295
90.392
88.557
89.599
87.886
88.408
84.577
85.765
86.241
87.871
88.190
90.950
92.666
93.442
94.601
95.306
94.899
90.815
88.029
89.991
88.520
89.098
90.365
91.881
92.896
93.298
93.783
94.549
95.987
95.307
95.062
95.744
96.057
95.416
95.474
94.912
95.102
94.709
93.383
94.089
92.877
90.360
92.350
93.689
92.189
90.517
91.911
92.831
92.452
90.861
90.791
91.630
89.493
86.428
85.053
82.917
82.692
84.867
79.055
67.203
