57.301
69.569
73.481
71.480
67.341
70.742
66.888
77.782
69.988
76.493
79.799
80.930
85.677
87.300
85.893
86.059
81.724
81.654
83.967
85.065
86.680
86.799
85.639
84.140
81.628
81.334
85.757
82.560
79.749
84.429
87.144
87.655
87.134
87.661
87.994
87.592
86.855
86.973
87.956
86.788
84.653
84.811
86.501
83.296
80.612
82.373
80.921
74.758
62.999
53.835
52.340
64.823
72.944
75.865
78.881
78.753
80.335
80.481
80.306
82.451
82.870
81.527
82.669
81.986
80.288
78.732
79.238
78.504
80.283
82.382
84.519
88.641
89.298
90.213
90.454
92.355
92.744
94.015
93.070
91.483
90.059
89.116
89.925
90.759
88.451
87.168
85.877
85.089
85.659
84.255
85.068
85.876
84.636
84.804
87.058
86.289
85.706
86.993
84.686
85.800
82.992
84.507
84.740
86.365
85.979
88.780
89.522
91.008
91.364
92.437
91.100
86.553
83.694
87.588
88.248
88.872
92.313
94.831
93.619
93.863
95.686
96.155
95.455
96.031
96.600
95.740
95.566
96.375
95.961
94.194
94.433
95.295
93.628
94.448
93.007
90.344
93.620
95.304
93.280
92.442
94.801
95.732
94.412
93.926
95.349
95.250
92.965
90.712
92.828
93.715
94.977
96.440
95.004
95.578
95.940
96.507
97.093
97.459
97.418
97.126
97.010
97.418
96.949
96.451
95.837
95.438
96.645
96.086
95.360
95.996
96.244
96.888
96.420
95.579
95.683
95.725
94.686
94.761
93.893
91.429
94.229
91.958
90.005
89.728
91.208
87.331
84.707
84.189
74.498
