64.392
72.913
77.852
81.205
88.753
92.041
93.274
92.436
92.671
93.865
93.840
93.519
94.164
93.958
95.090
94.194
92.868
94.971
94.975
94.731
94.076
94.188
94.790
93.618
92.205
94.168
94.785
93.505
94.680
94.398
93.991
94.170
95.046
94.471
94.012
93.675
94.246
92.540
93.177
93.249
92.385
91.853
90.315
89.487
91.746
87.591
89.253
88.499
87.555
92.251
92.305
91.202
90.106
86.591
86.684
87.826
89.063
91.895
91.005
90.304
88.918
85.619
86.120
88.753
85.890
83.483
86.801
89.314
90.571
90.497
90.296
91.684
91.714
89.843
89.980
91.060
90.402
87.703
87.491
89.188
86.156
83.642
84.385
83.111
78.056
58.273
52.246
50.041
65.767
72.768
76.569
77.932
79.605
82.927
81.593
80.968
85.001
84.351
86.045
86.507
86.325
84.506
85.885
85.330
85.337
86.530
86.445
87.865
91.852
93.261
93.742
94.396
94.760
93.658
92.975
91.356
91.479
89.756
90.451
91.233
91.125
89.857
90.214
88.383
87.118
87.800
88.808
88.922
90.266
88.306
88.598
90.524
90.558
88.826
89.799
88.263
88.640
84.902
85.570
86.261
88.047
88.461
91.200
92.832
93.452
94.650
95.066
94.540
89.711
86.582
88.666
86.441
87.243
89.178
90.542
91.868
93.335
93.422
94.136
95.900
95.652
95.462
95.770
96.120
95.806
95.660
94.922
95.221
94.909
93.530
94.190
92.933
90.546
92.458
93.957
92.224
90.624
92.153
92.974
92.248
90.608
90.689
90.854
88.603
84.846
81.628
77.857
76.545
81.074
