70.207
77.527
87.276
91.798
93.853
95.622
96.155
95.042
91.172
89.578
90.965
92.042
92.422
94.425
96.067
95.635
96.209
97.123
97.485
97.313
97.377
97.682
97.355
97.195
97.257
97.188
95.835
95.824
95.964
95.233
95.953
95.359
93.497
95.376
97.007
95.908
95.184
96.133
96.892
95.399
94.669
95.904
95.990
93.390
90.840
93.346
94.400
95.389
96.922
95.820
95.845
96.475
96.798
97.550
97.901
97.697
97.488
97.550
97.776
97.101
96.752
96.468
95.846
97.044
96.271
95.487
96.508
96.756
97.275
96.715
96.094
96.567
96.672
95.414
95.960
96.189
95.534
96.737
95.772
95.314
95.598
96.200
95.183
94.530
95.093
94.770
93.204
93.940
93.535
92.331
92.210
91.009
90.134
91.994
87.662
88.918
89.961
88.481
92.520
92.205
91.441
89.665
86.671
87.206
88.077
89.029
91.836
90.631
90.315
87.993
85.519
86.123
87.452
85.837
83.205
87.390
90.014
90.597
90.970
90.696
91.458
91.224
89.244
89.610
89.777
88.969
87.232
87.056
88.025
85.472
83.671
83.874
81.091
76.739
63.771
53.738
49.478
66.125
74.072
78.235
78.634
80.873
84.388
83.654
82.476
86.412
84.689
87.131
86.678
88.047
87.433
89.809
87.534
86.409
85.993
86.453
85.215
88.740
91.068
92.911
93.305
93.456
94.118
92.460
91.767
92.418
88.382
90.965
92.004
92.774
90.293
91.025
90.199
86.657
87.799
88.323
87.216
90.621
88.595
88.176
88.178
87.901
86.312
85.598
83.120
81.358
66.109
64.339
50.580
