56.864
65.710
78.347
85.537
87.549
86.971
86.174
87.233
84.193
84.108
85.841
86.286
83.507
83.229
86.919
88.298
88.754
92.842
94.546
94.940
95.597
95.962
96.022
95.935
94.948
93.932
92.572
91.433
93.361
93.345
91.671
91.780
91.212
89.546
89.886
90.661
90.467
91.729
90.045
90.522
92.047
92.451
91.006
91.563
91.053
89.512
85.781
83.503
83.150
86.770
87.187
91.958
93.573
95.159
96.222
96.878
95.955
92.588
91.637
92.888
92.540
93.721
95.258
96.710
96.423
96.829
97.261
97.641
97.557
97.475
97.529
97.185
97.060
97.114
96.825
95.862
95.669
95.868
95.066
95.518
94.803
92.534
95.067
96.367
95.288
94.143
95.869
96.762
95.778
95.007
96.025
96.046
93.913
91.944
93.454
94.307
95.087
96.825
95.364
96.099
96.500
96.733
97.179
97.735
97.525
96.949
97.139
97.437
96.801
96.371
95.741
95.373
96.556
96.258
95.574
96.416
96.557
97.046
96.493
95.965
96.233
96.468
95.364
95.679
96.039
95.311
96.614
95.992
95.448
96.036
96.567
95.641
94.905
95.911
95.466
93.844
93.884
94.148
92.723
91.308
90.647
89.660
91.863
88.501
90.013
91.715
89.784
93.210
93.445
92.668
91.066
87.913
88.477
88.044
89.559
91.254
90.973
88.016
84.867
80.142
77.919
79.717
78.055
76.201
81.126
85.324
87.934
88.104
87.517
89.550
90.842
90.384
89.247
91.234
91.920
90.147
89.930
91.699
89.645
87.737
87.674
86.572
82.926
77.535
59.976
47.044
44.521
44.652
41.079
