44.790
52.108
58.495
66.671
70.280
71.934
74.671
75.572
75.391
77.296
79.129
79.963
82.217
84.197
88.940
90.453
94.299
95.707
95.239
92.698
90.504
91.340
92.286
92.807
94.490
96.475
96.015
96.543
97.344
97.620
97.469
97.542
97.763
96.793
97.217
97.221
96.221
94.452
95.653
95.530
92.952
93.459
90.939
86.966
90.937
94.433
91.778
90.151
93.504
95.507
93.546
92.826
95.540
95.810
92.858
89.928
93.189
94.586
95.814
97.159
96.068
96.040
96.773
96.962
97.673
98.071
97.906
97.659
97.364
97.796
97.304
96.629
95.614
95.896
97.027
96.596
95.897
96.754
97.006
97.640
96.977
96.315
96.798
97.051
95.680
96.193
96.354
95.607
96.920
95.938
95.559
95.658
96.499
95.556
94.832
95.236
95.252
93.663
93.945
93.588
92.568
91.971
89.817
89.051
91.096
86.515
87.427
87.999
85.217
88.588
87.271
88.846
87.220
86.314
86.986
87.329
87.554
88.191
85.091
82.510
77.527
75.615
76.177
78.434
78.821
74.313
79.478
82.043
79.492
79.348
81.945
81.950
79.953
81.276
82.151
82.317
81.252
82.429
81.946
83.097
81.872
80.497
80.455
77.369
73.934
64.469
57.040
51.181
65.659
69.351
74.522
72.657
74.388
79.568
80.633
79.551
83.306
82.175
83.920
83.863
86.117
85.827
87.676
87.089
84.417
86.471
85.058
84.974
86.094
89.410
88.751
91.884
92.299
93.957
93.943
93.435
89.504
86.007
82.695
84.411
86.265
80.099
78.181
79.631
74.175
67.875
60.189
55.755
40.310
