39.214
37.440
44.877
39.394
45.369
41.829
40.175
41.307
43.817
48.956
45.898
48.367
57.934
56.475
60.504
57.360
62.052
56.366
57.312
62.855
60.824
57.733
52.980
58.290
57.343
55.784
53.620
55.008
49.619
45.716
45.608
48.304
47.143
53.137
52.752
51.926
54.496
50.134
52.064
56.768
60.618
59.992
61.560
58.288
61.671
59.614
59.766
58.374
59.651
63.251
66.268
71.767
78.548
81.724
83.945
86.708
89.082
91.044
92.408
91.095
86.694
82.699
80.013
80.237
85.279
80.335
79.198
80.290
78.426
75.971
73.060
72.873
74.454
77.606
77.951
76.739
74.860
75.511
76.886
74.179
74.858
76.510
76.942
74.228
75.178
76.067
80.544
83.967
88.133
89.256
91.994
89.845
85.872
80.535
85.336
87.214
89.569
93.170
95.114
93.635
94.776
96.258
96.621
95.644
96.447
96.796
95.704
94.660
95.644
95.155
92.049
92.625
93.639
91.181
92.946
91.209
88.335
92.296
94.478
91.566
90.420
93.695
95.118
92.582
91.850
94.240
93.808
89.531
86.876
90.188
91.227
93.762
95.580
93.997
95.264
95.772
96.241
96.849
97.404
97.231
96.723
96.673
96.947
96.323
95.830
94.853
94.542
95.730
95.114
94.610
95.417
95.282
96.497
95.791
94.695
94.466
95.377
93.453
92.810
92.247
89.180
93.412
91.844
89.558
88.786
92.048
88.450
85.327
86.435
86.090
79.877
79.189
79.500
77.180
72.951
70.905
68.973
68.518
65.212
69.149
69.021
64.300
72.468
72.229
68.584
69.147
59.195
52.437
53.622
