37.803
43.518
46.420
53.704
61.411
77.770
86.424
88.100
90.287
89.933
91.190
92.585
94.093
93.462
93.218
93.632
91.277
92.184
93.459
93.874
91.689
91.080
93.448
93.856
94.369
96.205
96.616
96.449
96.758
96.837
96.793
96.601
95.811
95.188
94.283
93.626
95.270
94.808
93.638
93.945
93.581
91.662
91.917
92.986
93.055
94.030
92.762
92.917
93.698
94.589
93.425
92.735
91.660
92.038
88.305
88.171
88.075
91.803
90.576
94.572
95.788
96.351
97.119
97.584
96.889
94.409
93.564
94.337
94.102
94.824
96.007
97.262
97.119
97.325
97.722
98.059
97.999
97.863
97.919
97.669
97.552
97.527
97.291
96.564
96.264
96.420
95.818
96.231
95.734
93.771
95.860
97.016
96.168
95.062
96.469
97.278
96.410
95.682
96.619
96.621
94.926
93.035
94.405
95.153
95.790
97.400
96.090
96.687
97.095
97.224
97.651
98.095
97.858
97.399
97.571
97.867
97.251
96.859
96.434
95.981
97.169
96.788
96.256
96.910
97.000
97.428
96.889
96.320
96.623
96.951
95.934
96.155
96.486
95.992
97.092
96.507
96.004
96.728
97.093
96.356
96.056
96.897
96.422
95.419
95.766
95.671
94.399
94.143
93.879
92.300
94.230
90.694
92.616
94.374
92.983
95.395
95.888
95.849
95.462
94.215
94.423
94.853
94.811
95.343
94.614
93.328
91.142
87.839
88.343
88.076
84.421
82.233
84.613
87.735
90.013
90.187
89.727
92.174
92.794
91.690
91.669
93.328
93.533
91.810
92.526
93.534
91.595
90.070
89.946
