41.097
50.020
56.340
65.304
79.614
87.458
88.722
90.705
90.266
91.627
92.865
94.345
93.581
93.441
93.791
91.410
92.187
93.547
93.886
91.552
90.997
93.346
93.662
94.379
96.106
96.503
96.348
96.705
96.794
96.756
96.573
95.800
95.187
94.267
93.577
95.221
94.752
93.575
93.901
93.437
91.522
91.857
92.942
93.016
93.967
92.521
92.680
93.682
94.531
93.270
92.792
92.163
92.194
87.687
87.855
88.094
91.414
90.485
94.399
95.527
96.207
97.051
97.521
96.837
94.443
93.592
94.348
94.122
94.845
95.992
97.237
97.105
97.300
97.699
98.035
97.970
97.820
97.878
97.605
97.497
97.470
97.218
96.487
96.190
96.357
95.747
96.153
95.626
93.602
95.769
96.954
96.089
94.966
96.400
97.234
96.368
95.648
96.581
96.589
94.886
92.974
94.375
95.159
95.764
97.378
96.069
96.683
97.055
97.204
97.635
98.067
97.832
97.375
97.533
97.825
97.205
96.819
96.321
95.936
97.101
96.740
96.206
96.873
96.968
97.383
96.850
96.288
96.574
96.907
95.850
96.114
96.435
95.912
97.045
96.475
95.968
96.668
97.061
96.331
96.035
96.869
96.410
95.415
95.728
95.661
94.424
94.125
93.913
92.347
94.283
90.730
92.677
94.450
92.980
95.369
95.830
95.848
95.499
94.350
94.531
94.999
94.954
95.375
94.709
93.444
91.262
87.992
88.772
88.701
85.144
83.076
85.317
88.361
90.228
90.633
90.420
92.535
93.138
92.267
92.214
93.629
93.824
92.277
93.005
94.007
92.355
90.847
91.966
89.248
