47.289
79.395
91.009
92.466
90.377
89.999
92.293
91.941
88.570
86.861
89.337
90.719
92.472
93.938
93.137
93.965
95.013
95.476
95.786
95.886
96.295
95.721
95.229
95.376
95.391
94.188
93.383
93.777
95.088
95.206
94.133
95.735
95.662
96.216
95.994
95.414
95.583
95.689
94.767
95.218
95.462
94.783
95.634
95.025
94.736
94.601
95.211
94.572
93.858
93.711
93.539
93.025
93.805
93.444
92.285
92.176
91.490
90.155
91.905
88.416
88.998
90.629
89.664
93.071
93.383
93.776
92.563
90.255
91.081
91.063
91.419
92.935
91.864
90.456
88.184
84.773
85.563
85.987
85.049
82.027
84.709
88.314
89.843
90.393
90.081
91.583
92.030
90.867
90.003
91.485
91.835
89.719
89.638
91.261
89.374
86.854
88.083
86.323
82.721
71.995
66.238
55.093
73.709
78.040
81.617
81.826
83.808
86.771
89.492
90.157
89.049
88.805
89.993
87.491
88.488
89.281
90.222
88.474
88.012
91.025
91.040
91.168
93.472
94.641
93.899
94.138
93.358
92.528
92.176
91.167
90.245
89.269
89.156
90.314
90.094
89.273
90.061
88.521
86.353
87.733
89.694
89.980
91.209
89.534
90.219
91.881
91.886
90.739
91.310
90.141
89.910
85.998
85.830
86.352
88.257
88.910
91.976
93.145
93.583
94.266
93.683
92.909
89.074
82.797
79.025
81.801
88.118
91.686
93.961
93.086
94.331
95.069
94.792
95.009
95.678
95.527
94.950
95.560
95.383
95.037
94.027
94.496
94.171
92.772
92.585
91.048
87.598
89.597
89.220
