90.358
90.782
90.462
90.250
90.016
91.192
91.105
88.958
92.470
94.414
93.417
92.226
94.416
95.249
94.316
93.653
94.646
94.943
92.257
89.959
92.052
92.916
94.149
95.746
94.351
94.484
94.880
95.218
96.078
96.373
96.024
95.972
95.833
95.719
95.373
94.760
93.844
93.567
94.435
93.790
92.437
94.158
93.563
94.577
94.401
93.443
93.324
93.346
91.502
92.790
93.034
91.368
93.000
92.845
92.749
92.532
94.085
93.486
92.581
92.957
93.414
92.573
93.111
93.018
91.971
91.787
91.129
89.637
91.734
87.746
89.131
91.567
90.334
93.495
93.222
93.583
92.311
89.905
90.841
90.799
91.089
92.764
91.666
90.369
88.154
84.838
85.365
85.828
84.751
81.297
84.415
87.922
89.486
89.900
89.659
91.197
91.713
90.373
89.700
91.135
91.576
89.420
89.574
91.248
89.317
86.695
88.089
86.465
82.959
72.310
67.030
55.797
72.541
78.163
81.615
82.799
84.474
86.973
89.437
90.171
89.115
88.878
89.874
87.539
88.298
89.119
90.024
88.344
87.223
90.304
90.258
90.646
93.242
94.452
94.436
95.024
94.972
94.849
94.623
93.698
92.691
91.444
90.542
92.362
92.389
90.591
91.024
90.079
88.205
88.883
89.932
90.407
91.175
89.075
90.274
91.700
91.564
90.247
90.919
89.637
89.451
85.997
85.614
85.942
87.950
88.277
91.571
92.990
93.714
94.817
94.877
94.478
90.392
89.751
91.340
91.429
91.160
92.817
94.851
94.269
94.597
94.983
95.739
95.456
95.073
95.185
95.177
94.586
91.255
