54.791
70.369
70.865
73.750
75.875
76.464
78.092
79.317
78.539
76.296
79.281
81.136
81.247
82.879
79.978
81.750
84.466
82.602
81.164
84.411
82.328
77.833
74.012
70.440
66.311
70.941
71.366
75.305
75.001
77.562
78.228
78.270
76.907
72.877
67.597
60.507
65.985
77.424
83.915
85.369
83.331
86.262
89.631
87.524
86.741
90.896
91.115
88.027
88.703
92.394
90.085
86.035
89.891
91.701
88.011
89.388
84.994
82.515
88.809
89.454
83.898
83.157
88.406
87.814
83.052
84.294
87.450
84.141
79.535
80.577
85.701
85.695
90.250
90.372
89.477
90.994
92.920
95.321
94.915
94.316
96.385
96.354
94.839
95.752
96.478
95.919
94.459
94.944
96.055
95.990
95.262
96.159
96.114
96.418
96.320
95.555
95.159
95.071
94.416
93.718
93.486
89.751
91.742
91.281
87.925
85.481
86.844
85.021
81.746
81.674
81.653
79.036
77.226
78.403
77.677
73.938
72.825
76.390
76.811
75.618
74.188
76.024
75.897
77.464
78.374
76.871
75.416
68.391
66.382
68.294
73.404
76.578
76.922
72.038
71.430
66.780
63.066
72.426
71.380
69.658
75.678
82.901
84.721
84.701
82.781
83.138
84.948
85.671
82.867
82.431
84.245
83.020
79.430
81.272
80.299
77.915
75.421
74.563
72.096
63.241
49.096
44.945
40.420
42.136
39.669
35.411
34.099
34.533
34.546
33.701
31.328
33.092
33.243
33.864
34.772
36.766
35.057
35.205
33.689
35.020
37.717
46.165
52.020
53.573
55.554
58.436
53.136
37.161
45.944
