39.719
50.723
56.902
71.269
83.436
87.433
89.465
89.277
89.943
91.660
93.668
93.126
93.140
93.579
91.208
92.086
93.478
93.710
91.431
90.735
93.110
93.482
94.508
96.055
96.421
96.234
96.571
96.677
96.653
96.450
95.679
95.034
94.056
93.223
94.978
94.546
93.277
93.559
93.130
91.208
91.596
92.582
92.722
93.676
92.342
92.604
93.488
94.288
93.313
92.938
92.261
92.824
89.120
88.345
89.105
92.480
91.457
94.506
95.373
96.116
96.933
97.397
96.689
94.139
93.251
94.158
93.828
94.646
95.869
97.133
96.969
97.194
97.582
97.939
97.871
97.723
97.787
97.514
97.396
97.370
97.139
96.400
96.106
96.253
95.675
96.029
95.486
93.435
95.652
96.831
95.915
94.789
96.285
97.128
96.228
95.487
96.461
96.474
94.658
92.775
94.152
94.997
95.605
97.254
95.905
96.523
96.935
97.094
97.518
97.987
97.743
97.259
97.436
97.730
97.098
96.694
96.180
95.787
96.961
96.637
96.072
96.751
96.857
97.295
96.750
96.209
96.486
96.790
95.747
95.982
96.345
95.796
96.936
96.358
95.906
96.588
96.967
96.229
95.922
96.719
96.281
95.273
95.577
95.496
94.274
93.924
93.728
92.219
94.081
90.610
92.432
94.144
92.487
95.116
95.619
95.722
95.475
94.256
94.453
94.732
94.738
95.087
94.223
92.675
90.295
86.474
87.264
87.092
83.229
80.531
83.516
86.872
89.557
89.819
89.422
91.344
92.443
91.322
90.907
92.718
93.181
91.234
92.250
93.832
92.231
90.562
92.319
91.413
83.947
