31.490
36.486
50.028
57.767
64.240
65.563
67.646
69.307
74.417
78.123
83.110
87.926
90.234
93.899
95.200
95.113
91.892
90.344
91.564
91.741
92.891
94.760
96.590
95.934
96.456
97.268
97.464
97.243
97.324
97.363
96.183
96.483
96.734
95.386
93.511
94.600
94.435
91.410
91.922
89.802
84.815
89.175
93.416
90.948
88.965
92.650
95.023
92.997
92.383
95.056
95.646
92.551
89.642
92.580
94.338
95.402
97.081
95.908
96.306
96.867
97.036
97.607
97.956
97.804
97.453
97.017
97.336
97.108
96.079
94.210
95.068
96.427
96.430
95.804
96.802
96.876
97.411
96.935
96.283
96.448
96.830
95.710
95.987
96.182
95.107
96.523
95.925
95.313
95.186
96.363
95.466
94.567
94.803
95.074
93.695
93.926
93.693
92.867
92.600
90.545
89.464
91.549
86.514
87.243
88.427
85.738
89.527
87.811
88.974
86.503
85.108
86.531
87.735
87.346
89.085
85.525
84.092
78.988
77.624
77.629
79.585
78.540
73.328
78.752
80.444
77.268
77.219
80.074
81.213
78.578
78.682
81.459
82.049
79.628
80.216
81.459
82.089
80.087
79.202
79.797
76.341
70.899
60.581
52.864
50.159
65.267
72.132
75.798
77.244
77.739
81.843
82.569
82.492
85.942
84.955
87.214
86.153
87.950
87.528
90.034
88.303
85.882
87.276
85.058
83.066
85.350
89.095
89.284
91.872
92.222
93.552
93.110
93.031
90.010
85.978
83.209
83.688
86.049
79.869
78.333
78.112
66.531
65.302
63.376
56.375
35.688
37.596
35.741
32.255
