54.808
57.280
73.874
64.067
76.255
80.033
82.999
87.664
89.582
88.166
87.670
84.409
83.497
84.824
85.504
87.322
87.414
85.434
84.623
82.061
80.503
85.688
81.408
80.242
83.359
86.938
88.945
88.874
88.493
89.577
89.747
88.561
87.544
89.319
89.002
86.228
84.948
87.869
84.893
81.572
82.995
82.599
77.981
63.380
52.533
51.114
59.692
68.966
74.136
76.563
76.133
78.825
79.889
79.507
81.109
82.488
81.458
84.314
83.145
81.665
79.554
80.556
80.895
82.160
84.870
86.390
90.778
91.740
92.602
93.146
94.317
94.368
94.909
93.747
92.720
90.895
90.698
91.649
91.981
89.778
90.085
88.629
87.411
87.345
87.995
88.221
89.425
87.174
87.455
89.591
89.397
88.162
89.530
87.543
88.419
86.436
86.403
86.442
88.826
86.959
90.463
91.619
93.198
94.106
94.864
94.026
89.423
87.529
89.686
88.849
90.972
93.649
95.667
94.794
95.447
96.568
96.993
96.570
96.896
97.095
96.550
96.453
96.750
96.351
94.953
94.819
95.516
94.204
94.948
93.849
91.309
94.275
95.858
94.265
93.425
95.311
96.208
95.036
94.436
95.602
95.520
93.425
91.222
92.842
93.589
94.971
96.601
94.988
95.831
96.138
96.516
97.095
97.574
97.455
97.026
97.042
97.399
96.903
96.297
95.668
95.352
96.627
96.121
95.490
96.282
96.304
96.886
96.415
95.727
95.883
96.058
94.825
95.050
94.943
93.317
95.508
94.437
92.924
93.349
94.388
92.279
90.562
91.620
90.779
87.926
86.813
85.254
83.351
75.812
