38.537
40.952
45.055
49.488
47.224
51.047
69.529
81.457
86.037
88.839
89.006
89.243
90.653
92.887
92.938
92.949
93.725
91.442
92.332
93.684
94.105
91.990
91.256
93.572
93.737
94.276
95.994
96.474
96.282
96.651
96.743
96.716
96.531
95.808
95.135
94.144
93.370
95.065
94.605
93.120
93.488
93.108
91.192
91.194
91.891
92.428
93.256
92.048
92.073
92.292
93.609
92.494
91.310
89.862
90.847
88.128
87.790
87.937
91.672
89.895
94.090
95.573
96.221
97.003
97.477
96.834
94.319
93.494
94.372
94.189
94.812
95.994
97.216
97.057
97.246
97.653
98.004
97.931
97.790
97.853
97.581
97.472
97.454
97.196
96.460
96.160
96.320
95.696
96.127
95.596
93.544
95.752
96.931
96.024
94.897
96.393
97.214
96.329
95.621
96.568
96.578
94.853
92.851
94.370
95.164
95.803
97.390
96.086
96.710
97.063
97.200
97.630
98.064
97.836
97.384
97.554
97.834
97.222
96.838
96.394
95.945
97.117
96.753
96.175
96.834
96.903
97.350
96.815
96.235
96.541
96.880
95.806
96.066
96.402
95.896
97.001
96.397
95.932
96.623
97.002
96.264
95.968
96.787
96.305
95.354
95.707
95.624
94.329
94.089
93.959
92.203
94.269
90.696
92.575
94.478
93.027
95.196
95.636
95.771
95.388
94.127
94.518
94.823
94.560
95.078
94.054
92.433
89.933
86.351
86.516
86.258
80.930
78.482
78.817
83.980
87.153
86.522
85.758
89.194
90.370
88.498
88.878
91.199
91.600
88.942
90.333
92.005
89.375
86.840
