70.417
85.519
88.801
90.945
89.557
88.405
89.390
86.092
86.209
87.293
88.337
84.896
84.813
88.987
90.208
89.784
93.860
95.568
95.994
96.442
96.546
96.543
96.357
95.497
94.770
93.779
93.006
94.751
94.423
93.195
93.421
92.957
91.214
91.616
92.604
92.553
93.504
92.124
92.491
93.788
94.076
92.857
92.960
92.114
90.998
86.143
84.502
83.949
87.971
88.749
93.444
94.763
95.975
96.830
97.341
96.509
93.562
92.761
93.709
93.351
94.401
95.715
97.056
96.865
97.138
97.526
97.900
97.823
97.694
97.754
97.471
97.344
97.341
97.114
96.293
96.048
96.206
95.595
95.930
95.382
93.362
95.611
96.771
95.864
94.747
96.254
97.077
96.177
95.428
96.385
96.394
94.546
92.633
93.983
94.811
95.510
97.182
95.826
96.437
96.855
97.043
97.466
97.952
97.738
97.208
97.401
97.696
97.069
96.662
96.124
95.739
96.900
96.561
96.019
96.702
96.821
97.263
96.733
96.190
96.472
96.760
95.723
95.974
96.374
95.762
96.880
96.326
95.786
96.449
96.865
96.045
95.558
96.522
96.085
94.737
94.889
95.197
93.824
92.636
92.500
91.535
93.621
90.239
91.881
93.602
92.045
94.663
94.818
93.928
92.037
88.736
90.049
89.356
90.730
93.097
93.041
91.441
89.077
84.963
84.766
86.223
84.306
83.280
86.774
89.102
90.800
91.376
91.735
92.735
93.384
93.183
92.449
93.492
93.786
92.098
91.855
92.749
90.675
88.543
88.626
87.552
83.186
75.651
56.106
48.832
42.802
40.558
37.804
35.391
