90.724
90.466
90.047
92.615
93.873
92.589
92.308
93.626
93.403
90.452
88.174
91.003
91.648
93.748
94.805
93.421
94.045
95.192
95.568
96.123
96.450
96.429
96.046
95.628
95.950
95.332
94.407
93.391
93.704
94.993
94.751
93.894
95.638
95.397
96.068
95.879
95.324
95.450
95.585
94.845
95.143
95.381
94.588
95.623
94.924
94.670
94.671
95.272
94.513
93.792
93.887
93.481
92.789
93.543
93.191
91.979
91.865
91.029
89.481
91.365
87.882
88.500
90.387
89.222
92.766
92.806
93.285
91.882
89.479
90.318
90.417
90.671
92.392
91.037
89.376
86.679
82.857
83.733
84.180
83.542
80.258
83.347
87.642
89.042
89.744
89.287
90.892
91.442
90.026
89.113
90.785
91.074
88.617
88.129
90.298
88.038
85.341
86.315
84.827
81.078
69.294
61.908
52.604
70.345
75.383
79.192
79.303
81.587
85.274
88.170
88.680
87.918
87.807
89.210
86.541
87.408
88.250
89.477
87.802
87.171
90.473
90.410
90.381
92.984
94.430
94.022
94.399
93.878
93.356
92.993
91.923
90.623
89.919
89.341
90.647
91.206
89.751
90.010
88.749
87.251
88.072
89.331
89.680
90.488
88.531
89.609
91.306
90.879
89.656
90.315
89.089
88.496
84.666
84.730
85.263
86.794
87.878
91.644
93.246
93.736
94.769
94.461
93.363
89.332
82.094
78.386
78.233
87.646
91.431
94.108
93.531
94.505
95.521
95.578
95.750
96.097
96.151
95.676
96.015
95.840
95.535
94.375
94.385
94.078
92.485
91.656
89.636
80.976
78.270
