91.787
93.429
93.645
90.834
91.167
92.450
91.851
92.409
91.306
88.884
92.101
94.074
92.407
91.056
93.437
94.226
92.096
91.980
93.413
93.607
90.016
87.505
90.686
91.376
93.490
94.965
94.031
94.085
94.841
95.432
96.113
96.328
96.300
96.337
95.927
96.003
95.906
95.480
94.656
94.797
95.541
95.198
93.998
95.777
95.348
95.635
95.477
94.801
94.786
94.496
94.044
93.886
93.577
91.501
93.320
92.700
92.153
91.459
93.020
92.616
91.364
90.985
91.981
91.371
92.006
91.960
91.589
91.649
90.284
89.539
91.419
87.728
88.749
88.222
88.150
92.515
92.276
92.414
91.411
88.283
89.003
88.807
89.106
92.178
90.888
89.922
87.754
84.141
84.799
85.732
84.087
80.519
84.705
89.242
90.195
90.918
90.076
91.387
92.001
90.051
89.275
90.803
90.871
88.512
87.847
90.159
87.905
84.955
85.641
84.898
81.323
68.079
59.691
50.359
67.676
73.181
77.182
78.760
80.460
83.882
84.878
84.132
86.290
85.444
86.888
86.098
87.169
87.117
89.667
87.514
87.153
89.531
89.243
89.878
92.397
93.415
93.781
93.597
93.039
92.952
92.268
91.559
90.827
88.811
89.587
89.642
90.803
89.066
89.673
87.494
85.440
86.566
88.048
88.162
90.566
88.829
89.546
91.350
91.361
90.081
91.084
89.478
90.073
86.260
86.692
87.646
88.833
89.274
91.613
91.940
92.188
92.514
91.909
91.945
85.142
82.753
87.802
87.920
89.025
89.987
92.214
91.093
92.632
93.458
92.817
92.732
92.919
92.825
88.056
