40.162
40.143
44.369
42.679
42.114
43.944
45.045
44.914
45.590
43.523
47.546
46.356
51.312
59.646
69.676
76.005
78.605
78.635
75.776
76.526
81.366
84.398
86.266
88.670
88.364
89.218
89.427
90.065
88.345
86.746
88.095
86.227
84.176
85.624
90.044
89.592
93.286
93.960
94.957
95.440
94.638
91.477
87.978
84.194
87.169
87.418
81.211
80.148
82.005
79.956
75.576
71.653
74.294
74.022
74.841
74.920
73.177
73.571
73.235
72.576
69.870
72.553
74.265
75.672
77.330
78.678
79.490
84.665
90.386
92.669
95.392
96.574
95.980
93.169
92.157
93.198
93.474
94.306
95.682
96.978
96.666
97.031
97.537
97.798
97.738
97.674
97.706
97.077
97.245
97.312
96.698
95.634
95.816
96.036
94.553
95.110
93.508
90.260
94.064
95.842
93.756
92.204
95.267
96.463
94.636
94.012
95.972
95.924
93.244
90.470
93.223
94.490
95.447
97.142
95.948
96.598
96.920
97.084
97.574
97.981
97.820
97.336
97.375
97.752
97.179
96.722
96.153
95.812
97.005
96.650
96.017
96.727
96.820
97.321
96.826
96.218
96.523
96.797
95.690
96.017
96.329
95.675
96.843
96.244
95.725
96.241
96.758
95.912
95.284
96.059
95.644
94.362
94.445
94.199
92.974
92.457
91.031
89.556
91.408
86.899
87.523
89.619
85.364
87.928
86.364
87.531
85.343
85.442
87.663
87.988
86.114
86.679
81.490
76.367
63.856
59.533
49.611
48.385
46.966
48.100
46.096
45.591
50.558
48.406
49.872
52.248
53.750
50.235
47.324
