83.668
92.339
93.633
92.876
93.445
93.979
93.952
93.828
94.041
93.671
94.783
93.769
92.517
94.704
94.439
94.488
93.903
93.652
94.389
93.532
91.610
93.724
94.287
92.684
94.438
94.081
93.623
93.836
94.862
94.273
93.796
93.607
94.183
92.358
92.953
92.998
92.183
91.601
90.237
89.265
91.587
87.490
89.233
89.110
87.511
91.846
91.851
90.768
89.940
86.157
86.678
88.004
89.113
91.810
90.827
90.057
88.134
85.339
85.545
88.413
85.240
82.957
86.439
88.855
90.170
90.244
89.961
91.082
91.238
89.579
89.666
90.689
90.195
87.292
87.281
88.731
85.513
83.171
84.263
82.090
76.804
59.055
52.687
50.324
67.302
74.951
77.533
80.261
81.252
83.838
82.990
83.350
85.931
85.859
87.008
87.038
87.012
85.082
86.505
85.118
84.926
85.708
85.614
87.488
91.663
92.952
93.409
94.262
94.856
94.235
93.838
92.920
92.705
91.093
91.170
91.858
91.787
90.349
90.236
88.321
87.070
87.942
88.766
88.648
90.063
87.904
88.052
90.078
90.194
88.302
89.298
87.784
88.242
84.553
85.252
85.861
87.722
87.828
90.691
92.453
93.230
94.390
95.125
94.724
90.426
87.193
90.269
88.858
89.153
90.670
92.773
93.159
93.145
93.726
94.824
95.717
95.035
95.014
95.612
95.942
95.398
95.336
94.768
95.037
94.531
93.258
93.900
92.773
90.258
92.338
93.978
92.564
91.246
92.991
93.845
93.337
92.341
92.764
93.170
91.434
89.250
89.589
88.819
88.205
90.621
85.123
81.884
70.709
56.734
