59.621
72.972
73.232
73.969
75.957
73.141
71.200
71.126
78.317
73.227
79.080
78.229
82.057
87.958
89.279
87.259
87.869
84.131
82.911
84.788
85.714
88.322
88.344
86.915
86.341
82.771
82.514
86.735
83.185
80.498
84.319
87.474
89.329
89.239
89.112
90.198
90.179
88.784
88.612
90.064
89.603
86.680
85.969
88.437
85.275
82.404
83.612
83.826
79.203
60.467
52.081
51.027
63.547
71.713
75.348
75.293
76.488
80.598
80.418
78.206
81.458
80.543
79.267
80.586
80.301
78.764
78.084
79.767
78.923
80.374
82.282
85.196
89.698
90.089
91.468
91.189
93.018
93.214
94.340
93.424
92.113
90.695
90.294
90.694
91.608
89.770
89.592
87.397
86.628
87.476
87.893
87.825
89.361
86.659
86.997
89.447
89.155
87.329
88.971
87.153
87.555
84.674
85.135
85.199
87.120
86.153
89.356
89.795
91.415
91.193
92.386
91.193
85.662
83.007
88.260
88.491
89.542
92.754
95.058
93.738
93.592
95.515
96.171
95.208
95.596
96.376
95.495
94.811
95.796
95.553
93.442
93.337
94.714
93.166
94.285
92.935
90.603
93.820
95.454
93.578
92.835
95.028
95.922
94.743
94.279
95.471
95.461
93.380
91.130
93.042
93.848
95.141
96.573
95.144
95.762
96.075
96.519
97.149
97.510
97.375
97.117
97.044
97.351
96.927
96.425
95.837
95.463
96.623
96.018
95.275
96.137
96.036
96.697
96.182
95.148
94.922
95.135
93.518
92.426
88.610
84.682
88.810
86.241
84.692
83.920
86.631
81.886
80.347
77.499
