26.789
34.794
59.657
69.555
74.606
75.379
78.239
78.937
80.389
80.638
81.382
81.164
78.350
80.119
80.882
81.804
83.915
85.900
89.557
89.958
93.293
93.704
93.180
90.040
87.844
88.481
89.702
91.688
93.953
95.709
94.629
95.958
96.904
96.681
96.740
97.204
97.197
95.992
96.702
96.943
95.947
94.556
95.615
95.684
93.962
93.772
90.985
87.543
91.102
93.680
90.131
87.986
92.180
93.707
90.192
90.400
93.633
93.484
89.274
86.576
90.881
93.034
94.825
96.271
95.448
95.712
96.481
96.751
97.456
97.697
97.657
97.409
96.965
97.490
97.100
96.492
95.428
95.769
96.874
96.264
95.473
96.547
96.716
97.276
96.815
96.146
96.462
96.731
95.557
95.921
96.001
95.329
96.606
95.860
95.331
95.395
96.079
95.285
94.630
94.596
94.809
93.043
93.383
92.980
92.674
92.041
89.749
89.890
90.827
86.521
85.932
85.184
83.645
87.877
87.208
89.073
87.194
85.037
86.558
86.199
86.918
88.825
86.096
84.706
80.412
78.245
78.761
81.000
79.338
74.419
80.368
83.468
80.823
82.239
83.345
84.128
82.976
83.436
83.886
83.879
82.955
82.865
82.999
83.477
81.029
79.744
80.205
76.304
70.776
59.250
50.691
45.865
59.197
68.246
72.716
74.137
75.795
80.344
79.509
78.714
85.103
83.599
86.697
85.345
87.549
86.588
89.709
87.890
86.902
86.320
85.574
83.278
86.998
88.817
89.006
86.210
83.174
87.050
83.884
84.032
81.390
69.365
76.620
71.644
77.465
70.968
63.045
55.410
45.737
