46.144
45.216
54.438
53.919
60.066
78.557
88.005
88.039
90.112
93.634
92.756
92.258
94.563
95.685
93.362
93.044
95.062
94.676
92.061
93.152
94.877
96.403
96.379
95.641
96.960
97.124
97.325
96.940
96.330
97.091
96.760
95.445
96.321
96.390
95.452
96.557
95.192
95.171
94.904
95.513
94.874
94.346
94.141
94.237
93.233
93.757
93.487
92.453
92.492
90.304
89.532
92.021
89.496
89.061
87.753
88.838
93.068
93.254
92.741
91.968
89.469
89.381
89.519
89.669
92.642
91.248
90.256
88.003
84.738
86.515
86.328
86.858
85.741
89.052
92.141
92.655
92.821
92.278
93.227
93.435
91.638
90.348
91.824
91.813
89.863
88.768
90.895
89.514
86.636
86.780
86.437
84.269
72.782
66.742
54.409
74.590
74.816
79.303
79.545
81.540
85.736
85.785
84.067
85.492
84.472
85.568
87.063
87.998
87.188
87.668
87.414
87.023
88.914
89.369
90.633
93.814
94.826
95.179
94.878
94.138
92.488
90.590
87.659
86.964
84.621
87.922
89.329
89.875
89.267
90.938
89.774
87.627
88.251
90.891
91.389
92.589
90.824
92.050
94.099
93.161
92.207
93.604
92.466
91.663
88.072
90.034
90.527
91.172
91.544
93.755
95.049
95.177
95.879
95.061
93.777
89.292
82.934
77.597
79.368
87.876
90.547
91.607
91.612
94.614
95.281
94.653
96.310
96.747
96.609
96.694
97.169
96.972
96.943
96.078
96.288
96.098
95.271
95.350
94.418
92.094
92.986
93.850
91.638
88.772
89.617
91.637
88.960
83.195
77.155
