83.762
88.004
88.670
90.275
92.900
93.163
94.165
95.586
96.139
95.414
95.405
96.181
95.710
95.251
95.400
94.537
96.152
95.279
94.475
96.151
96.042
96.273
95.808
95.276
95.530
95.266
93.789
94.843
95.303
93.594
95.127
95.113
94.313
94.672
95.443
94.789
94.239
93.984
94.530
92.811
93.183
93.257
92.517
91.781
90.114
89.215
91.411
87.448
89.270
88.967
87.914
92.066
92.324
91.107
90.093
86.239
86.382
88.006
89.402
91.812
91.029
90.152
88.514
85.677
85.770
88.807
85.547
82.696
86.029
88.690
90.194
90.311
90.134
91.286
91.484
90.067
90.060
91.026
90.464
87.874
87.507
88.730
85.848
83.661
84.038
82.118
76.701
57.591
52.656
50.246
65.328
74.725
77.902
80.353
81.876
84.084
82.626
83.737
86.209
85.823
86.722
86.989
86.655
85.139
86.082
84.943
85.032
85.544
85.661
87.629
91.857
93.078
93.499
94.358
94.538
93.656
93.144
91.295
91.248
88.876
90.003
90.941
90.653
89.552
90.120
87.575
86.035
86.915
88.100
87.625
89.978
88.124
87.742
89.880
90.252
88.161
89.136
87.910
88.276
84.876
84.798
85.572
87.601
87.692
90.721
92.360
93.216
94.422
95.060
94.472
89.758
86.731
88.979
87.134
88.761
91.721
92.630
93.156
94.993
95.609
95.387
96.539
96.790
96.427
96.069
96.495
96.593
95.891
94.863
95.541
95.366
93.553
94.242
92.685
90.080
92.639
94.261
92.214
90.597
92.847
93.855
92.482
90.784
91.560
91.635
87.853
82.094
72.570
64.002
