45.977
54.811
51.265
49.249
55.488
58.163
64.375
68.092
82.009
89.306
90.028
92.476
95.115
94.350
93.532
95.577
96.616
94.127
93.072
96.052
95.324
91.847
93.645
95.653
97.341
97.773
97.464
98.074
98.151
98.197
98.081
97.826
98.168
98.067
97.193
97.922
98.065
97.614
98.065
97.389
97.146
97.060
97.369
96.658
95.966
96.336
96.356
95.231
95.423
95.517
94.732
94.330
93.429
92.851
94.859
92.815
92.674
92.997
91.436
95.362
95.665
95.649
94.332
92.867
92.860
92.705
93.121
94.992
94.006
92.925
91.142
88.996
90.149
89.942
91.007
90.400
92.516
93.914
93.962
94.387
93.990
94.410
94.723
94.038
92.619
93.500
94.170
92.843
92.472
93.527
93.257
91.115
91.536
90.392
88.694
80.247
75.692
60.612
79.944
81.991
85.065
85.034
87.364
90.352
91.893
92.261
91.278
90.673
91.404
90.930
92.326
91.399
90.550
89.781
89.989
91.513
91.527
93.040
95.470
96.595
96.488
96.384
95.562
93.754
90.864
88.939
89.293
86.751
90.179
91.227
89.171
89.606
91.840
90.863
86.585
88.586
92.854
92.842
94.117
93.279
93.779
95.354
94.977
94.707
95.486
94.526
94.211
91.504
92.956
92.946
93.520
93.524
95.060
96.147
96.277
96.946
96.388
95.767
93.462
87.981
84.728
84.292
91.739
93.387
93.780
93.731
96.390
96.694
95.675
97.251
97.843
97.605
97.436
98.042
98.036
97.721
97.282
97.553
97.604
96.644
96.283
94.766
91.895
92.289
92.485
88.763
84.885
85.268
88.001
