55.996
58.784
58.135
58.660
62.763
53.139
52.035
61.932
58.168
51.130
52.519
53.845
52.292
50.466
47.482
57.634
68.542
74.205
76.075
75.480
75.950
77.366
80.213
82.732
83.207
84.915
85.443
86.269
85.391
85.151
85.405
83.667
85.127
83.961
83.155
85.505
89.616
89.668
92.741
93.394
94.380
95.124
94.123
90.861
87.436
83.710
86.533
87.448
81.915
80.891
82.927
81.320
75.977
73.838
77.097
77.262
78.919
78.883
76.041
76.218
76.339
76.595
72.927
75.121
75.027
76.504
77.101
78.926
79.469
84.904
89.976
92.405
94.980
96.260
95.413
92.264
90.821
92.020
92.483
93.510
95.347
96.729
96.368
96.830
97.371
97.642
97.583
97.549
97.588
96.958
97.086
97.169
96.563
95.316
95.547
95.825
94.212
94.838
93.331
90.166
93.887
95.691
93.663
92.225
95.177
96.332
94.581
94.068
95.837
95.803
93.085
90.411
93.193
94.313
95.270
96.988
95.705
96.296
96.699
96.937
97.422
97.861
97.681
97.208
97.255
97.613
97.060
96.588
95.957
95.638
96.840
96.357
95.814
96.576
96.625
97.208
96.740
96.087
96.398
96.691
95.599
95.809
96.229
95.347
96.674
96.005
95.379
95.744
96.513
95.504
94.610
95.354
95.079
93.196
93.160
93.021
91.929
90.702
88.592
87.971
89.761
84.817
85.827
87.990
85.045
87.298
86.587
87.060
84.772
83.790
84.441
86.262
84.983
86.183
80.946
74.023
64.053
57.126
50.427
53.474
50.727
49.555
45.935
46.688
47.637
50.604
49.331
54.616
45.599
