57.013
85.648
91.361
90.446
91.698
94.056
95.058
94.653
95.571
96.426
96.308
96.460
96.942
96.893
95.958
95.741
96.057
95.230
95.586
95.006
92.534
95.030
96.385
95.034
94.157
95.752
95.889
94.371
94.238
94.799
93.446
90.805
89.681
91.988
92.215
94.274
94.927
92.533
93.494
94.831
95.799
96.543
96.963
97.292
97.184
97.288
97.660
97.133
96.685
96.151
95.831
97.009
96.526
95.918
96.805
96.819
97.202
96.690
96.230
96.417
96.094
95.343
95.818
96.072
95.302
96.037
95.114
94.927
95.071
94.444
93.472
93.625
92.862
91.481
91.750
92.764
91.811
90.470
91.201
90.400
88.007
89.692
85.710
87.014
89.355
88.995
92.168
93.290
92.898
91.683
89.401
90.346
89.294
89.086
90.833
89.947
87.658
86.512
81.987
81.353
84.355
82.768
82.002
84.650
87.761
90.250
90.458
89.226
90.693
92.019
89.980
88.281
90.511
91.018
88.015
87.565
90.533
88.560
84.428
86.268
87.017
82.768
68.422
58.025
52.733
50.265
54.749
54.269
51.061
54.201
74.867
84.790
86.377
85.522
84.805
87.194
85.416
87.242
88.157
90.381
88.332
88.067
90.839
91.172
91.082
94.170
94.922
94.733
93.975
93.567
92.627
92.676
90.241
89.703
88.982
89.046
91.123
92.358
90.988
91.536
90.859
89.261
89.876
90.742
90.935
92.265
90.200
91.115
92.767
93.004
91.574
92.227
90.943
91.154
88.021
86.883
87.058
90.354
90.026
93.203
94.439
94.734
94.588
93.829
91.088
84.218
69.799
47.416
38.964
