80.761
89.440
90.367
90.116
89.340
89.838
90.979
92.373
90.321
89.383
92.130
92.079
92.548
92.875
92.486
93.492
93.058
91.637
93.240
93.867
92.525
93.971
93.683
93.354
93.210
94.635
94.092
93.431
92.839
93.799
92.108
92.841
92.974
92.219
91.761
90.253
89.637
92.176
88.260
89.562
88.645
87.466
92.436
92.160
91.376
90.154
86.920
86.942
87.855
89.022
91.943
90.983
90.386
88.705
85.715
86.217
88.542
85.802
83.637
86.903
89.407
90.698
90.520
90.289
91.587
91.644
89.544
89.592
90.911
90.263
87.482
87.298
89.327
86.147
83.693
84.821
83.514
78.805
59.242
52.187
50.115
67.506
72.879
76.443
77.580
79.492
82.621
81.326
80.781
84.944
84.014
86.227
86.686
86.850
84.803
85.560
85.375
85.479
86.175
85.972
87.750
91.613
93.143
93.644
94.335
95.008
94.593
94.262
93.546
92.940
91.347
91.382
91.852
91.849
90.407
90.299
88.208
87.098
88.127
88.865
88.961
90.152
88.143
88.690
90.643
90.409
88.887
90.000
88.194
88.548
84.777
85.946
86.642
88.055
88.611
91.086
92.739
93.355
94.601
95.272
95.044
91.192
88.310
91.113
90.732
91.146
92.567
93.905
94.284
94.759
94.837
95.606
96.305
95.517
95.607
95.708
95.731
94.724
95.005
94.397
94.281
93.382
92.954
93.295
92.652
90.350
91.811
93.832
92.522
91.386
93.211
94.334
93.783
92.977
93.781
94.265
92.327
89.872
91.340
91.671
92.134
93.517
90.665
90.087
90.304
89.347
90.603
91.106
82.886
