38.615
49.258
47.505
63.531
74.647
70.869
73.045
72.707
69.128
64.580
73.205
62.224
70.655
72.983
74.959
81.457
75.887
76.238
78.215
78.519
73.323
75.578
78.813
74.730
72.650
69.799
72.585
65.287
58.984
56.197
59.649
55.410
40.697
42.848
41.216
45.964
50.771
53.751
54.182
54.443
53.638
55.696
58.256
62.277
62.171
64.317
59.650
65.066
63.487
61.158
61.626
60.286
60.548
62.043
71.312
79.532
82.342
84.681
87.537
90.095
92.031
93.626
92.365
88.878
86.097
83.491
84.070
87.126
83.255
80.807
82.685
80.291
77.757
74.976
75.113
75.579
77.327
77.856
77.836
76.416
75.892
77.974
76.715
75.910
76.598
78.439
76.737
77.404
77.075
81.007
84.426
88.541
90.277
92.870
91.550
87.893
84.310
87.873
89.087
91.178
93.987
95.786
94.726
95.721
96.813
97.099
96.377
96.965
97.187
96.055
95.710
96.454
95.744
93.201
93.706
94.704
92.536
93.664
91.862
88.707
92.875
94.956
92.383
91.180
94.288
95.661
93.664
92.879
95.029
94.955
91.549
88.394
91.465
92.749
94.561
96.414
94.966
95.759
96.254
96.630
97.141
97.680
97.514
97.061
96.999
97.401
96.855
96.334
95.518
95.319
96.531
96.010
95.425
96.082
96.109
96.969
96.367
95.402
95.560
96.049
94.754
94.333
94.279
91.936
95.017
93.887
91.394
91.286
93.720
90.629
87.796
88.916
88.787
83.086
82.148
82.815
80.233
76.959
73.984
72.224
73.700
70.069
71.183
72.444
69.163
74.105
71.347
67.877
68.694
