56.427
71.262
78.161
79.311
83.925
86.421
83.599
82.997
76.802
80.114
80.451
82.963
84.925
85.287
82.961
82.957
79.615
78.236
84.882
78.538
77.539
82.777
85.732
88.319
86.980
87.395
88.020
87.487
86.526
86.542
87.626
85.497
83.458
83.388
84.403
81.603
77.879
78.781
79.068
72.474
58.446
51.230
51.653
57.701
68.270
69.612
74.222
76.383
76.274
77.622
79.303
81.376
80.708
82.329
82.653
82.519
79.914
80.332
79.203
77.898
78.411
81.931
83.216
88.823
90.443
90.959
92.023
93.487
93.971
94.620
93.689
92.173
90.896
89.553
90.368
90.785
88.652
86.975
85.620
84.965
85.059
84.535
84.951
85.868
83.851
84.647
86.698
85.958
85.355
87.088
85.782
85.454
84.392
84.740
84.297
86.440
84.981
88.261
90.380
92.379
93.502
94.556
93.778
90.694
88.632
90.098
89.556
91.252
94.007
95.892
94.981
95.952
96.971
97.079
96.737
97.236
97.315
96.602
96.722
97.115
96.560
95.269
95.377
95.999
94.666
95.033
93.657
90.807
94.051
95.522
93.595
92.494
94.838
95.889
94.586
93.762
95.354
95.274
92.988
90.535
92.796
93.735
95.000
96.637
95.253
96.017
96.319
96.752
97.255
97.677
97.623
97.223
97.130
97.555
97.116
96.587
95.954
95.740
96.963
96.434
95.874
96.571
96.608
97.163
96.728
96.078
96.297
96.493
95.585
95.731
95.851
94.665
96.219
95.466
94.098
94.228
95.210
93.627
92.210
92.618
92.184
89.939
89.400
89.092
87.320
85.798
83.406
74.446
70.907
