84.781
87.328
89.107
92.775
93.177
94.415
95.705
96.135
95.646
95.709
96.213
95.667
95.541
95.652
94.684
96.166
95.194
94.505
95.966
95.936
96.253
95.798
95.238
95.591
95.285
93.914
94.956
95.262
93.922
95.407
95.122
94.329
94.686
95.594
94.772
94.380
94.177
94.530
92.884
93.474
93.491
92.712
92.157
90.536
89.731
91.795
87.700
89.299
88.593
87.753
92.213
92.292
91.175
90.067
86.555
86.702
87.849
89.229
91.948
91.068
90.307
88.876
85.586
86.016
88.775
85.819
83.500
86.762
89.071
90.518
90.393
90.261
91.593
91.589
89.775
89.908
90.940
90.287
87.601
87.406
88.937
85.874
83.518
84.114
82.749
77.616
57.525
51.733
49.904
65.908
73.138
76.703
78.403
80.121
83.068
81.542
81.571
85.406
84.792
86.565
87.057
86.864
85.368
86.532
85.751
85.985
86.911
86.788
87.902
91.921
93.313
93.674
94.403
94.631
93.700
93.274
91.539
91.169
89.023
90.019
91.004
90.878
89.699
90.106
87.829
86.426
87.233
88.341
88.282
89.969
88.078
88.207
90.142
90.289
88.560
89.501
87.921
88.442
84.741
85.390
86.197
87.920
88.391
91.075
92.706
93.354
94.678
95.150
94.606
90.168
87.015
89.070
87.611
88.761
91.344
92.647
93.078
95.000
95.470
95.425
96.637
96.755
96.398
96.152
96.594
96.597
95.975
95.046
95.608
95.453
93.789
94.565
92.959
90.687
92.980
94.565
92.565
91.152
93.210
93.975
92.519
90.978
91.514
91.953
88.636
84.440
81.284
75.925
52.997
