31.879
39.992
41.319
43.218
38.900
40.720
54.747
65.044
73.429
77.074
79.185
78.412
80.083
79.061
80.619
82.040
84.568
75.869
78.741
80.045
80.429
76.827
74.770
78.333
76.105
79.890
85.447
85.109
81.860
83.693
80.657
79.488
72.382
58.665
48.136
43.016
35.483
33.761
32.411
30.014
31.145
27.753
25.321
24.564
24.907
25.403
25.280
28.029
31.780
32.408
32.166
29.962
36.598
37.794
35.675
40.330
39.370
39.624
43.214
43.478
48.475
55.749
66.174
77.560
83.069
87.416
89.077
91.803
90.144
91.201
89.771
90.487
91.307
90.510
90.283
90.023
90.819
90.248
90.715
91.429
91.841
92.257
91.817
91.970
93.273
92.510
89.852
89.506
85.394
83.746
78.270
69.172
60.642
57.463
51.035
48.190
53.501
58.782
71.847
80.216
84.632
86.402
89.092
86.477
88.759
85.592
84.839
81.925
74.508
70.303
61.471
68.313
77.094
81.902
86.848
87.872
87.623
87.015
84.099
83.899
78.883
77.964
78.957
81.576
86.575
88.683
91.797
91.018
91.673
92.003
91.799
90.765
90.492
90.145
89.124
89.402
88.384
90.329
88.389
87.878
86.617
82.248
83.379
85.442
85.188
86.650
85.671
86.022
84.900
85.984
81.387
77.451
