44.143
47.866
52.029
54.131
53.446
51.162
51.035
53.758
53.325
53.700
54.169
53.244
52.652
54.274
56.348
59.903
68.495
79.871
87.750
91.005
93.763
95.366
95.915
95.935
95.368
95.287
94.828
95.046
94.485
93.999
93.173
93.642
93.699
93.920
94.809
95.324
95.616
95.659
96.141
96.212
96.565
95.683
94.944
92.745
92.386
88.109
85.902
80.756
78.808
75.653
79.476
84.003
86.357
88.188
90.448
92.559
92.592
94.141
91.642
92.704
90.827
90.299
87.966
84.032
77.765
70.722
76.563
82.584
86.659
91.302
92.272
94.786
94.526
92.874
94.059
91.419
91.137
93.457
93.325
95.664
95.961
96.430
96.243
95.807
96.108
95.010
94.682
93.736
93.519
92.069
93.092
92.994
94.592
93.403
92.781
92.167
90.588
90.505
91.348
91.156
92.192
91.182
92.440
90.656
92.322
90.161
88.567
87.390
78.443
68.583
56.057
63.484
71.139
73.843
80.687
84.506
87.167
87.455
88.323
88.888
88.195
91.428
90.635
93.613
91.757
91.038
92.751
91.605
91.547
89.018
89.740
91.336
90.638
93.323
92.893
94.287
92.351
89.748
90.287
84.109
79.094
71.476
55.963
45.441
41.270
38.849
38.278
40.342
36.542
34.237
33.340
28.149
