63.314
83.963
87.166
83.417
85.055
87.127
86.454
88.773
87.574
89.194
87.669
90.584
87.902
87.229
88.021
78.318
77.147
69.614
67.804
72.026
76.300
79.112
81.434
84.223
84.651
84.664
85.175
84.094
85.975
85.355
88.686
83.399
84.368
86.759
85.818
82.857
79.817
82.290
81.476
83.743
89.421
89.601
90.295
88.372
86.476
86.711
79.518
71.984
61.690
47.671
40.750
36.494
36.307
35.366
38.926
34.915
31.376
30.359
28.475
30.321
29.248
32.135
35.515
37.222
35.988
32.272
37.277
39.442
38.417
42.108
42.224
42.784
47.631
49.248
54.621
63.227
77.010
85.391
89.194
92.062
93.112
94.454
93.384
93.204
92.201
91.776
91.750
90.656
90.007
89.775
90.667
90.275
90.830
91.934
92.718
93.663
93.628
94.461
95.058
95.315
94.425
93.891
91.910
91.487
88.096
85.900
81.418
78.895
75.955
78.497
83.294
85.042
87.469
90.490
92.796
92.472
93.073
89.223
90.690
87.313
85.844
82.029
74.193
72.436
63.530
71.066
78.061
83.315
88.862
91.236
93.201
93.514
92.628
93.443
91.113
90.660
92.360
92.490
94.608
95.013
95.435
94.884
94.202
94.300
93.230
92.320
91.615
90.763
89.269
89.382
87.529
80.628
