79.264
81.217
80.911
79.880
70.972
67.324
57.101
60.216
75.359
80.346
86.101
88.052
88.569
89.668
88.516
89.741
87.763
86.537
86.659
84.722
88.298
89.600
92.357
91.279
91.387
91.117
91.030
89.725
89.856
88.407
88.028
87.564
87.374
89.318
87.525
86.923
86.152
81.598
82.744
84.746
83.981
85.341
84.214
85.912
83.989
86.621
84.125
82.286
83.113
73.666
66.756
55.874
57.705
63.785
67.090
75.327
78.208
80.014
81.384
80.787
81.456
80.873
82.485
82.852
85.679
77.513
81.141
82.646
82.331
76.773
74.737
78.474
75.205
80.228
85.488
85.533
82.529
83.861
81.719
81.581
75.261
63.625
52.125
44.547
37.992
35.027
34.710
33.271
35.440
32.752
29.658
27.492
27.019
28.187
28.176
29.986
33.923
32.260
33.139
30.568
36.073
38.113
36.895
41.010
40.524
41.226
44.592
44.926
48.650
55.184
65.505
78.370
84.125
86.956
87.809
90.792
88.954
90.350
88.924
89.794
90.371
89.541
89.117
89.175
89.513
88.773
90.170
89.541
90.730
90.241
90.550
90.475
92.584
91.998
89.086
89.661
86.895
85.914
84.379
79.067
76.134
76.491
67.691
68.677
72.147
79.455
81.371
84.085
84.571
84.961
83.175
79.305
