48.733
50.390
51.114
48.249
45.917
47.770
51.684
45.714
47.399
47.964
47.370
47.000
44.296
50.389
50.078
50.622
51.664
51.132
51.410
52.952
55.376
58.992
67.940
79.821
88.448
91.224
93.759
95.247
95.733
95.692
95.179
95.067
94.584
94.825
94.196
93.784
92.940
93.400
93.378
93.566
94.518
95.094
95.378
95.478
95.937
96.084
96.347
95.488
94.796
92.880
92.528
88.982
85.997
81.075
78.346
75.402
79.188
83.584
85.608
88.037
90.626
92.769
93.220
94.428
92.780
93.235
92.130
91.378
90.189
87.495
78.463
70.885
76.304
82.071
87.577
92.018
92.864
94.996
94.528
93.059
93.965
91.231
90.990
93.202
93.106
95.366
95.709
96.255
96.043
95.612
95.859
94.660
94.479
93.463
93.347
91.867
92.835
92.676
94.287
93.218
92.727
92.059
91.008
91.807
92.139
92.505
92.841
92.356
93.006
91.939
92.973
91.321
89.472
88.280
80.374
70.412
59.319
66.976
74.321
76.813
83.077
86.220
88.668
89.247
89.796
90.142
89.866
92.278
92.007
93.911
92.311
91.593
92.681
91.407
91.118
88.683
89.449
91.034
90.539
92.893
92.725
94.242
92.481
90.145
91.050
85.978
80.938
72.081
57.827
47.255
43.521
36.322
