77.890
80.079
86.763
84.938
88.059
86.399
85.217
84.999
82.602
88.100
89.342
91.566
90.915
90.996
90.733
90.738
89.057
90.644
89.216
88.960
88.597
86.623
88.758
85.219
84.945
84.941
78.562
78.748
82.784
82.044
84.812
83.680
85.822
84.334
87.457
84.839
83.992
83.321
73.947
66.509
57.706
57.958
65.525
67.664
76.450
78.517
81.066
82.223
81.165
81.495
79.954
81.462
80.588
84.525
75.637
79.102
81.640
80.976
76.784
73.477
75.593
71.305
77.630
84.006
85.739
83.079
84.571
83.156
82.915
76.430
66.085
54.414
44.139
38.852
36.583
36.211
36.274
38.628
34.495
31.102
30.325
28.521
29.843
28.808
30.941
33.069
36.152
34.650
31.951
36.614
37.757
38.667
41.632
41.241
41.941
45.714
47.328
51.427
58.381
70.587
81.209
86.426
89.159
89.810
92.175
90.372
91.232
89.819
90.407
90.933
90.161
89.802
89.978
90.248
90.159
90.882
90.846
91.388
91.734
91.327
91.749
93.195
93.482
91.138
91.316
88.351
88.037
85.752
81.737
77.819
76.909
72.526
72.865
76.170
80.439
82.582
86.600
88.272
88.644
88.849
84.598
86.132
83.634
82.133
78.154
70.018
57.305
48.750
50.019
45.540
42.262
39.092
