55.412
64.407
58.321
61.604
58.464
59.618
56.781
54.838
53.839
54.812
56.658
60.153
68.535
79.863
87.602
90.852
93.646
95.147
95.740
95.696
95.136
95.063
94.578
94.827
94.260
93.810
93.010
93.432
93.501
93.676
94.530
95.082
95.359
95.408
95.915
96.084
96.343
95.541
94.832
92.719
92.372
87.994
86.015
80.828
79.014
75.900
79.364
83.839
86.594
88.268
90.484
92.529
92.367
93.870
91.031
92.109
89.933
89.255
86.671
81.779
76.119
68.131
74.337
80.737
85.263
90.588
91.664
94.551
94.346
92.668
94.046
91.519
91.316
93.622
93.380
95.579
95.849
96.310
96.037
95.644
95.892
94.763
94.348
93.377
93.054
91.766
92.759
92.691
94.345
92.963
92.262
91.711
89.542
89.260
90.537
90.331
91.565
90.564
91.932
90.128
92.069
89.730
88.139
87.208
78.407
70.885
60.295
64.594
72.217
74.818
80.453
84.186
86.872
87.131
87.696
88.310
87.405
90.866
89.768
93.086
90.748
90.524
92.342
91.327
91.254
88.587
89.385
91.077
90.163
93.070
92.549
94.027
92.101
89.493
89.891
83.593
78.311
70.441
55.138
44.559
40.415
37.696
36.786
39.348
35.347
33.846
32.562
31.240
31.849
30.775
27.947
26.554
