81.621
83.163
84.143
84.773
87.365
84.127
82.276
82.555
73.258
68.697
55.984
59.554
63.799
71.749
75.893
78.463
80.099
81.908
80.341
80.572
78.775
78.797
76.884
78.063
69.663
71.713
75.881
74.012
71.585
67.586
72.241
71.138
76.977
84.146
86.070
86.040
84.874
83.694
83.492
76.472
64.477
53.063
44.066
37.637
35.079
34.866
33.154
37.258
33.239
29.966
29.103
26.939
29.207
28.532
32.036
34.948
36.648
36.459
32.327
36.360
37.799
38.686
40.940
40.744
41.768
46.110
46.822
51.705
59.772
71.115
82.668
86.694
90.122
91.105
93.015
90.791
90.598
88.095
87.971
88.092
88.123
86.831
88.626
89.691
87.648
88.410
88.771
90.098
91.196
91.633
92.747
94.097
94.153
92.262
92.069
89.780
88.723
84.652
80.271
73.948
72.733
69.252
70.584
74.232
79.713
83.192
87.326
89.661
89.384
90.570
86.359
87.709
84.872
79.724
73.507
61.794
64.094
56.460
63.720
74.813
81.873
86.847
89.148
90.970
91.384
90.096
90.754
87.942
86.982
88.350
88.851
92.197
92.657
94.312
93.369
92.892
93.031
91.996
90.741
90.064
88.062
87.508
85.173
83.056
82.701
78.567
78.182
74.011
58.871
46.202
41.276
32.836
