69.315
74.965
74.829
78.742
76.055
76.275
78.659
80.685
68.302
73.798
74.646
74.251
69.649
67.690
70.668
67.063
73.079
78.801
80.610
69.841
79.812
75.693
73.653
66.865
53.686
45.645
41.782
35.284
33.725
33.023
29.581
29.853
29.906
27.312
25.020
24.204
24.691
25.192
26.810
32.104
33.227
34.533
33.853
40.644
42.254
39.008
43.388
42.407
42.133
45.061
45.275
48.347
53.484
62.151
73.872
80.163
84.770
86.709
89.938
87.798
89.878
88.132
89.361
90.339
89.881
89.854
89.684
90.544
89.826
90.479
91.049
91.300
91.738
90.859
91.215
92.585
91.599
88.674
88.232
83.965
82.696
78.353
70.581
64.360
60.096
55.916
52.673
59.417
67.528
75.909
80.592
85.214
86.150
88.659
86.728
89.155
86.512
85.976
83.376
77.826
72.430
63.984
71.563
78.398
82.842
87.501
88.162
87.757
87.099
84.318
84.333
80.058
79.245
80.281
81.527
87.026
88.250
92.167
90.965
91.825
92.027
91.804
90.848
90.716
90.332
89.117
89.388
88.531
89.595
87.820
87.864
86.121
81.650
83.842
85.954
85.727
86.374
86.384
85.913
85.116
84.814
81.278
77.042
68.434
56.866
47.859
45.271
43.288
39.476
38.835
35.058
29.042
