32.663
39.181
39.222
39.519
43.077
38.147
40.248
41.008
43.218
55.507
60.052
57.243
74.653
71.439
69.003
61.779
47.292
40.995
36.713
30.727
30.429
32.584
28.267
28.457
27.574
25.739
23.060
23.213
24.559
24.614
27.463
30.901
30.790
33.909
30.083
38.021
38.776
38.217
41.918
41.909
42.763
44.336
45.427
48.085
54.827
64.227
75.016
81.821
83.288
85.066
85.240
83.213
83.119
81.384
81.910
83.737
84.217
82.376
84.536
86.777
86.125
86.900
86.589
86.088
86.706
86.074
87.608
87.366
87.926
87.521
86.845
84.069
85.065
81.305
77.740
71.598
69.540
65.321
66.873
72.593
78.428
82.023
86.141
88.438
89.155
89.513
87.551
88.518
86.174
84.223
80.461
75.708
72.727
64.249
72.568
80.105
84.110
88.986
89.828
90.912
91.023
89.357
90.121
87.197
86.596
87.560
86.490
88.995
89.643
90.290
89.468
88.709
89.365
88.583
88.905
88.884
88.700
87.617
85.938
83.303
82.612
81.231
82.285
79.864
73.904
75.794
81.690
80.949
83.259
83.781
85.303
84.809
86.824
84.822
83.298
81.989
73.093
58.130
45.495
54.561
60.134
66.870
74.753
76.723
79.041
79.036
77.933
78.449
73.701
76.338
72.361
72.960
