62.613
62.638
76.157
81.779
81.343
82.926
85.477
87.332
87.003
84.917
85.443
78.134
67.755
54.224
46.434
38.292
34.944
32.020
30.889
32.119
32.807
29.900
27.591
25.832
27.045
27.700
32.947
34.137
35.970
37.127
36.357
39.643
43.016
41.784
43.675
43.944
43.696
47.177
48.693
54.390
62.298
75.178
84.386
88.057
91.130
92.229
93.098
91.504
91.066
90.155
89.185
89.644
89.270
88.080
88.968
90.051
89.407
89.727
90.663
91.383
92.178
92.218
93.692
94.138
94.356
93.579
93.034
90.591
90.096
86.067
82.954
77.118
75.192
72.407
76.125
80.308
83.279
85.716
88.784
91.218
91.598
92.760
89.929
90.811
88.246
86.545
83.732
77.900
73.295
64.266
71.518
79.078
84.476
89.845
91.050
93.399
93.179
91.430
92.590
89.740
89.455
91.406
91.392
93.830
94.254
95.096
94.566
93.890
94.255
92.877
92.029
91.308
90.591
89.311
88.960
87.880
87.796
86.347
87.156
86.466
82.540
83.231
86.318
86.027
88.046
88.053
90.006
88.455
90.476
87.827
86.280
85.423
76.374
64.259
52.836
60.571
66.592
70.969
78.113
81.297
84.403
84.620
85.179
84.549
83.269
84.319
82.711
83.797
76.078
69.348
52.379
50.495
