74.873
78.338
74.375
68.660
67.757
62.120
52.774
38.718
48.970
53.057
64.805
68.011
69.928
71.061
75.426
74.565
78.028
74.103
77.262
78.873
79.892
68.790
75.434
76.589
74.689
69.223
67.441
72.070
68.879
75.516
80.587
82.652
75.355
80.575
76.872
73.423
67.656
53.132
44.960
40.133
33.735
32.233
30.427
27.168
28.877
26.812
24.409
23.435
24.236
23.942
25.212
29.035
33.437
32.757
34.380
32.164
37.486
39.207
37.685
41.019
39.711
39.710
42.915
43.050
47.161
54.127
60.786
73.693
79.674
84.297
85.788
89.592
87.667
88.784
86.796
87.674
88.809
88.291
88.031
88.483
89.257
88.228
88.812
89.319
89.727
90.112
89.660
89.450
91.548
90.314
86.854
87.272
83.703
81.454
78.100
69.896
63.030
61.532
57.420
55.828
62.210
70.247
75.652
80.858
83.602
84.973
86.142
84.256
86.619
83.997
81.783
80.492
72.683
68.676
60.913
66.766
76.172
81.480
86.062
87.211
86.538
86.837
84.651
84.928
81.280
80.259
79.692
79.765
85.195
87.018
90.577
89.524
89.932
89.867
89.944
89.225
89.045
88.357
87.542
87.143
85.788
87.029
84.996
84.933
83.565
78.182
81.454
82.478
83.270
82.865
83.031
78.393
