75.479
83.310
84.800
87.178
84.471
85.949
86.136
80.804
83.179
86.197
85.339
87.591
86.622
88.343
86.921
89.986
87.432
86.720
87.148
78.292
76.290
68.944
66.829
71.247
75.867
79.206
81.173
83.693
84.216
83.821
84.630
83.569
84.822
83.929
87.262
79.904
82.313
84.879
83.955
80.086
76.647
80.424
78.883
81.887
88.284
88.760
89.463
87.690
86.234
86.405
79.348
71.087
59.722
47.610
39.877
36.973
36.655
35.919
40.040
34.935
31.431
30.648
28.363
30.264
29.427
32.057
35.032
37.018
35.655
32.582
37.164
38.925
38.492
41.787
42.447
42.957
47.870
49.225
54.066
62.504
76.135
85.118
88.961
91.913
92.827
94.121
92.669
92.634
91.311
90.895
90.793
89.554
89.215
88.760
89.531
88.989
89.151
90.594
91.735
92.913
92.997
93.963
94.827
95.078
94.136
93.707
91.722
91.391
88.047
85.763
81.269
78.511
76.034
78.569
82.533
84.729
87.072
90.139
92.471
92.010
92.592
88.595
89.941
87.119
85.148
80.985
73.705
72.473
63.953
71.502
77.847
83.043
87.915
90.573
92.498
92.964
92.266
93.014
90.804
90.323
92.071
92.100
94.343
94.660
95.203
94.442
93.755
93.678
92.659
91.319
90.359
86.352
