50.787
65.773
72.803
72.818
77.170
80.891
85.059
87.118
85.582
86.517
85.777
88.606
87.052
88.462
87.581
87.075
88.515
88.381
91.249
88.860
88.242
87.911
83.909
84.354
86.248
84.792
86.276
84.339
85.892
82.671
85.145
81.282
78.846
76.105
64.966
58.093
48.448
52.490
59.041
64.070
72.894
76.515
79.172
81.064
81.418
83.139
83.056
85.115
85.091
88.458
82.942
84.690
87.223
86.446
84.079
80.949
83.582
82.669
84.594
88.819
88.493
88.446
86.989
84.844
84.142
77.665
67.946
56.436
46.038
39.304
37.545
36.705
36.263
39.538
34.813
31.567
30.865
28.585
29.889
29.019
30.785
32.476
35.492
34.029
32.174
36.655
37.179
37.576
40.918
41.101
42.112
46.067
46.944
51.630
58.210
69.955
79.627
85.409
88.931
90.209
92.354
91.342
92.177
91.567
91.869
92.147
90.870
90.970
90.505
89.966
89.559
90.122
90.467
91.340
90.953
90.589
89.512
91.772
91.298
88.865
89.606
85.870
84.393
81.264
75.208
70.246
67.567
61.498
56.923
65.206
72.756
76.039
80.293
82.931
84.299
85.453
82.618
84.852
82.986
81.715
77.920
69.092
59.594
50.910
47.163
51.653
63.755
68.507
75.171
64.816
68.717
59.253
