85.291
89.744
91.249
92.888
93.012
94.319
94.985
95.106
94.051
93.437
90.854
90.282
85.849
83.087
77.950
76.644
73.580
75.467
79.458
83.426
85.831
89.120
91.312
90.976
92.116
88.449
90.050
86.987
85.508
82.228
77.063
73.202
64.347
70.841
78.980
83.322
88.624
90.584
93.129
93.072
91.351
92.689
89.908
89.552
91.424
91.354
94.161
94.527
95.447
94.795
94.440
94.392
92.782
91.451
90.001
88.758
86.359
86.462
85.381
87.373
85.670
86.940
87.473
84.511
84.739
86.799
86.147
88.137
87.094
89.189
87.023
89.838
86.989
85.876
85.726
76.884
72.680
60.725
62.508
69.423
71.252
77.406
81.047
83.738
84.222
84.358
84.280
83.467
85.665
85.124
88.638
83.836
84.737
86.560
85.051
82.398
79.494
83.393
84.703
85.558
90.183
89.682
90.866
88.372
86.336
86.449
79.099
71.930
63.380
48.536
41.265
38.021
36.304
35.379
38.954
35.484
31.973
30.463
28.079
29.975
29.634
31.922
35.441
33.240
33.361
32.615
39.539
40.167
40.477
43.982
42.555
43.421
48.315
48.758
53.555
61.630
74.364
83.713
88.401
91.234
92.941
94.147
93.255
92.682
91.405
90.138
88.929
85.376
80.691
74.002
60.218
48.765
