48.629
53.058
49.186
47.624
50.999
44.456
50.078
51.061
49.573
47.424
46.609
52.786
51.822
53.023
53.211
52.770
52.960
54.543
56.865
60.323
69.196
80.729
88.794
91.519
94.010
95.363
95.863
95.829
95.297
95.221
94.719
94.963
94.378
93.924
93.096
93.488
93.506
93.757
94.702
95.246
95.506
95.605
96.057
96.174
96.425
95.670
95.033
93.143
92.927
89.560
87.176
82.719
80.238
77.122
80.887
85.585
87.499
89.129
91.311
93.288
93.502
94.453
92.557
92.969
91.620
90.876
89.256
86.078
78.485
71.187
76.697
83.130
87.506
91.933
92.854
95.134
94.771
93.411
94.355
91.802
91.614
93.886
93.731
95.654
95.972
96.357
96.182
95.716
95.965
94.883
94.660
93.664
93.503
92.126
93.007
92.929
94.485
93.351
92.897
92.171
91.095
91.385
91.864
91.942
92.492
91.866
92.633
91.610
92.938
91.453
89.905
89.138
81.826
73.694
64.671
69.763
76.544
79.281
83.402
86.290
88.734
88.875
89.389
89.581
89.259
92.016
91.613
93.872
92.296
91.736
92.934
91.801
91.637
89.326
89.905
91.527
90.828
93.245
92.932
94.419
92.668
90.314
91.011
85.783
81.071
72.343
57.942
47.630
44.521
39.356
38.082
37.370
