54.378
57.802
59.194
56.793
56.052
54.872
55.140
56.441
59.532
67.878
79.543
87.295
90.783
93.661
95.083
95.761
95.737
95.134
95.076
94.615
94.872
94.347
93.908
93.243
93.600
93.616
93.854
94.607
95.157
95.372
95.413
95.899
96.116
96.424
95.517
94.779
92.549
92.161
87.580
85.364
79.898
78.113
74.790
78.025
82.824
85.459
87.664
89.926
92.055
91.366
93.125
89.781
91.280
88.739
88.258
85.015
79.564
75.438
66.864
73.458
80.441
83.964
89.523
90.786
93.791
93.915
91.825
93.789
91.159
91.156
93.348
93.207
95.517
95.762
96.332
96.010
95.678
95.866
94.853
94.214
93.435
92.926
91.793
92.785
92.672
94.429
93.002
92.096
91.628
89.305
88.669
89.877
89.531
90.993
89.759
91.330
89.082
91.379
88.501
87.207
85.760
76.798
68.981
57.250
62.215
69.990
72.965
79.087
82.956
86.119
86.495
86.885
87.570
86.534
90.372
89.194
92.792
90.538
90.463
92.251
91.347
91.184
88.594
89.276
90.830
90.141
93.016
92.539
93.928
91.949
89.418
89.641
83.041
77.417
68.904
54.674
42.470
39.132
36.556
35.973
37.647
33.825
33.177
31.178
29.614
29.399
30.027
31.950
35.856
34.454
29.980
26.282
