58.749
60.784
59.288
54.476
58.786
57.025
56.959
55.429
53.528
52.836
54.145
55.926
59.730
68.223
79.590
87.403
90.641
93.571
95.140
95.747
95.713
95.149
95.076
94.603
94.849
94.285
93.864
93.011
93.458
93.485
93.691
94.556
95.099
95.378
95.427
95.927
96.092
96.345
95.486
94.768
92.597
92.183
87.663
85.463
79.924
77.780
74.903
78.328
82.901
85.818
87.696
90.271
92.354
92.357
93.925
91.269
92.328
90.294
89.621
87.266
82.524
76.404
68.438
74.297
80.492
85.466
90.790
91.858
94.590
94.348
92.637
93.922
91.333
91.071
93.375
93.146
95.471
95.778
96.283
96.051
95.658
95.904
94.782
94.382
93.418
93.147
91.792
92.799
92.728
94.391
93.078
92.448
91.887
89.916
89.803
90.844
90.681
91.821
90.856
92.139
90.318
92.080
89.777
88.065
87.036
78.093
69.869
58.510
64.044
72.067
74.202
80.307
84.159
86.754
87.033
87.764
88.383
87.688
91.102
90.148
93.256
91.095
90.719
92.446
91.354
91.319
88.665
89.359
91.056
90.203
93.030
92.515
94.029
92.067
89.419
89.896
83.537
78.318
70.125
54.461
44.162
39.512
36.931
35.892
38.461
34.300
33.049
32.180
30.069
29.792
27.829
29.324
