34.001
37.640
46.196
43.125
49.715
54.025
67.619
84.567
87.672
90.851
91.520
90.939
92.667
90.828
89.773
91.544
89.966
93.001
93.825
94.964
94.070
93.772
92.798
92.079
90.283
89.691
87.891
87.290
87.655
87.765
90.740
88.377
86.925
86.972
82.194
81.998
84.267
83.686
86.179
85.152
87.287
85.456
88.761
86.338
85.883
86.332
76.416
70.540
60.314
60.169
66.904
68.907
77.160
80.005
82.811
83.037
82.640
82.950
82.413
85.042
83.718
87.352
81.635
84.591
86.630
86.499
83.441
80.162
83.325
82.969
84.709
89.672
89.416
89.873
87.583
85.302
85.348
78.062
67.234
55.393
45.354
39.002
36.205
34.998
33.721
35.884
33.998
30.926
29.259
28.319
29.590
28.269
30.581
34.156
32.695
33.234
30.789
35.773
37.794
36.688
40.587
39.935
40.168
44.853
45.072
50.039
56.807
70.403
83.329
88.029
90.775
91.834
93.895
92.744
93.270
92.510
92.613
92.763
91.807
91.353
90.977
90.334
90.076
91.322
91.419
92.527
93.073
93.281
93.936
95.151
95.343
93.473
92.856
89.889
89.913
87.460
84.156
81.142
80.520
74.509
74.808
77.287
83.477
85.977
88.993
90.965
90.679
90.886
86.413
88.071
85.527
82.215
