32.636
40.900
38.016
37.143
41.039
38.849
42.599
43.059
64.018
75.269
78.697
80.244
80.228
81.623
81.131
83.159
84.001
87.156
81.240
82.264
83.953
84.738
83.349
81.136
83.269
83.158
83.532
88.448
86.899
85.730
85.255
81.986
81.602
74.082
63.251
52.644
45.754
37.642
35.355
32.608
30.088
31.236
28.340
25.696
24.658
25.503
25.336
25.554
28.927
33.089
34.840
34.291
31.476
37.753
38.926
36.489
41.661
40.504
41.138
44.551
45.100
50.975
58.617
69.588
79.863
84.569
88.553
90.665
92.945
91.745
92.704
91.767
92.456
93.036
92.322
92.122
91.463
92.123
91.933
92.171
93.027
93.360
93.624
93.221
93.484
94.279
93.680
91.447
90.845
86.865
85.534
80.199
72.583
65.600
60.171
53.983
52.160
57.417
62.180
72.198
80.730
85.588
86.905
90.162
87.665
89.981
87.089
86.834
83.499
77.813
73.647
64.812
72.956
80.443
84.387
88.529
89.124
89.634
88.120
85.465
85.686
80.593
80.751
82.329
84.896
89.349
90.592
93.314
92.440
93.236
93.659
93.207
92.377
91.959
91.689
90.535
91.378
90.680
92.400
90.998
90.290
89.046
85.207
85.752
87.627
86.925
88.490
86.893
88.087
85.978
86.792
80.583
