83.875
87.652
87.957
88.003
88.213
87.539
89.293
87.679
87.733
86.600
82.250
83.040
85.606
84.604
86.282
85.353
86.247
85.129
87.633
84.959
83.497
83.902
75.418
69.242
60.043
61.248
65.216
72.519
75.995
78.766
80.735
82.046
81.353
81.685
81.354
82.679
83.240
86.376
79.789
81.949
83.056
82.404
77.964
74.715
78.061
74.812
79.684
85.646
86.418
86.850
85.525
84.007
83.482
77.192
65.552
54.535
45.411
38.003
34.427
34.830
33.220
36.541
32.358
29.625
28.562
26.384
28.431
27.708
31.240
34.507
36.353
35.851
31.921
36.621
37.608
38.315
41.097
41.065
41.804
46.275
47.141
51.985
59.910
70.402
82.327
86.290
89.429
90.651
92.083
90.573
90.168
89.015
88.960
89.999
89.140
89.211
89.564
89.790
89.135
89.278
89.709
90.168
90.234
90.332
90.751
92.514
92.646
91.158
91.326
89.275
88.396
84.948
80.300
75.321
73.491
70.284
72.723
76.127
81.508
83.472
87.481
89.222
88.963
89.509
85.890
87.202
85.020
82.884
79.927
72.488
68.775
58.399
64.008
68.464
76.407
83.732
86.759
87.194
88.649
88.159
89.462
87.738
86.594
86.848
87.405
90.637
91.198
91.922
90.560
88.228
84.908
77.519
