42.917
58.752
75.653
85.364
87.315
89.793
91.692
91.024
92.579
88.851
90.910
87.793
87.099
83.468
79.029
74.481
64.743
71.901
80.753
84.123
89.462
90.978
93.747
93.717
92.160
93.383
90.824
90.658
92.136
92.018
94.074
94.639
95.754
95.400
94.995
95.016
94.223
93.233
92.879
91.951
91.107
91.408
91.511
93.258
91.824
91.255
90.556
87.369
87.476
88.798
87.953
89.528
88.365
89.942
87.641
90.255
87.606
86.838
86.636
76.874
69.441
58.181
60.415
67.357
71.749
78.470
81.535
84.488
84.598
84.878
85.049
85.047
88.207
87.281
90.873
87.888
87.907
90.180
89.204
87.339
84.011
85.988
86.295
87.435
91.567
91.062
91.925
89.452
87.177
87.086
80.247
72.031
61.099
47.244
40.329
37.219
36.582
35.689
38.885
34.732
32.045
30.686
27.864
29.530
28.569
30.998
34.008
32.153
31.513
29.877
35.773
36.589
36.497
40.893
39.871
40.956
46.036
46.830
51.704
59.341
73.133
83.753
88.904
91.472
92.821
94.796
94.226
94.332
94.023
93.745
94.078
93.432
92.629
91.894
92.390
92.015
93.538
93.825
94.418
94.602
94.686
95.081
95.718
95.712
93.924
93.247
90.209
89.873
87.660
84.993
80.480
72.457
