72.112
84.373
85.806
86.787
86.269
88.427
85.750
86.518
86.292
81.035
82.437
85.587
84.610
86.715
85.678
87.593
86.042
89.306
86.638
86.112
86.482
77.716
75.374
67.730
65.720
70.623
75.110
78.704
80.806
83.128
83.781
83.302
84.023
82.477
83.759
83.518
86.540
79.837
82.063
83.907
83.083
79.255
75.422
78.698
76.208
79.775
86.686
87.491
88.350
86.793
85.610
85.806
79.038
70.962
60.114
47.962
39.846
36.828
36.264
35.442
39.913
34.813
31.605
30.482
28.447
30.076
29.334
31.914
34.815
36.755
35.520
32.697
37.087
38.605
38.203
41.700
42.048
42.614
47.455
48.727
53.607
61.962
75.177
84.438
88.202
91.075
91.772
93.062
91.172
90.783
89.511
88.949
89.422
88.072
88.286
88.343
88.624
88.391
88.048
88.961
89.606
90.472
90.866
92.012
93.423
93.915
93.005
92.947
90.892
90.567
87.339
84.588
79.882
77.319
74.401
77.867
81.908
84.055
86.235
89.284
91.580
91.040
91.160
87.271
88.535
86.187
83.354
80.099
72.744
70.568
61.320
67.114
71.943
78.595
85.496
88.601
89.812
91.153
90.800
91.898
90.178
89.552
90.604
90.844
93.210
93.405
93.847
92.308
91.279
89.843
88.759
83.193
