36.344
44.771
47.957
50.045
66.869
81.164
87.449
89.618
92.913
93.413
92.174
93.563
91.474
90.551
92.301
90.816
93.938
94.745
95.531
95.196
94.674
94.416
93.095
91.414
90.658
89.150
88.356
88.323
88.244
90.822
89.295
88.070
88.240
84.631
84.982
86.664
85.438
87.958
87.071
89.042
86.968
90.041
87.808
87.137
87.480
77.704
71.928
62.291
60.771
68.567
71.347
78.370
81.235
84.058
84.376
84.242
84.864
84.520
87.295
85.861
89.442
85.124
87.186
89.068
87.623
84.793
81.341
84.165
83.248
85.397
90.398
90.424
91.310
88.887
86.840
86.684
79.555
70.355
58.215
45.538
40.422
37.398
36.655
36.087
38.466
35.600
32.826
31.672
29.536
30.448
29.566
31.882
33.562
35.125
33.194
31.230
35.626
36.834
36.183
39.636
39.477
40.026
44.592
45.191
50.749
57.778
72.358
84.261
89.089
91.677
92.986
94.858
94.070
94.445
93.594
93.559
93.320
92.485
92.036
91.418
90.724
90.567
91.822
92.071
93.436
94.138
94.573
95.172
95.886
96.122
94.236
93.477
90.532
90.736
88.154
85.410
82.453
81.665
76.088
76.560
79.249
84.577
86.947
90.044
92.061
92.199
92.945
88.655
90.146
87.681
85.470
80.423
