66.824
73.537
75.572
68.675
65.915
64.506
51.247
55.664
62.960
74.896
78.798
84.637
87.334
87.814
89.599
86.309
89.026
85.972
85.448
82.078
76.631
72.708
63.508
69.320
78.802
82.714
87.491
88.844
90.558
90.496
88.503
89.151
86.258
84.400
83.666
82.264
86.096
88.900
92.259
91.787
92.150
92.653
92.547
91.419
91.500
90.524
89.545
89.606
89.465
91.526
89.503
89.395
89.049
85.034
85.391
87.096
86.119
87.770
86.297
87.476
84.785
86.686
83.497
81.349
81.102
71.914
65.676
51.108
56.367
64.965
68.251
74.518
77.750
79.590
81.486
81.471
82.619
82.654
85.322
85.359
88.902
83.806
85.290
87.542
86.707
83.796
80.910
84.127
83.931
85.275
88.889
87.689
85.884
85.463
82.257
81.897
75.674
64.832
54.769
44.547
38.087
36.029
35.718
35.727
38.386
34.504
32.335
30.698
27.886
29.197
28.754
31.052
34.481
31.593
32.400
30.551
36.102
35.493
36.088
39.751
37.364
40.335
44.159
44.475
47.411
52.711
61.175
73.854
81.386
86.332
89.431
92.068
91.804
92.684
92.212
92.208
92.568
91.493
90.853
90.381
90.841
90.192
92.063
92.309
93.073
93.056
92.742
92.210
93.436
92.131
87.682
83.047
