33.094
39.097
44.678
45.577
61.384
72.024
79.019
81.860
82.319
81.811
82.560
82.819
84.081
84.193
87.341
80.497
81.853
84.125
85.066
83.494
81.577
83.484
83.643
83.506
89.178
87.785
86.115
86.091
82.578
82.757
75.197
63.773
52.584
45.536
37.407
35.359
32.573
29.950
31.589
29.203
26.189
24.789
25.371
25.199
25.565
29.053
33.027
34.420
33.813
31.802
38.049
39.497
36.639
41.782
40.656
40.734
44.801
45.617
51.126
58.492
70.496
81.602
86.075
90.139
92.049
94.148
92.830
93.744
92.715
93.258
93.612
92.941
92.715
91.890
92.512
92.298
92.604
93.538
93.968
94.414
94.175
94.880
95.365
95.419
93.417
92.694
89.232
88.446
83.934
78.882
72.276
69.638
65.765
66.273
71.653
78.085
82.818
87.308
90.301
91.061
92.622
89.705
91.232
88.228
87.642
84.024
77.658
73.838
64.878
73.025
80.548
85.411
90.126
91.305
92.863
92.211
90.660
91.393
88.458
87.493
88.884
89.333
93.050
93.655
95.328
94.726
94.645
95.015
93.970
93.153
92.390
92.186
90.836
91.730
91.341
92.944
91.467
90.824
89.662
85.986
86.312
88.203
87.825
89.399
88.202
89.299
87.926
89.822
87.066
84.625
83.311
67.434
