35.103
40.395
49.173
40.820
37.181
40.582
36.865
34.436
35.261
33.683
33.442
31.385
33.562
29.411
29.106
32.527
31.759
30.369
31.206
33.936
35.289
38.069
37.782
39.910
41.935
38.626
41.523
43.292
41.799
44.127
44.046
43.035
46.112
46.477
47.496
53.698
60.148
67.581
79.236
82.381
86.560
86.923
86.858
86.484
86.180
86.105
87.487
87.224
85.500
85.925
88.415
88.667
89.129
89.528
89.059
89.824
87.843
89.120
89.137
89.009
87.292
85.876
82.142
84.226
80.665
77.285
72.793
70.872
66.319
67.660
73.088
79.258
82.691
87.196
89.132
90.487
91.042
90.281
91.033
89.883
89.428
87.099
83.827
77.278
68.618
75.223
81.144
85.888
90.527
91.098
91.980
92.069
90.409
90.984
88.107
87.382
87.931
85.788
88.238
89.382
91.280
90.069
90.304
91.475
90.326
90.757
90.636
90.943
89.771
89.899
88.606
88.307
87.434
88.814
87.296
84.669
87.854
89.076
88.277
88.430
88.474
88.947
87.580
88.758
87.113
85.426
84.650
77.258
64.440
52.805
62.755
71.252
75.626
78.650
80.346
81.932
81.698
83.466
84.276
85.124
85.889
86.088
87.173
81.065
80.361
79.626
77.825
74.148
66.088
51.251
42.689
29.775
