57.618
51.335
50.800
52.360
51.309
48.081
49.419
45.239
43.739
46.816
41.171
34.735
36.230
40.031
40.165
40.380
42.899
43.860
44.136
41.962
43.740
45.168
45.351
46.968
46.779
47.610
47.914
49.656
51.960
57.080
63.772
77.546
83.775
88.329
90.707
92.014
91.363
91.623
90.747
90.795
91.116
90.286
89.754
89.521
90.044
89.070
89.930
90.837
91.469
92.022
91.671
91.898
93.117
92.669
90.559
90.025
87.254
85.867
82.794
77.324
71.063
67.956
64.882
64.216
70.170
76.750
81.216
85.422
87.951
89.515
90.637
89.232
90.060
88.385
86.800
85.904
80.311
70.601
59.725
63.042
71.754
81.050
87.931
88.922
90.714
90.341
88.469
89.037
85.870
85.411
85.725
86.201
89.119
90.812
92.827
92.038
92.180
92.222
91.445
90.459
89.988
89.183
87.972
88.176
87.892
89.868
88.064
87.892
87.291
85.092
87.211
88.010
88.832
89.557
88.734
89.227
87.828
88.974
86.579
83.703
80.740
73.749
58.721
50.537
57.724
62.386
67.701
77.227
80.486
83.607
84.114
84.067
85.375
86.285
87.600
87.634
89.241
85.163
85.662
84.477
84.196
77.763
76.493
81.049
81.083
83.168
85.309
86.878
82.468
86.740
83.852
76.122
