72.603
86.626
86.579
88.909
88.014
89.157
87.431
89.982
87.233
86.173
86.942
76.566
74.105
63.904
63.832
69.009
74.975
78.556
81.261
83.273
84.516
85.064
86.036
85.402
86.828
85.917
88.786
82.910
84.322
87.363
85.923
83.150
79.997
82.606
81.495
83.754
89.418
89.761
89.837
88.185
86.517
86.539
79.579
71.020
59.280
46.071
39.494
36.482
36.632
35.942
39.947
35.383
32.424
31.795
29.497
30.830
29.574
31.722
34.153
36.385
34.689
32.172
36.353
38.180
37.553
40.719
40.668
41.186
45.676
46.935
52.249
60.335
74.679
84.046
88.682
91.988
93.068
94.733
93.622
93.874
93.047
92.973
93.132
92.538
92.313
91.871
92.609
92.116
92.223
92.994
93.642
94.360
94.171
94.945
95.380
95.468
94.471
93.702
91.391
90.983
87.096
84.894
79.808
77.035
73.945
76.727
81.311
83.365
86.275
89.917
92.502
92.053
93.148
89.077
91.098
88.356
87.039
82.690
75.179
74.904
66.413
73.006
79.465
84.799
89.190
91.495
92.921
93.390
92.433
93.141
90.746
89.883
91.594
91.688
94.354
94.908
95.617
95.000
94.435
94.722
93.870
92.911
92.481
91.715
90.903
91.206
90.525
91.253
89.250
88.325
86.604
71.233
