61.736
66.036
76.948
80.909
85.990
86.111
88.277
87.308
87.540
87.714
87.097
89.086
87.151
86.988
86.245
81.273
82.501
84.915
83.682
85.209
83.800
84.088
81.905
82.966
79.463
76.297
75.605
66.666
58.882
47.833
53.116
58.936
64.326
71.092
74.432
76.048
79.048
79.001
80.695
80.290
82.009
83.045
86.232
78.776
82.123
84.045
83.569
80.247
76.917
81.085
79.703
82.168
85.992
85.084
84.082
83.617
81.672
80.256
74.638
63.215
53.171
44.369
37.731
35.897
36.248
35.740
39.120
33.481
30.813
29.631
27.126
28.853
27.837
30.976
32.768
34.977
33.941
32.051
36.569
36.744
37.774
40.637
40.806
41.791
45.605
46.288
50.019
56.959
65.691
75.133
80.743
84.644
86.028
88.426
87.898
89.235
88.820
89.548
90.423
88.989
89.430
89.469
89.449
88.784
89.526
89.577
89.934
89.307
87.982
85.972
87.069
86.265
80.841
83.257
80.292
76.840
76.913
68.972
64.791
62.902
58.370
54.660
61.185
69.146
73.373
78.982
79.971
82.824
83.573
81.841
84.392
84.184
79.261
77.770
69.219
66.491
58.073
60.594
65.372
73.604
78.359
79.723
75.437
78.015
71.877
76.095
73.570
68.261
65.172
57.809
67.439
66.929
