66.164
77.105
73.369
78.456
82.848
76.981
81.064
84.619
84.490
87.423
86.788
88.594
87.139
90.102
87.387
86.618
87.241
77.624
75.708
68.514
66.435
70.823
75.212
78.843
81.060
83.654
84.310
84.196
84.856
83.658
84.766
83.549
86.398
79.293
81.475
84.221
83.033
79.383
77.063
80.963
81.429
82.950
89.031
89.030
89.659
87.745
86.202
86.313
79.276
71.382
60.022
47.748
39.928
37.013
37.071
36.422
40.030
34.967
31.724
30.979
28.508
30.241
29.181
31.820
35.485
37.292
35.740
32.631
37.084
38.377
37.924
41.438
41.747
42.412
46.880
48.473
53.396
61.644
75.485
84.650
88.761
91.872
92.895
94.363
93.006
92.979
91.385
90.599
89.718
88.277
86.925
87.062
87.393
86.497
88.220
90.070
91.610
93.036
93.365
94.400
95.061
95.299
94.314
93.731
91.627
91.239
87.749
85.437
80.704
77.986
75.196
78.125
82.433
84.281
86.884
90.140
92.630
92.200
92.915
88.861
90.283
87.418
84.808
80.642
72.746
72.043
63.700
70.839
77.357
83.645
88.354
91.057
92.929
93.418
92.534
93.285
90.889
90.372
92.157
92.176
94.459
94.885
95.410
94.795
94.123
94.268
92.965
91.656
90.708
88.411
84.287
74.478
