79.890
84.016
84.948
84.260
85.545
87.001
86.586
88.086
89.184
89.447
90.780
90.897
92.728
93.649
94.201
93.693
93.298
90.913
90.765
87.212
85.002
80.910
79.992
76.168
79.177
82.921
85.585
87.598
90.387
92.268
91.894
92.438
89.137
89.996
87.174
85.648
82.750
77.480
73.140
63.233
70.436
77.591
83.031
88.586
90.849
93.217
93.397
92.393
93.418
91.101
90.828
92.563
92.027
94.316
94.573
95.256
94.188
93.379
93.122
91.625
90.652
89.876
89.335
88.104
88.207
87.172
88.118
87.196
87.672
86.748
83.681
84.925
86.252
85.554
87.287
87.124
89.053
87.881
90.635
88.376
87.915
88.105
80.556
78.665
70.955
70.058
75.211
76.899
80.155
82.960
85.067
85.042
84.977
83.984
82.873
84.197
83.405
86.178
80.878
81.119
80.956
78.052
73.164
66.867
71.466
65.717
73.813
83.185
84.906
85.844
85.619
84.273
85.506
78.972
71.198
61.838
47.739
40.971
37.512
36.133
35.481
38.663
35.386
31.204
30.082
28.116
29.885
31.244
33.497
37.714
35.298
35.176
34.734
40.235
42.079
41.488
45.356
43.498
44.253
47.952
49.178
52.968
60.476
73.467
83.226
87.803
90.066
91.237
91.734
89.675
88.537
81.943
