41.638
47.286
50.689
49.162
45.995
47.278
53.217
66.721
77.637
83.813
87.370
88.155
90.143
87.201
89.690
86.796
86.060
82.698
77.626
73.334
64.413
70.563
79.578
83.635
88.258
89.564
91.221
90.827
88.497
88.682
84.736
82.173
82.184
82.358
85.857
89.330
92.476
92.236
92.805
93.066
92.779
91.712
91.821
90.830
89.924
90.018
89.976
91.834
90.100
89.892
89.408
85.647
86.302
87.706
86.763
88.230
87.043
88.345
85.550
87.121
84.170
81.550
80.626
70.698
64.207
51.254
56.081
64.554
68.661
75.149
78.337
79.936
81.718
82.525
83.398
83.408
85.942
85.471
89.122
84.520
85.348
87.655
86.663
83.566
80.609
83.607
81.704
83.723
88.436
87.594
85.039
85.403
82.349
82.118
76.387
65.717
56.178
45.143
38.640
36.656
36.260
36.200
38.674
35.197
32.556
31.206
27.797
28.989
28.478
31.290
34.491
31.307
32.090
30.642
36.667
35.907
36.327
40.181
38.377
41.028
44.393
45.318
48.563
53.224
63.941
74.182
82.319
86.893
89.505
92.287
91.955
92.880
92.352
92.379
92.822
92.015
91.167
90.794
91.043
90.518
92.428
92.363
93.077
93.226
92.912
92.667
93.606
92.609
89.125
88.032
82.355
77.789
