31.013
43.627
47.294
62.978
73.815
79.315
82.458
82.637
82.216
82.893
83.080
84.509
84.641
87.989
81.484
82.733
85.176
86.024
84.791
82.799
84.504
85.421
84.856
89.937
88.469
87.556
86.634
83.405
83.570
75.907
64.907
53.289
45.707
37.611
35.127
32.972
30.524
32.168
30.067
26.622
25.849
25.976
26.322
26.733
29.179
33.625
34.512
33.991
31.734
37.746
39.686
36.943
41.817
40.769
40.835
45.183
46.081
51.757
59.226
72.093
82.351
86.767
90.739
92.384
94.454
93.224
93.965
93.081
93.494
93.784
93.139
92.910
92.088
92.633
92.468
92.756
93.684
94.148
94.559
94.334
95.029
95.461
95.556
93.726
93.067
89.906
89.032
84.483
80.147
74.130
70.763
67.466
67.853
73.609
79.555
83.790
87.518
90.492
91.042
92.798
89.651
91.288
88.197
87.711
84.256
78.278
74.068
65.281
73.169
80.307
85.229
90.098
91.213
93.058
92.351
90.536
91.257
88.250
87.459
89.416
89.773
93.339
93.953
95.465
94.865
94.780
95.112
94.077
93.247
92.504
92.268
90.952
91.898
91.539
93.181
91.767
91.095
89.956
86.473
86.714
88.511
88.203
89.625
88.467
89.560
88.029
90.131
87.334
85.046
84.003
71.384
58.353
