79.720
84.162
87.355
85.103
88.368
85.100
84.488
81.219
75.589
70.564
60.716
65.524
75.274
80.109
85.809
87.027
86.848
85.359
82.103
80.814
74.414
73.754
77.099
77.780
82.594
85.744
90.016
89.377
90.909
91.402
91.541
90.370
90.714
89.887
88.997
89.218
88.980
90.879
89.094
88.548
88.003
83.650
84.242
86.180
85.568
87.170
85.806
87.145
83.983
84.643
79.823
74.265
66.408
58.023
51.393
46.409
49.552
53.716
57.136
68.967
75.216
77.678
79.723
80.852
82.374
81.601
84.484
84.650
88.230
83.205
84.279
86.082
85.154
82.143
77.876
80.592
77.644
82.037
87.197
87.421
87.681
86.108
83.692
82.936
76.703
66.036
56.376
46.099
39.003
35.871
35.509
34.703
37.877
33.464
30.594
29.453
26.607
28.561
27.967
30.504
33.631
32.839
32.341
30.328
35.719
36.248
36.629
41.196
40.554
41.272
45.341
46.349
50.882
57.742
68.536
78.285
83.265
87.796
89.701
92.123
91.227
91.516
91.094
90.738
91.517
90.735
90.237
90.327
90.772
90.207
91.239
91.589
92.124
92.250
91.841
91.597
92.980
91.933
88.305
88.302
83.264
81.893
76.865
64.992
57.976
50.047
42.777
38.620
37.240
37.190
37.606
35.579
