87.634
92.906
94.440
95.264
95.212
94.663
94.623
94.131
94.444
93.590
93.336
92.595
92.426
92.612
92.829
93.894
94.447
94.715
94.732
95.169
95.627
95.990
94.868
94.372
92.389
91.814
87.407
85.363
80.846
79.715
76.422
79.852
84.904
86.019
87.771
89.129
91.027
89.676
91.439
87.194
89.375
85.627
85.835
80.899
74.548
71.588
60.782
66.915
75.407
80.337
86.574
88.481
91.469
92.278
89.913
92.935
90.135
91.004
92.963
92.978
95.208
94.771
95.739
94.847
95.016
94.454
93.980
92.455
91.989
91.267
90.209
91.397
91.116
93.719
91.522
90.071
90.577
86.929
85.855
87.843
86.497
88.974
86.948
89.213
86.505
89.788
86.402
85.977
84.581
76.901
72.672
63.379
64.965
71.589
74.541
78.272
81.187
84.920
84.588
83.733
84.763
83.808
88.221
86.695
91.534
88.209
88.909
91.214
90.710
90.124
88.005
88.903
90.547
89.283
92.766
91.973
93.051
90.739
88.173
86.382
78.103
62.715
52.144
43.862
37.401
36.709
33.802
33.011
34.247
30.816
31.796
29.332
30.639
31.830
36.292
37.723
41.445
38.432
34.138
35.143
37.149
38.859
38.606
43.694
43.889
47.141
49.548
49.515
51.516
50.758
53.638
58.817
