79.468
83.169
82.533
86.206
83.565
81.976
79.887
72.707
67.053
58.490
60.732
72.228
77.974
83.079
84.418
81.654
80.837
75.100
75.040
69.718
69.849
68.453
68.342
74.932
79.272
85.281
84.645
86.372
87.152
88.798
87.678
88.761
87.437
87.007
86.546
86.039
87.731
85.650
85.711
85.100
79.864
81.976
84.077
83.487
84.493
83.812
84.091
81.881
81.956
77.266
71.544
62.828
59.229
49.964
43.078
48.694
54.209
59.752
67.601
72.019
74.158
77.619
77.724
79.798
78.579
80.788
81.986
84.781
77.192
80.147
81.005
79.079
74.746
70.590
74.051
68.669
74.219
80.856
82.950
78.642
81.717
79.032
77.903
72.095
59.095
49.517
42.602
37.110
34.067
34.790
33.764
36.284
32.434
29.980
28.646
26.653
28.663
28.358
30.515
34.076
31.976
32.764
30.317
35.868
36.226
36.953
40.489
39.660
40.758
44.214
44.008
47.875
54.184
62.277
72.913
79.702
84.098
85.639
89.109
87.629
88.767
87.546
87.794
88.871
88.083
87.632
88.364
88.811
88.015
89.211
89.005
89.699
89.254
89.026
87.917
90.239
88.981
83.732
84.996
79.671
76.477
75.191
64.452
62.130
59.104
52.824
47.433
52.539
53.984
56.862
58.501
68.794
