55.805
56.239
55.764
54.866
55.473
57.126
59.879
67.841
79.467
86.886
90.660
93.635
95.071
95.835
95.769
95.186
95.088
94.680
94.897
94.412
93.981
93.230
93.662
93.653
93.845
94.647
95.171
95.431
95.482
95.983
96.163
96.530
95.638
94.883
92.570
92.272
87.554
85.450
80.576
79.117
75.831
79.357
83.764
86.445
88.101
90.087
92.132
91.318
93.016
89.737
91.177
88.358
87.896
84.312
78.599
74.780
66.641
72.858
80.363
84.632
89.468
90.920
93.873
94.066
92.100
94.051
91.667
91.467
93.673
93.485
95.726
95.943
96.443
96.158
95.787
95.981
94.893
94.264
93.462
93.039
91.797
92.827
92.626
94.408
92.853
91.873
91.362
88.324
87.648
89.268
88.795
90.423
89.191
90.913
88.734
91.093
88.467
87.065
86.117
76.981
71.142
59.401
62.728
69.737
72.625
78.280
82.520
85.577
85.863
86.075
86.717
85.679
89.548
88.220
92.242
89.078
89.503
91.864
91.148
91.148
88.642
89.432
91.315
90.210
93.232
92.585
93.923
91.617
88.929
88.983
81.720
75.868
65.496
52.258
41.531
37.646
34.554
32.450
33.993
30.769
31.535
29.409
30.049
32.721
34.888
37.801
42.470
40.462
36.143
36.164
36.383
37.264
