68.632
84.397
89.742
92.136
93.093
94.102
94.156
95.147
95.638
95.709
94.725
94.002
91.608
91.218
87.086
84.834
79.732
77.900
74.803
76.976
81.668
84.951
87.349
89.990
92.060
91.899
93.025
89.615
90.856
88.092
86.884
83.758
78.950
74.296
64.978
71.600
80.368
84.487
89.749
91.388
93.960
93.896
92.205
93.431
90.890
90.574
92.671
92.473
94.897
95.179
95.895
95.449
95.069
95.123
93.633
92.585
91.182
90.640
88.467
88.915
88.278
90.333
88.665
88.959
89.187
86.378
86.256
88.037
87.392
89.316
88.205
90.153
88.325
90.833
88.168
87.179
87.045
78.473
75.256
65.367
65.634
71.640
71.909
78.564
82.351
84.980
85.276
85.368
85.057
84.670
87.178
86.460
90.311
86.732
86.715
89.271
88.762
87.577
85.207
87.093
88.957
88.467
92.072
91.107
92.507
89.609
87.209
87.335
80.079
73.868
64.543
51.129
41.722
37.950
36.010
34.705
37.567
35.316
31.417
30.332
28.655
30.326
31.001
33.919
37.573
35.339
35.482
33.589
40.553
42.709
41.680
45.451
44.306
45.187
49.626
51.073
55.749
64.034
77.724
85.182
89.192
92.258
93.677
94.989
94.484
94.032
93.123
92.266
91.703
89.246
85.492
71.268
