83.166
89.872
91.438
92.530
91.195
92.344
90.266
89.345
90.834
89.281
92.693
93.430
94.590
93.938
93.646
93.769
93.185
92.459
92.830
91.549
91.277
91.302
89.571
91.219
88.082
87.387
87.431
81.845
81.449
84.872
84.350
87.173
86.276
88.168
86.741
89.751
87.636
86.863
87.039
77.251
71.745
63.234
62.313
69.332
71.193
78.264
80.667
83.248
84.105
83.599
83.505
82.567
84.258
83.069
87.068
79.872
82.430
85.470
85.618
82.016
78.909
81.035
78.875
82.657
88.255
88.620
88.386
87.078
85.408
85.369
78.074
68.753
56.895
45.063
39.783
36.730
36.869
36.494
39.027
34.703
31.501
30.885
29.080
30.471
29.619
31.616
34.004
37.007
35.747
32.593
37.272
38.518
39.030
41.953
41.582
42.237
46.185
47.461
52.166
59.661
72.854
83.554
88.200
90.874
92.001
93.893
92.566
92.951
92.007
92.338
92.611
91.983
91.362
91.110
91.626
91.451
92.605
92.719
93.312
93.747
93.451
93.866
94.767
95.083
93.231
92.868
90.147
89.888
87.226
84.045
79.998
78.801
74.270
75.560
78.760
83.392
85.750
89.192
90.997
91.373
91.949
87.952
89.222
86.035
85.657
80.753
74.320
59.666
50.866
50.097
43.003
36.305
