69.790
67.036
60.413
64.054
55.907
54.680
52.560
46.196
42.330
44.111
45.560
45.156
44.100
45.350
45.461
45.232
42.046
48.344
48.459
49.284
50.925
50.522
51.649
52.965
55.301
58.954
67.353
79.116
88.160
90.628
93.295
94.778
95.226
95.138
94.723
94.544
94.113
94.333
93.647
93.217
92.444
92.807
92.678
92.886
93.873
94.531
94.901
94.970
95.382
95.638
95.772
94.674
94.011
92.086
91.431
88.069
83.770
77.853
74.733
72.278
75.077
79.940
82.503
86.112
89.103
91.679
92.783
94.242
93.048
93.450
92.626
91.576
91.145
87.869
77.981
69.476
75.126
81.497
87.285
91.791
92.473
94.388
93.668
92.003
92.708
89.729
89.319
91.460
91.452
94.170
94.724
95.562
95.267
94.941
95.232
94.037
93.753
92.744
92.622
91.190
92.017
91.762
93.659
92.383
91.885
91.466
90.455
91.623
92.133
93.103
93.229
93.216
93.525
92.731
93.075
91.170
88.469
86.707
78.420
65.849
55.432
64.221
70.826
73.266
82.751
86.534
88.778
89.925
91.019
91.436
91.541
92.739
92.459
93.639
91.732
91.225
91.882
90.725
89.936
87.925
88.868
90.427
90.193
92.372
92.254
93.699
92.384
90.675
91.257
87.520
83.320
71.368
