59.730
58.820
65.791
61.144
61.475
60.769
53.283
53.318
51.436
45.884
43.149
41.969
45.848
44.413
45.882
45.739
45.073
45.516
44.003
49.460
49.286
48.736
51.015
49.916
50.326
51.155
52.707
56.310
62.794
73.142
84.597
88.320
91.728
93.782
94.348
94.231
93.954
93.763
93.308
93.615
92.798
92.384
91.639
92.062
91.725
92.120
93.195
93.764
94.239
94.097
94.524
94.947
94.848
93.359
92.463
90.002
89.430
85.971
81.069
74.749
72.089
69.045
70.575
76.280
80.055
84.254
87.702
90.403
91.778
93.360
92.080
92.727
91.667
90.583
90.083
86.304
76.202
67.351
73.159
80.635
86.230
90.805
91.496
93.381
92.643
90.888
91.511
88.383
87.898
89.417
89.443
92.382
93.383
94.654
94.266
94.129
94.481
93.275
92.968
92.000
91.879
90.412
91.172
90.772
92.820
91.346
90.936
90.599
89.421
90.797
91.275
92.345
92.476
92.242
92.538
91.475
91.974
89.828
86.817
84.842
76.833
62.800
53.503
62.116
67.864
71.366
80.964
84.267
87.242
88.319
88.908
89.868
90.552
91.797
91.621
92.795
90.547
90.276
90.468
89.232
87.209
85.407
86.987
88.321
88.699
90.921
91.070
91.729
90.941
88.797
88.318
81.811
