54.218
69.825
74.296
74.195
64.195
61.382
59.495
47.200
46.232
56.355
69.657
75.986
83.124
85.680
86.590
88.533
85.743
88.488
85.724
85.062
82.206
76.093
72.621
63.189
68.511
78.285
82.251
87.107
88.038
89.253
89.081
86.646
87.023
83.313
81.009
80.902
79.148
83.132
86.610
90.065
89.946
90.009
91.275
91.609
90.838
90.909
90.157
89.110
89.114
88.720
90.709
88.807
88.800
88.529
84.260
84.747
86.667
85.763
87.351
85.939
86.524
84.197
85.597
82.226
79.434
78.391
70.227
61.496
48.184
54.184
61.292
66.340
73.134
76.564
78.167
80.483
80.793
81.974
82.029
84.668
84.891
88.325
82.898
84.824
86.839
85.786
82.602
79.070
83.434
83.156
84.831
87.570
86.460
84.012
84.337
81.068
80.345
74.870
63.092
53.359
43.874
37.592
34.849
35.551
35.153
37.871
33.668
31.635
30.096
27.318
28.759
28.362
31.068
34.333
32.285
32.873
30.188
36.282
35.282
36.329
40.000
37.585
40.302
43.437
43.739
46.406
52.521
59.477
71.496
79.388
84.414
87.492
90.649
90.453
91.628
91.225
91.330
91.769
90.638
89.959
89.774
90.271
89.414
91.159
91.688
92.409
92.364
91.694
90.695
91.824
89.849
83.762
