79.039
79.420
86.037
84.596
83.887
84.479
85.418
89.217
90.317
91.557
89.849
90.213
89.247
90.380
88.961
90.392
89.735
89.420
89.743
87.748
89.932
86.074
85.134
85.990
79.738
78.345
83.279
82.076
85.333
83.982
86.147
84.009
86.930
83.568
82.799
81.695
72.722
64.579
55.750
57.179
62.403
65.262
75.703
77.888
81.055
82.263
81.380
81.875
80.271
82.275
81.316
85.839
79.413
81.505
84.341
83.181
80.734
74.615
75.691
71.511
73.994
83.607
86.585
87.235
86.065
84.671
84.254
77.599
68.791
57.706
46.939
39.605
36.337
36.028
35.770
38.771
34.112
30.832
30.473
28.191
29.744
28.777
31.234
33.599
36.514
35.473
32.174
36.909
37.810
38.381
42.273
42.074
42.880
47.090
48.654
53.579
61.493
73.407
82.977
86.790
89.563
90.506
92.303
90.778
90.575
89.751
89.774
90.717
90.145
90.206
90.602
90.733
90.343
90.908
91.298
91.235
91.470
90.859
90.781
92.719
92.992
91.117
91.381
89.159
88.183
85.201
81.225
76.112
75.197
71.580
71.345
76.009
80.433
82.192
86.153
87.923
87.847
87.619
84.461
85.855
83.596
83.186
78.518
68.658
56.273
49.054
44.086
44.975
43.342
39.548
39.166
32.530
