39.085
42.963
46.655
59.335
77.539
81.705
86.288
89.523
89.313
91.322
87.739
90.192
87.051
86.321
82.653
77.786
73.220
63.505
70.155
79.531
83.342
88.592
90.039
92.590
92.220
90.122
90.878
87.122
85.740
87.587
88.019
91.200
92.833
94.752
94.347
94.379
94.491
93.740
92.632
92.397
91.352
90.561
90.626
90.812
92.589
91.000
90.504
89.843
86.407
86.623
88.090
87.215
88.856
87.535
89.220
86.429
88.775
85.604
83.766
82.586
72.127
61.236
48.983
54.675
61.400
65.246
76.031
79.510
82.421
83.142
83.536
84.011
84.132
87.435
86.461
90.153
86.717
87.099
89.470
88.571
86.393
83.268
85.874
86.191
86.984
91.201
90.301
90.945
88.502
85.947
85.622
79.003
69.599
59.761
47.158
39.909
37.364
36.355
35.510
38.960
35.059
32.336
30.852
28.005
29.507
28.771
30.955
33.953
31.799
31.577
30.284
36.476
36.684
36.848
40.736
39.396
41.273
45.510
46.342
50.971
57.703
70.150
81.534
87.254
90.319
91.891
94.111
93.626
94.048
93.710
93.476
93.692
93.064
92.095
91.424
91.844
91.430
93.085
93.359
93.972
94.242
94.249
94.480
95.219
94.922
92.813
92.040
88.208
87.725
84.865
79.399
74.267
