82.274
84.125
85.949
86.523
89.462
87.569
87.069
86.893
82.837
82.886
85.353
84.122
86.478
85.255
87.292
85.507
89.167
86.344
85.832
86.119
77.462
73.717
66.320
64.425
69.416
74.013
78.234
80.327
83.293
83.757
83.223
84.184
82.799
84.416
84.237
87.433
82.323
83.830
85.767
85.420
82.094
78.996
81.858
80.581
83.145
88.734
88.871
90.272
87.972
86.611
86.497
79.596
72.562
61.786
49.225
40.337
37.819
36.756
36.327
40.292
34.818
31.524
30.349
28.187
29.885
28.950
31.514
33.938
36.139
34.941
32.473
37.161
37.845
38.709
42.002
42.281
43.165
47.975
49.614
54.393
63.148
76.656
85.022
88.806
91.594
92.622
93.683
92.122
91.572
90.441
89.950
90.259
88.839
89.330
88.973
88.713
88.252
87.968
89.066
90.016
90.641
91.486
92.408
93.824
94.355
93.317
93.288
91.172
90.665
87.176
84.586
79.607
77.511
74.697
77.606
81.802
84.260
86.457
89.298
91.371
90.651
90.661
86.315
87.418
85.016
82.885
80.159
73.300
67.186
55.778
55.250
61.092
75.562
85.015
87.701
89.864
90.875
90.466
91.678
89.919
89.479
90.708
91.063
93.446
93.503
94.012
92.642
91.725
90.420
89.010
84.026
72.744
