37.175
38.274
40.989
45.427
45.995
61.384
70.620
77.707
80.481
81.464
81.098
81.935
82.215
83.403
83.880
87.094
80.186
81.615
83.741
84.739
82.848
80.778
83.192
83.161
83.216
88.499
86.958
84.819
85.312
81.995
81.658
74.380
62.941
51.916
45.324
38.005
36.082
33.402
30.904
32.867
29.624
27.600
25.455
25.910
26.104
26.666
29.668
33.620
34.835
34.520
31.658
38.271
39.134
36.930
41.528
40.325
40.930
45.253
45.550
50.443
57.565
69.255
80.374
85.206
89.282
91.253
93.498
92.096
93.264
92.235
92.892
93.243
92.489
92.265
91.504
92.104
91.816
92.237
93.172
93.600
94.012
93.620
94.142
94.770
94.560
92.326
91.700
88.103
87.213
82.437
76.001
68.514
64.694
59.257
58.180
65.510
72.892
79.821
84.820
88.703
89.954
91.753
89.095
90.786
87.936
87.247
83.754
77.200
73.356
64.503
71.991
79.851
84.792
89.371
90.514
91.331
90.486
88.374
88.985
85.776
84.547
85.702
87.184
91.113
92.202
94.281
93.526
93.813
94.154
93.437
92.581
91.989
91.805
90.481
91.340
90.641
92.422
90.799
90.204
89.148
85.208
85.835
87.736
87.351
89.022
87.708
88.713
87.282
88.935
85.801
82.500
78.868
