37.477
40.375
41.023
38.729
39.250
39.714
38.691
45.614
53.052
77.265
82.359
86.496
87.486
87.693
89.900
87.905
87.025
87.942
87.182
90.121
91.111
92.955
91.387
90.954
89.303
88.510
86.170
85.753
82.632
82.917
82.983
83.644
87.142
84.088
82.049
81.546
76.458
74.777
76.977
77.968
80.648
80.272
83.081
82.651
86.520
83.913
83.284
83.351
74.650
68.408
59.034
59.849
64.158
68.880
75.848
77.533
80.420
81.646
79.097
79.271
77.574
79.320
79.932
81.804
76.077
79.675
81.545
83.435
79.915
77.873
82.151
81.436
83.348
86.911
86.528
85.887
84.674
82.514
82.455
75.747
63.055
51.041
44.743
36.867
34.533
32.139
30.112
31.293
27.891
25.516
24.802
25.420
26.018
27.227
30.663
34.931
32.838
34.839
32.057
37.539
38.769
37.683
41.878
40.274
41.369
45.544
45.354
50.116
57.134
67.221
80.837
85.245
88.471
89.344
91.705
89.271
89.916
88.213
89.022
89.629
88.691
89.215
89.498
88.355
86.591
87.315
87.285
88.839
88.764
89.869
89.993
92.902
93.009
90.369
90.839
88.669
87.697
85.285
80.047
76.315
75.773
69.382
70.576
73.772
81.176
84.183
86.732
88.221
87.761
87.190
82.469
78.741
