51.415
58.778
57.494
55.684
54.792
55.884
57.170
59.766
67.696
79.296
86.951
90.605
93.523
95.020
95.746
95.696
95.120
95.020
94.601
94.839
94.304
93.899
93.200
93.600
93.588
93.817
94.561
95.143
95.378
95.421
95.924
96.109
96.420
95.488
94.729
92.461
92.057
87.342
85.196
79.860
78.174
74.743
78.104
82.856
85.693
87.704
89.939
92.041
91.425
93.218
89.819
91.372
88.766
88.239
84.725
79.105
75.538
66.600
73.375
80.399
84.195
89.661
90.953
93.918
94.035
91.928
93.827
91.300
91.155
93.353
93.102
95.509
95.777
96.329
96.054
95.695
95.910
94.844
94.240
93.407
92.922
91.770
92.741
92.531
94.344
92.808
91.908
91.346
88.645
88.151
89.598
89.196
90.859
89.538
91.279
88.968
91.336
88.444
87.153
85.758
76.953
69.450
57.323
62.300
70.339
73.042
78.891
82.848
85.911
86.241
86.534
87.409
86.106
90.029
88.637
92.510
89.652
89.959
91.984
91.160
91.118
88.631
89.208
91.029
90.072
93.025
92.491
93.863
91.709
89.043
89.212
82.349
76.690
67.743
53.055
41.593
37.799
35.825
34.435
36.767
33.007
32.817
30.015
28.789
29.735
30.498
32.372
37.103
36.052
31.824
30.545
25.949
