75.875
88.822
90.976
92.158
92.907
91.403
92.574
90.509
89.531
91.007
89.067
92.722
93.694
94.804
94.330
93.908
94.203
93.507
93.088
93.175
91.988
91.853
91.812
90.181
91.151
88.676
88.214
87.679
82.569
82.554
85.533
84.683
87.370
86.412
88.483
86.799
89.819
87.767
86.994
87.116
77.005
70.043
59.268
59.961
67.977
70.422
78.316
80.939
83.609
84.183
84.002
83.804
83.054
84.764
83.340
87.298
79.796
82.507
85.020
84.539
80.650
76.978
79.318
76.472
81.141
87.776
88.581
88.272
87.123
85.533
85.564
78.431
69.509
57.753
45.141
39.958
36.955
36.920
36.700
39.420
35.044
32.169
31.427
29.295
30.587
29.600
31.764
33.934
36.000
35.018
32.529
36.774
37.854
38.290
40.956
40.632
41.285
45.492
46.600
51.475
58.564
72.010
83.187
88.305
90.845
91.930
93.894
92.553
93.012
91.971
92.325
92.562
92.169
91.349
91.294
91.852
91.832
92.932
92.684
93.424
93.945
93.687
94.193
94.952
95.329
93.399
92.927
89.986
89.897
87.275
84.104
80.344
79.274
74.425
75.264
78.424
83.506
85.961
89.275
91.175
91.543
92.202
88.216
89.746
87.037
86.327
81.792
76.389
61.822
51.699
49.565
40.537
