55.924
71.370
82.874
89.399
92.216
94.296
95.205
95.828
95.720
95.088
94.973
94.555
94.750
94.117
93.772
93.087
93.258
93.273
93.482
94.286
94.944
95.129
95.252
95.724
96.039
96.467
95.616
95.065
93.341
93.145
89.420
87.524
82.404
80.429
76.595
80.320
84.910
86.794
88.524
89.605
91.853
90.441
92.384
88.285
90.198
86.676
86.505
82.010
75.289
72.605
62.199
68.759
77.655
81.608
87.414
89.118
92.172
92.889
90.633
93.463
90.843
91.419
93.609
93.698
95.677
95.610
96.289
95.582
95.498
95.176
94.557
93.282
92.735
92.057
90.988
92.010
91.852
94.088
92.092
90.695
90.889
87.184
85.929
88.365
87.398
89.835
88.267
90.472
88.114
90.868
87.719
86.707
84.918
76.394
71.427
60.755
63.040
69.748
73.312
78.676
82.505
86.289
86.566
86.227
86.893
85.155
89.345
87.363
91.916
88.109
89.336
91.734
91.143
90.652
88.613
89.243
91.128
89.892
93.171
92.731
94.031
92.087
90.196
89.936
83.469
77.853
67.637
51.431
41.310
38.347
34.728
33.150
35.311
32.266
32.392
29.114
29.413
31.312
34.181
36.346
40.556
38.372
33.450
34.475
37.297
39.683
40.162
46.315
47.778
51.676
54.281
52.573
