75.121
74.003
78.203
79.878
82.899
69.719
76.873
77.335
76.032
72.260
70.885
74.858
73.301
76.970
81.512
81.637
69.646
78.708
71.579
64.504
58.668
41.638
39.481
37.007
32.349
30.949
31.313
28.242
27.496
28.498
25.219
22.726
23.615
24.942
25.535
27.110
30.727
31.627
33.126
31.406
37.314
40.880
38.767
41.627
41.056
40.592
42.971
42.840
45.554
50.557
56.247
65.713
75.475
82.772
84.926
88.938
87.213
89.481
87.699
89.321
89.950
89.258
89.197
89.132
89.769
89.010
89.762
90.238
90.698
90.740
89.978
89.675
91.512
89.954
86.425
86.044
81.635
78.786
73.940
65.545
60.399
57.630
52.526
48.890
55.214
63.489
73.972
79.676
82.954
83.729
85.542
83.433
86.384
84.301
83.818
81.659
75.049
69.927
60.392
65.991
74.751
79.614
85.133
86.245
86.085
87.020
83.721
84.326
81.109
79.850
79.172
78.499
84.864
86.798
90.937
89.725
90.619
90.562
90.594
89.238
89.585
88.999
87.900
88.078
87.141
88.382
86.412
86.561
84.895
80.214
82.608
84.860
84.436
84.304
83.324
82.572
80.552
80.402
76.290
73.512
68.498
58.279
48.645
38.780
44.779
45.663
50.267
53.565
59.836
55.480
50.177
54.810
