81.893
84.224
87.622
86.797
88.125
86.704
89.541
86.674
85.802
86.613
76.193
74.098
63.427
63.838
68.965
74.680
78.420
80.916
82.788
83.941
84.072
84.919
83.684
84.680
83.638
86.642
77.980
80.558
84.126
82.630
78.677
75.586
78.983
76.576
80.952
87.603
88.367
87.805
86.865
85.296
85.431
78.255
68.350
56.321
45.007
39.214
35.640
35.947
34.600
38.564
35.006
31.718
30.701
28.814
30.196
29.278
31.643
35.393
36.987
35.576
32.247
36.012
38.066
37.269
40.537
40.555
41.020
45.695
46.652
51.974
60.119
73.912
83.708
88.095
91.446
92.275
94.121
92.713
93.040
91.846
91.700
91.989
91.425
90.837
90.971
91.938
91.124
91.361
92.148
92.790
93.707
93.497
94.491
95.076
95.148
94.107
93.360
91.048
90.656
86.988
84.597
79.714
77.103
74.080
77.057
80.997
83.677
86.107
89.675
92.227
91.635
92.711
88.410
90.455
87.612
85.748
80.735
71.991
72.753
64.299
71.507
78.562
84.125
88.766
91.116
92.622
93.222
92.330
92.936
90.720
89.773
91.502
91.467
94.051
94.570
95.441
94.779
94.159
94.378
93.451
92.371
91.952
90.989
90.121
89.966
89.040
89.229
86.553
86.086
83.286
72.699
49.384
