51.855
60.861
76.253
83.542
87.765
91.272
92.392
93.736
93.933
95.270
95.720
95.953
95.117
94.384
92.252
92.035
88.325
86.684
82.307
80.521
77.374
79.883
84.898
87.243
89.015
91.183
92.912
92.660
93.547
90.254
91.122
88.457
87.242
84.237
79.819
75.048
66.001
73.034
81.396
85.350
90.046
91.858
94.435
94.429
93.030
94.164
91.762
91.637
93.716
93.430
95.400
95.632
96.145
95.765
95.232
95.116
93.453
92.325
90.744
90.228
87.734
88.295
86.730
88.425
86.630
88.126
88.587
86.226
86.553
88.172
87.785
89.577
88.691
90.517
88.976
91.523
89.270
88.533
88.628
80.601
78.659
70.306
69.313
74.456
75.009
79.927
83.540
86.017
85.957
86.009
85.653
85.065
87.592
86.721
90.220
86.713
86.820
88.885
87.464
85.462
83.122
85.780
88.118
88.279
92.001
91.412
92.857
89.982
87.658
87.904
80.841
75.201
65.647
50.731
42.188
38.049
36.255
35.012
37.946
35.278
31.468
30.456
28.772
30.636
31.111
34.142
37.812
36.230
36.136
34.594
40.976
43.630
42.356
46.110
44.941
45.333
50.026
51.765
56.696
65.026
78.769
86.095
89.767
92.682
94.035
95.157
94.523
93.739
92.561
91.054
89.434
80.939
