69.128
83.186
86.561
87.588
89.414
86.398
89.063
85.832
85.025
81.684
76.205
71.236
62.345
67.857
76.795
81.507
87.100
88.639
89.766
89.429
86.886
87.255
83.167
82.215
82.750
82.601
87.048
89.534
92.433
91.799
92.185
92.442
92.060
90.912
91.024
89.959
89.022
88.907
88.741
90.630
88.562
88.392
87.851
83.429
84.454
86.485
85.691
87.427
86.268
87.797
84.920
86.821
83.202
80.349
77.769
67.631
57.784
48.126
53.291
59.097
63.724
73.566
77.633
79.990
81.199
81.739
82.894
82.256
84.804
84.558
88.021
82.612
83.727
85.521
84.348
80.539
76.797
80.019
76.664
81.542
87.200
87.405
86.682
85.994
83.629
83.038
76.784
65.865
55.597
44.921
38.522
35.585
35.451
34.834
37.598
33.779
31.319
29.874
27.508
28.946
28.367
30.174
33.663
31.594
31.473
30.155
35.931
36.401
36.376
40.531
39.531
40.520
44.674
45.570
49.743
56.657
67.755
78.418
84.110
88.272
90.011
92.349
91.459
91.768
91.210
90.807
91.424
90.531
89.803
89.660
90.336
89.853
91.362
91.479
92.194
92.329
92.104
92.257
93.542
92.994
90.080
89.919
85.308
83.930
79.150
67.522
59.807
50.367
45.711
42.408
36.791
33.501
