60.183
79.354
85.447
88.734
88.848
90.812
87.473
90.039
86.696
86.076
82.256
77.191
72.356
62.877
69.005
78.771
82.871
88.219
89.812
91.871
91.399
89.224
89.783
86.287
84.922
86.037
85.935
90.127
91.597
93.878
93.354
93.727
93.890
93.219
92.107
92.060
90.869
90.089
89.938
90.100
91.808
90.234
89.769
89.107
85.229
86.039
87.701
86.775
88.381
87.185
88.879
85.885
88.100
85.072
82.955
81.504
70.520
59.577
48.162
53.917
61.103
65.412
75.414
79.005
81.705
82.509
83.106
83.753
83.640
86.659
85.795
89.449
85.248
85.725
87.825
86.435
83.299
80.017
82.935
80.166
83.643
89.320
89.034
88.793
87.502
84.946
84.499
78.029
67.675
57.502
45.287
38.989
36.834
36.278
35.398
38.157
34.387
32.144
30.591
27.684
29.166
27.750
31.064
33.565
31.294
31.272
29.782
35.617
34.974
35.769
39.391
38.142
40.477
44.016
44.745
49.096
55.040
67.449
79.259
85.617
89.230
90.973
93.287
92.859
93.408
93.007
92.684
93.117
92.505
91.701
91.252
91.696
91.284
92.821
92.763
93.402
93.640
93.541
93.857
94.625
94.240
91.779
91.102
86.394
85.946
82.243
74.935
66.520
53.504
47.104
41.381
36.427
