82.514
89.755
90.323
91.259
90.917
90.481
91.125
90.328
91.887
90.379
90.240
89.010
85.015
85.389
87.615
86.463
88.197
86.975
88.184
86.706
89.521
86.840
86.216
86.777
78.088
76.082
69.093
66.804
71.371
74.774
78.570
80.887
83.137
83.890
83.688
84.222
83.492
85.359
85.300
88.912
83.750
84.976
87.145
86.977
83.902
81.206
83.544
82.298
84.344
88.969
88.462
89.457
87.622
86.238
86.156
79.440
71.381
60.262
48.155
40.254
37.116
36.633
35.979
40.182
34.960
31.499
30.531
28.206
30.018
29.562
31.785
34.959
36.837
35.730
32.701
37.731
38.647
39.119
42.343
42.753
43.316
48.054
49.414
54.056
62.949
75.679
84.846
88.473
91.103
92.082
93.218
92.198
92.117
91.698
91.671
92.341
91.503
91.259
90.978
91.396
91.120
91.607
92.060
92.318
92.481
92.168
92.422
93.222
93.450
92.668
92.726
90.978
90.651
87.535
85.072
80.919
78.824
75.369
78.635
82.309
85.347
86.505
89.442
91.279
90.927
91.301
87.746
89.364
87.157
85.193
81.397
74.977
72.284
61.775
69.348
73.846
80.688
86.518
89.038
89.430
90.158
90.061
91.116
89.880
89.374
90.303
90.765
92.802
92.820
92.935
85.515
77.337
