73.848
82.865
84.756
85.373
84.933
86.277
87.522
86.773
87.839
88.217
88.335
88.879
88.094
90.041
91.166
91.541
91.029
91.197
88.492
88.676
85.396
82.837
79.533
79.530
76.056
78.980
82.127
84.915
86.111
89.457
91.184
90.539
90.801
87.851
88.740
86.103
84.478
81.996
75.544
70.987
61.131
66.810
75.467
81.167
87.277
89.677
91.499
92.276
91.496
92.602
90.422
90.188
91.387
90.082
92.518
92.963
93.817
92.297
91.593
91.451
90.323
89.209
89.074
88.346
87.573
87.634
86.635
87.727
86.581
86.757
86.084
82.457
84.328
85.418
84.649
85.590
85.871
87.309
86.474
89.119
87.167
86.692
86.921
79.755
76.914
68.439
68.927
74.565
75.261
79.345
81.995
83.417
83.439
83.339
82.428
81.347
82.124
82.092
84.628
77.941
79.202
78.727
75.992
72.627
64.809
64.367
59.318
60.456
70.029
77.214
72.342
81.181
78.353
80.124
75.047
65.371
56.236
44.844
39.785
36.821
35.482
35.218
38.003
35.416
31.049
29.644
28.093
29.684
29.403
32.565
36.674
34.180
34.975
34.376
40.443
41.530
41.146
44.505
42.359
44.244
46.467
47.399
49.646
54.460
65.081
75.373
82.199
83.718
84.112
85.725
80.653
80.329
