63.748
83.711
85.839
88.996
91.289
90.620
92.127
88.538
90.613
87.375
86.623
83.067
78.140
73.227
63.652
69.739
79.354
83.409
88.911
90.733
93.143
93.040
91.624
92.736
90.014
89.812
91.145
91.069
93.421
94.042
95.200
94.721
94.581
94.523
93.707
92.691
92.467
91.352
90.474
90.626
90.689
92.406
90.899
90.403
89.742
86.323
86.799
88.210
87.358
88.967
87.920
89.565
87.149
89.851
87.258
86.314
85.803
76.127
67.521
55.447
59.291
66.837
71.656
78.115
80.886
83.961
84.284
84.332
84.616
84.431
87.333
86.557
90.056
86.330
86.482
88.599
87.358
84.218
80.867
83.685
80.781
84.378
89.832
89.838
89.986
88.460
86.327
86.117
79.377
70.112
59.473
46.208
39.697
37.240
36.610
35.700
38.544
34.729
32.536
31.279
28.612
29.975
29.043
31.100
34.522
32.185
32.147
30.411
36.381
36.425
36.781
40.699
39.591
41.196
45.569
46.323
51.265
58.590
71.972
82.630
88.172
90.791
92.264
94.148
93.605
93.847
93.393
93.153
93.505
93.000
92.217
91.814
92.312
91.890
93.182
93.283
93.876
94.137
94.161
94.550
95.220
95.133
93.447
92.781
89.419
89.133
86.325
82.888
77.507
73.290
59.903
47.268
