51.948
77.426
85.351
85.579
88.269
87.378
88.792
87.148
89.849
86.953
85.913
86.586
76.037
74.001
63.545
63.530
68.839
74.232
78.010
80.785
83.019
84.106
84.517
85.217
84.409
85.604
84.598
87.878
80.763
82.471
86.328
85.134
82.217
78.806
82.472
81.174
83.481
89.137
89.347
89.466
87.793
86.155
86.257
78.979
70.278
59.053
45.972
39.889
36.199
36.221
35.287
39.060
35.151
31.818
30.850
28.645
30.249
29.077
31.769
34.677
36.608
35.214
32.183
36.329
38.220
37.399
40.703
40.984
41.427
46.148
47.407
52.768
60.894
74.634
84.222
88.638
91.772
92.688
94.450
93.208
93.446
92.457
92.470
92.599
91.735
91.515
91.291
91.950
91.310
91.695
92.520
93.113
93.902
93.731
94.568
95.175
95.252
94.144
93.551
91.235
90.698
86.937
84.297
79.056
76.486
73.866
75.788
80.224
82.942
85.911
89.505
92.067
91.663
92.647
88.455
90.459
87.660
86.054
81.588
74.092
72.663
63.322
70.145
77.588
83.532
88.474
90.899
92.408
92.887
91.947
92.655
90.329
89.437
91.071
91.264
94.006
94.480
95.311
94.683
94.097
94.249
93.433
92.392
91.957
91.188
90.121
90.322
88.954
89.892
87.431
86.041
81.526
