39.750
43.903
52.345
47.441
68.043
72.604
71.787
80.025
83.482
81.000
84.678
81.865
82.571
77.258
65.085
51.774
46.283
36.254
34.779
32.534
29.593
30.720
29.431
26.378
24.497
25.599
26.843
27.153
31.629
34.880
34.971
36.131
34.115
39.632
41.488
39.759
43.031
43.332
41.986
46.004
46.747
51.270
59.320
73.101
83.676
87.230
89.862
90.869
92.192
89.517
89.618
87.834
87.098
87.980
87.494
86.050
87.127
89.036
88.297
88.605
89.719
90.239
91.378
91.347
93.120
93.667
93.572
93.026
92.143
89.646
89.666
85.961
83.248
77.965
76.163
72.969
76.120
80.126
83.468
85.846
89.000
91.176
91.240
92.514
89.771
90.495
87.571
86.034
82.793
77.200
73.146
64.077
71.780
80.210
84.595
89.875
91.160
93.410
93.169
91.455
92.618
89.854
89.388
91.468
91.125
93.583
93.883
94.904
94.345
93.599
93.960
92.647
91.741
90.985
90.229
89.062
88.108
86.490
85.957
84.272
85.172
84.580
78.926
80.182
84.564
84.381
86.851
87.075
89.177
87.979
90.289
87.959
86.621
86.144
77.106
66.024
53.402
61.075
67.579
73.108
78.908
81.415
84.416
84.482
83.856
82.880
81.692
82.503
80.412
79.170
70.232
50.242
