78.406
84.352
85.763
82.857
79.880
79.683
70.472
61.353
50.781
56.459
57.786
68.955
74.037
76.430
78.532
81.112
79.774
80.364
79.657
81.373
82.163
84.048
75.979
80.625
81.848
78.997
75.197
71.236
77.309
74.829
80.351
85.220
87.071
87.410
85.327
82.841
81.857
75.874
62.939
52.680
44.983
36.885
35.094
33.744
31.954
36.670
31.769
29.295
28.602
26.975
28.495
29.195
33.564
36.219
33.689
34.000
32.691
38.004
39.580
40.131
42.996
41.249
42.396
46.355
47.091
51.729
58.393
66.920
80.250
84.958
88.469
89.891
92.080
90.341
90.418
88.602
88.670
89.526
89.018
89.030
89.170
89.530
88.591
88.843
89.539
90.213
90.752
91.032
91.198
92.790
92.534
90.288
90.189
87.472
86.144
81.672
75.544
67.646
66.651
60.523
59.319
67.628
75.511
80.123
85.108
87.310
88.033
88.834
85.627
87.117
83.318
81.320
79.103
71.199
67.384
57.946
63.588
72.633
80.616
86.603
87.900
89.865
89.272
87.583
88.423
85.056
84.056
85.343
85.696
89.597
90.521
92.805
91.742
91.516
91.583
90.663
89.831
89.079
87.727
87.651
87.055
86.230
87.942
85.712
85.623
84.580
79.127
80.507
83.423
83.126
83.429
81.068
