66.401
63.308
59.003
58.534
55.278
50.830
46.181
48.240
44.661
46.993
47.103
46.516
45.573
44.464
50.642
50.347
50.881
52.027
51.508
51.981
53.556
55.678
59.461
68.259
79.982
88.651
91.165
93.791
95.295
95.746
95.722
95.170
95.085
94.541
94.838
94.180
93.749
92.946
93.348
93.348
93.562
94.534
95.096
95.434
95.506
95.995
96.086
96.321
95.462
94.784
92.841
92.528
89.038
85.963
80.966
78.084
75.238
78.717
83.320
85.356
87.973
90.698
92.947
93.640
94.905
93.492
93.867
92.834
92.078
91.058
88.449
78.973
72.074
77.482
84.422
88.964
92.684
93.412
95.276
94.624
93.176
93.930
91.206
90.908
93.189
93.054
95.265
95.642
96.201
96.026
95.582
95.854
94.712
94.595
93.556
93.507
92.031
92.858
92.715
94.317
93.224
92.826
92.196
91.298
92.224
92.578
93.039
93.323
92.960
93.560
92.657
93.477
91.915
89.873
88.816
81.111
71.722
62.133
68.920
76.057
78.209
83.906
87.251
89.195
89.847
90.496
90.682
90.536
92.667
92.302
94.043
92.413
91.709
92.668
91.441
90.970
88.652
89.508
90.999
90.512
92.926
92.715
94.245
92.562
90.332
91.307
86.460
82.049
73.872
59.453
48.066
38.530
