35.766
42.702
44.734
40.617
41.517
48.174
58.510
73.625
82.916
86.694
87.556
89.974
87.072
89.741
86.742
86.110
82.763
77.614
73.159
63.843
70.275
79.499
83.528
88.111
89.285
91.029
90.252
87.470
87.200
82.620
80.282
80.720
81.725
85.393
89.002
92.349
92.181
92.942
93.104
92.884
91.705
91.763
90.761
89.886
89.961
89.902
91.816
90.092
89.849
89.323
85.525
86.384
87.750
86.789
88.303
87.056
88.492
85.436
87.048
83.605
80.837
78.994
68.628
60.405
48.007
53.483
60.068
63.979
74.057
78.049
79.952
81.698
82.542
83.091
83.525
86.112
85.571
89.110
84.372
85.257
87.525
86.622
83.293
80.508
83.309
81.483
83.749
88.759
88.071
86.541
86.171
83.223
82.735
77.240
66.303
57.166
45.138
38.917
36.438
36.043
35.976
38.753
34.927
32.355
30.873
28.045
29.413
28.611
31.001
34.329
31.062
31.779
30.513
36.659
36.762
36.652
40.686
38.955
40.689
44.906
45.694
49.355
55.045
65.893
77.101
83.684
87.590
89.834
92.448
92.130
92.966
92.625
92.453
92.925
92.081
91.244
90.790
91.127
90.728
92.532
92.509
93.148
93.375
93.042
92.906
93.794
93.019
89.246
88.714
83.834
82.621
78.347
