61.940
58.656
56.636
52.004
53.061
53.099
45.735
43.384
46.813
38.980
40.296
40.857
38.480
34.699
36.316
40.287
40.136
42.215
42.659
42.747
42.568
40.314
44.781
45.543
45.464
47.940
46.866
46.903
47.645
49.083
51.214
58.072
67.226
79.191
85.438
89.289
92.239
93.184
93.015
93.098
92.955
92.670
93.198
92.273
91.881
91.178
91.691
91.409
91.721
92.805
93.197
93.669
93.304
93.641
94.150
93.665
92.149
91.157
88.709
88.172
85.246
80.726
75.111
72.281
68.842
71.433
76.222
80.659
84.149
87.849
89.971
91.379
92.580
91.297
92.086
90.584
89.959
88.538
83.955
75.118
65.117
70.524
78.565
85.044
90.369
91.037
93.080
92.396
90.655
91.301
88.361
87.874
89.073
88.738
91.416
92.622
94.134
93.704
93.593
94.053
92.927
92.547
91.746
91.631
90.225
90.923
90.577
92.558
91.153
90.755
90.267
88.841
89.877
90.599
91.026
91.713
90.908
91.352
89.884
90.731
88.769
86.501
84.914
77.713
64.359
54.068
62.697
69.010
73.534
80.435
83.107
85.740
85.335
85.937
87.544
88.772
90.287
90.143
91.935
89.276
88.750
89.102
88.053
84.917
81.762
84.941
84.347
86.919
87.644
88.595
84.476
83.382
