58.163
69.736
71.743
68.509
80.424
83.990
84.105
86.440
84.082
84.086
77.346
65.677
51.576
45.504
38.728
35.920
32.731
30.857
30.384
29.826
27.298
25.933
26.696
28.285
28.386
31.349
34.475
33.332
33.919
30.959
36.019
39.609
37.888
42.471
41.867
41.912
45.903
46.688
52.359
59.855
73.165
83.341
87.579
90.596
91.757
92.692
91.699
91.712
91.566
91.011
91.625
91.158
90.770
90.396
91.280
91.475
91.241
92.218
92.281
92.773
92.405
93.475
93.878
93.796
93.102
92.477
89.860
89.512
84.984
81.557
74.993
73.206
70.370
73.305
77.311
81.562
84.661
87.980
90.450
90.709
92.156
89.066
90.502
87.749
86.720
84.074
77.747
72.912
63.083
69.930
77.647
83.307
89.429
90.571
92.865
92.711
90.789
92.025
89.022
88.480
90.364
90.429
93.343
93.808
94.822
94.174
93.645
94.096
92.950
92.306
91.823
91.475
90.242
91.035
90.610
91.324
90.671
90.567
89.581
86.634
86.810
88.072
87.561
89.100
88.066
89.775
87.644
89.772
86.435
84.865
84.135
74.028
60.490
48.177
56.849
61.665
65.634
76.605
80.040
83.326
84.007
84.139
84.226
83.960
86.081
85.481
88.711
83.926
83.302
84.937
81.437
78.611
