65.405
76.229
74.950
76.601
79.774
80.038
84.522
86.135
87.694
90.292
90.901
93.091
93.955
94.500
93.897
93.354
90.909
90.749
86.801
84.322
79.860
78.806
75.385
78.414
82.263
85.104
87.125
89.927
91.967
91.670
92.360
88.902
89.727
86.981
84.892
82.440
77.136
72.864
63.111
70.039
77.792
83.135
88.493
90.610
93.151
93.249
92.076
93.257
90.658
90.486
92.295
91.883
94.208
94.634
95.135
94.321
93.247
93.065
91.059
90.025
88.299
87.444
84.840
83.660
82.033
83.089
82.216
84.190
83.745
81.347
83.144
85.186
85.159
87.182
87.149
89.216
87.837
90.565
88.061
87.303
87.247
78.925
75.944
67.373
67.483
73.187
74.716
79.020
82.408
84.881
84.992
85.207
84.376
83.299
84.607
83.483
85.726
81.119
81.364
81.722
78.545
73.360
68.487
75.041
73.800
79.292
86.657
87.398
89.484
87.230
85.689
86.575
79.555
72.822
63.873
48.586
41.654
37.781
36.404
35.386
38.928
35.567
31.529
30.380
28.449
30.560
30.803
33.631
37.841
35.530
35.419
34.419
40.523
42.002
42.126
45.247
43.713
44.749
48.755
49.774
53.619
61.198
74.479
83.753
88.294
91.064
92.418
93.002
91.201
89.769
85.621
77.769
