60.759
72.566
73.457
76.021
77.988
80.416
65.389
72.948
72.196
71.310
67.299
64.722
65.422
65.011
70.575
73.917
76.263
61.073
75.454
68.478
60.496
55.900
41.667
38.679
36.383
31.664
31.447
31.510
28.421
28.481
28.039
27.129
23.984
23.366
23.734
24.075
24.910
28.996
30.634
33.351
31.554
38.979
42.021
38.602
43.764
42.576
42.218
44.236
43.588
45.236
49.922
55.612
63.951
73.135
80.253
83.264
86.465
84.992
87.305
85.265
87.717
88.937
88.900
89.021
89.259
90.005
89.307
89.766
89.891
89.818
89.943
88.660
88.990
90.156
88.250
85.273
83.948
79.361
77.839
73.776
65.991
60.595
58.023
52.712
48.994
55.308
64.154
73.959
79.870
83.252
84.493
86.209
84.710
87.080
85.189
84.318
82.191
76.292
71.299
62.698
68.970
77.313
81.849
86.398
87.211
86.788
87.155
84.203
84.059
80.296
78.839
78.065
77.971
83.445
86.094
90.295
89.341
90.100
90.325
90.353
89.346
89.759
89.283
88.246
88.200
87.500
88.302
86.661
86.828
84.373
79.892
82.621
84.531
84.066
84.002
84.041
83.378
81.915
81.760
78.360
74.897
69.757
59.265
48.795
40.689
46.221
47.388
51.794
55.583
62.389
58.947
48.604
