52.828
74.276
86.755
89.926
89.664
90.534
88.926
88.625
85.593
82.270
78.797
77.781
71.980
77.331
80.888
83.540
85.525
88.799
90.582
89.879
90.215
87.231
88.715
86.196
85.208
82.161
77.484
73.305
64.586
70.577
78.601
82.576
87.071
88.861
90.263
90.440
90.112
90.939
89.249
89.422
89.591
89.685
91.006
91.580
91.419
89.338
87.129
87.002
88.072
87.867
89.105
88.688
88.411
88.315
88.137
89.661
88.403
88.689
87.891
84.636
85.975
87.148
85.901
86.895
86.373
87.787
86.044
88.786
86.464
85.872
85.905
77.823
74.157
64.667
64.707
71.112
73.654
78.259
81.021
83.140
83.782
83.884
83.613
82.800
84.256
84.684
87.430
83.100
83.288
83.850
81.384
77.832
71.574
75.182
68.447
68.837
77.020
79.668
83.177
84.485
83.569
84.458
78.311
70.826
60.371
47.982
40.137
37.594
36.787
36.575
39.796
35.540
32.675
31.116
28.832
30.552
29.242
31.396
33.915
34.830
32.435
31.228
37.168
37.618
38.194
41.539
40.372
42.242
46.496
46.654
50.987
58.523
70.302
80.695
85.422
87.272
88.438
88.415
85.796
86.523
85.627
86.156
88.330
87.667
87.176
88.118
88.399
86.929
89.129
88.368
88.648
86.291
