52.482
74.048
79.391
81.666
82.529
81.712
82.207
81.978
82.848
83.055
86.377
78.617
80.388
83.012
83.653
81.727
79.839
81.705
81.443
81.748
87.545
86.289
83.386
84.536
81.619
82.025
74.879
62.922
51.303
44.285
38.094
36.269
33.900
31.290
32.907
29.768
26.916
25.613
26.016
26.181
26.523
29.175
33.385
34.441
33.751
31.326
37.929
39.252
36.780
41.331
40.110
40.679
44.966
45.872
50.531
58.049
69.934
81.320
85.723
89.299
91.060
93.334
91.880
93.260
92.288
93.011
93.449
92.852
92.682
91.929
92.418
92.091
92.460
93.354
93.717
94.137
93.673
94.343
94.884
94.551
92.616
91.847
88.493
87.808
83.282
77.366
70.425
65.958
62.025
59.676
66.345
74.374
80.766
84.483
88.703
89.709
92.024
89.500
91.267
88.296
87.631
84.068
77.959
73.166
64.747
71.928
79.642
85.108
89.741
90.497
91.341
89.927
87.958
88.225
84.071
82.982
85.057
86.873
91.508
92.175
94.466
93.647
94.138
94.430
93.673
92.787
92.213
92.031
90.617
91.522
91.105
92.757
91.258
90.572
89.384
85.512
86.035
87.951
87.700
89.111
88.345
89.132
88.051
89.498
86.683
83.620
80.031
65.232
52.271
48.310
42.337
34.293
