42.332
52.317
70.637
76.833
80.105
82.482
83.089
82.452
83.088
82.873
84.055
84.062
87.299
79.874
81.787
84.621
85.232
83.623
81.772
83.460
83.883
83.878
89.271
87.995
85.992
86.050
83.100
83.278
76.037
64.485
52.152
45.030
37.753
35.809
33.591
30.951
32.454
29.556
26.775
25.390
25.814
26.221
26.688
29.875
33.916
34.367
33.997
31.705
37.777
39.421
36.676
41.414
40.419
40.639
45.248
46.165
51.411
58.912
71.634
82.420
86.896
90.624
92.140
94.297
92.963
93.943
93.033
93.440
93.740
93.113
92.829
91.990
92.599
92.395
92.718
93.698
94.127
94.585
94.275
94.971
95.394
95.311
93.549
92.787
89.763
89.003
84.694
79.795
72.960
69.191
65.848
64.951
71.289
78.001
83.021
86.793
90.325
91.031
93.044
90.040
91.635
88.464
87.917
84.437
78.480
74.346
66.104
73.946
81.222
85.897
90.440
91.424
92.965
92.007
90.095
90.575
87.030
85.916
88.058
88.979
92.821
93.489
95.218
94.676
94.700
95.040
94.081
93.336
92.571
92.370
91.013
91.865
91.441
93.066
91.632
90.998
89.827
86.242
86.498
88.348
88.225
89.644
88.712
89.746
88.520
90.411
87.885
85.454
83.899
72.321
56.536
49.307
