36.326
46.766
42.523
44.293
46.470
44.766
50.322
44.959
44.281
36.912
34.844
33.190
33.572
32.031
32.779
29.107
33.764
29.539
32.240
30.902
33.529
30.470
31.225
27.568
28.331
31.638
27.380
28.339
29.853
27.938
25.536
25.469
27.008
27.411
30.083
32.038
32.401
35.039
29.040
39.644
39.008
38.440
41.304
40.650
40.110
42.644
42.978
44.850
50.238
55.677
62.796
70.746
74.261
78.251
77.917
77.504
78.433
77.272
80.233
81.957
83.671
82.549
85.528
87.193
86.986
86.964
85.059
82.888
84.048
81.508
83.433
82.016
81.034
80.601
78.728
74.781
77.735
75.141
71.440
65.864
64.345
59.341
56.287
64.615
73.265
77.432
82.698
84.337
85.077
85.019
83.709
85.457
82.845
80.917
77.306
72.336
69.556
61.454
68.228
76.214
81.456
86.356
87.431
87.531
88.241
86.494
86.626
84.241
83.260
82.285
80.235
81.017
83.397
85.068
85.666
84.350
86.557
85.400
86.999
87.400
87.585
86.890
85.514
83.623
82.879
82.059
82.304
74.692
71.227
76.931
79.929
77.825
79.012
80.190
81.606
80.922
81.563
79.354
78.548
74.648
64.562
46.490
35.998
45.847
50.774
57.310
62.870
62.888
63.712
62.424
60.950
60.785
