88.636
92.564
94.024
93.991
93.775
93.713
93.465
93.903
93.028
92.715
91.978
92.172
92.178
92.542
93.456
93.914
94.093
93.813
94.195
94.841
94.914
93.321
92.550
89.765
89.653
84.803
81.990
77.818
77.579
74.489
77.696
81.340
83.391
85.759
88.047
89.990
88.841
90.563
86.639
88.897
85.370
85.324
80.531
74.060
70.828
60.510
65.910
75.417
80.094
86.195
87.984
90.658
91.311
88.841
91.883
89.031
89.775
91.308
91.001
93.707
93.565
94.969
93.800
94.310
93.789
93.524
91.880
91.732
90.982
89.948
91.071
90.662
93.183
90.796
89.553
90.013
86.052
85.191
87.324
85.705
88.273
86.146
88.277
85.392
88.403
85.271
84.723
83.339
75.286
70.890
60.347
62.860
69.999
73.457
76.783
79.831
83.135
82.794
82.378
83.174
82.531
86.774
85.460
90.450
86.616
87.351
89.561
89.222
88.317
85.329
87.091
88.338
87.662
91.487
90.129
89.575
87.791
83.736
81.815
74.024
57.954
49.406
42.094
36.241
35.983
33.774
33.230
33.418
31.220
30.993
29.297
30.671
31.284
35.977
37.634
41.069
37.755
33.764
34.856
36.811
38.270
37.991
42.361
42.143
44.778
47.442
45.642
47.004
45.882
45.194
52.493
41.453
