69.187
77.217
79.448
78.456
80.060
79.869
80.243
80.965
84.264
72.458
76.432
78.718
79.056
74.902
73.048
75.319
72.197
76.432
82.554
82.856
75.534
81.806
78.780
78.351
71.603
58.353
48.296
43.095
38.063
36.640
34.200
32.207
32.670
31.290
28.714
27.120
26.410
26.452
27.004
28.899
32.221
37.027
33.834
32.372
39.568
40.805
37.978
42.611
41.087
41.335
44.929
45.437
48.940
55.314
65.382
77.616
82.958
86.773
88.753
91.313
89.480
91.467
90.244
91.371
92.145
91.618
91.583
91.001
91.631
91.180
91.628
92.401
92.584
93.106
92.181
92.845
93.581
92.895
90.620
89.847
86.071
85.055
80.688
73.507
66.978
62.065
58.197
55.063
61.667
69.835
77.528
81.997
86.678
87.834
90.367
88.323
90.466
87.734
87.486
84.193
78.657
73.998
65.637
73.087
79.114
84.237
88.487
89.273
89.003
87.822
85.489
85.472
81.041
80.275
81.519
83.857
88.934
89.921
93.164
91.990
92.852
93.103
92.772
91.843
91.570
91.367
90.017
90.690
90.170
91.473
89.962
89.689
88.233
84.102
85.618
87.477
87.243
88.314
87.593
87.770
86.729
87.458
84.362
79.973
72.448
58.544
48.628
44.920
44.312
39.559
35.752
38.962
