64.852
73.696
77.412
82.552
86.380
82.769
86.371
82.995
82.318
75.105
62.168
47.490
43.654
37.322
33.825
31.680
30.234
29.524
30.407
27.481
23.775
25.253
27.836
28.527
31.076
34.587
34.290
35.825
31.438
36.668
40.287
38.856
42.963
42.228
41.295
45.272
46.086
51.535
58.900
71.629
82.745
87.119
90.455
92.100
93.535
92.318
92.509
92.180
91.826
92.233
91.478
91.310
90.686
91.501
91.531
91.635
92.520
92.906
93.418
93.104
93.916
94.455
94.174
93.100
92.387
89.558
88.949
84.433
80.327
73.570
71.075
68.032
70.628
75.220
80.289
83.807
87.630
90.149
90.607
92.260
89.300
90.873
88.184
87.273
84.634
78.308
73.075
63.148
70.135
78.240
83.718
89.662
90.729
92.863
92.660
90.694
91.792
88.693
87.986
89.967
89.846
93.087
93.673
94.900
94.309
93.877
94.386
93.187
92.537
92.020
91.716
90.405
91.174
90.671
91.695
90.708
90.717
89.839
87.230
87.332
88.569
88.295
89.681
88.642
90.030
87.993
89.741
86.408
84.596
83.599
73.329
58.154
46.597
55.631
60.552
64.270
76.280
80.071
83.025
83.914
84.556
84.410
84.615
87.053
86.662
89.544
85.011
84.862
86.391
85.002
83.019
62.958
