55.968
50.905
52.203
49.909
46.997
42.425
45.029
41.364
38.887
40.084
37.323
38.508
37.703
37.057
31.981
32.599
38.649
38.363
38.897
40.994
43.271
42.699
39.007
44.944
45.382
46.114
48.265
47.201
47.646
48.163
49.548
51.551
57.863
67.507
79.223
85.312
88.570
91.645
92.884
92.312
93.017
92.558
92.478
92.861
91.914
91.475
90.876
91.386
91.032
91.386
92.517
92.961
93.464
93.092
93.358
94.038
93.524
91.601
90.703
88.074
87.788
84.904
80.654
75.046
72.235
68.538
71.289
76.063
80.520
83.837
87.773
89.764
91.241
92.218
91.019
91.773
90.118
89.445
87.774
83.417
74.627
63.595
68.410
75.726
83.713
89.942
90.774
92.681
92.154
90.452
91.216
88.180
87.887
89.054
88.668
91.222
92.295
93.984
93.336
93.414
93.832
92.632
92.195
91.302
91.191
89.702
90.482
90.130
92.200
90.702
90.241
89.636
88.125
89.308
90.035
90.684
91.378
90.834
91.112
89.882
90.606
88.741
86.370
84.727
77.702
64.990
53.862
63.324
69.731
73.866
80.281
82.921
85.387
85.157
85.730
86.915
88.673
89.995
90.065
91.679
88.255
88.017
88.175
86.989
83.828
81.258
84.026
84.253
86.017
87.196
87.020
82.289
