40.790
40.169
48.519
63.331
80.660
87.942
89.898
92.865
93.277
91.967
93.323
91.190
90.197
91.896
90.320
93.547
94.500
95.410
95.033
94.519
94.348
93.214
91.627
91.059
89.688
89.172
89.462
89.289
91.589
90.342
89.393
88.571
85.650
86.232
87.213
86.123
88.110
87.422
89.168
87.202
90.053
87.847
87.214
87.526
77.699
71.430
61.590
60.532
68.490
71.169
78.593
81.220
83.988
84.510
84.678
85.052
84.834
87.213
85.973
89.397
84.505
86.665
88.458
87.111
83.983
80.443
83.230
81.922
84.543
89.911
90.102
90.670
88.622
86.738
86.491
79.478
70.371
57.941
45.783
40.043
37.459
37.047
36.279
39.639
35.510
32.299
31.709
29.694
30.953
30.040
31.456
33.479
35.888
34.266
32.535
36.170
38.009
37.893
40.512
40.385
40.885
45.164
45.947
51.042
58.491
72.555
83.851
88.923
91.460
92.751
94.646
93.713
94.207
93.230
93.351
93.250
92.584
92.045
91.582
91.113
91.037
92.180
92.277
93.477
94.144
94.348
95.013
95.692
95.954
94.041
93.329
90.295
90.415
87.843
84.780
81.477
80.857
75.121
76.169
78.464
83.598
86.332
89.576
91.695
91.933
92.683
88.644
90.390
87.409
86.976
83.152
75.314
