46.465
67.223
76.127
79.872
82.173
82.810
82.220
82.676
82.449
83.518
83.744
87.003
79.632
81.504
84.241
84.844
83.225
81.233
83.297
83.269
83.387
89.033
87.671
85.502
85.801
82.949
83.131
75.821
63.875
51.900
44.639
37.869
35.960
33.790
31.218
32.771
29.788
26.813
25.381
25.886
26.215
26.638
29.933
33.961
34.412
34.005
31.539
37.789
39.200
36.754
41.394
40.126
40.396
45.180
45.881
51.190
58.704
71.161
82.276
86.712
90.404
91.904
94.066
92.737
93.768
92.838
93.308
93.638
93.018
92.752
91.959
92.512
92.274
92.581
93.551
93.966
94.433
94.114
94.800
95.250
95.114
93.367
92.613
89.525
88.789
84.392
79.463
72.796
69.176
65.245
64.272
70.665
77.721
82.663
86.207
89.942
90.678
92.731
89.819
91.478
88.369
87.762
84.293
78.096
73.915
65.447
73.010
80.684
85.656
90.208
91.199
92.497
91.361
89.574
90.027
86.295
85.114
87.371
88.479
92.615
93.231
95.002
94.404
94.546
94.859
93.916
93.175
92.435
92.239
90.839
91.748
91.278
92.933
91.456
90.797
89.588
85.960
86.320
88.194
88.072
89.402
88.647
89.544
88.385
90.154
87.430
85.111
83.321
71.477
55.268
48.243
39.528
