63.692
76.026
82.249
86.561
85.720
87.478
88.455
90.985
90.481
91.654
90.790
90.533
91.032
90.460
91.941
90.269
90.157
88.923
84.795
85.939
87.819
86.571
88.040
86.506
87.597
84.427
86.265
82.791
80.306
79.292
69.892
64.906
54.818
57.411
64.787
66.990
74.378
77.640
79.222
81.267
82.142
83.841
84.057
85.978
85.646
88.989
82.754
85.389
87.886
87.495
85.256
82.523
84.906
85.179
85.758
89.747
89.148
88.926
87.111
84.544
83.917
77.676
68.042
56.566
46.166
39.292
37.961
36.630
36.849
40.321
35.389
32.135
31.414
28.962
30.154
29.028
31.684
32.906
35.450
34.402
32.639
36.624
37.442
37.944
41.086
40.795
41.475
45.793
47.255
50.904
57.235
68.100
78.026
83.703
88.110
90.022
92.206
91.602
92.812
92.240
92.711
92.819
91.841
91.489
91.387
91.053
91.156
91.855
91.950
92.828
92.665
91.945
90.955
92.051
90.825
87.827
87.833
83.571
81.811
78.743
71.748
65.997
63.002
56.151
50.472
55.426
66.509
74.031
80.765
83.286
86.322
88.054
85.661
88.517
86.417
84.219
80.050
71.784
70.005
62.047
64.015
71.097
78.071
83.130
85.817
80.946
83.084
80.052
78.720
76.078
65.723
52.044
