71.415
83.519
90.495
91.773
93.804
93.850
92.179
93.267
91.115
90.285
91.942
90.675
93.685
94.546
95.373
95.063
94.565
94.769
93.988
93.539
93.436
92.639
92.359
92.176
91.116
92.099
90.224
89.857
88.881
84.917
85.102
87.098
86.009
88.313
87.513
89.305
87.627
90.377
88.216
87.442
87.566
77.179
70.645
60.799
60.791
68.307
70.629
78.553
81.401
84.139
84.780
84.871
84.889
84.399
86.263
85.164
88.659
83.040
84.755
87.130
86.409
82.971
79.076
81.314
78.987
82.977
89.233
89.824
90.160
88.396
86.657
86.414
79.436
70.518
58.406
45.635
40.361
37.012
37.004
36.499
39.655
35.412
32.081
31.482
29.330
30.784
30.024
31.992
34.298
36.587
35.351
32.617
36.791
38.518
38.093
41.118
40.891
41.504
46.013
46.895
51.982
59.428
73.621
84.267
89.006
91.580
92.736
94.594
93.523
93.794
92.907
93.038
93.176
92.842
91.971
91.752
92.319
92.441
93.283
93.201
93.981
94.491
94.475
94.954
95.514
95.872
94.057
93.468
90.547
90.489
87.866
85.092
81.385
80.174
75.400
76.117
79.232
84.277
86.629
89.693
91.744
92.136
92.844
89.101
90.813
88.168
87.977
83.610
79.606
64.547
50.577
43.469
