85.230
90.045
91.968
92.347
93.484
94.440
94.648
93.166
92.700
90.146
89.317
84.830
80.868
75.709
74.412
71.181
72.976
77.206
81.559
84.344
88.168
90.591
90.422
91.575
87.930
89.693
86.719
85.055
82.218
76.975
72.956
64.898
70.983
78.606
83.291
88.204
90.075
92.450
92.376
90.708
91.945
88.901
88.562
90.112
90.090
93.236
93.772
94.890
94.047
93.651
93.468
92.250
90.614
88.818
87.527
84.480
84.912
83.414
85.229
83.305
85.287
86.076
83.266
84.458
86.278
85.991
87.805
86.931
88.736
86.656
89.264
86.292
84.976
84.672
75.842
70.926
58.321
61.040
68.017
70.795
76.835
80.460
82.864
83.703
83.969
84.176
83.191
85.231
85.080
87.949
82.830
84.177
85.423
83.633
79.986
76.929
81.533
83.353
84.674
89.489
88.927
89.964
87.702
85.917
85.699
78.726
70.931
62.050
48.660
40.901
37.939
36.514
35.759
39.276
35.464
32.133
30.785
28.223
30.248
29.665
31.487
34.935
32.886
33.160
33.205
39.474
39.806
40.165
43.774
42.242
43.253
48.021
48.593
52.512
60.334
72.451
82.265
87.487
90.571
92.297
93.725
92.544
92.061
90.221
88.812
86.795
81.819
78.512
69.416
60.829
51.677
46.136
