51.841
60.596
71.097
81.834
88.345
91.418
93.912
95.054
95.772
95.666
95.059
94.939
94.522
94.750
94.163
93.787
93.108
93.423
93.399
93.590
94.350
95.003
95.183
95.299
95.791
96.056
96.458
95.565
94.886
92.833
92.647
88.516
86.703
81.612
80.005
76.337
80.162
84.470
86.629
88.272
89.689
91.928
90.666
92.555
88.549
90.387
86.857
86.631
82.244
75.585
72.850
62.579
69.517
78.422
81.991
87.874
89.588
92.719
93.309
91.050
93.716
91.184
91.494
93.632
93.549
95.655
95.713
96.352
95.798
95.612
95.479
94.683
93.581
93.002
92.274
91.245
92.146
92.018
94.104
92.274
90.922
90.880
87.312
86.019
88.420
87.452
89.795
88.260
90.459
88.100
90.865
87.860
86.621
85.168
76.295
71.752
60.823
63.141
69.826
72.860
78.382
82.343
85.929
86.182
85.922
86.470
84.986
89.070
87.191
91.780
87.999
88.976
91.553
91.051
90.627
88.661
89.203
91.105
89.765
93.067
92.512
93.859
91.628
89.435
89.331
82.628
76.872
66.078
51.927
41.367
38.131
34.460
32.616
33.973
31.340
31.373
28.959
29.719
31.283
35.072
37.411
41.052
38.261
33.585
35.590
38.795
37.571
39.296
45.833
45.797
51.166
55.688
