61.363
61.363
53.213
52.820
51.057
45.741
36.684
43.823
47.442
56.935
60.413
60.655
63.579
66.599
66.370
73.068
69.196
73.513
74.816
75.307
62.848
70.681
71.931
69.498
64.943
62.272
65.763
64.244
71.556
75.319
79.105
67.146
76.764
70.218
64.237
60.747
47.719
41.907
38.847
33.022
31.954
29.912
27.424
29.570
27.058
24.460
24.064
24.469
24.009
25.395
28.818
32.929
31.788
33.510
30.941
35.827
38.130
36.848
40.303
38.759
39.621
42.186
42.195
45.255
51.238
55.624
63.690
72.937
78.964
80.332
85.853
84.000
85.979
83.304
84.907
86.079
85.976
85.600
86.630
87.440
86.016
86.912
86.853
87.540
87.404
86.731
85.353
88.170
85.718
80.804
81.338
76.311
71.905
70.085
59.547
54.408
53.918
47.389
44.578
49.258
53.659
65.105
71.838
75.300
78.401
79.237
79.558
82.714
81.509
78.225
78.016
70.562
64.603
57.704
62.148
71.455
77.905
82.832
83.004
80.452
80.650
76.055
76.588
71.613
69.005
69.804
69.262
75.142
79.472
84.404
84.659
84.777
85.564
86.683
86.331
86.705
85.633
85.250
84.349
82.597
83.146
80.897
81.390
79.538
73.280
76.806
79.580
80.421
78.643
79.996
72.599
73.908
