76.557
86.384
89.663
89.426
89.614
89.908
89.100
90.671
88.785
89.084
87.707
83.269
84.498
86.832
85.661
87.332
86.076
87.567
86.132
89.201
86.835
86.623
87.470
79.179
77.974
70.684
68.598
72.746
75.891
78.981
80.893
82.958
83.608
82.992
83.479
82.381
83.741
83.884
87.290
80.646
82.656
84.723
84.631
80.843
78.180
81.094
78.677
81.651
87.079
87.004
87.032
86.140
85.072
85.223
78.612
69.970
58.696
47.299
39.601
36.835
36.717
35.895
40.171
34.852
31.462
30.469
28.115
29.858
29.024
31.834
34.565
36.634
35.551
33.012
37.444
38.357
38.656
42.040
42.397
42.999
47.938
49.068
53.434
61.753
74.387
84.204
87.811
90.617
91.335
92.619
91.038
91.091
90.190
90.371
91.126
90.198
90.150
90.134
90.315
90.108
90.362
90.588
90.876
91.025
90.939
91.530
92.990
93.244
92.324
92.475
90.733
90.559
87.789
85.305
81.856
79.567
76.279
79.016
82.653
85.275
86.721
89.848
91.665
91.003
91.198
87.543
88.776
86.722
84.386
80.530
73.912
71.634
61.471
68.409
73.154
79.459
85.718
88.796
89.208
90.336
90.506
91.370
90.279
89.522
89.978
90.412
92.609
92.548
93.099
90.995
86.948
82.373
