84.119
86.536
88.828
87.921
88.716
89.277
88.466
88.387
88.375
89.045
88.161
89.545
89.898
90.313
90.559
89.396
89.212
90.707
89.510
86.305
86.572
83.236
82.251
79.188
73.888
72.991
72.772
69.108
70.672
72.902
78.376
80.695
85.089
86.942
86.408
87.229
83.990
86.487
83.272
82.633
78.224
70.773
67.898
57.224
63.033
73.068
77.943
83.719
85.777
87.646
88.839
86.552
88.399
86.527
86.584
85.415
83.786
87.733
88.813
91.213
89.839
90.466
90.103
90.081
88.484
89.004
88.129
87.217
87.578
86.546
88.672
85.936
85.604
86.016
81.186
81.934
84.537
83.131
85.196
83.216
85.041
82.372
85.138
82.400
81.884
80.856
74.007
70.325
59.387
62.511
69.071
70.678
75.062
77.110
79.364
78.980
78.911
80.518
79.049
82.223
82.001
85.840
79.239
81.295
81.437
81.526
76.580
73.338
77.763
76.552
79.326
82.746
81.795
63.300
80.364
72.620
70.067
63.403
50.975
46.494
40.523
34.417
33.942
33.034
33.345
34.589
31.713
30.666
28.618
29.216
29.944
34.196
35.806
40.453
36.688
32.813
34.691
35.992
38.561
37.849
41.067
41.271
44.158
46.234
46.111
46.330
46.881
46.984
51.574
53.796
57.788
55.144
