72.690
88.229
86.801
88.555
85.975
84.466
81.069
74.151
69.747
66.381
59.404
60.390
65.894
75.413
79.547
85.012
87.134
87.329
88.479
85.566
88.075
85.668
84.892
82.158
76.267
71.958
62.520
67.342
76.751
81.165
85.955
87.084
88.247
88.228
86.795
87.751
85.081
84.358
83.866
82.883
86.409
88.154
89.770
88.093
87.345
88.172
89.718
89.038
90.000
89.391
88.605
88.654
88.408
90.443
88.374
88.415
87.992
83.970
84.708
86.509
85.773
87.093
86.004
86.728
84.733
86.522
83.486
81.281
80.629
72.606
63.807
51.522
56.211
62.376
67.478
74.781
77.989
79.754
81.585
81.876
82.572
82.369
84.593
85.010
88.023
82.810
84.265
86.076
85.072
80.908
77.923
82.237
79.999
83.040
85.952
85.786
85.371
85.089
83.180
83.003
77.034
66.346
56.088
45.024
38.351
34.931
35.642
34.544
37.284
33.121
30.614
29.237
27.257
29.314
28.757
30.716
34.475
32.623
32.969
30.143
36.218
36.931
37.091
41.016
39.434
40.941
44.879
44.884
49.035
56.624
66.167
77.922
83.591
86.814
88.340
89.646
88.602
90.055
90.043
90.093
91.100
90.122
89.683
89.613
90.063
89.075
90.608
90.781
91.240
90.914
89.672
82.977
