68.468
76.823
86.427
82.960
86.929
83.851
83.510
77.391
64.185
51.273
44.934
38.790
36.139
33.350
31.134
31.418
30.699
28.950
26.919
27.460
29.537
29.694
33.580
36.426
35.766
37.714
33.559
37.843
40.965
39.421
42.908
42.650
42.168
45.571
46.874
52.230
59.651
73.428
83.360
87.599
90.929
92.471
93.928
93.164
92.723
92.244
91.037
91.468
90.678
89.181
89.129
90.840
90.723
91.414
92.466
92.996
93.742
93.624
94.336
94.762
94.413
93.429
92.674
90.061
89.634
85.070
81.861
75.098
73.161
70.393
73.209
77.867
81.611
84.862
88.267
90.578
90.866
92.458
89.529
91.016
88.239
87.520
84.813
79.089
73.583
63.795
70.849
78.290
83.984
89.850
90.928
93.245
93.030
91.064
92.216
89.276
88.690
90.754
90.624
93.532
94.031
95.204
94.672
94.319
94.777
93.661
92.891
92.312
91.861
90.619
91.010
90.071
90.452
89.315
90.199
89.781
87.111
87.673
88.766
88.500
89.885
88.861
90.414
88.170
90.072
86.796
85.316
84.677
74.636
60.953
48.268
57.450
62.637
67.030
76.922
80.506
83.546
84.377
84.894
84.784
85.219
87.780
87.196
89.996
85.743
85.729
87.598
84.789
83.969
72.156
58.214
49.698
