71.273
78.359
81.646
87.227
84.144
86.704
83.428
82.892
75.612
62.412
48.038
43.940
36.571
34.133
31.523
30.451
29.497
30.531
27.026
25.808
26.992
29.122
30.030
32.851
37.022
35.954
38.064
34.211
38.668
41.962
39.940
42.825
42.977
42.126
45.862
46.868
52.472
59.835
72.924
83.405
87.513
90.872
92.350
93.897
93.013
92.976
92.618
91.975
92.363
91.697
90.607
90.276
91.350
91.408
91.804
92.731
93.269
93.793
93.591
94.325
94.804
94.571
93.530
92.810
90.048
89.574
85.184
81.796
75.424
73.397
70.431
73.611
77.622
81.803
84.826
88.288
90.668
90.956
92.505
89.560
90.952
88.253
87.394
84.621
78.743
73.328
63.447
70.571
78.838
84.113
89.812
90.955
93.254
93.081
91.134
92.298
89.422
88.735
90.921
90.652
93.643
94.092
95.253
94.653
94.348
94.729
93.588
92.780
92.275
91.856
90.693
91.202
90.689
91.403
90.208
90.660
89.997
87.330
87.501
88.670
88.344
89.719
88.661
90.123
88.152
90.021
87.021
85.420
84.902
74.786
61.431
48.788
57.832
62.954
66.930
76.880
80.655
83.611
84.190
84.649
84.441
84.626
87.201
86.729
89.850
85.855
85.429
87.751
86.153
84.802
78.282
64.126
