62.521
77.118
84.184
89.062
91.804
92.828
93.839
93.923
95.036
95.549
95.619
94.688
93.978
91.637
91.325
87.350
85.284
80.447
78.631
75.259
77.245
82.414
85.377
87.729
90.279
92.139
91.932
92.951
89.511
90.697
87.862
86.623
83.541
78.769
74.217
64.932
71.718
80.297
84.368
89.410
91.229
93.857
93.920
92.288
93.541
91.070
90.792
92.851
92.634
94.933
95.190
95.865
95.381
94.951
94.932
93.413
92.298
90.915
90.307
87.972
88.549
87.634
89.402
87.889
88.456
88.869
86.214
86.150
87.855
87.280
89.183
88.038
90.042
88.219
90.810
88.279
87.381
87.361
79.021
76.586
66.783
67.088
72.800
73.428
78.936
82.599
85.172
85.300
85.384
85.156
84.509
87.017
86.267
90.136
86.668
86.561
88.908
88.156
86.551
84.458
86.632
88.418
88.142
91.839
90.976
92.364
89.423
87.050
87.346
80.187
74.146
65.094
50.746
42.041
38.254
36.163
35.102
38.021
35.457
31.489
30.362
28.421
30.233
31.030
33.698
37.593
35.356
35.362
33.319
39.937
42.567
41.427
45.275
44.168
44.703
49.295
50.920
55.647
63.884
77.633
85.229
89.210
92.204
93.605
94.887
94.320
93.793
92.790
91.765
90.942
87.559
80.671
