74.754
65.207
78.693
72.722
69.618
71.399
61.039
61.119
57.661
47.886
46.832
53.359
64.247
71.583
79.584
81.144
83.276
84.188
82.827
85.719
83.641
82.035
80.351
73.349
68.488
59.834
61.589
71.739
78.194
82.812
83.723
83.162
83.858
80.890
81.301
78.573
76.666
72.602
68.303
73.683
75.802
80.796
80.675
80.554
83.463
86.907
86.380
88.097
87.126
86.481
86.167
85.973
87.952
85.511
85.926
85.959
80.595
82.585
84.719
83.926
84.969
83.861
83.834
81.794
82.187
79.053
75.716
73.526
66.467
56.874
44.874
50.862
57.560
62.396
70.558
73.816
75.326
78.084
78.598
80.134
80.097
82.348
83.354
85.793
78.858
82.288
83.628
82.330
77.749
75.478
81.337
79.298
82.187
84.240
83.505
77.078
81.692
78.383
77.452
72.609
60.701
50.510
42.901
36.942
34.739
35.335
35.205
37.554
33.422
31.719
29.942
27.863
29.164
28.570
30.023
33.704
31.555
32.091
30.295
35.583
35.348
35.929
39.667
37.865
40.556
43.494
43.305
46.355
52.233
57.545
66.492
75.096
81.116
81.883
85.893
85.359
88.493
88.499
89.205
89.659
88.614
88.285
88.673
88.644
87.475
89.394
89.071
90.024
88.786
87.497
82.312
78.168
