54.159
69.218
79.514
83.794
85.089
87.669
87.202
87.460
88.366
87.739
90.128
88.267
87.873
87.309
82.898
83.761
86.008
84.669
86.004
84.502
85.213
82.373
84.068
80.336
77.523
76.764
67.806
61.210
51.464
54.928
60.744
64.855
72.546
75.733
77.286
79.844
80.421
82.459
82.050
83.753
84.396
87.574
81.183
83.860
85.861
85.683
82.875
80.002
83.381
82.813
84.025
87.434
86.510
86.437
85.327
83.567
82.325
76.642
66.766
55.858
45.962
38.848
36.695
36.481
36.141
39.621
34.375
31.410
30.390
28.077
29.638
28.600
30.876
32.829
35.326
34.386
32.348
36.684
37.543
38.390
41.275
41.348
42.447
46.733
47.750
51.765
58.739
69.116
77.916
82.606
86.132
87.382
89.011
88.400
89.452
89.550
89.982
90.804
88.982
90.054
89.756
89.238
89.150
89.558
89.744
89.721
89.183
87.505
85.740
86.728
86.988
83.286
85.417
82.647
80.467
79.407
72.537
68.208
66.352
63.207
61.771
66.582
71.651
75.346
79.778
81.328
83.379
83.758
81.795
84.515
84.300
80.451
78.323
70.267
66.826
58.272
57.978
61.245
71.200
77.010
76.904
74.227
76.170
70.195
75.849
75.060
71.641
68.567
60.688
68.914
70.501
75.172
