39.098
42.042
50.591
54.209
48.092
49.838
51.619
50.983
50.493
50.096
53.055
53.067
53.288
53.581
53.757
53.446
54.589
56.800
60.203
68.872
80.351
88.302
91.344
93.894
95.321
95.848
95.840
95.317
95.253
94.790
95.020
94.461
93.995
93.138
93.584
93.653
93.847
94.740
95.303
95.548
95.622
96.069
96.175
96.431
95.644
94.953
92.877
92.610
88.903
86.227
81.364
79.067
76.181
79.763
84.519
86.535
88.469
90.845
92.922
93.164
94.271
92.239
92.911
91.410
90.926
89.084
85.980
78.579
72.178
77.433
83.170
87.523
91.738
92.626
95.008
94.689
93.235
94.225
91.601
91.346
93.643
93.529
95.586
95.931
96.371
96.170
95.750
95.993
94.927
94.689
93.728
93.586
92.182
93.129
93.056
94.589
93.463
92.952
92.336
91.177
91.612
91.955
91.871
92.568
91.749
92.604
91.287
92.590
90.859
89.308
88.505
80.701
72.904
63.255
67.995
75.213
77.806
82.323
85.433
87.862
88.356
89.014
89.374
89.008
91.957
91.559
93.903
92.448
91.680
92.962
91.754
91.600
89.408
89.922
91.680
90.850
93.307
92.955
94.369
92.639
90.232
90.742
85.341
80.609
73.931
58.661
47.616
44.426
41.191
41.449
41.173
38.678
