45.272
51.083
46.202
42.962
41.347
39.710
39.323
37.311
35.740
35.049
34.019
33.820
33.473
32.701
34.287
34.711
36.606
34.355
37.857
36.046
37.350
38.478
42.217
42.605
41.290
45.024
46.385
45.245
47.470
45.702
44.255
48.739
48.176
48.583
56.619
63.857
73.153
81.361
83.046
87.736
88.018
87.420
87.645
87.851
87.240
88.474
87.937
86.222
86.165
89.077
89.241
90.088
90.632
90.364
91.634
89.417
91.153
90.026
90.079
88.681
86.832
83.921
85.870
82.455
79.974
75.617
74.513
70.105
73.081
77.670
82.036
84.603
88.536
90.672
91.916
92.629
91.552
92.378
91.230
90.839
88.993
86.072
78.553
70.633
77.163
82.804
87.238
91.660
92.029
93.478
93.124
91.452
92.258
89.500
89.009
89.955
87.902
89.834
91.301
92.460
92.019
91.533
92.863
91.336
92.058
91.476
91.857
90.367
90.451
88.777
88.432
87.753
89.539
88.597
86.160
89.577
90.495
89.481
90.095
89.826
90.571
88.994
90.167
88.792
87.096
86.689
79.199
69.519
58.603
66.072
75.421
77.881
79.942
81.754
83.152
83.184
84.530
84.490
86.385
86.980
86.832
88.791
82.900
81.502
81.995
80.371
77.532
69.060
52.008
47.128
41.267
33.454
