81.813
89.475
90.490
92.388
93.495
93.892
92.838
92.497
89.949
89.477
85.300
81.400
76.864
75.985
72.981
75.266
79.125
83.012
85.205
88.924
91.135
90.855
91.547
87.971
89.239
86.280
84.469
81.771
76.659
72.093
63.404
70.139
77.730
82.530
87.669
89.922
92.254
92.522
91.264
92.368
89.593
89.307
90.729
90.498
93.175
93.752
94.622
93.579
92.805
92.586
91.098
89.622
88.902
87.441
85.204
85.154
84.857
86.751
84.904
85.829
85.408
82.424
83.623
85.700
85.240
86.913
86.464
88.465
86.745
89.472
86.850
85.882
85.979
77.360
74.106
63.846
64.767
71.352
73.346
77.781
80.990
83.363
83.935
83.961
83.847
82.520
83.966
83.959
86.299
81.083
82.157
82.887
80.857
75.958
72.709
78.190
75.394
79.388
86.372
86.845
87.619
86.291
85.076
85.270
78.343
70.257
61.437
47.965
40.889
37.532
36.486
35.683
39.442
35.452
32.026
30.615
28.333
30.460
29.640
32.025
34.739
35.185
33.385
32.564
38.992
40.065
39.643
43.272
42.079
42.978
47.441
47.680
51.716
59.396
71.179
81.533
87.011
89.730
91.055
92.349
90.544
89.844
87.730
87.509
86.924
84.724
83.087
84.891
84.518
81.857
85.920
81.556
