80.085
85.348
87.153
88.956
88.683
88.574
88.957
90.276
89.740
90.046
90.522
90.322
90.592
89.335
90.809
91.574
91.856
91.273
91.189
88.677
88.702
85.486
82.498
79.205
78.828
75.361
78.375
81.786
84.526
85.882
89.398
91.236
90.636
91.266
88.338
89.682
86.892
85.888
83.024
76.996
72.497
63.496
70.260
78.445
83.102
88.272
90.321
92.009
92.703
91.703
92.709
90.512
90.283
91.264
90.119
92.719
93.056
93.991
92.626
92.218
92.317
91.491
90.678
90.594
90.088
89.181
89.626
88.861
90.283
88.963
88.881
88.094
84.585
85.907
86.756
85.880
87.215
86.858
88.118
86.939
89.414
87.291
86.755
86.819
79.487
76.562
68.042
67.940
74.046
74.663
79.241
82.148
83.677
83.833
84.045
83.125
82.711
83.955
83.958
86.758
80.968
81.604
82.085
79.525
77.381
71.814
71.304
64.596
62.473
72.904
78.258
71.781
82.053
79.074
81.050
75.933
66.339
56.583
45.127
39.393
36.058
35.202
35.298
37.679
35.145
30.996
29.870
27.774
29.837
30.146
32.674
37.210
34.614
35.414
34.361
40.370
41.615
40.780
44.547
42.104
43.376
46.334
47.339
49.795
55.487
67.627
77.882
83.510
85.649
86.280
87.051
80.000
