33.117
38.839
40.178
40.656
41.040
39.476
48.442
54.923
77.158
83.946
87.373
88.529
89.028
91.004
89.173
88.573
89.821
89.056
91.620
92.252
93.651
92.022
91.263
89.563
88.654
86.698
85.986
83.422
83.340
83.811
84.230
87.759
84.908
83.109
83.422
78.499
77.394
79.300
79.750
82.830
81.889
84.595
83.810
87.790
84.774
84.791
84.745
75.624
70.245
61.431
60.594
66.036
69.530
76.910
78.730
81.648
82.411
80.459
80.938
78.908
80.781
80.920
82.995
75.781
79.722
81.518
82.444
77.340
75.258
79.820
78.341
82.152
86.638
86.953
86.210
85.382
83.617
83.273
76.416
64.725
52.469
44.805
37.178
34.179
33.433
31.550
33.193
30.595
27.831
26.339
26.535
26.051
28.561
30.297
34.525
33.153
35.082
32.155
37.216
37.908
36.951
41.022
39.621
40.891
45.498
45.883
50.739
58.536
70.421
82.398
86.742
89.544
90.229
92.324
90.080
90.380
88.618
89.042
89.380
88.061
88.321
88.773
87.270
86.388
87.327
87.630
89.016
89.379
90.178
90.923
93.403
93.746
91.646
91.872
89.611
88.891
86.525
82.915
79.323
78.475
73.298
75.099
78.290
83.757
85.965
88.398
89.880
89.168
88.785
83.989
82.013
79.138
