71.645
86.839
89.044
87.528
88.933
86.434
84.612
80.627
73.309
67.732
64.165
60.286
58.867
64.986
73.447
79.255
84.871
87.115
87.298
88.164
85.431
87.664
85.365
84.175
81.610
75.480
71.131
61.683
66.027
75.970
80.679
85.759
87.314
88.209
88.696
87.162
88.165
85.159
84.551
84.331
83.694
87.503
89.106
90.914
89.559
88.772
88.406
89.202
88.404
89.133
88.297
87.524
87.127
86.924
88.819
86.894
87.105
86.691
82.779
83.975
85.802
85.123
86.280
85.667
86.345
84.669
86.350
83.465
81.066
80.574
72.357
64.056
52.306
56.689
61.724
66.560
74.600
77.748
79.690
81.325
81.721
82.438
81.709
83.565
84.320
86.844
81.284
83.169
84.302
82.884
77.516
75.145
80.124
77.197
80.985
84.527
84.960
83.712
84.199
82.593
82.375
76.561
65.502
55.216
44.946
38.173
35.007
35.609
34.793
37.186
33.331
30.948
29.464
27.435
29.447
28.841
30.510
34.505
32.548
33.340
30.717
36.771
37.542
37.737
41.550
39.982
41.545
45.335
44.981
48.928
56.244
65.666
77.586
83.264
86.638
87.457
89.587
87.384
89.049
88.482
88.950
89.465
88.458
87.823
88.404
88.594
87.078
89.223
89.050
90.246
88.930
84.520
