42.626
54.468
56.269
60.150
69.353
80.224
87.174
90.656
93.624
95.102
95.906
95.828
95.240
95.120
94.735
94.917
94.410
93.996
93.323
93.657
93.614
93.822
94.546
95.183
95.386
95.505
95.975
96.174
96.574
95.620
94.788
92.328
92.218
87.530
85.524
80.623
79.042
75.479
79.407
83.715
86.616
88.104
89.834
92.087
90.985
93.020
89.216
90.948
87.537
87.212
83.044
76.539
73.757
63.470
71.240
79.264
82.901
88.635
90.302
93.505
93.878
91.581
94.026
91.547
91.487
93.719
93.394
95.708
95.920
96.484
96.095
95.811
95.817
94.872
93.969
93.312
92.661
91.590
92.483
92.398
94.294
92.563
91.346
91.148
87.592
86.507
88.827
88.121
90.174
88.714
90.867
88.410
91.051
88.023
86.714
85.380
76.509
70.293
58.132
61.995
69.071
71.402
78.331
82.231
85.500
85.841
85.846
86.640
85.296
89.437
87.656
92.005
88.453
89.203
91.862
91.388
91.163
89.031
89.523
91.588
90.362
93.305
92.730
93.989
91.646
88.971
88.957
81.922
76.023
65.570
52.171
41.332
38.128
34.531
32.697
34.556
31.514
31.547
29.395
30.453
31.857
35.808
37.639
41.680
38.534
33.463
33.900
37.246
38.139
38.394
41.234
37.640
