84.944
88.923
90.544
92.456
92.285
90.647
90.801
88.083
86.883
82.567
75.520
69.564
68.100
63.758
64.842
69.522
76.997
81.553
86.406
88.906
89.077
90.071
86.598
88.251
85.588
83.804
81.158
74.916
70.762
60.999
66.414
76.462
81.298
86.719
88.629
90.509
90.848
89.209
90.104
86.877
86.362
87.167
86.567
90.494
91.537
93.080
92.039
91.259
91.265
90.222
88.778
88.604
87.490
86.116
85.229
84.940
86.711
84.797
85.580
84.899
81.230
82.764
84.876
84.462
85.949
85.693
87.035
85.645
87.739
84.745
82.911
82.954
74.849
69.633
58.349
60.313
65.455
69.454
75.896
79.054
80.981
82.306
82.435
82.662
81.292
82.629
82.922
85.512
78.858
80.831
81.163
78.699
72.855
69.330
74.034
69.858
75.239
83.730
84.695
83.571
84.410
83.105
82.928
76.868
66.669
57.222
45.424
38.989
35.457
35.515
34.826
37.857
33.591
30.951
29.507
27.362
29.446
29.124
30.962
35.319
32.820
33.909
32.464
38.297
38.531
38.233
42.270
40.157
41.363
45.801
46.009
49.974
57.783
67.592
79.634
85.237
88.110
89.314
91.015
88.541
88.355
86.086
86.447
86.431
85.441
83.558
85.358
85.547
83.215
86.645
85.238
82.510
