79.405
81.534
84.276
82.522
83.790
84.398
78.720
81.511
84.736
84.151
86.743
86.034
87.354
86.267
88.978
85.958
84.336
84.790
75.985
71.948
62.532
62.821
66.796
72.905
77.110
79.709
82.106
83.121
82.774
83.184
82.109
83.182
82.817
86.060
78.515
81.204
83.313
82.246
77.707
74.593
78.791
77.121
81.299
87.531
87.882
88.793
86.861
85.489
85.579
78.736
69.165
58.084
47.210
38.811
36.169
36.230
35.113
39.030
33.965
30.664
29.851
27.521
29.475
28.878
31.812
34.437
36.747
35.542
32.277
37.490
38.232
38.708
41.794
41.955
42.735
47.300
48.557
53.127
61.474
73.864
84.023
87.900
90.990
92.165
93.641
92.146
91.741
90.296
89.749
89.772
88.818
88.230
88.515
88.966
87.779
88.842
90.062
91.216
92.187
92.418
93.311
94.380
94.542
93.097
92.834
90.680
89.890
86.031
82.308
75.881
74.117
71.270
73.193
76.623
81.036
84.344
88.392
90.754
90.569
91.518
87.548
88.984
86.396
83.331
80.373
72.611
71.220
62.126
68.324
75.578
81.925
87.447
89.636
91.649
91.896
90.605
91.516
88.941
88.167
89.685
89.918
93.117
93.485
94.537
93.689
93.201
93.154
92.177
90.996
90.473
88.438
80.827
