77.565
85.868
86.018
86.801
88.424
88.343
88.478
88.830
89.889
89.391
89.906
90.473
89.938
90.437
88.752
89.525
89.986
90.254
89.149
89.446
86.461
86.258
82.972
78.787
74.745
74.891
71.974
74.683
77.814
81.101
83.312
87.681
89.637
89.166
90.115
87.377
89.152
86.430
85.478
82.749
76.307
71.922
63.201
69.224
77.821
82.557
87.295
89.244
90.545
91.325
90.138
91.024
88.925
88.418
88.678
87.003
90.559
91.126
92.630
91.140
90.922
91.324
90.656
90.179
90.226
89.916
88.879
89.319
88.468
90.087
88.452
88.616
88.138
84.236
85.342
86.668
85.945
87.032
86.541
87.717
86.038
88.089
85.794
84.664
84.239
76.861
71.873
59.762
63.795
71.029
72.370
77.821
80.746
82.144
82.570
82.994
83.257
82.781
84.200
84.194
86.885
80.774
82.236
82.388
79.307
74.961
68.649
68.506
63.340
65.557
73.972
76.814
65.650
80.367
74.894
76.491
73.963
63.744
53.382
44.331
38.856
36.557
35.088
36.113
38.784
35.806
32.184
30.531
28.120
29.432
29.425
31.672
35.550
32.677
34.083
33.711
40.007
40.568
40.549
43.764
41.968
43.269
45.433
46.903
47.804
51.863
60.305
69.893
77.807
81.038
79.639
83.861
