29.792
40.089
42.860
48.061
46.439
61.891
69.907
68.400
78.022
82.379
82.449
85.075
82.431
83.772
76.413
64.928
54.413
46.955
38.843
36.002
33.873
32.129
33.151
31.551
29.308
28.038
27.528
28.650
27.433
31.843
32.689
34.839
35.229
32.727
37.296
42.116
41.258
41.911
43.643
42.366
44.707
46.199
51.746
58.915
70.661
82.069
86.196
89.246
90.398
91.180
89.011
88.575
87.031
85.676
86.603
86.472
84.929
86.074
88.034
87.195
87.674
88.702
89.088
90.253
90.279
92.049
92.705
92.883
92.043
91.506
88.697
88.114
83.698
79.252
72.831
70.429
67.130
69.325
74.716
79.210
83.245
86.880
89.653
90.210
91.685
88.988
89.904
87.421
85.329
82.816
76.703
72.498
63.243
69.776
78.806
83.909
89.078
90.272
92.163
92.019
90.111
91.181
88.060
87.493
89.193
89.099
92.174
92.798
93.894
93.323
92.624
92.974
91.536
90.782
90.111
89.356
88.108
87.139
85.361
85.015
83.587
84.646
83.916
78.735
79.764
84.052
83.910
86.588
86.746
88.793
87.278
89.096
86.156
84.036
82.484
73.191
56.691
45.897
55.096
60.125
64.974
76.008
79.382
82.203
83.155
83.470
83.105
80.843
82.001
79.369
78.249
67.145
