69.617
82.660
86.306
86.868
88.413
89.238
91.555
90.965
91.886
91.126
90.825
91.473
90.931
92.421
90.830
90.564
89.392
85.393
86.125
88.014
86.655
88.261
86.684
87.899
84.842
87.014
83.542
81.359
81.284
71.967
68.758
59.273
59.252
66.057
69.176
74.990
78.216
80.115
81.795
82.528
84.179
83.986
86.129
85.868
89.441
83.828
85.835
88.205
87.820
85.713
82.602
84.733
84.751
85.749
89.988
89.479
89.708
87.740
85.144
84.563
78.306
69.354
58.321
47.138
39.814
38.248
36.845
36.945
40.371
35.377
32.138
31.447
28.728
29.918
28.509
31.098
32.677
34.866
34.031
32.303
36.420
36.811
38.118
41.229
40.687
41.786
46.519
47.778
52.160
58.781
70.577
79.472
84.960
88.690
90.691
92.707
92.235
93.017
92.488
92.804
93.039
92.022
91.747
91.499
91.458
91.430
92.197
92.427
93.149
93.035
92.467
91.552
92.373
91.180
88.309
88.179
84.755
83.683
79.543
73.422
66.997
64.933
59.492
54.231
59.576
72.095
76.794
82.375
85.255
87.276
88.872
86.090
88.802
86.710
84.515
80.055
72.433
70.757
62.389
65.522
72.747
78.505
83.824
86.621
83.063
84.544
81.655
81.600
76.467
68.120
57.283
55.428
