50.081
53.542
57.465
57.701
51.756
50.980
54.723
53.567
54.442
54.404
53.203
52.751
54.466
56.247
59.880
68.466
79.868
87.647
90.939
93.740
95.334
95.862
95.879
95.283
95.220
94.738
94.973
94.408
93.933
93.091
93.582
93.616
93.838
94.738
95.248
95.535
95.573
96.073
96.167
96.514
95.636
94.882
92.686
92.286
87.889
85.549
80.096
78.255
75.057
78.819
83.339
85.814
87.815
90.218
92.360
92.325
93.943
91.316
92.469
90.542
90.008
87.605
83.410
77.103
69.604
75.617
81.778
85.992
90.944
91.951
94.566
94.352
92.672
93.931
91.287
91.000
93.314
93.193
95.584
95.889
96.383
96.169
95.738
96.041
94.929
94.558
93.627
93.384
91.935
92.986
92.849
94.512
93.301
92.679
92.102
90.444
90.384
91.207
91.006
92.062
91.030
92.282
90.422
92.136
89.819
88.209
86.905
77.781
67.638
55.178
62.368
69.861
72.713
80.122
84.160
86.871
87.232
88.143
88.782
88.091
91.364
90.597
93.557
91.749
91.067
92.684
91.504
91.410
88.769
89.601
91.071
90.452
93.204
92.791
94.195
92.319
89.755
90.226
84.027
78.895
71.258
55.985
44.647
40.870
38.284
37.933
40.054
36.163
34.505
33.638
28.651
25.977
