43.825
47.148
46.404
49.240
51.655
52.216
51.104
50.014
52.885
53.064
53.553
53.723
53.319
52.780
54.036
56.101
59.687
68.372
79.870
87.849
91.065
93.808
95.361
95.889
95.892
95.326
95.263
94.784
95.012
94.451
93.978
93.144
93.629
93.662
93.865
94.762
95.283
95.582
95.635
96.112
96.202
96.529
95.680
94.948
92.747
92.427
88.297
85.889
80.701
78.706
75.663
79.226
83.751
86.170
88.177
90.494
92.608
92.704
94.152
91.759
92.737
90.877
90.356
88.183
84.403
77.681
70.745
76.490
82.471
86.742
91.360
92.343
94.846
94.547
92.940
94.071
91.413
91.102
93.444
93.298
95.632
95.938
96.424
96.220
95.810
96.074
94.964
94.659
93.713
93.495
92.071
93.049
93.002
94.554
93.380
92.792
92.182
90.717
90.777
91.460
91.303
92.224
91.274
92.446
90.757
92.365
90.306
88.682
87.674
78.924
69.341
56.849
64.321
71.817
74.626
81.040
84.660
87.351
87.675
88.432
89.016
88.341
91.535
90.825
93.672
91.954
91.223
92.772
91.552
91.454
88.957
89.666
91.300
90.577
93.300
92.884
94.311
92.413
89.847
90.389
84.382
79.467
71.967
56.289
46.243
42.034
39.500
38.622
40.660
36.386
32.700
31.876
