48.010
78.052
86.806
88.662
90.672
92.411
91.577
92.931
89.289
91.153
88.015
87.238
83.656
79.416
74.279
64.054
71.320
80.182
83.947
89.506
91.242
93.993
93.882
92.646
93.902
91.552
91.607
93.084
92.817
94.673
95.151
95.895
95.532
95.110
95.049
94.148
93.171
92.778
91.823
90.928
91.203
91.330
92.976
91.707
91.092
90.368
87.375
87.707
88.865
88.100
89.596
88.580
90.267
88.037
90.799
88.465
88.090
87.849
78.616
71.505
60.147
62.177
69.373
73.590
79.711
82.262
85.237
85.227
85.461
85.403
85.414
88.298
87.362
90.821
87.957
87.772
89.909
88.581
86.360
82.644
84.722
83.365
85.908
90.807
90.775
91.509
89.391
87.244
87.186
80.530
72.366
61.625
47.338
40.632
37.417
36.717
35.902
38.793
34.872
32.413
31.090
28.670
30.294
29.208
31.472
34.798
32.749
32.206
30.420
36.321
37.256
36.904
41.069
39.993
40.929
45.823
46.829
51.695
59.406
73.806
84.052
89.187
91.404
92.838
94.664
94.200
94.357
94.007
93.716
94.023
93.518
92.739
92.125
92.679
92.223
93.574
93.755
94.310
94.609
94.714
95.166
95.703
95.796
94.229
93.439
90.413
90.312
87.906
85.779
82.495
79.963
67.704
