73.185
84.108
81.942
80.263
77.894
68.786
67.527
65.445
55.198
57.837
63.501
74.929
78.277
84.552
86.525
87.271
88.588
85.820
88.321
85.731
84.689
82.195
75.747
72.078
62.727
67.484
77.358
81.783
86.775
88.009
89.345
89.405
87.532
88.009
85.059
83.782
83.007
80.950
84.744
86.464
90.250
89.293
89.578
90.585
91.008
90.244
90.474
89.654
88.540
88.494
88.258
90.244
88.367
88.399
87.996
83.978
84.588
86.445
85.666
87.154
86.024
86.512
84.679
85.989
82.968
80.651
79.801
71.622
62.975
50.150
55.454
61.358
66.300
74.081
77.205
78.707
80.878
81.158
82.521
81.933
84.422
84.804
87.901
82.708
84.574
86.291
85.393
81.515
78.574
82.969
81.900
84.189
87.127
86.430
82.532
84.479
82.125
81.423
75.930
63.930
54.217
44.628
37.967
35.087
35.728
35.067
37.619
33.283
31.312
29.782
27.682
29.208
28.965
30.519
34.625
32.715
32.971
30.306
36.077
36.232
37.034
40.560
39.091
40.805
44.395
44.141
47.999
55.300
63.104
75.395
81.726
85.777
87.244
90.213
89.674
91.040
90.651
90.836
91.334
90.239
89.800
89.586
89.937
89.034
90.751
91.043
91.836
91.685
91.091
89.501
89.951
86.460
