76.449
81.221
81.822
84.531
85.435
89.163
89.076
90.796
89.925
89.813
89.874
89.204
90.446
88.682
89.151
87.738
83.165
85.008
86.919
85.678
87.046
85.796
86.603
83.962
85.813
82.574
79.982
79.407
70.430
65.073
55.161
56.644
62.874
66.598
74.017
77.329
78.760
80.990
81.502
82.973
82.925
84.281
84.239
87.467
79.736
83.012
84.886
84.011
80.274
76.916
79.691
76.552
80.278
86.206
86.575
84.810
85.302
83.217
82.644
76.833
66.481
55.101
45.037
38.916
37.331
36.669
36.708
40.056
34.999
31.937
30.926
28.554
29.898
28.725
31.787
33.071
35.456
34.292
32.716
37.125
37.553
38.614
41.355
41.079
41.776
46.132
47.034
50.521
56.734
67.202
77.000
82.812
86.470
88.291
90.473
89.624
90.966
90.174
90.832
91.341
90.373
90.227
90.397
90.451
90.357
90.886
90.604
91.398
91.099
90.234
88.954
90.127
88.829
85.622
85.453
82.178
81.410
78.609
72.221
67.842
66.376
60.872
55.828
60.209
72.088
76.505
81.276
83.876
86.019
87.265
85.052
87.771
86.254
82.950
79.574
71.713
70.429
63.030
66.317
72.088
78.280
83.190
85.833
81.632
83.419
80.469
80.660
76.641
68.530
64.544
57.296
48.910
