72.567
88.084
91.053
92.288
93.651
93.740
95.001
95.502
95.616
94.563
93.799
91.254
90.774
86.292
83.712
78.284
76.248
73.723
75.604
80.018
83.699
86.367
89.398
91.592
91.493
92.780
89.374
90.700
87.937
86.635
83.604
78.730
74.433
65.400
71.730
80.432
84.401
89.375
91.198
93.724
93.594
91.804
93.025
90.340
89.923
92.102
91.889
94.611
94.936
95.753
95.286
94.886
94.895
93.239
92.125
90.654
89.956
87.558
87.888
86.820
88.935
87.097
88.147
88.767
86.103
86.003
87.783
87.160
89.118
88.109
90.043
88.063
90.539
87.651
86.467
86.190
77.096
72.173
60.941
63.427
69.444
70.431
77.696
81.847
84.505
84.912
85.393
85.350
84.625
86.973
86.338
89.979
86.285
86.249
88.540
87.525
85.852
83.034
85.567
87.564
87.635
91.638
90.791
92.289
89.460
87.073
87.240
80.010
73.617
64.745
50.847
42.024
38.081
36.161
35.211
38.630
35.562
31.795
30.723
28.444
30.190
30.880
33.407
36.797
34.867
34.969
32.797
39.890
41.943
41.344
45.028
43.900
44.842
49.019
50.729
55.203
62.983
77.067
84.664
88.909
92.140
93.611
94.828
94.247
93.592
92.426
91.206
90.284
87.392
83.700
73.849
50.147
