61.904
65.781
62.666
62.025
62.970
54.550
55.502
52.224
47.180
43.617
41.893
46.434
44.287
45.919
44.858
44.862
44.870
42.624
48.618
49.018
49.435
51.492
50.928
51.715
53.147
54.799
58.628
66.739
78.134
87.852
90.499
93.259
94.797
95.271
95.120
94.705
94.540
94.053
94.275
93.565
93.126
92.311
92.639
92.544
92.710
93.762
94.373
94.822
94.915
95.346
95.639
95.837
94.699
94.011
91.966
91.415
88.191
84.049
78.479
75.271
73.118
75.792
80.638
83.013
86.346
89.270
91.806
92.849
94.236
92.962
93.310
92.262
91.184
90.623
87.055
76.812
67.891
73.395
80.549
86.778
91.443
92.256
94.283
93.624
92.045
92.778
89.842
89.461
91.733
91.538
94.195
94.747
95.535
95.201
94.886
95.133
93.874
93.561
92.489
92.416
90.935
91.806
91.611
93.600
92.289
91.741
91.386
90.386
91.498
91.912
92.956
93.108
92.941
93.399
92.538
93.054
91.156
88.688
87.009
78.872
66.832
57.316
65.281
71.622
74.413
83.015
86.474
88.929
89.885
90.627
91.646
91.448
92.772
92.357
93.555
91.733
91.310
91.910
90.829
89.885
87.981
88.856
90.278
90.109
92.365
92.292
93.662
92.361
90.611
91.150
87.045
78.102
