41.791
55.010
50.738
52.336
58.539
49.710
49.364
39.442
36.805
35.113
33.677
34.304
34.465
27.864
34.684
30.928
32.804
32.646
33.454
31.492
30.730
26.974
27.591
30.628
26.944
28.113
29.542
28.715
26.322
26.918
28.588
28.932
29.459
32.195
32.148
35.050
28.869
35.647
36.886
37.511
39.955
40.065
39.430
42.201
42.957
44.910
50.292
55.947
63.126
72.321
76.387
79.687
80.852
78.691
81.411
78.810
82.870
83.122
85.270
83.121
86.315
87.614
86.911
87.470
85.634
84.666
85.187
83.516
84.530
84.053
83.217
82.379
80.877
75.994
79.190
76.706
73.159
69.377
68.697
64.539
63.937
69.643
77.192
79.558
84.389
85.627
86.806
86.173
85.339
86.511
84.564
82.360
79.302
73.683
69.972
61.256
65.210
74.292
80.858
86.344
87.918
88.221
89.223
87.375
87.967
85.939
84.941
84.333
81.829
82.785
84.774
86.922
86.897
86.610
88.519
87.056
87.955
87.937
88.000
86.806
85.847
84.025
82.774
82.347
83.046
75.550
72.087
77.456
81.229
80.740
81.098
82.415
82.310
82.729
83.335
82.010
80.706
78.076
70.066
51.297
41.588
51.848
57.202
62.455
70.802
72.550
73.592
71.940
68.679
72.271
63.499
70.591
