73.090
84.378
82.282
83.961
85.761
85.188
87.892
86.767
88.255
86.773
89.570
86.432
85.264
85.981
75.676
73.448
64.174
63.761
67.841
73.580
77.269
80.059
82.675
83.651
83.824
84.240
83.130
84.485
84.088
87.431
81.026
82.435
84.629
83.197
79.391
74.950
78.173
75.615
80.455
87.561
88.245
88.823
87.243
85.672
85.821
78.708
69.811
58.925
46.557
40.117
35.963
36.221
34.938
38.420
34.487
31.157
30.007
28.135
29.762
28.964
31.564
35.440
37.273
36.069
32.412
37.486
38.944
38.398
41.942
41.607
42.484
46.990
48.309
53.500
61.903
75.194
84.188
88.289
91.428
92.383
93.941
92.590
92.363
91.189
90.712
91.109
90.065
89.594
89.411
90.312
89.911
90.291
91.395
92.033
93.121
92.984
93.899
94.688
94.888
93.737
93.260
91.081
90.364
86.656
83.719
77.961
75.822
73.086
75.538
79.824
82.644
85.507
89.061
91.629
91.372
92.294
88.278
90.087
86.710
85.033
81.232
73.208
71.336
62.659
69.774
77.068
82.258
88.319
90.519
92.245
92.678
91.567
92.390
89.864
89.120
90.744
91.078
93.748
94.253
95.043
94.331
93.746
93.812
92.780
91.822
91.190
90.269
88.994
88.751
87.263
85.863
66.895
