89.287
93.459
93.493
93.508
93.406
93.191
93.605
92.635
92.300
91.623
91.867
91.862
92.287
93.271
93.697
93.912
93.543
93.916
94.590
94.500
92.549
91.691
88.793
88.224
83.284
79.863
76.464
76.070
72.812
75.899
79.300
82.432
84.549
87.493
89.469
88.798
90.414
87.014
89.060
85.734
85.446
80.992
74.556
70.980
61.017
66.273
76.423
80.707
86.476
88.460
90.484
91.275
88.789
91.450
88.779
89.092
90.529
89.742
93.177
92.946
94.716
93.376
93.983
93.563
93.237
91.747
91.608
90.913
89.954
90.980
90.518
92.888
90.704
89.629
89.959
86.331
85.543
87.443
85.999
88.266
86.337
88.342
85.500
88.183
85.272
84.247
82.998
74.747
70.454
59.628
62.934
69.892
73.293
76.587
79.744
82.608
82.345
82.264
83.330
82.733
86.588
85.665
90.389
86.629
87.340
89.272
88.835
87.306
84.433
86.424
87.500
87.164
91.127
89.635
88.873
87.120
83.043
80.368
71.690
56.487
48.273
41.703
36.130
35.528
33.412
32.309
32.852
31.448
30.384
28.564
30.046
30.339
34.731
36.937
40.555
37.544
33.560
34.911
37.307
38.974
38.931
42.517
42.713
44.967
46.294
44.129
45.889
41.950
43.291
46.086
40.631
45.783
