71.150
78.290
81.253
82.522
81.371
82.391
82.214
82.996
83.060
86.291
77.731
80.132
82.966
83.262
80.724
78.551
80.643
79.056
80.876
86.960
86.293
82.372
84.463
81.534
81.781
74.830
62.319
50.210
44.358
38.326
36.462
34.177
32.071
33.470
30.547
27.274
26.169
26.038
26.071
26.653
28.301
33.403
34.265
32.503
31.304
38.969
40.224
38.074
42.508
41.122
41.614
45.534
46.161
50.693
58.070
69.788
81.081
85.684
89.210
90.831
93.257
91.656
93.166
92.191
92.822
93.292
92.670
92.493
91.777
92.304
91.983
92.322
93.271
93.583
94.070
93.548
94.175
94.795
94.480
92.521
91.775
88.478
87.633
83.299
76.772
69.471
64.318
60.526
58.044
64.140
72.904
80.021
84.365
88.668
89.559
91.919
89.504
91.259
88.130
87.778
84.115
78.322
73.726
64.636
72.603
79.008
84.605
89.464
90.436
90.939
89.783
87.850
88.146
84.114
82.832
84.787
86.732
91.302
92.019
94.418
93.519
93.998
94.215
93.518
92.611
92.126
91.940
90.556
91.467
91.052
92.627
91.178
90.563
89.302
85.482
86.163
87.996
87.888
89.170
88.434
89.060
88.035
89.467
86.599
83.041
79.018
63.977
53.339
47.463
43.772
38.411
35.907
