70.314
74.945
69.005
64.953
65.624
51.970
54.498
62.803
74.387
78.701
84.452
87.430
87.981
89.868
86.638
89.435
86.378
85.768
82.257
77.039
73.272
64.063
70.350
79.288
83.113
87.875
89.191
91.008
90.644
88.333
88.734
85.463
83.240
82.243
81.080
85.608
88.822
92.245
91.916
92.441
92.896
92.796
91.698
91.805
90.902
89.948
89.989
89.973
91.971
89.981
89.838
89.454
85.539
85.930
87.527
86.446
88.103
86.581
87.840
85.079
86.895
83.797
81.596
81.370
72.584
66.637
53.054
57.468
66.032
69.096
74.996
78.126
80.130
81.653
81.838
82.762
83.139
85.969
85.647
89.396
84.792
85.917
88.202
87.466
84.711
81.903
84.710
84.952
85.750
89.549
88.204
87.363
86.029
82.789
82.522
76.377
65.781
56.181
45.213
39.014
36.732
36.466
36.156
38.984
34.949
32.669
31.097
27.945
29.736
28.374
31.771
35.010
31.773
32.543
30.837
36.610
36.129
35.918
40.091
38.069
40.512
44.409
44.549
47.918
52.863
62.223
73.963
81.775
86.756
89.648
92.286
92.073
93.048
92.596
92.584
92.948
91.969
91.259
90.736
91.149
90.597
92.433
92.585
93.319
93.367
93.103
92.488
93.645
92.204
87.705
85.818
74.207
