48.453
53.969
59.973
69.507
80.782
87.618
90.923
93.748
95.087
95.827
95.735
95.129
95.031
94.610
94.823
94.261
93.885
93.211
93.550
93.484
93.718
94.476
95.106
95.302
95.405
95.901
96.110
96.505
95.568
94.781
92.465
92.353
87.950
86.002
81.006
79.662
75.576
79.697
84.026
86.340
88.199
89.869
92.118
90.866
92.883
89.002
90.808
87.300
87.017
82.811
76.151
73.658
63.504
71.066
79.466
82.648
88.347
90.098
93.222
93.668
91.363
93.902
91.401
91.429
93.582
93.367
95.633
95.801
96.392
95.954
95.707
95.675
94.814
93.829
93.228
92.540
91.472
92.385
92.241
94.193
92.392
91.219
91.032
87.471
86.400
88.763
87.913
90.088
88.581
90.727
88.335
91.025
88.038
86.827
85.418
76.631
70.953
59.651
62.855
69.606
72.364
78.464
82.434
85.774
86.049
85.879
86.612
85.168
89.323
87.490
91.976
88.248
89.122
91.609
91.122
90.735
88.752
89.185
91.196
89.916
93.121
92.569
93.883
91.646
89.173
89.123
82.236
76.276
65.921
52.118
41.261
37.979
34.367
32.416
34.296
30.966
31.244
28.982
29.470
31.531
34.863
36.414
40.645
38.414
33.211
34.098
38.099
40.062
42.410
45.233
40.594
49.004
