43.291
51.816
55.641
61.282
77.022
83.863
88.486
90.434
92.459
92.795
94.379
95.032
95.268
94.391
93.740
91.388
91.143
87.243
85.067
80.470
79.012
75.830
78.132
82.625
85.530
87.569
90.214
92.046
91.777
92.688
89.245
90.226
87.451
85.797
83.073
78.022
73.850
65.108
72.034
80.328
84.408
89.004
91.096
93.566
93.650
92.217
93.379
90.933
90.664
92.687
92.354
94.661
94.907
95.551
94.980
94.312
94.228
92.443
91.153
88.932
88.100
84.638
84.885
82.534
83.493
82.169
84.472
85.548
82.930
84.078
86.378
86.339
88.348
87.743
89.693
88.013
90.680
88.176
87.389
87.339
79.136
76.693
67.754
67.613
73.156
73.971
79.050
82.609
85.084
85.165
85.280
84.931
83.945
85.952
85.113
88.236
84.076
84.398
85.885
83.782
80.259
78.461
82.938
85.243
86.191
90.663
90.020
91.631
88.831
86.780
87.147
80.090
73.924
64.810
49.902
41.956
37.984
36.183
35.315
38.740
35.431
31.546
30.489
28.409
30.406
31.194
33.617
37.760
35.511
35.252
33.470
39.970
42.258
41.514
45.386
44.068
44.640
49.390
50.872
55.287
62.973
76.753
84.911
88.915
91.943
93.217
94.312
93.256
92.363
90.413
88.157
84.500
