53.704
45.491
43.282
41.905
43.844
40.888
41.889
42.877
50.947
56.370
65.674
68.758
73.328
74.296
77.745
75.625
78.069
79.809
81.482
69.922
76.273
77.823
76.525
72.324
70.917
75.479
72.160
77.964
82.205
83.396
75.087
81.314
77.532
75.633
68.006
54.202
45.091
40.831
34.445
32.763
30.538
28.380
29.500
26.974
24.591
23.678
24.378
24.252
25.442
28.858
32.471
31.849
33.367
30.956
36.311
37.945
36.098
40.119
39.400
39.395
42.417
43.097
47.380
54.026
62.050
75.240
80.848
85.341
86.951
90.565
88.797
90.339
88.701
89.676
90.632
89.869
89.685
89.670
90.502
89.659
90.145
91.024
91.271
91.723
91.132
90.973
92.587
91.187
88.116
87.829
84.161
82.408
77.608
68.384
62.607
60.136
53.843
53.496
59.206
65.698
73.337
78.294
82.529
82.912
86.682
84.171
87.604
84.518
84.117
81.393
73.743
69.903
61.672
69.263
77.769
81.885
86.602
86.838
86.782
85.963
83.209
83.654
79.157
78.575
79.415
80.533
86.069
87.561
91.275
89.977
91.031
91.546
91.370
90.660
90.369
89.910
89.013
88.948
87.741
89.193
87.321
87.094
85.777
81.064
82.786
84.683
84.666
85.347
84.363
83.762
82.411
81.089
