39.751
53.358
53.133
73.125
78.083
74.101
81.942
84.946
87.732
87.050
85.452
85.698
78.625
68.636
55.195
46.235
37.803
35.753
31.218
30.423
28.967
30.367
27.057
24.660
26.306
28.095
28.181
32.654
35.426
35.013
35.920
33.302
38.324
40.802
39.248
42.783
42.548
42.772
47.048
48.620
54.223
62.406
76.274
84.872
88.471
91.238
92.038
92.686
90.896
90.313
89.082
87.849
88.686
87.935
86.917
87.632
89.216
88.576
88.969
90.065
90.637
91.548
91.548
93.244
93.715
94.024
93.513
93.016
90.804
90.368
86.451
83.740
77.929
76.191
73.230
77.266
81.211
83.932
86.234
89.109
91.367
91.529
92.545
89.555
90.295
87.614
85.965
83.175
77.075
72.908
63.739
71.136
79.247
84.063
89.520
90.922
93.240
93.281
91.586
92.766
90.032
89.728
91.656
91.630
93.901
94.224
94.855
94.381
93.486
93.912
92.468
91.879
91.052
90.388
89.240
88.672
87.281
87.077
85.600
86.389
86.003
81.760
82.375
85.657
85.086
87.497
87.403
89.457
87.973
90.339
87.803
86.447
85.910
76.913
67.106
55.699
61.488
67.484
72.065
78.214
81.364
84.559
84.619
84.635
84.459
82.665
83.950
81.969
83.110
75.585
64.885
49.217
