68.755
74.933
81.221
85.983
88.752
87.678
88.617
89.019
90.626
89.663
90.857
89.845
89.516
90.272
89.710
91.679
89.835
89.578
88.645
84.447
85.503
87.334
86.101
87.584
86.079
87.278
84.474
86.544
82.835
80.454
79.151
68.897
62.716
53.649
55.855
62.187
66.892
74.152
77.725
79.780
81.710
82.360
83.616
83.731
85.700
85.541
88.870
83.020
85.333
87.616
87.063
84.602
81.397
83.920
83.634
85.133
89.616
89.159
89.543
87.442
85.285
84.644
78.153
68.501
56.918
46.289
39.496
37.910
36.790
36.640
40.299
35.284
32.357
31.458
29.076
30.136
28.711
31.496
32.998
35.428
34.525
32.710
37.132
37.510
38.403
41.348
41.530
42.210
46.126
47.584
52.078
58.798
70.565
80.317
85.713
89.376
90.807
92.874
91.928
92.723
92.062
92.290
92.458
91.300
91.163
90.880
90.512
90.390
91.270
91.507
92.428
92.339
91.874
91.097
92.698
92.076
89.527
90.021
86.332
84.887
81.212
75.484
69.520
66.099
60.623
56.210
60.930
72.343
76.458
81.905
84.255
86.269
87.805
84.907
87.545
85.678
83.271
79.044
70.728
66.874
59.184
58.981
65.160
74.254
80.425
83.112
77.119
81.460
79.577
78.862
75.542
59.356
