44.105
47.105
45.858
46.136
52.755
69.872
79.658
85.343
88.805
89.057
91.264
87.983
90.362
87.259
86.578
82.935
78.114
73.674
64.402
71.748
80.099
83.692
88.774
90.071
92.541
92.073
89.645
90.247
86.437
84.866
86.390
86.880
90.130
92.075
94.436
94.107
94.349
94.472
93.752
92.703
92.435
91.480
90.605
90.726
90.932
92.620
91.115
90.644
89.986
86.697
87.019
88.306
87.396
88.936
87.669
89.297
86.416
88.425
85.296
83.159
82.323
72.451
64.195
52.645
56.655
63.611
67.020
75.979
79.366
82.029
83.071
83.553
84.006
84.453
87.507
86.522
90.246
86.962
87.095
89.491
88.658
86.455
83.608
85.911
86.036
86.800
90.972
90.225
90.838
88.432
85.679
85.391
79.113
69.644
59.453
46.609
39.651
37.157
36.287
35.836
39.117
35.374
32.275
30.441
27.834
29.371
28.291
30.674
33.478
32.302
31.358
30.155
36.658
37.103
36.858
41.125
39.572
41.423
45.989
46.636
50.960
57.973
70.017
81.096
86.879
90.019
91.692
93.991
93.651
94.058
93.758
93.411
93.741
93.072
92.175
91.459
91.972
91.549
93.142
93.420
94.043
94.272
94.246
94.421
95.078
94.650
92.389
91.501
87.696
87.176
83.339
75.222
