67.892
71.750
77.510
82.705
82.927
86.040
85.461
87.271
85.868
88.809
85.630
84.125
84.676
74.486
71.709
60.496
61.882
66.197
72.915
76.578
79.316
81.908
82.922
82.808
83.188
81.277
82.151
81.580
84.250
77.051
78.603
81.109
79.475
75.889
71.798
76.769
74.515
79.873
86.648
87.491
87.750
86.323
85.002
85.029
78.167
69.022
58.413
46.038
39.275
35.675
36.322
35.363
38.750
34.178
31.136
30.132
28.119
29.741
28.881
31.344
34.730
36.298
35.169
31.979
36.697
37.763
37.693
41.403
41.021
41.883
46.599
47.797
52.886
61.024
74.019
83.503
87.705
90.854
91.646
93.463
91.875
91.501
89.642
89.181
89.143
88.277
87.084
87.595
88.545
87.279
88.565
89.567
90.837
91.978
92.276
93.237
94.300
94.457
93.048
92.750
90.509
89.677
85.896
82.388
76.470
74.747
71.827
73.293
77.730
81.229
84.673
88.297
90.739
90.482
91.368
87.176
88.810
85.534
82.687
79.119
71.048
68.726
60.151
66.619
75.625
81.000
87.278
89.543
91.301
91.906
90.729
91.699
89.039
88.111
89.550
90.009
93.066
93.602
94.608
93.772
93.264
93.216
92.165
90.829
90.105
88.315
86.727
85.211
82.911
79.890
72.337
54.044
