47.132
50.197
68.638
83.492
89.302
90.883
93.843
93.949
92.658
93.854
91.895
91.178
92.816
91.640
94.296
95.077
95.652
95.370
94.898
94.892
93.802
92.386
91.974
90.575
90.191
90.341
90.349
92.078
91.007
90.057
89.315
86.221
86.578
87.923
87.104
88.732
87.931
89.675
87.899
90.697
88.759
88.235
88.494
79.538
75.049
65.447
63.734
71.456
73.902
79.891
82.212
84.901
85.304
85.378
85.788
85.503
87.928
86.722
89.955
86.109
87.416
89.409
88.162
85.591
82.537
84.587
84.142
85.714
90.555
90.731
91.689
89.438
87.511
87.091
80.241
70.984
58.399
45.536
40.473
37.420
37.275
36.615
39.753
35.743
32.643
31.807
29.812
30.936
30.081
31.680
33.836
36.686
35.211
32.858
36.620
38.795
37.881
40.470
40.914
41.098
45.559
46.498
51.737
59.376
74.610
84.884
89.572
91.975
93.327
95.128
94.305
94.667
93.825
93.920
93.769
93.400
92.961
92.243
92.273
91.938
92.778
92.732
94.194
94.657
94.985
95.469
96.023
96.274
94.473
93.703
90.809
90.971
88.574
85.998
83.267
82.656
77.571
77.810
80.682
85.426
87.442
90.600
92.383
92.679
93.404
89.546
91.141
88.606
87.884
83.795
79.328
55.997
