86.756
87.547
86.743
89.054
85.901
84.155
85.112
75.398
70.793
61.684
63.142
66.909
73.155
77.028
80.145
82.145
83.226
82.842
83.620
83.429
84.692
84.866
88.468
82.323
84.115
85.786
84.039
80.528
75.306
79.184
76.821
81.898
87.894
88.736
89.421
87.433
85.617
85.504
78.703
67.819
55.842
46.060
38.360
34.836
34.562
32.071
36.093
32.333
29.153
28.395
26.529
28.997
28.580
31.766
34.944
37.054
35.484
31.541
36.480
38.943
39.436
41.819
41.874
42.482
46.704
47.882
53.234
61.324
73.635
84.264
87.891
91.187
92.426
94.053
92.754
92.461
91.684
91.277
92.033
91.473
91.244
91.301
91.863
91.636
91.435
92.367
92.556
93.337
93.193
93.967
94.771
94.871
93.320
92.932
90.707
89.825
85.740
81.863
75.716
73.788
70.911
72.750
76.430
81.514
84.366
88.348
90.592
90.376
91.822
88.027
89.646
86.726
86.292
82.495
75.830
73.434
64.403
71.546
78.501
83.542
88.713
90.193
92.419
92.343
91.033
91.630
88.942
88.244
89.914
90.154
93.203
93.530
94.885
94.164
93.742
93.984
92.970
92.386
91.680
91.329
90.588
90.964
90.384
91.797
90.850
90.146
89.164
85.570
85.676
87.457
86.734
87.715
