52.009
56.177
70.978
79.427
74.969
79.300
84.050
84.282
87.352
86.921
88.682
87.393
90.380
87.850
87.383
88.011
78.740
77.081
69.686
68.050
72.202
76.595
79.519
81.572
84.246
84.595
84.329
84.608
83.130
84.220
82.875
85.750
79.225
80.105
83.198
80.856
77.840
74.686
79.454
79.668
82.187
88.390
88.617
89.586
87.605
86.189
86.462
79.391
71.528
60.431
47.493
40.137
36.367
36.067
35.344
39.158
34.772
31.205
30.365
28.425
30.139
29.612
32.227
35.368
37.130
35.892
32.394
37.007
39.060
38.052
41.672
41.795
42.504
46.993
48.832
54.082
63.126
76.659
85.485
89.154
91.991
92.899
94.249
92.760
92.468
90.617
89.204
88.243
86.728
84.659
85.033
85.957
85.060
87.685
89.491
91.007
92.761
93.140
94.310
94.986
95.318
94.451
93.908
91.958
91.615
88.373
86.163
81.643
78.961
75.872
78.459
83.053
84.722
87.453
90.494
92.850
92.430
93.058
89.041
90.404
87.392
85.270
81.229
74.615
72.928
64.178
71.506
78.163
83.102
88.533
91.152
93.135
93.569
92.800
93.484
91.186
90.705
92.473
92.559
94.636
94.983
95.457
94.816
94.082
94.244
92.950
91.768
90.777
88.879
86.063
81.699
67.918
