47.967
52.892
52.795
54.350
56.356
59.596
67.112
78.718
86.236
90.224
93.330
94.910
95.673
95.609
95.012
94.900
94.512
94.747
94.223
93.781
93.053
93.486
93.500
93.760
94.505
95.080
95.314
95.343
95.873
96.033
96.377
95.401
94.580
92.025
91.768
86.668
84.395
79.129
77.667
74.148
77.749
82.155
85.134
87.331
89.495
91.836
91.007
92.950
89.351
91.061
88.048
87.608
83.579
77.546
74.314
65.437
72.319
80.349
83.678
89.121
90.640
93.614
93.817
91.628
93.732
91.218
91.026
93.220
92.899
95.439
95.703
96.332
95.999
95.676
95.865
94.821
94.115
93.358
92.825
91.679
92.544
92.345
94.170
92.459
91.521
91.099
87.826
87.147
89.052
88.428
90.308
88.843
90.815
88.298
90.860
87.862
86.424
85.201
76.035
69.027
56.130
60.979
68.796
71.045
77.809
82.024
85.202
85.604
85.721
86.620
85.333
89.358
87.804
91.993
88.581
89.180
91.484
90.824
90.577
88.191
88.872
90.897
89.779
92.962
92.270
93.576
91.355
88.559
88.664
81.587
75.405
65.543
51.546
40.915
37.280
34.216
32.088
34.166
31.013
31.806
28.856
29.531
31.695
31.776
35.489
41.369
39.438
33.996
35.694
36.814
35.061
35.874
