31.547
33.694
36.345
38.514
40.099
44.763
42.274
57.484
57.657
59.155
71.562
79.008
74.171
82.494
77.131
77.458
70.792
57.852
44.503
41.781
35.972
33.483
31.618
30.290
30.443
29.432
27.118
26.720
25.641
25.361
26.056
31.847
33.734
35.590
38.979
37.412
40.180
43.126
41.507
41.932
42.600
40.541
43.247
44.237
48.825
55.472
65.299
78.748
83.762
86.747
88.067
89.036
86.670
86.363
84.437
83.476
84.410
84.032
81.809
83.346
85.743
85.812
86.361
87.319
87.248
88.826
88.184
89.857
90.643
90.800
89.928
89.252
86.476
85.655
81.299
75.249
68.011
65.593
61.168
60.803
69.090
75.891
80.601
85.085
87.931
88.741
90.258
87.852
89.238
86.976
84.782
81.912
76.362
72.553
63.484
69.247
77.824
83.031
88.279
89.365
90.701
90.639
88.732
89.632
86.222
85.532
86.909
86.416
89.802
90.522
91.880
91.317
90.287
90.514
89.308
89.220
88.764
88.547
87.596
86.152
83.866
82.584
81.492
83.632
81.479
76.334
79.409
83.450
83.506
85.005
85.943
86.693
86.053
87.288
84.553
81.660
79.043
68.863
49.480
40.844
50.247
54.129
60.037
72.552
76.198
79.315
80.246
78.909
80.335
72.236
77.149
69.305
