62.369
53.790
52.809
51.172
52.324
54.287
49.865
52.739
51.257
50.376
49.432
46.697
52.059
51.756
52.546
52.548
52.290
52.238
53.517
55.723
59.302
68.004
79.927
88.285
91.062
93.701
95.208
95.693
95.660
95.116
95.035
94.514
94.814
94.193
93.726
92.966
93.334
93.330
93.583
94.520
95.097
95.367
95.448
95.914
96.057
96.272
95.440
94.773
92.777
92.509
88.912
86.127
81.364
78.819
75.863
79.557
84.077
86.189
88.220
90.732
92.791
93.194
94.378
92.656
93.125
91.973
91.146
89.898
86.843
78.361
71.146
76.397
82.819
87.630
91.889
92.821
94.977
94.546
93.090
94.002
91.330
91.096
93.356
93.191
95.349
95.718
96.203
96.014
95.554
95.853
94.736
94.509
93.528
93.335
91.950
92.788
92.697
94.316
93.189
92.723
92.051
90.998
91.569
91.977
92.338
92.733
92.238
92.845
91.832
92.904
91.305
89.433
88.404
80.656
70.939
59.641
67.238
74.980
77.270
82.891
86.177
88.554
89.036
89.590
89.893
89.605
92.151
91.789
93.817
92.144
91.508
92.638
91.448
91.052
88.774
89.537
91.027
90.591
92.946
92.690
94.157
92.425
89.897
90.879
85.745
80.857
71.620
57.604
47.949
44.417
38.980
36.966
