46.302
41.541
45.000
47.282
46.530
52.221
45.044
46.677
36.969
35.462
33.569
32.499
31.560
33.387
27.068
33.229
29.630
32.520
32.322
33.180
30.773
31.298
26.972
28.239
28.935
25.359
30.366
28.328
26.833
24.196
25.077
25.218
26.552
28.686
31.521
30.059
34.108
28.889
35.209
37.338
37.693
41.491
40.437
40.403
42.800
43.749
45.276
51.036
56.386
63.418
71.474
75.066
78.382
78.181
76.618
77.791
75.807
79.249
79.836
82.488
80.477
84.736
86.672
86.309
86.607
84.287
82.075
83.294
81.041
82.962
81.414
81.178
81.075
79.118
74.904
78.502
75.943
72.875
68.477
67.257
62.582
61.228
68.120
75.468
78.889
83.601
84.891
85.920
85.297
84.330
85.454
83.414
81.187
77.687
72.792
70.161
62.093
67.347
75.386
81.152
86.198
87.607
87.655
88.701
87.043
87.483
85.195
84.487
83.423
81.346
81.457
83.715
84.735
85.543
84.200
86.587
84.896
86.763
87.037
87.346
86.352
85.212
83.094
81.516
81.002
82.137
73.780
69.062
76.347
80.271
78.930
78.969
80.626
80.972
81.444
82.320
80.857
79.751
76.784
68.033
49.043
38.098
49.533
55.579
60.725
67.391
67.638
68.774
65.137
63.329
65.319
55.603
