45.769
79.558
67.749
66.267
64.889
50.472
40.900
41.465
35.696
35.215
34.533
31.145
30.682
31.060
28.821
26.574
27.224
28.757
29.036
32.164
33.737
33.820
36.675
34.197
37.530
40.910
39.455
42.026
42.585
42.118
44.543
45.706
47.839
53.721
65.996
77.711
83.651
85.981
88.411
89.482
88.901
89.166
88.880
88.863
89.794
88.783
86.619
86.251
89.201
89.151
90.452
91.623
91.641
92.559
90.955
92.197
92.223
91.699
90.357
89.120
86.690
87.342
83.603
80.060
74.380
72.159
68.019
70.010
75.175
80.400
83.731
87.803
90.028
90.487
91.576
89.750
90.940
88.720
88.385
85.628
80.325
74.794
65.371
72.927
80.355
85.038
90.347
91.149
92.734
92.602
90.915
91.667
88.638
87.913
89.676
88.684
91.524
91.979
93.816
92.850
92.937
93.803
92.476
92.240
91.677
91.641
90.133
90.297
88.537
88.717
87.056
88.795
88.370
85.472
87.485
88.594
87.985
88.944
88.303
89.067
87.726
89.111
87.085
85.720
85.121
76.805
64.107
52.054
60.737
67.796
72.134
78.323
80.741
82.656
83.129
83.517
83.225
84.290
85.924
86.130
88.356
83.036
82.480
83.575
80.620
78.649
69.378
56.977
50.314
45.727
46.467
42.337
