83.046
84.512
88.292
85.617
85.060
82.342
76.430
72.117
62.940
68.458
78.663
82.429
87.118
88.384
89.261
88.983
86.709
87.925
85.825
84.738
85.071
83.687
87.883
88.963
92.237
90.508
91.754
91.596
91.953
90.767
91.204
90.168
89.496
89.336
89.092
90.816
89.083
88.965
88.287
84.295
85.493
86.914
85.979
87.322
85.859
87.015
84.495
86.202
82.688
79.938
78.622
68.628
60.159
49.800
54.273
59.818
63.987
73.456
76.985
79.544
81.122
81.273
82.568
82.326
84.737
84.767
88.032
82.006
83.676
85.103
83.809
79.531
75.716
78.964
74.816
80.294
85.997
86.449
84.020
85.014
82.913
82.383
76.302
65.244
54.116
45.031
38.767
35.635
35.484
34.500
37.122
33.728
31.248
29.697
27.794
29.332
29.052
30.345
34.184
32.191
32.394
30.024
35.864
36.928
36.968
40.609
39.996
40.942
44.342
45.064
49.147
55.631
66.075
77.858
84.197
87.573
88.790
91.552
90.331
91.284
90.440
90.525
91.224
90.522
89.899
89.911
90.453
89.943
91.365
91.166
91.782
91.662
91.424
90.971
92.767
92.214
88.658
89.655
85.893
84.700
82.796
76.947
73.980
74.704
65.474
65.070
69.797
75.912
78.656
78.536
79.520
78.226
