64.084
69.527
75.374
73.454
75.279
77.432
79.421
66.609
72.868
73.411
72.734
68.727
66.922
68.624
66.130
72.470
76.313
79.143
64.889
78.023
72.354
68.086
61.970
46.223
41.661
38.306
34.189
33.210
32.354
29.644
30.185
29.037
27.128
24.635
23.961
24.486
25.107
25.774
30.405
31.362
33.690
32.521
39.516
41.044
38.031
43.067
41.877
41.669
44.590
44.037
47.120
52.833
59.500
69.885
78.287
83.424
86.057
89.110
87.061
89.074
87.170
88.846
90.035
89.503
89.517
89.447
90.273
89.678
90.200
90.722
90.874
91.327
90.324
90.820
91.939
90.733
87.903
86.821
82.585
81.446
76.576
68.745
62.309
59.403
54.091
51.257
58.159
66.970
75.707
80.799
84.762
85.750
88.116
86.012
88.590
86.020
85.292
82.546
76.622
72.269
64.386
71.646
79.121
83.196
87.509
88.255
88.414
88.012
85.277
85.456
81.422
79.756
80.116
80.660
85.975
88.022
91.653
90.749
91.197
91.674
91.482
90.574
90.460
90.020
88.831
88.932
88.013
89.003
87.228
87.416
85.440
81.037
83.159
85.141
84.908
85.551
85.285
85.338
83.986
83.860
80.157
76.373
71.572
60.648
50.088
43.618
45.849
46.911
51.555
53.373
62.255
58.576
