66.681
82.570
88.412
88.802
90.178
89.750
89.494
90.248
89.312
90.984
89.436
89.424
88.248
84.119
84.767
86.927
85.665
87.198
85.854
86.767
84.616
86.891
83.627
81.732
82.064
73.671
69.215
61.682
60.861
66.266
70.736
75.859
78.335
79.797
81.801
81.892
82.982
82.517
84.236
84.609
88.048
82.081
83.968
85.886
85.286
81.991
78.094
81.271
79.563
82.385
87.136
86.783
86.800
85.957
84.342
83.741
77.830
67.758
57.042
46.514
38.968
36.424
36.355
35.716
39.694
34.390
31.085
30.200
27.830
29.510
28.822
31.025
33.696
36.113
34.886
32.106
36.793
37.707
38.535
41.183
41.654
42.551
46.834
47.359
51.575
59.510
70.291
80.807
84.915
88.435
89.727
91.348
90.462
90.738
90.389
90.508
91.347
90.277
90.301
90.141
90.481
90.137
90.731
91.046
91.302
91.145
90.239
89.613
90.882
90.869
88.307
89.035
86.569
85.083
83.248
77.447
73.177
72.396
67.639
68.905
72.461
77.172
79.597
84.566
86.336
87.394
88.068
85.056
87.466
85.958
82.732
79.949
71.965
69.052
59.305
64.210
68.658
76.211
82.924
85.691
82.576
84.997
83.376
84.755
83.702
81.840
79.791
76.508
82.929
83.025
87.076
82.662
