76.358
84.832
83.394
83.583
81.791
74.497
71.100
61.041
65.666
76.898
79.407
84.402
85.017
83.590
85.016
82.197
84.542
81.578
80.135
79.077
77.628
82.974
85.163
89.132
87.945
88.436
88.806
89.701
89.034
89.575
88.851
88.529
88.501
88.211
89.887
88.318
88.072
87.098
82.946
84.097
85.826
84.908
85.820
84.267
84.233
82.359
83.163
79.433
75.358
74.029
66.458
56.428
46.708
51.949
57.939
62.427
71.046
74.105
76.122
78.860
78.904
80.186
80.403
82.403
83.602
86.474
79.711
82.479
83.886
83.240
79.318
75.910
79.802
77.603
81.550
85.087
84.854
80.780
82.686
79.927
78.676
73.341
59.887
49.937
43.413
37.131
34.018
33.919
31.982
34.481
31.633
28.469
27.000
26.164
27.839
27.493
29.826
33.496
32.017
32.785
29.574
35.096
36.815
36.911
40.643
39.696
40.847
43.941
43.736
48.039
54.574
62.130
74.644
80.987
84.450
85.930
89.651
88.203
89.709
88.779
89.492
90.253
89.463
89.118
89.328
89.717
88.878
90.108
90.015
90.730
90.185
89.763
88.214
91.040
89.666
85.101
86.586
83.051
79.959
79.112
69.158
66.826
65.698
55.911
51.938
60.597
67.945
71.538
75.027
73.987
78.100
80.219
