49.219
57.543
64.528
69.825
70.444
74.183
79.027
83.651
85.713
84.610
84.540
83.723
86.400
84.758
85.748
85.046
84.739
86.097
85.913
89.598
87.172
86.124
86.446
81.927
82.036
84.233
83.055
84.574
82.978
83.859
81.280
83.060
78.772
75.765
71.602
63.023
52.291
44.588
49.641
54.657
61.452
69.889
74.084
77.234
79.587
79.523
81.340
81.305
83.229
83.850
87.029
80.786
83.270
85.330
83.896
80.373
76.384
79.684
76.339
81.240
86.372
86.677
86.670
85.394
83.598
82.138
76.107
65.252
54.153
45.066
38.125
35.465
35.670
35.974
38.687
33.551
30.602
29.561
26.914
28.442
27.729
30.293
31.854
33.900
33.216
31.264
35.974
35.684
36.768
40.462
40.266
41.385
45.328
46.268
51.256
58.171
68.237
78.178
83.695
87.511
88.900
91.074
89.817
90.225
89.526
89.607
90.302
89.258
89.835
89.783
89.016
88.109
88.367
88.800
89.658
89.253
89.051
87.764
90.538
90.010
86.990
88.043
84.722
82.584
79.191
71.178
65.522
62.213
57.424
52.806
60.475
67.511
73.462
78.159
80.164
82.229
82.935
80.485
82.048
81.001
78.909
76.926
68.464
56.936
47.600
44.366
48.924
57.239
58.522
60.573
48.675
46.030
