65.595
65.727
67.137
61.775
53.945
44.900
41.757
44.332
47.464
43.054
47.297
48.461
47.929
47.804
45.681
51.403
51.295
52.201
53.010
52.425
53.049
54.259
56.597
60.241
68.768
80.361
89.191
91.453
93.874
95.318
95.708
95.686
95.154
95.062
94.543
94.785
94.157
93.697
92.924
93.286
93.260
93.491
94.450
95.051
95.382
95.490
95.942
96.034
96.260
95.494
94.818
92.928
92.761
89.580
86.692
82.198
79.117
76.237
79.765
84.666
86.437
88.711
91.066
93.229
93.931
95.047
93.790
93.989
93.147
92.287
91.563
89.140
79.181
71.870
77.578
83.886
88.973
92.688
93.430
95.272
94.674
93.322
94.088
91.468
91.240
93.483
93.333
95.344
95.714
96.174
96.008
95.537
95.772
94.628
94.490
93.446
93.369
91.923
92.699
92.610
94.254
93.132
92.694
92.129
91.303
92.311
92.687
93.322
93.514
93.327
93.835
93.204
93.818
92.454
90.484
89.465
82.160
73.127
64.085
70.971
78.079
80.241
84.943
88.183
89.938
90.602
91.298
91.278
91.153
92.954
92.600
94.124
92.577
91.830
92.664
91.484
90.984
88.748
89.483
91.213
90.628
92.995
92.714
94.245
92.675
90.696
91.712
87.331
83.244
77.064
63.432
44.121
