69.428
79.672
83.453
85.884
84.386
87.657
84.692
83.853
80.608
74.559
69.385
60.606
64.782
74.851
79.939
85.265
86.538
85.392
83.555
79.051
76.739
72.011
71.641
72.930
72.275
77.486
82.400
87.342
87.114
88.633
89.472
90.506
89.345
90.150
89.213
88.325
88.265
88.172
90.044
87.960
87.524
86.983
82.167
83.217
85.522
84.744
86.362
84.984
86.281
82.765
83.247
78.436
72.204
62.396
57.090
49.729
43.113
47.847
51.678
53.829
67.476
73.356
75.498
77.942
79.102
81.277
80.716
83.233
83.662
87.168
81.339
82.578
84.284
83.406
79.992
75.660
79.063
75.350
80.217
85.593
85.824
85.145
84.306
81.525
80.453
73.998
62.811
53.845
44.849
38.364
35.211
35.137
34.584
37.182
33.294
30.542
29.060
26.589
28.085
27.771
29.532
33.251
31.327
31.027
30.040
35.995
36.191
36.232
40.817
40.051
40.712
44.413
44.877
48.851
55.329
65.011
74.244
80.568
85.534
87.852
90.572
89.961
90.550
90.177
89.884
90.829
89.861
89.379
89.484
90.029
89.579
90.813
90.855
91.469
91.395
90.772
90.131
91.594
90.282
86.056
86.189
80.245
78.185
72.663
59.796
54.328
47.171
43.464
40.429
35.644
34.769
28.207
