50.058
64.511
75.153
79.463
83.706
86.885
88.540
86.844
88.279
87.727
90.001
88.524
89.935
88.774
88.296
89.505
89.005
91.800
89.787
89.226
88.625
84.867
85.517
86.978
85.783
87.187
85.524
86.953
83.998
86.243
82.461
80.390
78.169
68.368
64.799
55.630
55.965
62.673
67.490
74.404
77.761
80.144
81.954
82.448
83.810
83.822
85.920
85.800
89.063
83.622
85.609
87.975
87.288
84.798
81.828
83.938
83.366
85.198
89.663
89.272
89.435
87.660
85.310
84.712
78.472
68.938
56.820
45.984
39.545
37.136
36.637
36.122
39.561
34.976
31.859
31.059
28.592
29.820
28.732
31.164
33.157
35.558
34.302
32.607
36.946
37.888
38.230
41.461
41.440
41.970
46.433
47.530
52.048
58.944
70.625
80.718
86.018
89.449
90.707
92.959
91.885
92.672
92.011
92.280
92.467
91.200
91.275
90.853
90.299
89.939
90.756
91.078
91.963
91.828
91.402
90.552
92.521
91.929
89.590
90.227
86.644
85.384
81.718
75.815
70.679
67.977
61.213
56.579
61.971
71.704
76.026
81.352
83.241
85.249
86.716
83.960
86.349
84.574
82.072
78.133
69.896
63.528
54.774
50.246
54.334
68.747
74.686
77.831
70.317
77.401
68.998
68.494
