76.784
85.720
85.654
89.338
87.553
86.827
87.228
86.369
89.902
90.889
92.436
91.122
91.123
90.606
90.884
89.102
90.834
89.807
89.209
89.215
87.128
89.731
86.059
85.359
85.766
79.680
78.935
83.218
82.538
85.224
84.232
86.110
84.781
88.049
85.322
85.356
84.914
76.016
71.074
63.171
61.642
68.422
70.192
77.835
79.334
82.185
83.174
81.784
82.074
80.574
82.473
81.478
85.439
77.606
80.673
83.513
83.046
79.381
75.417
77.045
72.999
79.071
85.367
86.939
85.967
85.955
84.530
84.394
77.422
67.606
55.666
45.161
39.430
36.985
36.688
36.726
38.945
35.082
31.618
30.986
28.910
30.551
29.531
31.913
34.174
36.926
35.804
32.998
37.613
38.301
39.297
42.239
42.108
42.833
46.692
47.993
52.352
59.765
72.507
82.840
87.442
90.056
90.734
92.815
91.016
91.550
90.398
90.776
91.361
90.589
90.414
90.441
90.525
90.295
91.042
91.303
91.641
92.026
91.541
91.909
93.432
93.699
91.803
91.995
89.512
89.156
86.853
83.664
80.020
78.913
74.881
75.328
78.496
82.488
84.347
87.886
89.278
89.226
89.579
85.167
86.416
83.842
82.685
78.380
68.905
56.705
48.021
47.626
45.897
42.264
40.100
42.343
