58.986
62.382
67.587
61.929
57.912
53.805
47.998
45.926
48.773
50.473
46.575
46.963
48.039
48.343
48.455
45.382
50.534
50.553
51.051
52.459
51.887
52.975
54.668
57.511
60.842
69.733
81.270
89.588
91.826
94.073
95.383
95.736
95.693
95.161
95.044
94.603
94.797
94.184
93.753
92.971
93.341
93.326
93.511
94.411
95.049
95.351
95.471
95.905
96.020
96.281
95.442
94.829
93.174
92.737
89.659
86.400
81.396
78.409
75.552
79.379
84.185
85.660
88.235
90.631
92.911
93.679
94.947
93.737
94.021
93.366
92.436
91.966
89.331
79.367
72.334
77.698
83.620
88.702
92.618
93.252
95.113
94.486
93.029
93.830
91.113
90.912
93.200
93.096
95.285
95.580
96.121
95.909
95.465
95.718
94.592
94.424
93.402
93.314
91.870
92.741
92.537
94.268
93.150
92.678
92.115
91.326
92.435
92.807
93.591
93.715
93.673
94.042
93.433
93.832
92.288
90.107
88.624
80.628
70.290
60.205
68.065
75.364
76.998
84.448
88.140
90.043
90.952
91.839
91.874
91.875
93.343
93.059
94.208
92.705
92.032
92.789
91.607
91.104
89.055
89.742
91.180
90.825
93.004
92.861
94.400
93.050
91.381
92.127
88.201
84.528
78.774
65.200
