77.666
82.551
83.183
85.092
84.810
87.798
84.922
83.854
84.198
74.161
69.794
55.809
59.956
66.118
72.898
77.377
79.334
80.967
82.626
82.455
82.614
79.856
79.780
77.903
80.024
69.018
72.145
76.125
73.662
70.440
66.008
69.224
68.956
74.347
83.130
85.151
83.406
84.382
83.522
83.556
76.425
66.149
54.423
43.848
38.455
35.415
35.773
34.857
38.847
34.307
31.513
30.731
28.812
30.141
29.329
31.302
33.669
35.838
33.687
31.625
35.397
37.536
37.266
40.030
40.062
40.786
44.686
46.059
50.857
58.703
71.759
81.970
86.777
90.261
90.781
92.775
90.655
90.858
88.588
88.431
88.553
88.232
87.109
88.587
89.989
88.358
88.972
89.356
90.502
91.726
91.764
93.179
94.126
94.214
92.984
92.386
90.071
89.571
85.589
82.791
77.376
75.590
72.796
75.337
79.344
81.988
84.682
88.449
91.195
90.356
91.412
86.817
88.680
85.826
82.106
76.288
64.744
67.928
60.166
66.142
76.718
82.609
87.084
89.827
90.998
92.040
91.197
91.910
89.669
88.661
89.914
90.145
93.070
93.616
94.749
93.888
93.134
93.204
92.295
90.826
90.463
88.733
87.911
85.968
84.030
83.554
78.846
78.650
74.729
58.438
48.721
38.858
