51.284
61.305
59.092
58.939
56.478
55.349
53.814
54.931
56.419
59.666
68.185
79.845
87.666
90.829
93.706
95.171
95.794
95.767
95.141
95.072
94.640
94.895
94.370
93.991
93.234
93.604
93.657
93.877
94.663
95.203
95.405
95.444
95.955
96.133
96.468
95.524
94.783
92.648
92.281
87.871
85.335
79.820
77.705
74.648
77.793
82.537
85.186
87.538
90.112
92.212
91.787
93.469
90.493
91.772
89.554
89.069
86.063
80.928
76.071
68.153
74.561
81.646
84.824
89.995
91.301
93.979
94.046
92.061
93.843
91.138
91.133
93.341
93.187
95.498
95.726
96.331
96.023
95.683
95.901
94.908
94.323
93.512
93.087
91.941
92.923
92.723
94.490
93.089
92.360
91.932
89.779
89.446
90.561
90.265
91.504
90.411
91.770
89.752
91.780
89.128
87.586
86.211
77.259
70.345
59.873
63.315
71.249
74.116
79.701
83.638
86.619
86.970
87.557
88.142
87.302
90.907
89.845
93.164
90.904
90.651
92.242
91.066
91.071
88.338
89.100
90.564
89.879
92.916
92.520
93.934
92.101
89.597
90.005
83.660
78.082
69.692
55.168
42.757
39.404
36.584
36.437
37.870
33.748
33.001
31.287
29.905
30.312
30.656
32.652
30.666
33.408
26.804
