54.599
71.549
77.930
82.610
86.614
88.841
87.910
88.994
89.193
90.964
89.853
91.030
89.994
89.587
90.644
89.986
92.171
90.447
89.956
89.066
85.300
86.086
87.659
86.351
87.773
86.125
87.493
84.410
86.632
82.813
80.611
79.161
69.247
64.566
55.750
57.012
63.678
67.759
74.510
77.992
80.225
81.910
82.639
84.080
84.113
86.265
86.090
89.373
84.138
86.127
88.545
87.905
85.916
82.984
85.216
85.139
86.097
90.264
89.787
90.334
87.980
85.573
84.915
78.533
69.242
57.383
46.106
39.527
37.870
36.765
36.360
40.172
35.452
32.461
31.509
28.901
29.953
28.609
31.478
33.067
34.997
33.901
32.543
36.658
37.304
37.870
40.956
40.831
41.536
45.967
47.387
52.025
58.680
70.713
80.442
85.944
89.549
90.925
93.129
92.329
93.114
92.464
92.737
92.870
91.762
91.713
91.192
90.683
90.598
91.460
91.715
92.641
92.556
92.130
91.233
92.864
92.263
89.782
90.167
86.362
85.172
81.449
75.659
69.643
66.154
59.449
54.364
58.746
68.519
75.355
81.311
83.767
86.068
87.644
84.862
87.570
85.499
83.222
78.846
70.516
66.311
58.351
56.157
62.568
73.864
79.414
82.045
75.428
79.718
78.136
76.272
72.294
