81.999
90.531
94.047
94.679
95.286
95.094
94.465
94.368
93.938
94.249
93.397
93.156
92.383
92.259
92.356
92.616
93.720
94.269
94.501
94.472
94.898
95.465
95.829
94.884
94.774
93.487
92.428
87.746
84.660
78.928
77.021
73.364
76.312
80.546
83.210
85.954
87.335
89.916
88.647
90.919
87.106
89.353
85.871
85.944
81.609
75.058
71.598
61.308
66.743
76.207
80.711
86.171
87.577
90.030
90.752
88.089
91.172
88.032
89.057
91.547
92.476
94.883
94.101
95.392
94.030
94.559
93.772
93.696
92.004
91.750
91.071
90.073
91.219
91.036
93.509
91.587
90.120
90.516
87.002
86.049
88.093
87.096
89.312
87.564
89.690
86.966
89.644
85.920
84.881
82.544
73.835
67.189
57.482
60.277
66.746
70.818
77.000
81.275
84.954
85.439
85.166
85.981
84.652
88.606
87.353
91.533
88.081
88.944
90.871
90.390
89.404
87.287
88.463
90.000
89.072
92.489
91.979
93.422
91.637
90.072
88.898
82.789
74.897
63.779
49.812
40.339
37.881
34.589
32.990
34.929
31.573
32.056
28.915
29.515
31.048
33.389
35.684
40.327
38.163
33.557
34.831
36.717
39.778
40.086
44.247
44.619
47.235
48.454
49.307
51.083
47.561
47.200
