60.388
60.528
63.281
60.138
60.761
57.737
55.847
54.736
55.512
57.045
60.379
68.662
79.816
87.566
90.852
93.604
95.132
95.762
95.722
95.159
95.098
94.631
94.864
94.314
93.865
93.083
93.497
93.526
93.751
94.621
95.140
95.397
95.442
95.929
96.109
96.409
95.550
94.814
92.668
92.361
88.087
85.889
80.653
78.844
75.660
79.067
83.565
86.030
88.134
90.272
92.296
91.911
93.414
90.531
91.669
89.492
88.905
86.041
80.835
76.159
68.095
74.474
80.710
85.031
90.162
91.483
94.153
94.189
92.370
93.952
91.465
91.270
93.511
93.408
95.611
95.845
96.342
96.061
95.689
95.939
94.844
94.339
93.424
93.080
91.769
92.802
92.679
94.390
92.989
92.250
91.769
89.458
88.990
90.267
90.004
91.265
90.205
91.584
89.657
91.710
89.299
87.863
86.718
78.165
71.106
60.231
64.057
71.793
74.468
79.902
83.716
86.535
86.754
87.322
87.920
87.067
90.613
89.468
92.982
90.632
90.373
92.356
91.292
91.308
88.714
89.383
91.277
90.199
93.123
92.561
94.006
91.987
89.397
89.698
83.150
77.720
69.542
54.734
43.310
39.897
37.543
36.203
38.393
34.698
34.360
32.610
31.025
30.794
31.028
33.593
28.928
31.538
