78.046
89.373
92.338
94.608
95.087
95.652
95.470
94.865
94.740
94.261
94.534
93.748
93.473
92.775
92.699
92.748
92.964
93.980
94.592
94.820
94.926
95.376
95.839
96.214
95.399
95.199
94.005
93.305
89.379
86.849
81.097
79.273
75.213
79.144
83.663
85.653
87.614
88.715
91.080
89.726
91.733
87.762
89.752
86.268
86.127
81.810
75.142
71.852
61.480
67.222
76.651
81.049
86.890
88.372
91.234
92.021
89.598
92.609
89.601
90.536
92.830
93.442
95.420
95.005
95.913
94.889
95.103
94.488
94.099
92.617
92.151
91.453
90.375
91.501
91.314
93.800
91.809
90.203
90.613
86.840
85.753
88.136
87.181
89.532
87.969
90.130
87.677
90.466
87.012
86.063
83.968
75.402
69.769
60.459
62.126
68.063
72.178
77.891
82.010
85.906
86.355
86.006
86.622
85.089
88.979
87.293
91.694
87.972
89.106
91.383
90.847
90.176
88.089
88.983
90.745
89.572
92.973
92.509
94.064
92.248
90.842
90.083
83.654
77.066
65.949
50.857
41.381
38.384
34.685
32.990
34.477
31.899
32.175
29.242
30.108
31.713
34.597
37.230
41.050
38.453
34.299
35.483
37.538
39.792
39.854
45.500
46.440
49.126
52.934
52.172
53.362
45.768
