47.976
51.128
56.095
56.977
60.422
68.833
79.764
87.019
90.680
93.614
95.115
95.862
95.800
95.209
95.074
94.735
94.910
94.417
93.984
93.268
93.639
93.662
93.891
94.598
95.218
95.421
95.521
96.018
96.173
96.583
95.656
94.843
92.450
92.340
87.644
85.705
80.935
79.296
75.878
79.857
84.280
86.839
88.380
90.184
92.339
91.346
93.190
89.462
91.092
87.798
87.377
83.107
77.037
74.115
64.303
71.857
80.056
83.383
89.066
90.718
93.762
94.065
92.005
94.167
91.773
91.666
93.877
93.528
95.764
95.985
96.510
96.186
95.816
95.939
94.931
94.148
93.416
92.828
91.700
92.622
92.452
94.328
92.605
91.456
91.154
87.671
86.713
88.855
88.153
90.235
88.808
90.914
88.568
91.288
88.385
87.151
85.961
77.120
71.945
60.441
63.255
70.437
72.603
78.636
82.541
85.745
86.003
85.970
86.658
85.246
89.361
87.496
91.933
88.430
89.105
91.767
91.223
91.098
88.878
89.367
91.447
90.217
93.231
92.580
93.860
91.568
88.865
89.000
81.808
75.982
65.505
52.326
41.405
38.124
34.568
32.314
34.060
31.238
31.442
29.107
30.229
31.895
35.806
37.797
42.341
39.407
33.925
34.855
37.823
37.436
36.642
37.986
