53.680
71.354
85.251
89.658
91.046
93.485
93.596
92.036
93.206
91.078
90.144
91.788
90.245
93.323
94.291
95.231
94.895
94.377
94.419
93.615
92.720
92.544
91.656
91.218
91.230
90.642
91.871
90.642
90.366
89.135
86.114
86.739
87.741
86.453
88.309
87.568
89.212
87.519
90.150
88.029
87.239
87.543
77.576
71.739
62.235
61.405
69.091
72.105
78.674
81.427
83.969
84.784
84.904
85.083
84.849
86.781
85.772
89.151
84.341
85.749
87.593
86.403
82.785
79.014
81.540
79.085
83.128
89.198
89.822
90.019
88.430
86.651
86.443
79.610
70.728
58.566
45.764
40.378
37.233
37.023
36.568
39.943
35.613
32.306
31.704
29.321
30.703
29.752
31.414
33.641
35.921
34.274
32.117
36.212
37.783
37.784
40.519
40.464
41.171
45.406
46.244
51.512
58.802
72.892
83.923
88.874
91.406
92.612
94.493
93.473
93.761
92.914
92.934
93.011
92.606
91.871
91.685
91.896
91.863
92.533
92.557
93.601
94.133
94.312
94.777
95.437
95.745
93.836
93.214
90.295
90.317
87.741
84.784
81.171
80.168
74.865
75.641
78.461
83.907
86.189
89.637
91.529
91.913
92.700
88.940
90.679
88.191
87.731
83.925
80.335
65.758
51.891
