57.288
61.446
59.442
57.344
53.359
57.074
55.204
55.750
55.125
53.209
52.703
54.288
56.024
59.588
68.129
79.526
87.326
90.640
93.559
95.153
95.725
95.723
95.138
95.063
94.537
94.825
94.226
93.802
92.956
93.405
93.413
93.661
94.558
95.076
95.373
95.382
95.908
96.047
96.327
95.404
94.647
92.430
91.969
87.425
84.790
79.007
76.944
73.854
77.501
81.990
84.657
87.031
89.867
92.081
92.138
93.787
91.149
92.304
90.353
89.740
87.365
82.865
76.520
68.817
74.706
81.018
85.552
90.742
91.748
94.442
94.159
92.428
93.680
90.997
90.650
92.931
92.798
95.265
95.643
96.211
95.973
95.568
95.854
94.730
94.335
93.403
93.147
91.752
92.745
92.656
94.371
93.110
92.524
91.975
90.199
90.194
91.044
90.857
91.925
90.974
92.142
90.307
91.971
89.510
87.692
86.378
77.380
67.371
55.198
61.988
69.797
72.448
79.798
83.898
86.563
87.033
87.931
88.540
87.905
91.254
90.469
93.408
91.403
90.968
92.507
91.292
91.167
88.325
89.292
90.800
90.226
92.960
92.538
94.004
92.158
89.581
90.069
83.866
78.567
70.674
55.368
44.221
40.344
38.107
37.127
39.255
35.105
34.348
32.773
30.120
27.462
24.765
