64.447
55.328
53.174
55.431
54.439
51.911
48.508
49.237
42.693
42.824
43.293
42.719
36.257
37.681
39.957
39.253
40.118
41.568
42.112
41.731
39.815
43.262
44.632
44.464
47.573
46.667
46.620
47.899
49.437
52.340
59.240
68.837
79.928
86.036
89.819
92.441
93.454
93.303
93.286
93.201
92.784
93.294
92.375
91.989
91.324
91.799
91.513
91.811
92.851
93.276
93.678
93.336
93.616
94.303
93.930
92.354
91.544
89.180
88.231
85.141
80.744
75.282
72.481
69.624
72.420
76.784
80.896
83.997
87.599
89.698
90.978
92.247
90.780
91.738
90.135
89.628
88.000
83.514
74.914
64.494
70.031
78.432
84.824
90.070
90.785
92.777
92.251
90.491
91.179
88.360
87.899
89.085
88.834
91.701
92.717
94.181
93.648
93.614
94.032
92.899
92.501
91.738
91.593
90.241
90.944
90.675
92.615
91.222
90.789
90.252
88.995
89.884
90.463
90.922
91.543
90.462
90.962
89.159
90.259
88.018
85.823
84.266
76.796
62.653
52.112
60.747
66.907
71.497
79.051
81.960
84.998
84.641
84.787
86.736
88.360
90.307
90.235
92.024
89.505
89.149
89.552
88.530
85.708
82.721
85.571
85.281
87.435
88.820
89.346
87.528
88.003
79.844
