40.105
53.820
55.477
48.626
48.610
50.369
50.011
50.079
49.277
52.192
52.592
52.589
53.214
53.076
52.514
53.696
56.000
59.513
68.231
79.817
87.880
91.069
93.761
95.313
95.863
95.856
95.311
95.252
94.791
95.022
94.466
94.001
93.164
93.627
93.680
93.846
94.749
95.278
95.564
95.627
96.085
96.184
96.477
95.638
94.917
92.736
92.406
88.434
85.980
80.872
78.785
75.893
79.344
83.872
86.266
88.236
90.529
92.653
92.797
94.150
91.857
92.748
91.014
90.477
88.419
84.812
77.847
70.905
76.550
82.475
86.855
91.421
92.375
94.863
94.547
92.977
94.054
91.372
91.079
93.433
93.299
95.589
95.909
96.397
96.193
95.781
96.038
94.935
94.653
93.699
93.497
92.111
93.073
93.033
94.570
93.412
92.835
92.177
90.820
90.952
91.555
91.448
92.282
91.404
92.439
90.866
92.378
90.423
88.800
87.815
79.190
69.522
57.302
64.734
72.172
75.155
81.370
84.842
87.522
87.813
88.564
89.103
88.520
91.598
90.964
93.722
92.052
91.323
92.774
91.611
91.523
89.142
89.685
91.495
90.673
93.293
92.856
94.290
92.391
89.860
90.394
84.501
79.690
71.875
55.732
46.443
42.091
39.670
39.005
40.144
35.393
31.301
