65.879
83.252
89.924
92.635
94.590
95.201
95.742
95.620
94.973
94.854
94.386
94.613
93.875
93.584
92.861
92.903
92.941
93.167
94.078
94.712
94.950
95.064
95.524
95.921
96.345
95.518
95.100
93.745
93.299
89.700
87.567
82.164
79.848
75.866
79.773
84.515
86.190
88.077
88.953
91.333
89.874
91.930
87.826
89.848
86.369
86.271
81.891
75.223
72.304
61.560
67.766
76.611
80.993
86.901
88.416
91.343
92.139
89.754
92.764
89.917
90.859
93.072
93.621
95.515
95.270
96.081
95.185
95.238
94.748
94.238
92.820
92.315
91.638
90.550
91.668
91.496
93.908
91.979
90.430
90.780
87.149
86.103
88.318
87.392
89.742
88.141
90.336
87.890
90.626
87.216
86.312
84.117
75.534
69.550
59.499
62.154
68.607
72.557
78.402
82.397
86.309
86.679
86.348
87.049
85.371
89.408
87.590
91.946
88.400
89.478
91.733
91.022
90.439
88.352
89.075
90.973
89.781
93.075
92.644
94.107
92.333
90.974
90.456
84.249
78.360
67.986
52.608
41.077
38.616
35.190
33.585
35.789
32.497
32.674
29.210
29.071
31.101
33.261
35.772
40.009
37.784
33.291
34.703
37.241
39.179
39.538
46.182
45.931
50.694
51.060
50.038
53.104
