73.251
81.126
82.832
89.875
92.569
92.897
94.171
95.256
95.415
95.741
95.097
94.810
91.934
88.949
89.156
93.956
96.296
96.072
96.884
96.641
96.744
96.339
96.039
95.937
95.764
95.962
95.286
94.926
93.395
91.189
90.846
93.266
93.594
94.935
95.194
96.265
95.720
96.183
95.995
96.230
96.173
95.740
94.655
93.556
94.936
95.127
95.871
95.637
94.940
94.678
94.445
94.651
94.906
94.160
94.409
93.235
94.593
95.233
96.276
95.758
96.243
96.548
95.317
93.990
95.601
96.059
96.380
95.166
95.163
96.412
96.464
96.517
96.495
96.567
97.054
96.772
96.555
96.636
96.996
95.330
94.287
94.596
92.924
94.080
95.050
95.787
96.054
96.488
95.594
95.244
94.018
89.805
76.432
