86.665
94.770
95.663
95.979
95.829
95.279
95.444
95.458
95.579
94.850
93.489
91.855
88.826
87.980
91.923
92.569
94.344
94.781
95.683
94.911
95.278
95.078
95.585
95.440
94.302
93.599
91.717
91.984
91.112
92.950
94.035
93.702
92.416
93.048
93.671
93.902
92.948
92.705
91.594
93.660
94.522
95.560
95.183
94.972
94.854
92.531
91.238
94.106
95.122
95.550
94.568
94.580
96.143
96.178
96.112
95.939
95.820
95.953
95.430
95.166
94.671
94.525
92.864
91.374
88.886
81.965
85.995
89.109
91.099
92.665
94.836
94.042
93.999
92.637
90.133
82.845
76.780
71.007
70.198
72.280
76.093
77.438
79.868
79.583
81.779
76.622
75.190
72.302
69.229
62.724
58.743
54.847
50.312
