74.294
80.845
80.681
80.983
85.170
88.788
90.016
90.380
91.972
92.191
90.753
87.588
91.657
92.376
91.125
88.744
88.590
91.855
92.809
93.006
93.865
93.543
93.422
93.845
93.798
92.957
92.935
91.967
91.180
89.481
86.172
86.387
88.690
89.082
89.512
88.884
89.431
88.145
84.993
78.796
63.527
58.045
56.434
66.797
75.821
80.549
82.902
84.545
84.688
86.637
86.116
86.323
85.476
81.057
79.343
78.123
85.116
87.920
86.962
89.593
91.959
93.629
93.050
91.582
91.882
91.586
92.401
92.360
88.957
87.750
86.594
86.593
85.696
87.621
89.535
89.873
91.471
90.396
90.314
90.365
89.977
87.733
86.534
84.758
79.163
80.171
80.350
80.746
78.392
75.283
57.494
53.551
44.668
