52.620
58.514
51.337
48.776
51.349
54.379
59.649
76.682
84.388
88.341
91.684
92.938
94.224
94.100
93.235
89.373
86.527
86.857
92.280
95.245
95.254
96.177
96.129
96.377
96.202
95.594
94.901
94.906
95.348
94.666
93.667
92.406
91.147
90.190
92.399
92.904
94.006
94.112
95.310
94.913
95.666
95.881
96.136
95.787
95.085
93.895
92.579
93.951
94.073
94.588
94.596
93.997
92.467
92.213
92.056
92.509
92.407
93.634
91.629
92.063
92.355
93.677
92.234
92.470
93.766
92.230
88.688
92.155
92.521
93.735
92.028
92.747
95.264
95.744
95.960
96.033
95.790
96.018
96.027
95.792
95.345
95.800
94.108
93.067
92.715
90.934
92.829
93.555
93.317
92.131
92.217
90.260
88.101
