78.134
84.900
86.321
86.910
84.622
87.212
86.867
87.888
88.443
90.532
88.853
86.984
89.078
87.841
86.645
85.488
83.879
87.529
89.452
91.409
91.726
93.075
93.593
92.178
90.543
93.418
93.498
92.495
91.324
90.154
92.525
93.215
93.043
94.255
94.346
94.167
94.199
94.761
94.252
93.811
92.633
92.382
90.807
87.001
88.353
90.697
91.497
92.237
91.934
91.484
90.314
87.384
82.616
67.797
60.353
54.744
66.672
77.643
83.519
86.654
87.741
88.310
90.597
89.924
91.212
89.518
85.867
81.050
80.386
88.592
90.027
88.997
88.511
91.168
92.384
90.133
88.661
88.461
88.310
87.963
89.224
81.516
81.270
81.137
81.855
75.072
81.951
83.110
85.601
88.241
87.045
86.218
83.589
