38.504
40.830
46.448
47.213
47.537
45.875
56.139
61.655
71.628
77.825
83.475
87.641
86.865
89.534
87.750
90.340
92.310
92.776
91.938
90.758
91.263
90.731
92.005
92.804
93.373
91.396
90.680
91.296
90.339
87.334
86.921
83.515
86.705
87.677
90.647
90.539
92.570
93.456
91.881
90.146
92.567
92.155
90.509
88.229
85.477
87.705
86.961
87.686
90.538
91.615
91.953
92.250
93.493
93.145
93.296
91.871
91.691
90.001
85.036
86.871
90.117
90.773
92.164
92.483
91.226
89.526
84.890
80.523
65.792
55.743
50.559
53.348
62.238
77.256
83.342
86.094
88.714
90.382
90.175
89.647
88.314
83.736
77.738
76.369
87.724
89.409
88.737
88.153
87.745
87.780
84.630
81.975
71.515
