83.927
90.351
92.515
92.460
93.989
95.025
95.289
95.638
94.979
94.766
91.942
88.798
88.993
93.867
96.260
96.048
96.904
96.644
96.783
96.277
95.819
95.844
95.651
95.808
95.168
94.411
92.555
90.353
89.667
92.793
93.041
94.620
95.035
96.284
95.448
96.001
95.715
96.155
96.031
95.678
94.576
93.418
94.905
95.007
95.754
95.508
94.771
94.471
94.084
94.105
94.545
93.533
93.581
92.728
94.524
95.234
96.324
95.873
96.352
96.485
95.284
93.909
95.515
96.005
96.423
95.232
95.112
96.402
96.396
96.453
96.405
96.517
97.059
96.729
96.470
96.578
96.957
95.332
94.240
94.585
92.925
94.033
94.988
95.728
96.013
96.526
95.660
95.160
94.086
91.365
84.309
75.950
63.553
