43.824
43.863
45.496
47.001
53.786
61.707
73.093
80.539
85.165
89.558
89.113
91.055
89.641
91.387
92.500
91.985
90.992
89.052
90.368
90.198
91.833
92.432
92.215
90.938
90.694
91.373
90.700
88.975
88.666
86.055
88.909
89.742
92.333
91.696
93.298
94.021
92.345
90.277
93.190
92.963
91.951
89.554
87.501
90.250
89.888
89.907
92.336
92.942
93.340
93.395
94.151
93.963
94.143
92.405
91.579
90.098
86.376
88.819
91.100
92.046
93.118
93.287
92.162
90.968
88.438
83.798
71.715
67.838
61.006
69.242
80.892
84.897
87.611
88.467
89.361
90.722
89.768
90.324
87.672
80.243
74.557
74.443
86.310
89.572
90.312
89.846
90.015
90.193
86.868
84.536
85.152
82.598
76.353
