86.887
91.755
94.034
94.662
95.106
94.802
94.644
92.104
88.571
88.729
93.767
96.067
95.857
96.417
96.202
96.166
95.364
94.600
94.864
95.103
95.467
94.309
92.209
90.277
86.526
85.610
89.740
90.330
93.143
93.199
95.100
93.619
94.687
94.229
95.198
95.263
95.432
94.404
93.244
94.766
94.891
95.311
95.250
94.622
93.808
93.195
93.165
93.376
91.514
91.509
89.672
92.168
93.126
95.263
94.739
95.421
95.814
94.559
93.016
94.980
95.442
95.689
94.080
94.189
96.094
96.226
96.194
96.298
96.398
96.751
96.561
96.277
96.363
96.700
95.112
94.067
94.296
92.636
93.861
94.650
95.166
95.162
95.695
94.124
93.288
90.624
84.870
73.401
65.714
61.742
59.102
62.479
67.674
