72.325
80.769
77.430
70.665
80.391
83.073
86.735
87.470
86.600
87.427
86.699
82.860
78.331
69.231
58.842
50.096
47.737
52.961
63.699
76.869
82.833
84.744
87.540
87.607
88.010
85.668
81.616
73.901
75.360
75.398
82.360
87.562
89.389
91.242
93.194
92.920
92.819
90.173
89.314
90.257
91.048
91.158
88.602
87.251
87.907
86.686
88.095
87.954
89.279
89.376
90.939
91.326
92.515
93.515
94.185
93.084
91.813
90.414
86.808
87.341
87.631
89.278
90.546
89.721
87.945
88.558
89.103
89.181
89.281
90.765
88.651
88.115
88.829
89.007
86.960
86.100
85.875
83.027
76.433
78.987
80.764
76.211
81.728
79.428
81.640
86.014
85.901
83.909
83.783
83.514
85.139
86.261
78.568
