79.918
87.539
87.850
90.150
87.822
89.623
90.907
91.927
90.238
89.028
90.220
89.623
90.661
91.372
93.123
90.979
90.089
91.424
89.558
87.407
86.787
83.648
87.437
88.628
91.128
91.029
92.587
92.926
91.733
89.975
92.742
92.605
91.007
90.070
88.936
90.144
89.449
88.821
91.176
92.292
91.789
91.611
92.861
92.770
92.551
91.346
91.096
88.688
84.328
85.864
89.866
90.122
92.007
91.743
91.097
89.201
85.302
80.364
64.228
54.580
49.052
52.320
61.672
74.817
81.788
85.703
87.815
89.723
89.095
89.208
88.379
83.975
77.287
76.876
87.020
87.021
84.571
83.256
84.166
81.938
80.250
75.436
74.453
73.972
64.974
61.279
52.786
48.125
45.293
40.805
36.858
33.468
28.669
