68.434
84.640
88.901
86.355
83.602
82.753
89.414
90.159
92.912
93.157
94.161
94.299
92.493
90.514
93.395
94.098
93.635
92.425
91.599
93.343
93.232
93.691
94.811
94.678
94.640
94.817
94.824
94.199
94.148
93.413
92.312
90.059
83.233
88.100
90.015
91.079
92.350
93.331
92.010
91.592
89.402
86.456
79.158
78.195
76.762
79.479
85.818
88.809
90.365
90.774
90.651
90.626
90.550
89.350
87.518
82.823
85.491
85.914
88.100
91.242
90.433
93.492
95.314
95.959
95.497
93.506
93.178
93.309
93.316
94.606
93.077
92.692
90.219
85.334
84.832
86.314
89.959
91.232
94.353
93.910
94.677
95.232
95.354
92.916
91.442
88.860
85.130
87.328
89.680
90.020
89.437
83.663
66.588
