58.689
68.632
74.773
81.682
84.675
86.097
84.455
82.226
85.319
86.316
84.047
84.283
85.251
86.073
79.750
75.688
79.869
83.540
80.884
81.220
78.891
79.216
76.711
71.665
65.439
61.932
62.019
60.101
61.013
66.439
75.530
80.175
81.214
84.252
84.500
85.485
83.497
80.753
75.213
77.901
76.692
82.196
88.094
88.124
90.278
92.028
91.433
91.104
88.321
86.290
85.394
86.978
88.649
86.499
84.346
84.373
83.170
81.615
82.272
84.366
85.354
87.009
88.732
90.422
91.280
92.936
91.604
90.584
88.997
84.408
85.828
86.372
86.748
89.001
88.374
86.009
86.806
87.432
87.302
87.185
89.063
86.233
85.939
85.582
84.607
82.027
78.456
79.253
73.511
61.329
68.479
73.462
71.850
