65.148
75.362
84.203
87.238
90.040
90.509
92.103
92.361
90.998
87.659
91.086
91.930
90.945
89.622
89.824
90.657
91.526
91.426
93.454
92.753
92.347
92.805
93.263
91.937
92.276
91.667
90.409
88.070
81.613
86.282
89.426
90.572
91.189
91.493
90.300
89.301
87.198
84.095
79.094
76.874
75.194
78.044
82.612
86.321
88.554
90.264
90.756
91.093
90.848
89.115
86.267
80.924
83.765
83.688
86.937
91.050
90.614
92.866
93.971
94.397
94.155
91.884
91.847
91.990
92.399
93.783
91.969
90.662
89.659
86.955
86.080
85.613
89.338
89.908
92.745
92.523
93.639
93.370
93.958
92.745
91.210
89.391
85.282
88.036
90.137
90.542
90.509
89.943
88.844
88.376
89.864
89.597
82.265
