65.033
66.855
67.624
65.468
62.475
64.161
64.743
67.230
74.231
83.972
87.224
90.200
91.738
93.179
93.448
92.725
91.680
88.190
85.796
86.132
91.219
94.216
94.410
95.443
95.638
96.012
95.928
95.413
94.856
94.750
95.025
94.257
93.389
92.025
90.294
88.954
91.973
92.163
93.909
94.101
95.380
94.640
95.110
95.489
95.693
95.011
94.455
93.231
91.464
92.985
92.846
93.743
93.876
92.792
91.499
91.546
91.500
91.872
91.343
92.640
90.277
91.155
92.440
94.266
93.476
93.917
94.448
93.177
90.972
93.355
93.807
94.591
93.035
93.459
95.358
95.570
95.763
95.544
95.511
95.872
95.460
95.127
95.121
95.127
93.074
92.028
91.714
89.561
91.583
92.740
92.841
92.908
90.845
