55.578
59.496
62.818
66.434
74.084
78.276
81.224
83.107
80.373
78.006
81.234
82.181
79.559
79.909
82.396
81.861
75.880
73.550
77.549
81.384
77.704
77.179
74.823
74.093
74.289
69.352
65.222
61.335
62.104
59.984
61.263
66.664
75.685
80.907
82.999
86.092
87.051
88.199
86.264
83.283
77.319
79.747
78.858
84.724
90.572
90.435
92.491
94.075
93.934
93.630
91.366
90.157
90.141
91.369
92.868
90.554
88.510
86.996
85.607
85.653
86.029
88.363
88.862
90.445
90.873
92.514
93.673
94.382
92.970
92.193
90.290
86.513
88.109
89.220
89.638
90.726
89.787
87.845
87.995
88.733
88.756
88.468
90.265
87.639
87.360
87.020
87.575
84.234
82.837
84.224
80.566
64.087
54.862
