0.001 1.947 4.368 7.039 11.042 12.135 13.663 14.712 17.396 19.930 21.942 23.138 24.849 24.988 24.346 24.812 24.103 25.172 26.058 26.258 25.319 25.000 23.585 21.190 21.111 19.367 19.514 18.846 17.898 14.688 18.391 17.386 14.056 15.186 16.786 18.635 20.171 21.598 22.096 22.684 21.349 22.255 21.794 22.959 22.816 22.699 21.548 23.080 22.709 20.300 22.289 24.228 23.236 24.067 22.370 24.203 24.658 23.681 23.280 20.640 20.282 20.782 18.827 15.750 17.818 18.057 13.949 12.539 16.920 16.920 16.378 16.481 19.509 18.374 21.295 21.137 22.964 23.374 24.548 24.805 26.006 26.735 27.414 27.616 28.205 27.923 28.111 28.677 28.241 28.748 28.351 28.521 28.425
1.444 0.001 2.014 4.345 7.558 8.372 10.340 12.754 14.647 18.470 20.495 21.996 23.999 24.523 23.691 23.772 22.918 24.140 25.475 25.440 24.095 23.746 21.711 18.634 18.450 16.178 17.129 15.881 13.952 12.240 14.853 13.786 10.555 10.582 11.935 14.145 16.041 16.354 17.230 18.451 15.715 17.835 18.010 19.882 19.128 19.067 17.710 20.162 20.342 17.634 19.780 22.841 21.594 22.363 20.190 22.241 23.496 22.892 22.798 20.249 20.494 20.640 17.629 14.870 17.199 17.475 12.250 11.761 15.727 14.759 14.594 14.698 17.113 14.443 17.992 16.423 19.417 18.850 20.538 20.803 22.614 24.140 25.438 26.115 26.997 27.038 27.532 28.316 27.707 28.337 28.361 28.458 28.348
4.484 1.510 0.001 1.844 4.031 6.310 7.577 10.783 11.452 15.835 17.129 18.237 20.162 21.175 20.862 20.349 20.144 20.576 22.026 22.248 19.930 19.232 16.552 14.489 14.314 12.111 14.800 13.913 11.197 11.788 14.161 13.245 10.501 9.428 9.384 12.767 13.809 12.864 14.889 14.778 11.050 14.479 15.217 16.443 14.161 13.495 10.772 12.791 12.199 10.052 12.416 15.216 14.864 15.394 14.388 16.002 18.125 18.627 19.055 17.314 17.003 16.242 13.087 12.188 13.209 11.810 7.883 9.425 12.040 9.814 11.137 11.829 12.853 8.823 10.443 9.061 11.898 11.617 14.288 16.083 17.979 19.646 21.745 22.510 23.109 23.867 25.180 27.748 27.392 28.289 28.719 28.691 28.743
6.273 4.322 1.473 0.000 1.389 3.444 4.890 7.519 8.398 9.876 12.151 12.674 14.469 14.525 13.713 14.521 13.127 14.665 15.787 16.123 14.951 14.687 12.755 10.015 10.163 7.902 8.359 8.265 6.422 6.523 7.363 6.730 4.262 2.869 3.561 5.093 4.692 3.965 5.587 5.541 5.585 8.572 9.149 11.349 9.111 10.367 9.224 10.674 9.951 8.194 8.982 11.235 10.675 12.082 11.004 12.499 13.645 12.332 12.716 11.210 11.027 11.273 9.216 8.127 9.555 8.725 6.357 6.190 8.264 6.970 6.950 6.452 6.812 5.940 6.333 6.590 8.733 9.019 10.592 10.808 12.644 13.762 15.549 16.470 16.396 21.272 23.006 27.148 26.836 28.018 28.658 28.343 29.525
7.655 4.949 2.810 0.702 0.000 0.556 0.762 1.329 1.799 2.277 2.745 2.961 3.426 3.571 3.463 3.476 3.383 3.549 4.282 4.288 3.624 3.302 2.834 2.365 2.221 1.606 1.877 1.432 1.040 1.141 1.369 1.420 1.091 1.050 0.945 1.136 1.553 1.674 1.811 1.885 1.562 1.822 1.845 2.294 2.201 2.299 2.095 2.465 2.327 1.896 2.068 2.649 2.446 2.683 2.565 2.918 3.301 2.940 2.926 2.626 2.652 2.540 2.188 1.852 2.025 1.922 1.500 1.571 1.863 1.743 1.931 1.805 1.848 1.612 1.868 1.831 2.315 2.410 2.831 2.868 3.716 5.032 7.772 9.911 13.889 19.388 21.275 25.111 26.547 27.795 29.668 27.872 28.161
7.755 5.259 2.943 1.027 0.534 0.000 0.522 0.789 1.223 1.531 1.952 2.210 2.471 2.557 2.448 2.361 2.114 2.335 2.608 2.720 2.425 2.335 2.010 1.712 1.445 1.042 1.040 0.823 0.681 0.833 1.122 1.250 0.974 0.969 0.860 1.018 1.233 1.321 1.372 1.454 1.154 1.198 1.124 1.354 1.470 1.552 1.598 1.933 1.893 1.662 1.806 2.253 2.104 2.254 2.111 2.370 2.524 2.396 2.265 2.087 2.061 2.095 1.829 1.543 1.768 1.750 1.365 1.417 1.731 1.621 1.696 1.581 1.689 1.468 1.735 1.588 1.821 1.805 1.889 1.953 2.625 3.919 7.331 9.646 13.506 19.214 21.784 26.622 26.890 28.492 29.383 27.786 27.903
7.779 5.540 3.067 1.146 0.709 0.510 0.000 0.496 0.617 0.770 0.977 1.120 1.369 1.380 1.321 1.289 1.223 1.467 1.649 1.586 1.395 1.295 1.113 0.949 0.852 0.651 0.662 0.612 0.614 0.718 0.979 1.043 0.820 0.858 0.748 0.828 0.994 1.036 1.122 1.109 0.923 1.016 0.884 1.016 0.995 1.041 0.983 1.198 1.244 1.155 1.374 1.654 1.497 1.412 1.249 1.362 1.441 1.372 1.286 1.123 1.252 1.308 1.088 1.064 1.252 1.173 1.054 1.189 1.462 1.402 1.615 1.586 1.495 1.236 1.285 1.107 1.252 1.191 1.296 1.422 2.130 3.374 6.810 9.423 13.421 18.793 20.118 26.163 26.635 28.043 29.360 27.793 27.205
7.802 5.641 3.396 1.469 1.033 0.691 0.499 0.000 0.495 0.600 0.807 0.946 1.126 1.230 1.175 1.128 1.077 1.375 1.631 1.418 1.222 1.081 0.980 0.808 0.706 0.606 0.613 0.664 0.666 0.801 1.046 1.145 0.984 1.090 0.932 0.979 1.182 1.254 1.309 1.322 1.095 1.086 0.950 1.036 1.059 1.002 1.066 1.300 1.476 1.419 1.724 1.928 1.690 1.598 1.310 1.345 1.307 1.269 1.150 0.987 1.194 1.292 1.061 1.070 1.362 1.369 1.228 1.381 1.726 1.717 2.000 1.936 1.860 1.617 1.640 1.396 1.511 1.308 1.406 1.523 2.236 3.677 7.199 9.529 13.069 18.215 20.410 26.447 26.888 28.396 28.448 28.568 27.592
7.279 5.415 3.296 1.468 1.031 0.820 0.617 0.505 0.000 0.495 0.592 0.812 0.998 1.063 0.993 0.917 0.902 1.162 1.391 1.247 1.018 0.961 0.845 0.671 0.602 0.574 0.614 0.729 0.761 0.932 1.160 1.265 1.077 1.122 0.940 1.038 1.215 1.191 1.267 1.178 0.977 0.989 0.883 0.906 0.879 0.847 0.854 1.062 1.167 1.163 1.392 1.601 1.371 1.300 1.119 1.156 1.185 1.094 1.009 0.841 1.006 1.068 0.902 0.913 1.134 1.159 1.039 1.190 1.440 1.467 1.740 1.713 1.612 1.356 1.342 1.149 1.201 1.077 1.158 1.311 2.130 3.391 6.848 9.626 13.310 18.386 20.028 26.950 26.109 28.239 28.014 27.785 26.588
7.325 5.480 3.502 1.666 1.226 1.030 0.824 0.631 0.495 0.000 0.496 0.660 0.820 0.940 0.840 0.806 0.820 1.095 1.301 1.138 0.972 0.821 0.786 0.626 0.627 0.631 0.677 0.803 0.905 1.092 1.332 1.483 1.305 1.341 1.135 1.247 1.431 1.414 1.469 1.377 1.116 1.121 0.968 0.977 0.983 0.951 0.997 1.180 1.315 1.331 1.585 1.755 1.529 1.402 1.166 1.151 1.102 1.026 0.940 0.830 1.060 1.162 1.029 1.057 1.321 1.291 1.246 1.406 1.687 1.646 1.966 1.923 1.823 1.584 1.558 1.323 1.382 1.223 1.346 1.478 2.159 3.527 6.939 9.707 13.318 18.363 20.182 26.513 26.459 27.876 28.411 28.347 28.483
7.938 5.973 4.012 2.136 1.790 1.654 1.286 1.003 0.804 0.525 0.000 0.512 0.642 0.837 0.894 0.896 0.983 1.281 1.456 1.253 1.067 0.849 0.894 0.783 0.863 0.987 0.930 1.088 1.345 1.546 1.767 2.086 1.950 2.117 1.787 1.848 2.148 2.205 2.135 2.090 1.682 1.584 1.271 1.218 1.358 1.150 1.182 1.368 1.554 1.605 1.942 2.092 1.677 1.475 1.189 1.143 0.987 0.900 0.814 0.791 1.076 1.124 1.046 1.196 1.446 1.468 1.520 1.763 2.034 2.053 2.470 2.610 2.518 2.088 2.088 1.774 1.776 1.634 1.711 1.855 2.492 3.856 7.379 10.100 13.610 19.174 20.967 26.502 27.643 27.735 29.046 28.135 28.418
7.785 5.854 4.033 2.236 1.836 1.704 1.392 1.182 0.952 0.665 0.534 0.000 0.501 0.657 0.748 0.822 0.932 1.215 1.414 1.211 1.000 0.800 0.861 0.826 0.881 1.066 1.072 1.320 1.482 1.744 1.988 2.193 2.027 2.047 1.765 1.917 2.180 2.133 2.068 1.971 1.592 1.598 1.354 1.283 1.303 1.147 1.139 1.333 1.533 1.626 1.959 2.048 1.688 1.506 1.174 1.140 0.965 0.881 0.735 0.751 1.002 1.093 1.021 1.145 1.400 1.464 1.505 1.688 1.916 2.011 2.398 2.506 2.428 2.059 2.038 1.760 1.721 1.548 1.595 1.780 2.432 3.649 7.284 9.891 13.711 19.111 21.043 26.868 27.490 28.183 28.928 28.424 28.664
7.672 5.717 3.921 2.154 1.705 1.708 1.447 1.330 1.041 0.917 0.670 0.498 0.000 0.514 0.740 0.844 1.020 1.273 1.328 1.122 0.989 0.790 0.854 0.847 1.004 1.179 1.326 1.529 1.698 1.885 2.188 2.282 2.055 1.951 1.754 1.985 2.091 1.975 2.036 1.873 1.641 1.706 1.559 1.447 1.363 1.178 1.063 1.176 1.277 1.281 1.563 1.680 1.400 1.269 0.974 1.019 0.844 0.686 0.630 0.763 0.953 0.977 0.917 1.081 1.261 1.260 1.298 1.496 1.700 1.665 2.069 2.150 1.995 1.693 1.666 1.437 1.465 1.427 1.561 1.770 2.492 3.876 7.261 9.419 12.926 18.685 20.241 27.201 26.957 27.747 28.376 28.688 28.322
8.101 6.337 4.733 3.103 2.667 2.682 2.390 2.030 1.720 1.337 0.989 0.665 0.526 0.000 0.566 0.952 1.284 1.570 1.630 1.349 1.289 0.954 1.143 1.279 1.579 1.907 1.991 2.452 2.890 3.007 3.306 3.643 3.348 3.230 2.922 3.239 3.540 3.180 3.288 3.119 2.805 2.816 2.534 2.245 2.103 1.727 1.688 1.586 1.761 1.921 2.317 2.288 1.929 1.551 1.343 1.170 1.020 0.936 0.800 1.010 1.385 1.455 1.421 1.781 1.980 1.983 2.013 2.370 2.627 2.709 3.324 3.468 3.240 2.807 2.703 2.315 2.156 2.138 2.156 2.526 3.138 4.441 7.724 9.605 13.700 18.836 20.585 27.253 26.356 28.067 27.906 28.693 28.290
8.624 6.843 5.278 3.650 3.218 3.100 2.561 2.060 1.718 1.169 0.911 0.877 0.777 0.553 0.000 0.534 0.810 1.147 1.447 1.306 1.269 1.124 1.292 1.489 1.329 1.764 1.670 2.146 2.633 3.066 3.290 3.778 3.662 3.605 3.245 3.306 3.660 3.523 3.413 3.242 2.775 2.461 2.006 1.751 1.975 1.867 2.121 2.319 2.766 2.941 3.254 3.383 2.908 2.485 2.097 1.858 1.557 1.436 1.084 1.216 1.561 1.757 1.959 2.159 2.410 2.578 2.744 3.196 3.361 3.426 4.051 4.358 4.161 3.766 3.556 3.178 3.012 2.703 2.569 2.598 3.083 4.663 8.032 10.062 14.024 19.529 22.058 27.018 26.401 28.411 28.668 29.005 29.168
8.261 6.411 4.735 3.062 2.754 2.713 2.145 1.921 1.494 1.122 0.855 0.872 0.889 0.748 0.509 0.000 0.532 0.931 1.178 1.104 1.064 0.983 1.173 1.314 1.256 1.621 1.597 2.020 2.348 2.703 3.022 3.329 3.249 3.195 2.795 2.996 3.334 3.159 3.096 2.849 2.435 2.187 1.868 1.630 1.716 1.586 1.845 1.943 2.346 2.416 2.821 2.867 2.510 2.242 1.799 1.716 1.491 1.424 1.151 1.201 1.485 1.707 1.652 1.910 2.121 2.224 2.323 2.580 2.819 3.018 3.388 3.683 3.545 3.181 3.130 2.668 2.470 2.217 2.129 2.182 2.711 4.022 7.398 9.750 12.958 18.288 19.621 26.725 26.260 28.208 28.551 28.998 29.129
8.880 6.897 5.329 3.525 3.297 3.061 2.475 2.046 1.739 1.277 0.937 1.070 1.110 1.183 0.914 0.554 0.000 0.653 1.124 1.118 0.984 0.967 1.165 1.343 1.344 1.674 1.611 2.178 2.633 3.147 3.368 3.794 3.526 3.489 3.248 3.335 3.780 3.623 3.453 3.207 2.762 2.523 2.056 1.738 1.852 1.815 1.990 2.253 2.707 2.870 3.356 3.750 3.020 2.620 2.154 1.888 1.644 1.739 1.457 1.503 2.151 2.143 2.080 2.435 2.844 2.764 2.830 3.415 3.561 3.540 4.262 4.493 4.349 3.758 3.516 3.154 3.052 2.589 2.447 2.706 3.014 4.392 7.558 10.371 13.903 18.832 21.207 26.958 26.891 28.121 28.730 28.819 29.076
8.708 6.742 5.132 3.330 3.389 3.243 2.750 2.191 1.782 1.417 1.210 1.510 1.754 1.834 1.465 1.015 0.587 0.000 0.551 0.970 1.174 1.425 1.531 1.695 1.558 2.219 2.093 2.509 2.988 3.278 3.906 4.206 3.825 3.911 3.597 3.956 4.434 4.297 4.292 4.077 3.365 3.261 2.694 2.331 2.566 2.169 2.610 2.725 3.278 3.454 3.878 4.261 3.599 3.179 2.635 2.425 2.187 2.225 2.153 1.776 2.314 2.591 2.334 2.400 2.879 3.146 3.023 3.261 3.722 3.742 4.415 4.622 4.666 4.176 4.233 3.736 3.651 3.145 2.977 3.278 3.447 5.006 8.298 10.678 14.258 18.661 20.454 26.099 26.136 27.440 28.279 28.540 28.607
9.992 8.430 6.827 5.370 4.904 4.806 3.995 3.486 2.901 2.310 2.069 2.317 1.919 2.460 2.050 1.277 1.252 0.671 0.000 0.643 1.127 1.642 2.089 2.468 2.349 2.663 2.727 3.045 3.696 4.161 4.524 5.285 5.340 5.033 4.996 4.707 5.358 5.198 5.046 4.753 4.032 3.567 2.887 2.671 2.831 2.623 3.089 3.442 3.891 4.528 4.672 4.988 4.548 3.985 3.216 2.933 2.601 2.687 2.957 3.254 3.701 3.657 3.594 4.207 4.596 4.411 4.762 5.302 5.310 5.649 5.881 6.124 6.127 5.754 5.161 4.695 4.121 3.817 3.210 3.468 3.755 5.495 8.454 11.057 14.239 18.744 20.907 25.692 25.951 27.702 27.886 28.595 28.277
9.049 7.362 5.644 4.284 4.029 3.956 3.443 2.969 2.425 2.007 1.429 1.371 1.324 1.576 1.462 1.192 1.242 0.945 0.559 0.000 0.570 0.801 1.036 1.579 1.911 2.568 2.651 3.337 3.849 4.282 4.880 5.116 4.782 4.487 4.097 4.570 4.874 4.514 4.552 4.106 3.578 3.482 3.141 2.539 2.532 1.969 2.069 1.831 2.121 2.562 2.841 2.698 2.361 1.990 1.845 1.448 1.433 1.691 1.845 2.008 2.455 2.372 2.201 2.749 2.992 2.695 3.016 3.587 3.595 3.600 4.182 4.540 4.129 3.713 3.235 2.993 2.470 2.607 2.429 2.842 3.306 4.803 7.844 9.960 13.725 18.705 20.656 26.283 25.883 27.666 27.950 28.831 28.417
7.876 5.978 4.312 2.521 2.211 2.236 1.865 1.686 1.320 1.155 0.855 0.859 0.946 1.166 1.096 0.820 0.989 0.968 0.728 0.530 0.000 0.498 0.630 0.884 1.069 1.392 1.494 1.939 2.158 2.486 2.837 2.962 2.738 2.574 2.343 2.611 2.769 2.618 2.639 2.327 2.023 1.950 1.767 1.485 1.443 1.175 1.210 1.323 1.551 1.615 1.959 1.989 1.682 1.477 1.195 1.126 1.080 1.140 1.131 1.194 1.364 1.364 1.206 1.442 1.560 1.569 1.696 1.870 2.043 2.112 2.444 2.554 2.495 2.209 2.088 1.841 1.768 1.600 1.685 1.887 2.481 3.795 7.323 9.737 13.592 18.815 19.994 26.282 26.355 27.703 28.227 28.334 28.368
7.823 5.845 3.993 2.255 1.843 1.961 1.684 1.535 1.202 1.108 0.825 0.766 0.839 1.052 1.072 0.883 1.070 1.089 0.991 0.703 0.492 0.000 0.515 0.655 0.928 1.265 1.451 1.812 1.958 2.267 2.555 2.615 2.298 2.070 1.966 2.325 2.368 2.138 2.407 2.071 1.792 1.865 1.720 1.452 1.401 1.030 0.990 1.111 1.266 1.329 1.571 1.735 1.466 1.326 1.018 1.018 0.980 0.980 1.015 1.040 1.282 1.206 1.043 1.291 1.476 1.358 1.423 1.629 1.795 1.740 2.174 2.193 2.016 1.721 1.690 1.466 1.469 1.399 1.412 1.718 2.373 3.632 7.204 9.861 13.726 18.956 20.388 26.763 26.522 27.941 28.249 28.834 28.551
7.673 5.535 3.548 1.803 1.314 1.292 1.064 0.948 0.728 0.721 0.625 0.677 0.833 1.005 0.982 0.834 0.978 1.077 1.075 0.851 0.578 0.498 0.000 0.492 0.607 0.781 0.944 1.132 1.266 1.443 1.725 1.819 1.602 1.556 1.338 1.609 1.724 1.660 1.741 1.552 1.285 1.304 1.191 1.065 0.959 0.794 0.716 0.924 1.044 1.105 1.365 1.550 1.325 1.171 0.913 0.932 0.916 0.911 0.936 0.899 1.102 1.095 0.932 1.030 1.250 1.186 1.135 1.341 1.569 1.496 1.847 1.824 1.722 1.421 1.375 1.152 1.174 1.068 1.177 1.433 2.072 3.356 6.835 9.183 13.095 18.003 19.824 26.592 26.791 28.189 28.687 28.123 28.292
7.263 5.326 3.314 1.590 1.074 1.026 0.807 0.735 0.579 0.567 0.544 0.591 0.749 0.877 0.847 0.791 0.850 1.032 1.204 1.048 0.751 0.595 0.495 0.000 0.495 0.538 0.691 0.815 0.876 1.111 1.241 1.413 1.242 1.178 0.997 1.115 1.252 1.168 1.189 1.054 0.870 0.886 0.795 0.777 0.650 0.582 0.568 0.692 0.796 0.847 1.037 1.180 1.011 0.896 0.713 0.784 0.813 0.786 0.757 0.719 0.869 0.854 0.717 0.833 0.972 0.931 0.908 1.103 1.305 1.240 1.532 1.526 1.372 1.136 1.048 0.872 0.866 0.770 0.860 1.075 1.860 3.248 7.029 9.795 13.567 18.859 20.026 26.891 26.539 28.434 27.862 28.357 28.078
7.479 5.421 3.408 1.553 1.060 0.927 0.703 0.633 0.552 0.555 0.571 0.646 0.806 0.929 0.926 0.850 0.862 1.117 1.274 1.095 0.855 0.712 0.554 0.490 0.000 0.489 0.544 0.656 0.732 0.929 1.097 1.255 1.127 1.111 0.921 0.991 1.150 1.089 1.063 0.960 0.796 0.771 0.645 0.637 0.577 0.562 0.604 0.754 0.872 0.930 1.141 1.258 1.095 0.967 0.827 0.853 0.878 0.836 0.831 0.773 0.929 0.924 0.800 0.881 1.037 1.007 1.003 1.159 1.362 1.315 1.611 1.567 1.468 1.196 1.132 0.937 0.916 0.797 0.850 1.025 1.782 3.187 7.128 9.401 13.263 18.128 19.594 26.410 25.758 28.508 28.372 28.022 28.170
7.403 5.272 3.193 1.445 0.963 0.826 0.619 0.557 0.538 0.581 0.699 0.830 1.011 1.135 1.123 1.035 0.964 1.179 1.433 1.298 1.018 0.917 0.716 0.552 0.489 0.000 0.492 0.532 0.643 0.845 1.045 1.213 1.055 1.069 0.875 0.979 1.140 1.107 1.056 0.935 0.763 0.666 0.565 0.599 0.574 0.587 0.633 0.802 0.909 0.947 1.169 1.313 1.141 1.030 0.910 0.959 1.050 1.008 0.999 0.895 1.030 1.042 0.872 0.896 1.093 1.041 0.968 1.149 1.342 1.332 1.590 1.558 1.465 1.198 1.155 0.935 0.930 0.817 0.866 1.007 1.827 3.119 6.845 9.341 13.487 18.810 20.459 26.384 26.565 28.040 29.037 28.845 28.165
7.435 5.509 3.592 1.746 1.251 1.075 0.748 0.604 0.615 0.745 0.955 1.150 1.385 1.563 1.467 1.378 1.193 1.448 1.789 1.689 1.378 1.229 0.982 0.759 0.590 0.494 0.000 0.505 0.765 1.016 1.258 1.525 1.386 1.405 1.184 1.314 1.560 1.458 1.466 1.272 0.991 0.932 0.676 0.764 0.778 0.804 0.830 1.034 1.075 1.155 1.336 1.510 1.342 1.249 1.117 1.174 1.318 1.281 1.333 1.195 1.367 1.312 1.093 1.169 1.366 1.248 1.199 1.419 1.622 1.567 1.907 1.902 1.746 1.452 1.348 1.146 1.149 1.025 1.159 1.289 2.125 3.417 7.009 9.499 13.318 18.362 19.940 26.989 27.281 28.486 28.630 28.868 28.985
7.759 5.576 3.615 1.648 1.205 0.853 0.688 0.694 0.802 0.861 1.130 1.431 1.661 1.726 1.554 1.379 1.221 1.459 1.722 1.634 1.483 1.489 1.328 1.138 0.838 0.641 0.508 0.000 0.496 0.692 0.908 1.141 0.965 1.085 0.919 0.874 1.079 1.209 1.219 1.290 1.064 0.999 0.761 0.983 1.103 1.198 1.342 1.702 1.874 1.731 2.043 2.406 2.187 2.123 1.764 1.834 1.867 1.861 1.722 1.485 1.752 1.904 1.588 1.545 1.921 1.904 1.607 1.828 2.170 2.140 2.367 2.202 2.110 1.851 1.933 1.677 1.802 1.553 1.628 1.616 2.248 3.558 7.104 9.364 13.175 18.194 20.917 26.591 26.942 28.802 28.930 29.160 28.577
7.405 5.323 3.308 1.376 0.901 0.674 0.575 0.689 0.870 1.067 1.278 1.473 1.722 1.805 1.694 1.572 1.421 1.619 1.908 1.862 1.618 1.571 1.335 1.124 0.926 0.709 0.670 0.497 0.000 0.500 0.645 0.861 0.766 0.839 0.699 0.668 0.883 0.926 0.931 0.956 0.808 0.863 0.734 0.943 0.961 1.085 1.110 1.360 1.444 1.309 1.504 1.771 1.730 1.649 1.481 1.590 1.750 1.661 1.726 1.488 1.604 1.683 1.410 1.364 1.613 1.489 1.290 1.434 1.698 1.591 1.777 1.658 1.541 1.357 1.351 1.208 1.336 1.229 1.356 1.378 2.110 3.361 7.107 9.462 13.685 18.945 20.975 27.536 26.816 28.472 29.209 28.684 28.248
7.546 5.343 3.316 1.419 0.957 0.697 0.667 0.898 1.114 1.355 1.555 1.784 1.999 2.084 2.031 1.858 1.762 1.948 2.244 2.195 1.900 1.828 1.564 1.357 1.139 0.885 0.926 0.687 0.502 0.000 0.501 0.627 0.675 0.853 0.773 0.722 0.909 1.048 1.125 1.153 0.985 1.058 0.985 1.199 1.188 1.269 1.363 1.566 1.659 1.582 1.733 2.052 1.942 1.877 1.737 1.813 1.929 1.964 1.966 1.740 1.960 1.961 1.660 1.631 1.872 1.753 1.558 1.671 1.948 1.901 2.080 1.888 1.801 1.610 1.591 1.464 1.577 1.456 1.591 1.633 2.324 3.660 7.199 9.350 13.331 18.757 21.532 26.853 26.733 28.531 29.109 29.104 28.751
7.619 5.493 3.576 1.758 1.316 0.915 0.928 1.126 1.482 1.688 2.016 2.333 2.641 2.655 2.507 2.395 2.244 2.381 2.759 2.883 2.542 2.488 2.179 1.907 1.718 1.291 1.269 0.953 0.737 0.497 0.000 0.550 0.704 0.980 0.987 0.791 1.019 1.276 1.326 1.584 1.347 1.480 1.377 1.708 1.691 1.899 1.885 2.263 2.330 2.104 2.340 2.798 2.646 2.682 2.401 2.564 2.736 2.633 2.553 2.188 2.365 2.477 2.167 2.007 2.349 2.303 2.014 2.140 2.452 2.337 2.523 2.318 2.197 2.058 2.099 1.976 2.228 2.115 2.316 2.286 2.939 4.194 7.484 9.274 12.892 18.089 20.820 26.486 26.792 28.874 28.305 28.459 28.594
7.558 5.552 3.469 1.759 1.305 1.052 1.374 1.643 2.064 2.484 2.874 3.282 3.605 3.667 3.561 3.344 3.064 3.245 3.756 3.940 3.570 3.467 3.028 2.696 2.407 1.909 1.776 1.434 1.061 0.722 0.542 0.000 0.582 0.836 1.093 0.911 1.067 1.389 1.577 1.781 1.736 1.784 1.734 2.172 2.257 2.501 2.511 2.831 2.748 2.503 2.466 3.015 2.988 3.205 3.156 3.311 3.546 3.449 3.336 3.018 3.035 3.005 2.763 2.508 2.650 2.575 2.202 2.247 2.483 2.363 2.364 2.025 2.112 2.049 2.275 2.353 2.559 2.638 2.864 2.779 3.359 4.570 7.818 9.799 13.724 19.509 21.906 26.408 26.748 27.569 28.761 28.348 28.215
8.185 5.872 3.439 1.523 0.942 0.840 0.959 1.266 1.596 1.860 2.183 2.350 2.487 2.658 2.637 2.446 2.392 2.548 2.912 2.904 2.561 2.442 2.192 1.884 1.673 1.407 1.461 1.238 0.924 0.808 0.644 0.539 0.000 0.500 0.593 0.669 0.709 0.757 1.086 1.220 1.164 1.353 1.499 1.758 1.603 1.771 1.639 1.881 1.776 1.559 1.628 1.934 2.007 2.107 2.119 2.270 2.444 2.426 2.403 2.177 2.273 2.231 1.977 1.823 2.015 1.882 1.595 1.690 1.948 1.764 1.873 1.633 1.498 1.337 1.362 1.418 1.629 1.695 1.932 2.033 2.719 4.065 7.624 9.668 13.535 19.409 22.260 26.784 25.813 27.721 28.900 27.517 27.902
7.659 5.621 3.198 1.311 0.806 0.712 0.818 1.097 1.301 1.495 1.773 1.917 2.094 2.205 2.180 2.120 1.994 2.164 2.491 2.435 2.147 2.007 1.766 1.531 1.334 1.152 1.202 1.087 0.826 0.811 0.805 0.692 0.493 0.000 0.489 0.542 0.579 0.565 0.710 0.799 0.821 1.026 1.172 1.335 1.266 1.377 1.356 1.490 1.467 1.382 1.503 1.785 1.754 1.793 1.708 1.841 2.048 1.975 1.988 1.802 1.848 1.867 1.576 1.510 1.691 1.593 1.348 1.467 1.695 1.565 1.704 1.546 1.434 1.232 1.260 1.175 1.312 1.337 1.469 1.563 2.253 3.534 6.675 9.123 12.729 18.987 21.790 25.218 25.756 27.645 29.397 27.401 27.429
7.611 5.416 3.193 1.253 0.777 0.689 0.735 0.960 1.099 1.368 1.567 1.752 1.919 1.977 1.992 1.894 1.832 1.989 2.237 2.197 1.908 1.817 1.559 1.373 1.252 0.957 1.093 0.904 0.675 0.748 0.777 0.750 0.549 0.488 0.000 0.489 0.534 0.577 0.611 0.761 0.776 0.907 1.014 1.228 1.143 1.286 1.208 1.450 1.425 1.286 1.433 1.755 1.638 1.706 1.595 1.728 1.891 1.796 1.780 1.633 1.709 1.694 1.449 1.386 1.523 1.443 1.215 1.344 1.559 1.438 1.567 1.485 1.373 1.203 1.243 1.146 1.351 1.248 1.410 1.462 2.174 3.498 6.799 9.177 13.236 19.072 21.831 26.590 27.543 28.352 29.769 27.480 27.371
7.583 5.539 3.329 1.258 0.798 0.687 0.724 0.950 1.073 1.335 1.515 1.613 1.842 1.902 1.888 1.854 1.795 1.929 2.182 2.170 1.859 1.768 1.562 1.340 1.213 0.983 1.065 0.904 0.672 0.728 0.709 0.713 0.560 0.532 0.487 0.000 0.491 0.541 0.640 0.795 0.796 0.968 1.038 1.246 1.120 1.267 1.229 1.406 1.442 1.292 1.431 1.699 1.652 1.647 1.560 1.677 1.835 1.713 1.713 1.531 1.627 1.636 1.413 1.353 1.547 1.437 1.245 1.372 1.590 1.457 1.621 1.489 1.384 1.193 1.245 1.149 1.316 1.283 1.451 1.493 2.187 3.479 6.945 9.076 13.062 18.880 20.941 27.504 26.898 28.613 29.326 29.300 28.995
7.620 5.520 3.461 1.473 0.990 0.851 0.914 1.120 1.379 1.622 1.942 2.121 2.388 2.390 2.307 2.253 2.092 2.288 2.635 2.631 2.373 2.293 2.025 1.808 1.600 1.275 1.252 1.061 0.838 0.841 0.858 0.821 0.647 0.607 0.555 0.492 0.000 0.503 0.631 0.855 0.958 1.181 1.278 1.511 1.516 1.703 1.592 1.846 1.861 1.656 1.779 2.129 2.069 2.163 1.989 2.191 2.407 2.254 2.229 1.910 2.013 2.101 1.845 1.663 1.937 1.861 1.581 1.686 1.986 1.826 1.951 1.707 1.602 1.423 1.497 1.449 1.692 1.631 1.823 1.863 2.491 3.796 7.276 9.432 13.245 19.239 21.930 26.784 26.648 28.625 28.842 28.884 28.274
7.612 5.509 3.505 1.570 1.070 0.943 1.069 1.238 1.425 1.687 1.901 2.001 2.191 2.260 2.259 2.176 2.120 2.236 2.567 2.474 2.170 2.038 1.859 1.623 1.438 1.210 1.289 1.175 0.970 0.998 0.993 0.948 0.721 0.636 0.589 0.572 0.500 0.000 0.552 0.606 0.759 1.013 1.179 1.337 1.204 1.396 1.370 1.573 1.535 1.471 1.597 1.932 1.853 1.911 1.842 1.922 2.120 2.100 2.090 1.946 2.013 1.994 1.789 1.677 1.897 1.765 1.524 1.640 1.894 1.704 1.895 1.677 1.468 1.360 1.284 1.202 1.338 1.359 1.479 1.544 2.231 3.550 6.940 9.084 13.467 18.653 21.923 26.118 27.727 28.252 29.887 27.579 26.172
7.737 5.612 3.626 1.942 1.385 1.294 1.417 1.726 1.945 2.267 2.470 2.718 2.945 3.093 2.927 2.766 2.600 2.607 2.988 3.062 2.601 2.661 2.321 2.097 1.881 1.547 1.739 1.567 1.213 1.350 1.299 1.209 1.056 0.863 0.778 0.738 0.647 0.524 0.000 0.536 0.706 1.057 1.359 1.555 1.365 1.709 1.754 2.018 2.039 1.892 2.022 2.463 2.437 2.534 2.446 2.492 2.854 2.842 2.899 2.748 2.780 2.804 2.393 2.308 2.517 2.350 2.037 2.167 2.400 2.171 2.244 1.904 1.770 1.623 1.682 1.571 1.712 1.572 1.635 1.592 2.269 3.559 7.207 9.558 13.621 18.385 21.345 26.974 26.611 28.949 29.060 28.958 26.821
7.816 5.669 3.776 1.943 1.372 1.296 1.209 1.388 1.416 1.555 1.694 1.860 2.004 2.220 2.107 1.940 1.821 1.922 2.175 2.124 1.773 1.744 1.437 1.399 1.215 1.032 1.282 1.266 1.063 1.271 1.323 1.292 1.188 1.040 0.791 0.807 0.813 0.600 0.512 0.000 0.520 0.758 1.018 1.100 0.892 1.073 1.167 1.327 1.457 1.491 1.670 1.949 1.848 1.786 1.655 1.633 1.873 1.962 2.051 1.934 2.072 2.033 1.750 1.838 2.016 1.848 1.678 1.946 2.138 1.919 2.191 2.053 1.754 1.467 1.401 1.106 1.201 1.051 1.156 1.256 2.019 3.399 7.020 9.198 13.437 18.542 21.457 26.975 28.138 28.011 29.057 28.426 26.542
7.566 5.547 3.501 1.640 1.097 0.984 0.853 1.009 1.036 1.237 1.343 1.483 1.655 1.793 1.743 1.615 1.525 1.622 1.884 1.822 1.577 1.511 1.258 1.122 0.941 0.746 0.913 0.881 0.782 1.019 1.142 1.213 1.055 0.963 0.746 0.808 0.901 0.702 0.630 0.501 0.000 0.501 0.616 0.795 0.677 0.902 0.954 1.135 1.202 1.197 1.382 1.614 1.500 1.470 1.376 1.440 1.638 1.615 1.652 1.532 1.673 1.671 1.384 1.421 1.641 1.452 1.303 1.521 1.716 1.550 1.806 1.715 1.489 1.247 1.150 0.967 1.036 0.931 1.030 1.124 1.904 3.250 6.876 9.464 13.974 18.563 21.774 26.517 28.186 28.064 29.831 28.319 26.325
7.873 5.753 3.883 2.045 1.460 1.309 1.069 1.107 1.091 1.164 1.287 1.574 1.800 1.900 1.740 1.611 1.406 1.545 1.832 1.849 1.580 1.575 1.327 1.147 0.870 0.688 0.774 0.852 0.903 1.260 1.416 1.613 1.457 1.323 1.028 1.082 1.240 1.015 0.863 0.672 0.505 0.000 0.493 0.639 0.619 0.901 1.042 1.277 1.391 1.405 1.614 1.868 1.823 1.749 1.594 1.650 1.808 1.817 1.862 1.668 1.873 1.943 1.575 1.693 1.927 1.809 1.624 1.943 2.109 1.921 2.187 2.041 1.797 1.528 1.368 1.200 1.176 0.996 1.071 1.134 1.931 3.185 6.851 9.090 13.246 17.816 20.204 26.486 27.256 28.935 28.755 28.802 28.205
7.587 5.619 3.670 1.831 1.372 1.189 0.938 0.915 0.912 0.981 1.124 1.328 1.526 1.636 1.555 1.426 1.285 1.464 1.736 1.657 1.376 1.342 1.127 0.965 0.758 0.612 0.657 0.735 0.808 1.071 1.256 1.494 1.369 1.342 1.050 1.078 1.277 1.151 1.059 0.890 0.663 0.499 0.000 0.517 0.577 0.784 0.952 1.186 1.334 1.341 1.592 1.780 1.697 1.608 1.387 1.442 1.541 1.589 1.578 1.402 1.565 1.642 1.377 1.404 1.686 1.617 1.483 1.685 1.896 1.819 2.030 1.960 1.803 1.587 1.518 1.265 1.238 1.017 1.041 1.108 1.884 3.212 7.106 9.796 13.607 18.305 20.315 27.150 27.255 29.177 28.337 29.230 29.009
7.769 5.862 4.046 2.300 1.813 1.531 1.186 1.156 1.152 1.291 1.428 1.718 1.969 2.177 2.103 1.897 1.698 1.823 2.127 2.037 1.636 1.613 1.257 1.135 0.842 0.691 0.748 0.824 0.952 1.253 1.459 1.774 1.683 1.758 1.379 1.419 1.742 1.611 1.493 1.253 0.900 0.696 0.515 0.000 0.526 0.681 0.973 1.176 1.535 1.745 2.009 2.212 2.088 1.798 1.692 1.463 1.730 1.968 2.055 1.937 2.198 2.260 1.840 1.976 2.334 2.207 1.998 2.308 2.595 2.407 2.761 2.678 2.468 2.050 1.907 1.538 1.363 1.009 0.925 1.068 1.953 3.448 7.220 9.351 13.007 17.492 19.422 26.465 26.937 28.425 28.627 28.694 28.817
7.964 5.798 3.776 1.885 1.392 1.223 0.994 0.960 0.898 0.944 0.985 1.108 1.302 1.470 1.456 1.372 1.247 1.457 1.672 1.554 1.247 1.140 0.868 0.730 0.603 0.635 0.768 0.861 0.920 1.187 1.356 1.575 1.424 1.360 1.104 1.172 1.381 1.215 1.152 0.963 0.737 0.611 0.579 0.504 0.000 0.502 0.614 0.792 0.996 1.118 1.361 1.467 1.381 1.144 1.029 0.999 1.183 1.212 1.288 1.260 1.374 1.352 1.162 1.291 1.454 1.364 1.301 1.558 1.717 1.689 1.976 1.946 1.790 1.458 1.311 1.027 0.966 0.767 0.752 0.922 1.793 3.157 6.628 9.035 12.851 18.088 20.405 25.716 26.895 27.857 29.085 28.790 28.448
7.787 5.779 3.914 2.126 1.624 1.609 1.308 1.264 1.048 1.124 1.147 1.253 1.548 1.708 1.704 1.611 1.394 1.558 1.859 1.821 1.402 1.323 0.964 0.813 0.710 0.768 1.008 1.210 1.294 1.668 1.864 2.088 1.844 1.764 1.439 1.650 1.842 1.611 1.605 1.304 1.000 0.877 0.842 0.694 0.513 0.000 0.511 0.654 0.789 0.924 1.184 1.296 1.156 1.037 0.922 1.041 1.306 1.332 1.460 1.376 1.520 1.400 1.126 1.347 1.498 1.266 1.296 1.601 1.694 1.608 1.986 2.027 1.830 1.420 1.231 0.948 0.866 0.694 0.708 0.846 1.752 3.095 6.694 9.154 13.558 18.610 19.616 27.055 27.027 28.596 28.988 28.521 28.517
7.508 5.361 3.434 1.631 1.112 1.095 0.904 0.891 0.739 0.806 0.791 0.820 0.951 1.115 1.162 1.060 1.085 1.258 1.442 1.294 1.025 0.900 0.688 0.572 0.565 0.631 0.813 0.931 0.953 1.197 1.359 1.516 1.329 1.220 1.010 1.163 1.275 1.164 1.187 0.997 0.819 0.843 0.816 0.766 0.585 0.495 0.000 0.492 0.530 0.628 0.801 0.884 0.778 0.655 0.598 0.700 0.872 0.826 0.921 0.930 1.008 0.933 0.788 0.925 0.988 0.860 0.854 1.076 1.195 1.116 1.410 1.415 1.199 0.975 0.835 0.652 0.590 0.563 0.661 0.959 1.853 3.231 6.973 9.776 13.705 18.744 20.035 25.820 26.570 27.853 28.843 27.640 26.473
7.530 5.392 3.525 1.810 1.295 1.236 1.041 1.031 0.907 0.984 0.958 0.957 1.084 1.285 1.300 1.273 1.254 1.463 1.637 1.475 1.156 1.029 0.824 0.715 0.735 0.770 0.970 1.051 1.076 1.307 1.476 1.599 1.410 1.315 1.131 1.229 1.365 1.225 1.214 1.068 0.871 0.950 0.948 0.887 0.720 0.592 0.490 0.000 0.492 0.585 0.759 0.829 0.674 0.573 0.610 0.718 0.879 0.909 1.048 1.050 1.118 1.020 0.877 1.016 1.103 0.926 0.955 1.178 1.258 1.183 1.502 1.502 1.301 1.005 0.856 0.660 0.582 0.595 0.730 1.025 1.781 3.166 6.721 9.615 13.381 19.001 19.900 26.348 27.090 27.916 28.677 28.745 27.858
7.635 5.542 3.462 1.586 1.110 1.189 1.099 1.142 0.994 1.075 1.021 0.966 1.067 1.249 1.320 1.252 1.305 1.453 1.622 1.411 1.142 1.015 0.857 0.793 0.859 0.888 1.140 1.205 1.200 1.395 1.545 1.579 1.371 1.200 1.074 1.275 1.343 1.171 1.275 1.101 0.958 1.111 1.116 1.082 0.867 0.715 0.543 0.491 0.000 0.488 0.550 0.651 0.565 0.533 0.566 0.674 0.837 0.836 0.986 1.011 1.060 0.903 0.789 0.904 0.929 0.732 0.770 0.949 1.017 0.862 1.176 1.168 1.048 0.741 0.666 0.564 0.588 0.685 0.808 1.087 1.845 3.093 6.668 9.745 13.914 19.862 20.588 27.143 27.132 27.935 29.085 27.685 27.759
7.474 5.314 3.285 1.478 1.051 1.122 1.068 1.089 0.982 1.115 1.074 1.002 1.109 1.271 1.377 1.334 1.408 1.603 1.747 1.540 1.273 1.098 0.933 0.841 0.929 0.910 1.146 1.203 1.133 1.319 1.478 1.501 1.305 1.156 1.031 1.220 1.281 1.144 1.230 1.100 0.972 1.128 1.162 1.143 0.960 0.833 0.621 0.567 0.491 0.000 0.497 0.632 0.545 0.553 0.587 0.742 0.899 0.853 0.998 1.023 1.076 0.916 0.796 0.892 0.904 0.742 0.684 0.888 0.934 0.780 1.089 1.125 0.970 0.707 0.631 0.563 0.641 0.769 0.936 1.235 2.020 3.310 6.645 9.471 13.251 18.838 20.522 26.634 26.233 27.852 28.820 27.481 27.989
7.656 5.528 3.635 1.839 1.413 1.486 1.435 1.479 1.410 1.554 1.578 1.540 1.702 1.927 1.995 1.974 1.965 2.155 2.423 2.233 1.875 1.686 1.450 1.262 1.306 1.346 1.530 1.667 1.596 1.773 1.935 2.025 1.775 1.521 1.414 1.655 1.747 1.554 1.763 1.534 1.431 1.594 1.673 1.641 1.400 1.265 0.973 0.999 0.702 0.516 0.000 0.643 0.624 0.818 0.950 1.219 1.436 1.318 1.510 1.499 1.598 1.331 1.136 1.297 1.315 1.026 1.000 1.321 1.324 1.040 1.388 1.408 1.176 0.834 0.742 0.716 0.960 1.198 1.419 1.755 2.448 3.757 7.090 9.527 13.334 18.510 20.297 26.370 26.379 27.320 27.943 27.686 27.450
7.786 5.733 4.071 2.405 1.907 2.235 2.153 2.430 2.248 2.504 2.432 2.122 2.024 2.437 2.828 2.721 2.941 2.979 3.295 2.848 2.500 2.228 1.997 1.961 2.276 2.208 2.659 2.765 2.511 2.774 2.982 2.792 2.438 2.017 1.985 2.412 2.335 2.054 2.400 2.224 2.111 2.491 2.729 2.631 2.290 2.019 1.634 1.352 0.928 0.700 0.535 0.000 0.543 0.771 1.100 1.389 1.483 1.493 1.902 2.121 2.151 1.682 1.584 1.947 1.742 1.289 1.483 1.831 1.663 1.317 1.633 1.647 1.344 1.080 0.981 1.152 1.437 1.767 2.123 2.559 3.333 4.755 7.701 10.191 13.829 18.933 21.097 27.606 25.247 28.707 27.096 28.107 27.547
7.784 5.580 3.710 1.877 1.494 1.640 1.479 1.478 1.291 1.321 1.250 1.099 1.167 1.369 1.482 1.449 1.568 1.731 1.829 1.591 1.346 1.141 1.035 0.979 1.172 1.230 1.515 1.682 1.708 1.894 2.098 2.105 1.895 1.682 1.501 1.812 1.874 1.730 1.845 1.670 1.401 1.629 1.611 1.514 1.270 1.067 0.824 0.730 0.589 0.577 0.584 0.512 0.000 0.495 0.551 0.684 0.872 0.885 1.105 1.166 1.252 1.015 0.898 1.124 1.113 0.874 0.944 1.205 1.218 1.082 1.390 1.459 1.267 0.958 0.869 0.822 0.930 1.062 1.262 1.594 2.314 3.694 7.113 9.372 13.069 19.051 20.930 27.326 25.801 28.772 28.750 29.008 28.912
7.488 5.486 3.650 1.968 1.477 1.562 1.366 1.356 1.130 1.162 1.033 0.924 1.006 1.215 1.287 1.276 1.364 1.540 1.665 1.497 1.183 1.030 0.890 0.853 1.019 1.088 1.318 1.553 1.533 1.790 2.009 2.059 1.839 1.649 1.415 1.760 1.799 1.606 1.699 1.456 1.268 1.408 1.434 1.287 1.062 0.912 0.715 0.591 0.580 0.613 0.750 0.653 0.493 0.000 0.495 0.544 0.754 0.745 0.935 1.011 1.115 0.931 0.860 1.043 1.064 0.890 0.981 1.229 1.307 1.171 1.584 1.630 1.457 1.115 0.996 0.845 0.881 0.929 1.054 1.331 2.060 3.444 6.981 9.598 13.353 18.293 19.893 27.561 26.607 28.923 28.426 28.908 28.811
7.651 5.598 3.719 2.013 1.591 1.634 1.452 1.356 1.121 1.117 0.974 0.838 0.931 1.151 1.253 1.184 1.326 1.487 1.600 1.379 1.136 0.923 0.829 0.781 1.000 1.138 1.346 1.505 1.613 1.847 2.057 2.189 1.964 1.765 1.612 1.820 1.890 1.758 1.878 1.612 1.405 1.488 1.450 1.304 1.155 0.918 0.780 0.644 0.613 0.713 0.900 0.858 0.586 0.496 0.000 0.517 0.687 0.694 0.837 0.935 1.065 0.914 0.795 1.042 1.074 0.868 1.033 1.298 1.334 1.299 1.664 1.792 1.552 1.238 1.070 0.973 0.966 0.994 1.133 1.428 2.176 3.342 6.805 9.783 13.632 19.052 20.029 26.540 26.280 28.909 27.911 28.946 27.678
7.965 5.772 3.930 2.330 1.938 2.133 1.953 1.884 1.565 1.578 1.341 1.059 1.089 1.362 1.557 1.525 1.766 1.933 1.958 1.590 1.354 1.020 1.029 1.046 1.431 1.622 1.954 2.131 2.188 2.414 2.677 2.770 2.391 2.181 2.021 2.464 2.430 2.281 2.434 2.194 1.943 2.061 2.076 1.867 1.668 1.261 1.010 0.833 0.837 0.957 1.179 1.192 0.865 0.635 0.503 0.000 0.583 0.808 1.064 1.310 1.423 1.213 1.085 1.344 1.382 1.155 1.295 1.523 1.560 1.550 1.905 1.964 1.890 1.541 1.506 1.290 1.299 1.355 1.448 1.903 2.546 3.807 7.262 9.658 13.299 18.366 19.701 26.665 26.330 29.029 28.447 28.844 28.604
8.357 6.343 4.707 3.073 2.671 2.881 2.464 2.298 1.861 1.774 1.433 1.022 0.948 1.202 1.583 1.584 1.922 2.085 2.176 1.820 1.465 1.105 1.160 1.273 1.625 1.886 2.257 2.680 2.756 3.029 3.404 3.581 3.275 3.110 2.738 3.065 3.230 2.848 2.921 2.456 2.283 2.297 2.346 2.081 1.842 1.436 1.320 1.026 1.206 1.526 1.847 1.768 1.409 1.001 0.806 0.533 0.000 0.616 0.855 1.325 1.408 1.268 1.301 1.747 1.736 1.642 1.845 2.230 2.312 2.293 3.050 2.989 2.748 2.312 2.043 1.725 1.473 1.567 1.537 1.931 2.702 3.986 7.399 9.918 13.686 19.443 21.467 27.621 27.202 28.463 28.636 28.922 28.673
7.666 5.621 3.813 2.102 1.719 1.806 1.593 1.393 1.153 1.069 0.881 0.616 0.642 0.789 0.973 1.060 1.281 1.537 1.605 1.383 1.124 0.855 0.878 0.871 1.170 1.308 1.482 1.727 1.864 2.033 2.263 2.399 2.139 1.983 1.843 2.115 2.179 2.069 2.181 1.930 1.716 1.846 1.712 1.577 1.425 1.164 1.030 0.925 0.958 1.084 1.313 1.342 1.011 0.833 0.698 0.679 0.513 0.000 0.494 0.615 0.730 0.677 0.679 0.894 0.971 0.955 1.116 1.287 1.427 1.498 1.863 1.972 1.865 1.561 1.484 1.308 1.257 1.309 1.399 1.677 2.414 3.627 6.852 9.404 12.918 18.989 20.412 27.364 27.242 28.246 28.744 28.007 28.352
7.493 5.561 3.645 1.781 1.343 1.332 1.138 0.991 0.840 0.768 0.687 0.565 0.601 0.667 0.776 0.885 1.008 1.243 1.374 1.217 0.989 0.801 0.827 0.777 0.919 0.993 1.072 1.179 1.301 1.430 1.637 1.773 1.601 1.539 1.413 1.579 1.697 1.659 1.707 1.600 1.363 1.455 1.283 1.258 1.193 1.049 0.965 0.951 1.004 1.021 1.235 1.296 1.029 0.895 0.735 0.766 0.663 0.491 0.000 0.488 0.526 0.530 0.538 0.608 0.737 0.801 0.891 0.985 1.180 1.220 1.646 1.713 1.648 1.355 1.361 1.193 1.252 1.228 1.328 1.534 2.215 3.508 6.539 8.935 12.797 18.213 20.141 26.890 26.063 27.531 27.601 28.267 28.197
7.407 5.443 3.459 1.633 1.204 1.216 1.031 0.937 0.776 0.724 0.613 0.592 0.621 0.656 0.804 0.838 0.947 1.201 1.306 1.146 0.994 0.806 0.820 0.723 0.849 0.940 1.010 1.147 1.248 1.379 1.601 1.747 1.490 1.426 1.304 1.486 1.616 1.547 1.619 1.510 1.287 1.395 1.229 1.183 1.115 1.001 0.913 0.968 0.987 0.955 1.173 1.256 1.029 0.945 0.792 0.877 0.795 0.555 0.488 0.000 0.488 0.510 0.515 0.521 0.610 0.704 0.725 0.817 1.028 1.088 1.420 1.504 1.456 1.230 1.272 1.112 1.209 1.149 1.274 1.463 2.160 3.504 6.867 9.136 12.907 18.399 20.641 27.115 27.196 27.710 28.573 28.123 28.737
7.714 5.622 3.688 1.876 1.532 1.615 1.454 1.200 1.038 0.907 0.831 0.711 0.777 0.799 0.877 0.973 1.110 1.359 1.481 1.332 1.197 1.006 1.051 0.964 1.141 1.253 1.331 1.526 1.693 1.888 2.088 2.175 1.941 1.840 1.788 1.974 2.043 2.032 2.064 2.025 1.736 1.804 1.634 1.541 1.547 1.310 1.195 1.256 1.187 1.108 1.247 1.353 1.114 1.172 0.963 1.091 0.995 0.706 0.527 0.488 0.000 0.490 0.550 0.577 0.569 0.655 0.826 0.839 0.973 1.106 1.491 1.649 1.625 1.387 1.483 1.389 1.543 1.585 1.690 1.900 2.498 3.734 6.726 9.065 13.045 18.247 20.180 26.761 25.953 27.654 28.317 28.442 28.599
7.589 5.489 3.531 1.680 1.252 1.331 1.179 1.081 0.898 0.904 0.800 0.698 0.765 0.788 0.916 1.037 1.155 1.392 1.503 1.355 1.129 0.940 0.935 0.821 0.974 1.036 1.150 1.319 1.397 1.559 1.811 1.847 1.619 1.458 1.359 1.597 1.628 1.532 1.635 1.466 1.311 1.425 1.388 1.319 1.201 1.057 0.885 0.915 0.853 0.797 0.959 1.104 0.860 0.866 0.725 0.862 0.824 0.596 0.524 0.507 0.487 0.000 0.487 0.513 0.528 0.521 0.607 0.710 0.864 0.912 1.270 1.403 1.301 1.056 1.066 0.978 1.071 1.106 1.269 1.492 2.222 3.552 6.726 9.164 12.777 18.677 19.488 26.804 25.959 28.198 28.462 28.034 28.132
7.640 5.502 3.511 1.521 1.091 1.142 1.021 0.941 0.813 0.849 0.790 0.695 0.762 0.821 0.928 1.005 1.099 1.394 1.534 1.346 1.155 0.940 0.913 0.763 0.900 0.920 1.081 1.189 1.191 1.361 1.587 1.606 1.385 1.257 1.153 1.374 1.420 1.381 1.505 1.385 1.209 1.281 1.259 1.245 1.150 1.018 0.855 0.898 0.859 0.801 0.992 1.156 0.936 0.864 0.750 0.857 0.812 0.601 0.543 0.514 0.504 0.487 0.000 0.487 0.514 0.528 0.538 0.633 0.820 0.876 1.274 1.361 1.307 1.021 1.069 0.952 1.077 1.114 1.273 1.479 2.202 3.565 6.816 9.425 13.351 19.222 20.976 27.522 26.930 28.678 28.106 28.520 28.012
7.606 5.410 3.350 1.536 1.178 1.242 1.114 1.010 0.858 0.846 0.793 0.713 0.809 0.871 0.976 1.039 1.124 1.354 1.490 1.305 1.118 0.979 0.890 0.760 0.910 0.984 1.136 1.311 1.334 1.482 1.714 1.740 1.467 1.385 1.337 1.544 1.595 1.578 1.623 1.527 1.336 1.424 1.361 1.286 1.180 1.026 0.886 0.963 0.924 0.854 1.039 1.200 0.998 0.952 0.784 0.914 0.885 0.652 0.595 0.525 0.520 0.508 0.487 0.000 0.489 0.514 0.539 0.575 0.704 0.849 1.200 1.314 1.320 1.088 1.128 1.038 1.127 1.170 1.296 1.512 2.170 3.495 6.768 9.319 13.141 19.028 20.567 27.117 26.687 28.661 27.647 28.669 28.464
7.828 5.532 3.507 1.696 1.399 1.472 1.365 1.180 1.035 1.042 1.003 0.920 1.054 1.031 1.112 1.239 1.331 1.652 1.811 1.639 1.505 1.237 1.190 1.047 1.188 1.252 1.336 1.527 1.629 1.788 2.052 2.121 1.818 1.709 1.615 1.897 1.969 1.908 2.056 1.904 1.668 1.783 1.664 1.574 1.531 1.302 1.158 1.165 1.070 0.928 1.055 1.194 0.965 1.061 0.939 1.132 1.149 0.853 0.751 0.624 0.559 0.556 0.532 0.489 0.000 0.490 0.551 0.598 0.682 0.822 1.201 1.370 1.358 1.148 1.227 1.199 1.339 1.447 1.652 1.889 2.487 3.750 6.684 9.178 13.042 18.724 20.352 26.523 26.235 28.319 28.336 28.646 27.963
7.726 5.454 3.404 1.511 1.105 1.197 1.088 1.041 0.907 0.988 0.958 0.852 0.968 1.032 1.127 1.207 1.282 1.572 1.724 1.516 1.313 1.126 1.026 0.894 1.012 1.014 1.156 1.278 1.272 1.441 1.678 1.695 1.440 1.298 1.202 1.447 1.467 1.367 1.517 1.376 1.200 1.357 1.343 1.323 1.164 1.072 0.868 0.936 0.818 0.688 0.897 1.029 0.835 0.894 0.783 0.965 0.990 0.769 0.701 0.662 0.579 0.525 0.513 0.500 0.488 0.000 0.488 0.532 0.636 0.656 1.077 1.209 1.144 0.902 0.946 0.877 1.027 1.096 1.273 1.508 2.212 3.562 6.731 9.222 12.799 18.945 20.328 26.625 25.768 28.177 28.616 28.405 28.825
7.611 5.308 3.394 1.540 1.045 1.137 1.045 1.039 0.901 1.012 1.012 0.924 1.036 1.143 1.242 1.257 1.388 1.617 1.789 1.602 1.349 1.146 1.052 0.902 1.025 0.988 1.186 1.284 1.244 1.432 1.598 1.612 1.377 1.250 1.172 1.364 1.443 1.401 1.497 1.400 1.240 1.361 1.340 1.318 1.194 1.061 0.868 0.942 0.853 0.718 0.899 1.053 0.848 0.874 0.797 0.975 1.022 0.812 0.783 0.732 0.685 0.592 0.535 0.539 0.511 0.488 0.000 0.492 0.621 0.660 1.120 1.200 1.164 0.954 0.990 0.896 1.022 1.085 1.281 1.521 2.234 3.542 6.767 9.346 13.214 19.509 20.904 26.881 27.120 28.490 29.009 28.426 28.401
7.673 5.611 3.639 1.730 1.378 1.542 1.418 1.370 1.193 1.338 1.319 1.225 1.442 1.531 1.623 1.638 1.705 1.925 2.118 2.004 1.697 1.478 1.297 1.120 1.315 1.325 1.619 1.812 1.777 2.008 2.292 2.288 1.898 1.754 1.706 2.064 2.115 2.045 2.184 2.012 1.741 1.826 1.810 1.707 1.578 1.355 1.124 1.236 1.173 1.001 1.215 1.459 1.215 1.306 1.064 1.286 1.381 1.132 1.100 1.021 0.935 0.856 0.675 0.637 0.599 0.567 0.494 0.000 0.517 0.682 1.161 1.376 1.436 1.209 1.320 1.198 1.411 1.473 1.627 1.895 2.479 3.763 6.856 9.390 13.632 19.171 20.681 27.011 26.289 28.456 28.565 28.334 29.039
7.833 5.665 3.893 2.165 1.983 2.260 2.169 1.852 1.788 1.908 1.929 1.909 2.324 2.170 2.240 2.448 2.553 2.879 3.163 3.073 2.838 2.523 2.303 2.009 2.164 2.170 2.345 2.524 2.647 2.818 3.255 3.264 2.734 2.598 2.532 3.038 3.196 3.182 3.487 3.215 2.756 3.099 2.871 2.844 2.693 2.438 2.143 2.212 1.972 1.492 1.552 1.873 1.744 2.044 1.862 2.267 2.392 1.938 1.704 1.476 1.305 1.375 1.167 0.874 0.870 0.915 0.768 0.541 0.000 0.630 1.181 1.554 1.656 1.475 1.820 1.979 2.414 2.593 2.893 3.217 3.804 5.049 7.835 9.961 13.601 19.935 20.941 27.032 26.093 28.638 28.525 28.100 29.205
8.187 5.990 4.235 2.461 2.028 2.652 2.610 2.792 2.586 2.975 3.100 2.824 3.293 3.158 3.322 3.756 3.702 4.017 4.423 4.333 4.035 3.427 3.053 2.625 2.961 2.819 3.224 3.343 3.143 3.490 3.791 3.713 3.054 2.612 2.627 3.170 3.157 2.785 3.310 2.970 2.822 3.299 3.446 3.463 2.967 2.848 2.388 2.592 2.100 1.624 1.565 2.049 1.995 2.289 2.234 2.834 3.003 2.600 2.608 2.560 1.960 1.980 1.903 1.654 1.315 1.228 1.111 0.945 0.549 0.000 0.948 1.345 1.441 1.271 1.634 1.962 2.345 2.705 3.113 3.492 4.165 5.367 7.992 10.035 13.253 19.200 20.999 26.265 25.874 28.114 27.855 26.955 28.753
8.463 6.362 4.581 2.786 2.532 3.067 3.367 3.744 3.670 4.119 4.213 3.656 3.692 4.130 4.611 4.500 5.042 5.157 5.506 5.052 4.828 3.930 3.840 3.322 4.022 3.922 4.543 4.621 4.312 4.291 4.562 4.299 3.412 2.734 3.071 3.879 3.396 3.205 4.182 3.984 3.693 4.414 4.814 4.840 4.200 3.673 3.059 2.979 2.565 1.818 1.944 2.517 2.121 2.532 2.460 3.135 3.402 2.655 2.986 3.275 2.863 2.243 2.344 2.454 1.856 1.481 1.651 1.628 1.112 0.721 0.000 0.558 1.052 1.470 2.032 2.495 2.995 3.470 4.071 4.676 5.259 6.728 9.110 11.103 14.514 20.561 22.137 26.651 25.035 28.180 28.149 27.397 28.778
8.250 6.151 4.523 2.665 2.422 2.943 3.139 3.674 3.835 4.287 4.511 4.430 4.829 4.962 5.059 5.072 5.208 5.428 5.910 5.680 5.381 4.848 4.321 3.963 4.134 3.925 4.414 4.286 3.950 3.931 4.106 3.725 3.045 2.430 2.667 3.169 2.894 2.562 3.121 3.012 3.156 3.824 4.259 4.495 4.035 3.739 3.220 3.319 2.871 2.110 1.914 2.657 2.599 3.123 3.186 3.814 4.236 3.956 3.899 3.737 3.492 3.152 2.941 2.891 2.362 2.072 1.940 1.978 1.506 1.112 0.554 0.000 0.660 1.194 1.619 2.216 2.845 3.310 3.985 4.362 5.068 6.226 8.773 10.911 14.270 20.133 21.668 25.720 24.433 27.859 27.892 28.020 28.448
7.903 5.705 3.899 2.121 1.710 2.051 2.291 2.654 2.642 3.113 3.280 3.188 3.391 3.704 3.824 3.662 3.708 3.829 4.161 4.024 3.601 3.285 2.830 2.577 2.783 2.519 3.048 3.046 2.673 2.828 3.050 2.789 2.256 1.796 1.898 2.443 2.228 2.050 2.439 2.218 2.176 2.632 3.009 3.066 2.474 2.389 1.988 1.889 1.644 1.314 1.249 1.717 1.876 2.069 2.160 2.484 2.933 2.797 3.070 2.987 2.889 2.566 2.241 2.316 2.189 1.787 1.577 1.813 1.713 1.206 0.945 0.539 0.000 0.563 0.887 1.133 1.605 1.991 2.332 2.801 3.457 4.684 7.732 9.952 13.750 19.353 21.958 26.113 25.644 29.005 29.472 27.416 24.196
7.958 5.581 3.547 1.794 1.339 1.595 1.651 1.890 1.928 2.254 2.302 2.274 2.495 2.700 2.762 2.651 2.644 2.764 2.899 2.817 2.461 2.314 1.917 1.796 1.834 1.712 2.069 2.121 1.825 2.086 2.269 2.156 1.753 1.421 1.430 1.748 1.706 1.471 1.684 1.496 1.435 1.709 1.957 1.927 1.564 1.552 1.287 1.243 1.062 0.884 0.883 1.229 1.329 1.445 1.557 1.771 2.075 1.998 2.228 2.150 2.165 1.862 1.608 1.653 1.610 1.340 1.178 1.335 1.309 1.021 0.993 0.805 0.517 0.000 0.515 0.696 0.975 1.189 1.429 1.759 2.464 3.844 7.177 9.548 13.740 19.287 21.539 25.109 25.225 27.390 29.464 28.388 27.407
7.785 5.585 3.608 1.811 1.260 1.468 1.391 1.557 1.459 1.636 1.596 1.553 1.693 1.913 2.005 1.900 1.907 1.992 2.209 2.054 1.707 1.576 1.299 1.230 1.304 1.254 1.589 1.704 1.516 1.797 1.930 1.892 1.643 1.366 1.229 1.497 1.495 1.290 1.454 1.252 1.160 1.346 1.532 1.421 1.198 1.061 0.875 0.855 0.753 0.626 0.646 0.929 0.950 1.034 1.048 1.199 1.439 1.421 1.575 1.620 1.643 1.442 1.258 1.394 1.384 1.109 1.061 1.289 1.273 1.006 1.133 1.048 0.781 0.501 0.000 0.507 0.693 0.861 1.088 1.395 2.105 3.541 7.017 9.492 13.816 18.504 21.126 27.072 27.877 28.033 27.904 26.983 27.119
7.649 5.567 3.528 1.608 1.092 1.192 1.096 1.183 1.085 1.258 1.243 1.203 1.289 1.485 1.564 1.491 1.543 1.706 1.880 1.683 1.402 1.248 1.046 0.948 1.025 0.997 1.231 1.305 1.212 1.434 1.637 1.654 1.390 1.199 1.054 1.254 1.314 1.166 1.225 1.023 0.936 1.101 1.188 1.186 0.928 0.857 0.643 0.678 0.594 0.574 0.664 0.919 0.824 0.823 0.858 0.959 1.134 1.093 1.165 1.210 1.245 1.121 0.963 1.084 1.117 0.944 0.880 1.104 1.186 1.005 1.211 1.177 0.931 0.657 0.497 0.000 0.502 0.628 0.878 1.193 1.902 3.238 6.931 9.827 14.435 20.116 23.537 27.133 27.956 29.119 28.782 27.138 25.840
7.808 5.571 3.712 1.963 1.410 1.519 1.334 1.412 1.208 1.379 1.323 1.312 1.501 1.646 1.709 1.635 1.636 1.764 1.960 1.822 1.481 1.368 1.093 1.014 1.064 1.063 1.402 1.534 1.497 1.782 1.978 2.013 1.759 1.510 1.296 1.569 1.647 1.345 1.443 1.128 1.042 1.206 1.324 1.197 0.914 0.763 0.613 0.619 0.644 0.669 0.867 1.045 0.959 0.932 0.920 1.042 1.262 1.217 1.383 1.353 1.448 1.336 1.109 1.268 1.298 1.082 1.062 1.319 1.403 1.189 1.518 1.532 1.264 0.903 0.705 0.503 0.000 0.514 0.693 1.061 1.867 3.387 6.887 9.849 13.860 19.841 22.507 27.661 27.361 28.318 29.119 28.687 28.565
7.811 5.817 3.923 2.214 1.648 1.728 1.610 1.627 1.383 1.559 1.439 1.536 1.681 1.937 1.902 1.701 1.687 1.779 2.003 1.919 1.543 1.511 1.180 1.093 1.117 1.146 1.501 1.659 1.779 2.021 2.305 2.342 2.025 1.720 1.508 1.797 1.873 1.585 1.643 1.292 1.078 1.220 1.334 1.165 0.895 0.765 0.687 0.738 0.809 0.909 1.027 1.263 1.189 1.134 1.138 1.226 1.513 1.518 1.642 1.608 1.809 1.602 1.308 1.552 1.653 1.335 1.350 1.664 1.728 1.429 1.795 1.814 1.438 1.156 0.907 0.684 0.518 0.000 0.513 0.929 1.714 3.105 6.449 9.245 13.514 19.499 21.992 27.933 27.916 28.767 28.727 27.530 26.347
8.342 6.104 4.330 2.592 2.146 2.256 1.903 1.975 1.705 1.973 1.871 1.982 2.383 2.627 2.586 2.436 2.303 2.322 2.667 2.625 2.047 1.995 1.509 1.343 1.319 1.370 1.826 2.053 2.014 2.553 2.906 2.984 2.658 2.488 2.017 2.442 2.594 2.223 2.216 1.704 1.399 1.386 1.565 1.334 0.932 0.788 0.824 0.964 1.210 1.325 1.563 1.776 1.676 1.565 1.512 1.549 1.959 2.006 2.219 2.069 2.225 2.141 1.754 1.922 2.077 1.798 1.789 2.089 2.178 1.963 2.451 2.443 2.259 1.782 1.620 1.169 0.944 0.540 0.000 0.560 1.385 2.824 6.680 9.409 13.301 18.567 20.218 27.686 26.453 28.916 29.177 29.217 29.016
10.642 8.870 7.451 5.867 5.171 5.005 3.849 4.186 3.595 4.046 3.809 4.104 4.583 5.253 4.950 4.637 4.106 3.962 4.756 4.782 3.804 3.783 2.727 2.842 2.592 2.665 3.301 3.727 3.698 4.893 5.280 5.878 5.537 5.258 4.078 4.472 5.174 4.278 3.844 3.001 2.717 2.109 2.510 2.114 1.445 1.537 2.167 1.897 2.448 3.303 3.754 3.586 3.590 2.812 3.104 2.741 3.610 4.186 4.513 4.681 5.012 4.769 4.006 4.918 5.161 4.550 4.629 5.707 5.660 5.143 6.126 6.409 5.839 4.602 3.703 2.775 1.967 1.496 0.625 0.000 0.995 2.724 6.646 9.530 13.324 18.314 20.912 27.501 27.112 29.227 28.645 29.402 29.205
15.422 14.540 12.857 10.498 8.361 9.902 8.276 9.648 8.518 9.950 9.973 11.422 12.974 14.086 13.264 11.356 10.346 9.229 10.653 11.298 9.261 10.274 7.915 7.823 6.436 5.724 8.305 9.484 9.201 11.244 11.845 12.329 10.937 8.495 7.298 9.096 9.843 7.530 8.229 6.069 4.163 4.808 6.074 4.643 3.221 4.138 4.869 6.399 7.302 6.736 7.553 10.122 10.516 10.478 9.168 9.548 11.199 11.974 13.461 12.346 13.901 13.157 10.539 11.798 12.633 10.663 8.817 11.275 11.620 9.212 10.219 9.647 8.919 7.350 6.767 4.863 5.368 3.275 2.565 1.023 0.000 1.986 5.921 9.636 12.932 17.638 20.165 26.417 26.815 28.675 28.861 29.124 29.269
26.379 25.503 25.438 23.942 22.691 23.025 20.448 19.725 16.063 16.780 15.533 16.090 17.068 19.463 19.212 17.974 16.627 14.377 17.794 18.513 13.601 15.291 10.072 11.583 10.084 13.250 16.248 20.442 20.748 23.666 24.829 25.318 24.767 23.954 22.261 23.653 24.500 23.029 21.731 19.201 16.448 12.964 13.762 8.962 8.326 7.454 10.803 11.781 14.924 16.787 18.950 19.105 17.818 17.068 14.619 13.736 15.362 15.793 16.816 16.444 19.064 17.718 16.179 18.130 19.052 17.903 18.591 20.816 21.318 20.693 23.139 24.317 23.239 21.269 19.855 16.972 14.893 10.934 7.301 5.062 1.495 0.000 2.551 8.043 10.101 15.914 17.847 24.778 25.865 28.660 28.410 28.843 29.142
27.873 27.416 27.480 26.544 26.586 26.189 23.115 22.804 21.069 20.620 20.149 22.177 23.810 24.491 23.448 21.123 18.513 16.462 18.545 20.866 17.642 20.409 17.020 18.679 14.564 16.347 16.918 20.308 22.363 25.417 26.497 26.903 26.680 26.994 24.674 25.608 26.845 26.301 24.435 22.364 18.533 13.941 14.023 10.491 12.120 13.711 18.708 21.903 25.302 26.006 26.489 26.331 26.291 25.709 24.080 22.564 23.616 24.522 24.454 23.622 25.366 25.821 24.451 24.725 26.129 26.058 26.143 26.255 27.143 27.052 27.643 27.614 27.694 27.395 26.897 24.146 23.210 17.143 13.027 8.200 5.037 2.342 0.000 1.268 3.806 6.778 10.298 13.847 17.452 20.433 22.400 23.783 24.896
28.624 28.465 28.423 28.142 28.167 27.590 25.571 24.842 23.566 22.279 21.975 24.007 25.293 26.332 25.279 21.903 19.508 17.196 18.264 21.001 18.818 21.985 19.827 21.792 17.844 20.302 19.281 22.105 23.896 26.416 26.990 27.970 27.624 28.100 26.490 26.740 27.500 27.535 25.909 24.687 21.585 17.099 15.695 13.019 16.007 16.211 21.926 24.545 27.727 27.678 28.236 28.336 28.154 28.299 25.988 25.234 25.848 26.188 26.513 25.782 27.534 27.742 26.355 27.380 28.056 27.999 27.981 28.332 28.577 28.653 28.769 28.925 29.174 28.476 28.961 26.257 26.520 21.417 15.172 10.891 7.334 4.204 1.193 0.000 1.422 3.918 7.211 9.596 13.069 15.166 18.181 19.863 21.599
27.707 27.608 27.624 27.845 27.555 27.261 26.164 24.748 23.704 22.454 22.375 23.554 24.320 25.786 23.906 21.392 19.602 16.642 18.140 20.473 18.887 21.827 21.049 22.245 18.620 20.902 20.152 22.927 24.267 26.092 27.296 27.605 26.962 27.423 26.782 26.723 27.434 27.302 25.781 25.226 22.895 17.657 17.022 14.163 16.784 16.497 23.252 23.706 26.590 27.540 28.559 27.953 28.178 27.430 25.893 25.166 25.235 25.949 25.540 25.225 26.902 27.058 26.784 26.506 27.433 27.846 27.762 27.616 28.297 28.240 28.696 28.700 28.686 28.757 27.844 26.436 25.809 21.891 15.757 11.063 7.850 5.205 3.643 0.904 0.000 1.256 3.678 5.207 7.546 9.578 11.866 14.591 16.991
28.000 27.603 27.825 27.881 27.844 27.225 25.916 24.337 24.242 22.705 22.161 23.544 23.879 24.716 24.443 20.900 19.629 16.649 17.167 19.720 18.583 21.224 21.571 22.858 19.041 21.966 20.725 22.984 24.829 25.977 26.992 27.840 27.113 28.219 26.540 26.848 27.728 27.081 26.003 26.071 24.124 18.576 17.237 14.397 17.782 18.961 23.446 25.707 27.821 27.393 28.346 28.899 28.198 28.071 26.659 26.550 25.773 25.505 25.284 24.926 26.360 27.490 26.769 26.327 27.706 27.788 28.151 27.966 28.452 28.503 28.824 29.357 29.327 28.172 28.797 25.963 27.208 22.174 17.664 12.204 9.224 6.938 4.562 2.712 0.871 0.000 0.945 1.954 3.053 4.321 6.669 7.905 10.706
26.454 26.512 27.385 27.952 27.245 26.191 24.353 23.351 23.497 21.954 21.645 22.944 23.303 24.231 23.334 20.501 19.238 16.551 17.692 19.658 18.563 21.199 20.517 21.960 18.465 21.061 20.012 22.590 23.093 25.829 26.583 27.387 26.528 27.514 25.785 25.877 26.569 27.238 25.113 25.727 23.570 18.197 17.183 14.245 17.549 17.994 24.118 25.579 26.883 27.415 27.409 27.756 27.800 27.002 25.547 25.816 25.872 25.734 24.765 25.049 26.098 26.570 26.046 26.090 27.729 26.997 27.938 27.786 28.632 28.434 28.946 28.670 27.654 27.223 27.876 27.312 26.650 23.548 17.090 12.924 9.012 7.701 5.261 3.037 1.602 0.658 0.000 0.633 1.102 2.015 2.775 3.584 4.745
26.372 26.440 27.429 27.991 26.306 26.265 26.376 24.838 24.741 22.735 22.944 24.520 23.735 24.577 24.304 20.787 19.457 16.490 17.395 18.780 17.896 21.641 21.623 24.412 19.728 21.801 21.050 23.587 24.537 26.224 26.408 27.867 27.159 27.135 26.457 25.900 26.722 27.136 25.902 25.404 24.642 17.752 17.281 14.695 18.019 17.954 24.764 26.559 27.430 27.613 27.949 27.984 28.290 27.751 26.969 25.994 26.102 26.568 24.806 25.923 26.453 27.493 27.839 26.506 28.153 27.994 28.017 28.659 28.993 28.270 28.236 28.252 27.936 27.956 28.426 28.166 27.118 23.544 18.512 13.825 10.684 8.546 6.178 4.112 2.703 1.329 0.620 0.001 0.630 1.033 1.751 2.320 3.174
26.400 26.216 27.305 26.862 26.506 26.170 25.703 23.262 24.563 21.556 22.133 23.620 23.616 24.439 24.221 20.394 19.112 16.311 17.488 19.812 17.989 21.772 20.996 23.524 18.986 22.218 20.721 22.248 25.337 25.227 26.330 26.653 26.317 28.100 26.795 25.850 25.816 26.827 24.338 25.956 24.411 18.005 17.379 14.040 17.494 18.221 24.792 25.559 27.204 27.528 28.447 27.288 27.915 27.384 26.720 27.042 26.543 25.760 24.688 25.736 26.099 27.102 26.858 26.086 27.924 27.669 27.071 27.886 28.542 27.810 28.336 28.255 28.731 27.887 26.234 27.483 26.961 23.486 18.088 13.595 9.950 8.126 6.085 4.287 2.679 1.744 0.979 0.549 0.000 0.607 1.003 1.457 2.196
26.042 25.824 27.028 26.736 25.838 25.903 23.960 24.241 24.380 22.817 22.730 24.523 23.775 24.381 24.084 21.475 20.155 16.469 17.542 20.325 18.573 22.283 21.036 24.569 19.204 21.942 21.357 22.859 24.135 24.473 25.816 25.718 26.239 26.974 25.812 25.319 26.412 26.796 25.603 25.225 24.207 16.861 17.467 14.084 16.892 18.509 25.343 25.201 26.625 27.424 26.911 27.904 28.342 27.849 27.637 26.625 25.470 26.215 24.893 25.867 26.080 26.716 27.465 27.138 28.491 27.530 27.527 27.699 28.569 27.892 27.757 28.520 29.005 29.264 27.799 27.553 26.326 23.706 18.363 13.746 9.991 8.394 6.960 5.282 3.411 2.306 1.467 1.018 0.556 0.000 0.571 1.041 1.858
26.716 25.692 26.214 26.174 28.885 26.221 27.198 23.565 25.096 21.908 22.439 23.803 23.517 23.572 23.794 20.571 19.568 16.552 17.677 19.835 17.932 21.568 20.927 23.042 19.264 22.460 20.796 22.019 24.958 24.219 24.219 25.207 24.689 26.287 27.220 25.152 26.742 27.905 24.286 26.324 24.063 17.914 17.585 14.983 17.095 17.817 25.522 25.374 27.269 26.712 28.025 27.151 27.002 27.754 26.024 26.769 26.025 25.286 24.402 25.546 25.605 26.448 26.485 25.028 26.509 27.208 27.392 25.743 27.334 28.042 26.974 27.121 28.443 28.966 28.784 27.642 27.348 23.930 18.165 13.261 9.542 8.028 6.987 5.402 3.954 2.789 1.957 1.414 0.924 0.544 0.000 0.615 1.102
26.469 25.474 26.781 27.607 27.798 26.923 25.151 23.814 23.675 22.196 22.663 23.858 23.663 24.479 23.583 22.203 21.412 18.247 19.510 21.508 19.759 22.184 21.239 23.879 19.521 22.827 21.387 23.220 23.444 24.953 25.928 27.181 26.929 27.608 27.458 26.598 26.170 27.356 25.301 25.985 24.559 17.807 18.115 15.094 17.430 18.145 25.581 26.405 27.267 27.958 28.617 28.629 27.817 27.224 26.208 26.223 25.407 25.406 24.614 25.259 25.518 25.801 26.838 26.079 27.201 27.320 27.194 27.603 27.599 28.354 28.641 29.109 29.354 28.732 28.775 27.775 27.136 24.068 19.116 14.252 10.966 9.556 8.239 6.889 5.775 4.975 3.443 2.654 1.946 1.263 0.665 0.000 0.731
26.727 26.053 26.464 27.030 28.619 25.062 25.526 23.949 24.689 23.297 23.772 24.754 25.267 25.354 24.902 23.981 22.595 21.868 23.038 24.509 23.225 23.721 22.967 23.737 21.432 22.054 22.361 23.536 23.218 26.059 25.840 27.402 25.908 26.422 24.882 25.849 26.332 26.665 24.567 25.424 23.860 20.444 20.763 18.719 19.523 20.551 23.632 25.508 27.316 27.333 27.908 28.613 26.988 27.620 25.782 26.382 25.845 26.008 25.182 25.943 26.176 26.144 26.388 26.244 26.639 26.576 26.759 27.609 28.251 28.521 28.730 27.580 28.800 28.252 28.922 27.182 26.880 23.889 20.664 17.502 16.478 14.691 13.472 11.798 10.402 8.560 6.895 5.770 4.322 2.843 1.638 0.881 0.007
