0.000 0.823 1.886 3.234 4.120 5.494 6.175 5.896 5.566 4.887 6.201 6.567 6.423 4.119 3.890 2.936 2.755 2.127 2.090 2.488 2.419 2.912 3.520 4.947 5.990 5.263 5.865 4.253 5.891 7.992 7.944 7.414 7.623 4.705 5.654 5.014 4.947 4.424 3.097 4.196 5.596 7.364 6.290 8.005 8.430 8.431 7.051 5.192 4.687 5.103 6.128 6.211 4.621 6.387 6.794 5.552 5.084 7.071 6.710 5.372 6.672 8.217 6.946 8.899 8.507 8.768 6.952 7.510 6.176 7.179 6.146 6.474 7.381 8.221 8.716 9.950 11.735 12.498 13.615 15.126 15.789 17.217 18.936 19.452 21.251 21.555 22.614 23.146 23.330 22.600 20.796 21.649 20.710
0.632 0.000 0.529 0.874 1.432 1.895 1.768 1.668 1.711 1.646 2.107 2.346 2.203 1.911 1.915 1.502 1.144 1.026 0.903 1.008 1.252 1.463 1.902 2.258 2.473 2.154 2.206 1.920 2.059 2.262 2.301 2.415 2.274 1.851 1.837 1.603 1.692 1.630 1.578 1.638 2.023 2.199 2.118 2.399 2.865 2.547 2.432 2.024 2.365 2.319 2.061 1.893 1.499 1.773 1.953 1.606 1.424 2.050 2.130 1.848 1.969 2.355 2.548 2.986 2.940 2.777 2.518 2.478 2.211 2.411 2.235 2.587 2.723 3.010 3.576 4.473 5.489 6.593 7.984 9.944 11.217 12.320 13.630 14.582 16.431 17.694 18.060 18.821 19.011 18.876 17.336 17.566 17.971
0.964 0.538 0.000 0.526 0.931 1.224 1.480 1.384 1.460 1.321 1.918 2.228 1.947 1.554 1.347 1.270 1.033 0.945 1.020 0.997 1.218 1.361 1.817 2.069 2.332 2.093 2.175 1.887 1.982 2.192 2.283 2.393 2.210 1.837 1.807 1.557 1.567 1.566 1.624 1.709 1.896 2.084 2.001 2.472 2.619 2.388 2.223 1.791 1.911 1.748 1.605 1.523 1.232 1.736 1.869 1.600 1.509 2.084 1.970 1.842 2.110 2.540 2.625 3.129 3.026 2.895 2.572 2.496 2.132 2.202 2.032 2.364 2.479 3.065 3.528 4.560 5.500 6.088 7.744 9.427 11.003 12.292 14.098 14.841 17.019 16.727 18.570 19.498 19.392 17.822 17.407 17.378 18.597
1.500 1.072 0.584 0.000 0.553 0.817 1.182 1.360 1.461 1.564 2.161 2.333 1.987 1.797 1.293 1.495 1.104 1.171 1.371 1.335 1.563 1.968 2.373 2.488 3.151 2.954 3.096 2.748 2.805 3.218 3.314 3.242 3.187 2.507 2.422 1.979 1.905 2.136 1.664 1.865 2.052 2.288 2.381 2.794 3.100 2.512 2.183 1.808 1.770 1.385 1.290 1.155 1.101 1.525 1.687 1.566 1.710 2.142 2.163 2.283 2.514 2.855 3.078 3.630 3.805 3.731 3.183 3.273 2.628 2.847 2.670 3.026 3.140 3.362 3.948 5.003 5.777 6.789 8.262 10.209 11.651 13.126 14.857 15.772 17.627 18.387 19.441 20.391 19.930 19.311 18.196 18.506 19.132
1.854 1.346 0.854 0.587 0.000 0.530 0.831 1.048 1.261 1.404 1.832 2.016 1.796 1.459 1.127 1.254 1.115 1.219 1.537 1.559 1.867 2.091 2.600 2.869 3.243 2.994 3.022 2.603 2.751 3.143 3.067 2.953 2.760 2.257 2.283 1.967 1.854 1.857 1.646 1.630 1.939 2.148 2.316 2.770 2.803 2.405 2.164 1.729 1.678 1.359 1.306 1.015 1.029 1.439 1.610 1.520 1.637 2.019 2.117 2.150 2.357 2.634 2.836 3.501 3.630 3.495 3.034 2.929 2.573 2.502 2.376 2.435 2.653 3.094 3.516 4.524 5.557 6.225 7.923 9.421 10.753 12.304 13.627 15.179 16.307 17.183 18.384 19.282 18.791 18.088 17.476 17.549 18.256
1.970 1.402 1.227 0.857 0.522 0.000 0.576 0.997 1.242 1.517 1.834 1.948 1.587 1.445 1.122 1.206 1.168 1.455 1.725 1.955 2.158 2.268 2.673 3.159 3.287 2.848 2.777 2.499 2.786 3.025 2.851 2.930 2.730 2.358 2.474 2.318 2.121 1.931 1.698 1.561 1.730 1.832 1.820 2.129 2.287 2.033 1.800 1.370 1.561 1.191 1.018 0.851 1.045 1.318 1.461 1.274 1.551 1.812 1.872 1.801 2.160 2.380 2.412 3.176 3.162 2.889 2.465 2.408 2.119 2.158 2.245 2.464 2.686 3.174 3.993 4.776 5.777 6.590 7.964 9.864 10.854 12.550 13.992 14.971 16.553 17.245 18.653 19.310 19.163 18.194 17.408 17.286 18.347
3.099 2.444 2.032 1.511 0.884 0.594 0.000 0.727 1.442 1.967 2.326 2.411 1.941 1.909 1.342 1.636 1.850 2.344 2.827 3.037 3.470 3.940 4.422 4.930 5.340 4.833 4.624 4.165 4.650 5.016 4.573 4.771 4.409 3.810 4.059 3.704 3.232 3.014 2.660 2.442 2.340 2.478 2.734 3.124 3.102 2.738 2.297 1.927 1.771 1.418 1.289 1.128 1.529 2.016 2.239 2.009 2.599 2.831 2.959 2.805 3.416 3.697 3.817 4.863 5.034 4.654 3.920 3.847 3.314 3.127 3.276 3.278 3.699 4.151 5.040 5.710 6.659 7.330 8.946 10.633 11.876 13.358 14.923 15.430 17.560 18.465 19.285 20.144 19.706 18.750 17.959 18.221 18.442
3.313 2.648 1.825 1.340 1.160 1.068 0.651 0.000 0.610 1.054 1.556 2.078 1.929 1.835 1.717 1.918 2.423 2.242 2.778 2.784 3.434 4.000 4.611 5.024 5.780 5.390 5.367 4.856 5.071 5.432 5.241 4.987 4.845 4.116 3.880 3.323 3.060 3.061 3.138 3.350 3.671 4.072 4.492 4.665 4.805 4.412 3.925 3.358 3.114 2.547 2.219 1.707 1.739 2.527 2.755 3.223 3.433 3.901 3.902 4.019 4.816 5.123 5.105 6.056 6.368 6.066 5.424 5.237 4.876 4.639 4.410 4.155 4.205 4.664 5.064 5.918 6.847 7.289 9.121 10.419 11.966 13.109 14.687 15.322 16.813 17.519 18.294 19.241 18.956 18.167 17.698 17.769 18.206
3.342 2.417 1.905 1.367 1.515 1.452 1.018 0.538 0.000 0.612 1.285 1.967 1.832 1.762 1.571 1.914 2.369 2.293 2.752 2.880 3.545 3.629 4.279 4.848 5.321 5.094 4.914 4.431 4.880 5.076 5.011 5.104 4.719 3.955 3.580 3.441 3.042 2.968 2.994 3.401 3.517 3.932 3.897 4.542 4.698 4.238 4.085 3.190 3.337 2.678 2.324 1.914 2.080 2.429 2.937 2.721 3.186 3.497 3.699 3.621 3.838 4.257 4.685 5.333 5.551 5.439 4.867 4.891 4.375 4.013 3.995 3.861 3.791 4.180 4.451 5.402 6.139 6.854 8.664 10.162 11.509 12.793 14.546 15.627 17.270 17.598 18.841 19.643 19.017 18.321 17.951 17.526 18.735
3.388 2.675 2.085 1.569 1.602 1.506 1.583 1.207 0.605 0.000 0.760 1.454 1.641 1.455 1.337 1.822 2.119 2.272 2.899 2.732 3.547 3.973 4.601 4.915 5.714 5.070 5.193 4.752 4.947 5.566 5.470 5.197 4.757 4.284 4.133 3.643 3.162 3.109 3.066 3.397 3.348 4.112 4.224 4.739 5.256 4.558 4.020 3.382 3.107 2.686 2.782 2.294 2.299 3.262 3.469 3.369 3.730 4.388 3.966 4.138 4.808 5.055 4.966 6.322 6.178 5.846 5.084 4.991 4.649 4.598 4.155 3.794 4.570 4.206 4.678 5.606 6.293 7.197 8.831 10.510 11.772 12.711 14.700 15.534 17.124 17.588 18.529 19.273 18.948 18.282 17.611 17.466 18.360
3.270 2.571 1.991 1.682 2.076 2.405 2.394 1.874 1.352 0.627 0.000 0.594 1.188 1.626 1.922 2.056 2.421 2.268 3.078 3.121 3.464 3.942 4.516 5.051 5.781 5.035 5.192 4.980 5.255 5.848 5.598 5.678 5.473 4.675 4.522 4.007 3.272 3.663 3.100 3.815 3.737 4.436 4.733 5.046 5.441 4.908 4.337 3.705 3.500 3.050 3.190 3.178 2.602 3.406 3.728 3.337 3.437 4.001 4.236 3.992 4.236 4.884 5.005 5.747 5.876 5.866 5.433 5.567 5.222 5.046 4.505 4.185 4.334 4.528 4.918 6.006 6.697 7.463 9.305 10.703 12.422 13.486 14.752 15.996 16.989 17.729 18.919 19.548 19.307 18.768 17.579 17.839 18.503
4.803 3.862 3.171 2.854 3.089 2.686 3.213 2.786 1.734 1.575 0.743 0.000 0.766 1.484 2.132 2.765 3.178 3.329 3.501 3.831 4.210 4.834 5.926 6.279 7.029 6.847 6.428 6.437 6.164 6.918 6.521 6.484 6.103 5.205 4.709 4.007 3.839 3.764 3.663 4.169 4.493 5.140 5.767 6.279 6.369 6.095 5.253 4.176 3.879 3.640 3.555 4.029 4.218 4.859 4.987 4.815 5.447 6.031 5.769 5.786 6.679 6.938 7.040 7.513 7.607 7.477 7.044 6.430 5.926 5.413 5.238 4.605 4.578 4.741 5.590 6.339 7.484 8.233 9.918 11.569 12.996 14.104 15.725 16.879 18.465 19.262 19.985 20.954 20.596 19.836 18.598 18.457 19.160
4.112 3.445 2.812 2.000 1.858 1.828 2.175 2.070 1.635 1.786 1.204 0.604 0.000 0.638 1.020 1.296 2.025 2.610 3.418 3.711 4.439 4.941 5.591 6.398 6.632 6.039 5.695 5.316 5.882 6.098 5.695 5.818 5.144 4.568 4.472 4.152 3.456 3.228 2.563 2.671 2.386 2.603 3.214 3.525 3.362 2.991 2.553 2.416 1.931 1.907 2.306 2.632 2.856 3.426 3.283 3.036 3.709 4.183 3.549 3.836 4.706 4.716 4.607 5.576 5.681 5.268 4.656 4.144 3.736 3.108 3.299 3.363 3.489 3.985 4.658 5.602 6.450 7.558 9.010 10.653 11.957 13.109 14.840 15.764 17.402 18.305 19.005 20.135 19.468 18.953 18.280 17.994 18.699
2.455 1.851 1.516 1.153 1.147 1.272 1.598 1.505 1.168 1.454 1.363 0.915 0.577 0.000 0.518 0.780 1.107 1.526 1.876 2.097 2.727 2.950 3.482 3.991 4.116 3.662 3.488 3.176 3.642 3.805 3.582 3.700 3.206 2.975 2.824 2.566 2.134 2.099 1.652 1.653 1.837 2.178 2.233 2.561 2.626 2.257 2.084 1.569 1.580 1.488 1.461 1.485 1.607 1.765 1.815 1.554 1.869 1.973 2.085 2.192 2.335 2.587 2.813 3.343 3.546 3.412 3.021 2.904 2.662 2.665 2.465 2.646 2.914 3.196 3.748 4.563 5.515 6.493 8.084 9.669 11.248 12.414 14.186 15.369 17.038 17.470 19.077 19.452 19.253 18.713 17.647 17.999 18.320
2.382 1.663 1.573 1.062 1.112 1.127 1.451 1.535 1.355 1.615 1.566 1.278 0.870 0.504 0.000 0.559 0.780 1.114 1.591 1.925 2.416 2.509 3.123 3.424 3.547 3.085 2.806 2.602 3.078 3.147 2.858 3.164 2.739 2.384 2.437 2.329 2.003 1.812 1.300 1.278 1.463 1.649 1.723 2.054 2.225 1.952 1.763 1.402 1.416 1.268 1.314 1.352 1.420 1.767 1.653 1.444 1.748 1.999 1.859 1.869 2.184 2.405 2.429 3.117 3.116 2.860 2.442 2.282 2.033 2.032 1.998 2.095 2.425 2.922 3.417 4.572 5.429 6.310 7.824 9.472 10.649 12.211 13.501 14.875 16.195 17.217 18.272 18.865 18.638 17.646 17.260 17.265 17.778
1.356 0.944 0.980 0.867 0.938 1.139 1.393 1.401 1.257 1.595 1.583 1.436 1.080 0.689 0.516 0.000 0.505 0.705 0.963 1.222 1.456 1.646 2.030 2.317 2.515 2.186 2.195 1.933 2.192 2.410 2.338 2.403 2.181 1.759 1.777 1.665 1.459 1.357 0.973 0.973 1.277 1.465 1.553 1.857 2.019 1.769 1.593 1.262 1.349 1.194 1.194 1.259 1.199 1.508 1.551 1.228 1.371 1.625 1.607 1.468 1.714 2.009 2.063 2.621 2.605 2.440 2.050 1.939 1.630 1.753 1.619 1.945 2.168 2.619 3.186 4.065 5.080 5.889 7.159 9.208 10.309 11.853 13.338 14.728 16.349 16.937 18.249 19.238 18.895 18.164 17.333 17.483 17.788
1.244 0.838 0.879 0.919 0.877 1.084 1.191 1.222 1.184 1.423 1.495 1.636 1.422 1.024 0.700 0.508 0.000 0.508 0.627 0.876 1.064 1.219 1.622 1.796 2.112 1.858 1.784 1.598 1.658 1.831 1.743 1.697 1.501 1.202 1.193 1.096 1.059 0.830 0.684 0.750 0.917 1.052 1.180 1.405 1.556 1.346 1.210 0.990 1.134 1.097 1.108 1.015 1.012 1.205 1.215 0.956 1.133 1.360 1.314 1.281 1.510 1.761 1.846 2.319 2.292 2.030 1.745 1.497 1.262 1.204 1.179 1.301 1.554 2.114 2.536 3.567 4.534 5.210 6.747 8.688 9.689 11.261 12.529 13.531 15.438 15.917 17.365 18.059 17.783 17.504 16.291 17.147 17.532
1.124 0.816 0.919 0.928 0.937 1.210 1.355 1.459 1.349 1.388 1.616 1.785 1.525 1.211 0.877 0.651 0.502 0.000 0.499 0.655 0.836 0.983 1.344 1.534 1.881 1.638 1.639 1.394 1.422 1.672 1.583 1.511 1.349 1.078 1.029 0.945 0.861 0.827 0.723 0.822 1.023 1.162 1.293 1.555 1.691 1.483 1.298 1.145 1.248 1.170 1.133 1.140 1.109 1.327 1.277 1.070 1.249 1.447 1.382 1.374 1.575 1.845 1.901 2.430 2.366 2.160 1.794 1.619 1.354 1.354 1.209 1.361 1.613 2.103 2.669 3.660 4.699 5.545 7.182 9.157 10.357 11.595 13.402 14.446 16.480 17.019 18.286 19.125 18.826 18.404 17.210 17.939 18.165
0.993 0.814 0.864 0.983 1.199 1.401 1.588 1.591 1.517 1.490 1.678 1.952 1.701 1.312 1.159 0.882 0.631 0.498 0.000 0.507 0.633 0.832 1.209 1.468 1.727 1.544 1.570 1.325 1.372 1.564 1.518 1.459 1.242 0.961 0.865 0.748 0.765 0.712 0.754 0.805 1.025 1.186 1.286 1.554 1.691 1.530 1.373 1.236 1.357 1.380 1.341 1.322 1.248 1.419 1.415 1.186 1.225 1.488 1.433 1.328 1.549 1.845 1.956 2.396 2.329 2.136 1.809 1.614 1.326 1.300 1.208 1.280 1.530 2.070 2.434 3.612 4.554 5.297 7.160 9.157 10.360 12.000 12.956 14.309 15.937 16.003 17.495 18.366 18.181 17.749 16.546 16.848 17.174
0.986 0.895 1.086 1.413 1.753 2.033 2.248 2.102 2.064 1.838 2.142 2.612 2.434 1.983 1.714 1.360 1.012 0.744 0.509 0.000 0.543 0.977 1.459 1.768 2.151 1.991 2.114 1.755 1.807 2.253 2.129 2.040 1.868 1.384 1.229 0.914 1.005 1.015 1.073 1.132 1.416 1.482 1.622 1.919 2.152 1.924 1.743 1.590 1.663 1.828 1.802 1.937 1.690 2.012 1.903 1.592 1.680 2.084 1.812 1.754 2.132 2.442 2.409 3.022 2.945 2.651 2.191 2.020 1.632 1.598 1.483 1.732 1.888 2.531 2.899 4.014 5.102 5.933 7.730 9.762 10.875 12.409 14.256 15.165 16.691 17.262 18.340 19.651 18.847 18.242 17.297 17.523 18.010
1.185 1.167 1.270 1.595 1.981 2.249 2.419 2.227 2.026 1.922 2.124 2.452 2.366 2.033 2.013 1.751 1.505 1.106 0.873 0.558 0.000 0.526 0.912 1.245 1.560 1.380 1.550 1.346 1.223 1.520 1.722 1.721 1.864 1.450 1.324 1.059 1.349 1.439 1.615 1.760 2.253 2.503 2.373 2.754 3.354 3.036 2.904 2.411 2.528 2.590 2.527 2.378 2.100 2.515 2.643 2.178 2.182 2.704 2.610 2.252 2.555 3.003 2.954 3.356 3.151 2.924 2.677 2.640 2.287 2.404 2.120 2.340 2.362 2.731 3.303 4.390 5.390 6.270 8.000 9.772 11.367 12.373 14.427 14.988 16.797 17.123 18.304 19.002 18.782 17.928 16.878 17.325 17.663
1.403 1.338 1.641 2.019 2.341 2.715 2.823 2.684 2.520 2.412 2.587 2.973 2.922 2.513 2.377 2.008 1.670 1.368 1.018 0.882 0.525 0.000 0.552 0.854 1.235 1.161 1.330 1.129 0.996 1.307 1.392 1.335 1.405 1.179 1.214 1.053 1.420 1.416 1.643 1.666 2.083 2.198 2.061 2.355 2.787 2.719 2.621 2.381 2.540 2.749 2.600 2.680 2.320 2.610 2.646 2.195 2.227 2.558 2.382 2.019 2.294 2.679 2.621 2.859 2.684 2.482 2.264 2.132 1.934 2.089 1.933 2.258 2.151 2.801 3.224 4.129 5.297 6.218 7.715 9.700 10.774 12.396 13.696 14.897 16.686 17.105 18.446 19.652 19.152 18.578 17.153 17.661 17.625
1.788 1.845 2.265 2.588 2.950 3.301 3.685 3.411 3.106 2.970 3.181 3.640 3.663 3.017 2.876 2.406 2.173 1.750 1.321 1.424 0.990 0.542 0.000 0.538 0.884 1.070 1.492 1.275 1.176 1.470 1.859 1.882 2.030 1.589 1.626 1.521 1.895 1.838 1.965 2.285 2.644 2.929 2.863 3.287 3.981 3.616 3.440 3.044 3.037 3.267 3.327 3.402 3.067 3.576 3.497 2.949 3.054 3.530 3.274 2.757 3.217 3.701 3.538 3.781 3.440 3.313 3.042 3.011 2.672 2.792 2.615 2.658 2.705 3.218 3.869 4.746 5.856 6.807 8.632 10.280 12.183 13.084 14.933 15.519 17.579 18.023 19.840 20.097 20.067 18.494 18.106 18.436 18.738
2.104 2.322 2.762 3.209 3.719 4.259 4.344 4.158 3.970 3.708 3.981 4.660 4.796 4.097 3.935 3.338 2.886 2.529 1.872 1.908 1.386 0.954 0.519 0.000 0.706 0.938 1.369 1.388 1.119 1.457 1.866 1.926 2.332 2.019 2.121 2.115 2.566 2.519 2.782 2.780 3.355 3.414 3.047 3.488 4.174 4.013 4.033 3.679 3.940 4.319 4.159 4.103 3.483 3.915 3.940 3.320 3.291 3.679 3.501 2.945 3.354 3.761 3.592 3.910 3.421 3.252 3.101 3.045 2.932 3.200 3.214 3.541 3.497 4.176 4.737 5.639 6.544 7.802 9.028 11.301 12.909 14.402 16.109 16.356 18.346 19.004 20.276 21.246 21.061 19.584 18.792 19.737 19.067
2.858 3.035 3.674 4.388 5.028 5.441 5.675 5.419 5.267 4.848 5.119 5.897 6.089 5.552 5.159 4.471 3.906 3.293 2.642 2.582 2.106 1.521 1.081 0.677 0.000 0.720 1.187 1.534 1.235 1.480 1.974 2.300 2.624 2.482 2.711 2.647 3.262 3.310 3.607 3.606 4.084 3.986 3.643 3.677 4.497 4.453 4.807 4.654 5.003 5.309 5.187 5.092 4.635 4.712 4.537 4.105 3.936 4.101 3.886 3.306 3.499 3.809 3.563 3.663 3.171 3.205 3.159 3.255 3.479 3.692 3.857 4.266 4.342 4.940 5.525 6.286 7.004 8.158 9.328 10.954 12.771 13.670 15.500 16.319 17.964 19.140 20.226 20.578 20.437 19.371 18.892 18.897 18.930
2.509 2.655 3.366 3.906 3.997 4.412 4.735 4.590 4.369 4.273 4.401 5.108 5.075 4.440 4.089 3.642 3.163 2.933 2.273 2.477 2.071 1.404 1.265 0.875 0.635 0.000 0.547 0.766 0.905 0.993 1.016 1.619 1.913 1.827 2.237 2.490 3.112 2.787 3.103 2.685 3.067 2.856 2.529 2.665 3.126 3.291 3.545 3.490 3.811 4.101 3.982 4.133 3.740 3.937 3.810 3.359 3.196 3.568 3.217 2.549 2.890 3.232 3.023 3.174 2.777 2.504 2.289 2.214 2.407 2.727 2.989 3.393 3.592 4.274 4.858 5.549 6.737 7.531 8.823 10.543 11.964 13.324 15.073 16.384 17.924 19.062 20.702 21.297 20.879 19.765 18.837 18.462 19.436
2.157 2.209 2.614 3.046 3.272 3.712 3.845 3.768 3.761 3.480 3.719 4.196 4.143 3.684 3.469 2.893 2.553 2.256 1.833 1.970 1.670 1.213 1.215 1.101 0.928 0.515 0.000 0.506 0.646 0.757 0.713 0.953 1.106 1.211 1.541 1.846 2.200 2.043 2.270 2.220 2.459 2.373 2.328 2.431 2.820 2.889 3.007 2.896 3.120 3.492 3.334 3.439 3.057 3.242 3.256 2.813 2.700 2.946 2.707 2.276 2.489 2.866 2.682 3.057 2.645 2.377 2.170 2.009 1.961 2.133 2.215 2.478 2.609 3.139 3.522 4.418 5.430 6.265 7.627 9.297 10.472 11.846 13.248 14.538 16.879 17.215 19.121 19.702 19.625 18.582 17.301 17.853 18.437
1.906 1.928 2.421 2.778 2.977 3.423 3.521 3.484 3.383 3.325 3.500 3.878 3.756 3.331 3.073 2.630 2.312 2.144 1.614 1.790 1.425 1.005 1.137 1.131 1.021 0.645 0.498 0.000 0.505 0.638 0.745 0.824 1.092 1.106 1.356 1.634 2.044 1.766 2.163 1.960 2.387 2.307 2.093 2.235 2.703 2.719 2.806 2.622 2.884 3.145 3.038 3.055 2.908 2.984 2.897 2.438 2.396 2.640 2.476 2.067 2.239 2.580 2.415 2.660 2.471 2.180 2.029 1.969 1.883 2.162 2.026 2.549 2.441 3.147 3.431 4.404 5.560 6.319 7.876 9.480 10.671 12.058 13.365 14.199 16.495 17.168 18.786 19.340 19.723 18.547 17.343 18.023 18.124
1.951 1.837 2.333 2.605 2.653 3.154 3.267 3.224 3.236 3.148 3.335 3.664 3.694 3.074 2.864 2.450 2.230 1.929 1.571 1.749 1.377 1.045 1.135 1.117 1.012 0.708 0.608 0.495 0.000 0.513 0.650 0.921 1.137 1.196 1.441 1.614 1.995 1.734 2.018 1.992 2.202 2.251 2.063 2.259 2.655 2.641 2.679 2.533 2.771 3.026 2.851 2.928 2.607 2.827 2.819 2.383 2.342 2.613 2.383 2.067 2.256 2.551 2.450 2.743 2.467 2.223 2.040 1.991 1.882 2.117 2.041 2.326 2.476 3.037 3.503 4.605 5.689 6.574 8.180 10.063 11.066 12.750 13.986 15.215 16.954 17.683 19.282 20.084 20.208 19.016 18.027 18.709 18.514
2.035 2.160 2.580 3.042 3.340 3.670 3.760 3.723 3.737 3.487 3.701 4.032 3.989 3.762 3.499 3.032 2.719 2.350 1.865 2.024 1.653 1.140 1.191 1.197 1.133 0.883 0.762 0.655 0.509 0.000 0.542 0.829 1.161 1.307 1.689 1.988 2.321 2.224 2.491 2.377 2.650 2.710 2.416 2.574 3.094 3.094 3.290 2.971 3.365 3.621 3.417 3.486 3.117 3.330 3.304 2.813 2.744 3.078 2.845 2.380 2.641 3.134 2.833 3.157 2.787 2.526 2.388 2.340 2.214 2.579 2.509 2.672 2.911 3.420 3.882 5.020 5.787 6.794 8.081 9.817 11.433 12.417 14.175 15.313 16.473 17.497 18.941 19.279 19.420 18.501 18.181 18.356 18.168
2.416 2.445 2.913 3.315 3.493 3.880 3.901 3.879 3.954 3.738 3.973 4.380 4.223 3.902 3.528 3.015 2.750 2.627 2.170 2.258 1.960 1.570 1.653 1.516 1.380 1.064 0.922 0.869 0.752 0.530 0.000 0.713 0.960 1.139 1.736 1.994 2.326 2.123 2.426 2.279 2.686 2.510 2.324 2.467 2.896 2.907 3.062 2.932 3.176 3.632 3.453 3.581 3.331 3.439 3.462 2.928 2.846 3.247 2.908 2.464 2.656 3.058 2.767 3.053 2.695 2.336 2.352 2.046 2.071 2.221 2.305 2.863 2.753 3.277 3.429 4.695 6.192 6.607 8.398 9.959 11.297 12.338 13.959 14.942 16.375 17.488 19.012 19.759 19.505 18.822 17.509 17.786 18.143
2.959 3.069 3.491 3.883 4.389 4.595 4.883 4.708 4.495 4.044 4.091 4.850 4.897 4.156 4.025 3.432 3.145 2.790 2.289 2.590 2.569 1.927 2.215 2.051 1.918 1.667 1.323 1.218 1.248 0.892 0.628 0.000 0.615 0.880 1.540 2.017 2.296 2.017 2.463 2.600 2.955 3.071 2.752 3.000 3.699 3.684 3.892 3.766 3.767 4.415 4.330 4.558 4.299 4.534 4.357 3.771 3.644 4.013 3.709 3.128 3.490 3.693 3.378 3.570 3.019 2.741 2.585 2.539 2.339 2.573 2.393 2.631 2.515 2.907 3.134 4.352 5.489 5.920 7.453 9.677 10.864 12.586 13.946 14.898 16.664 17.487 18.951 19.631 19.256 18.272 17.485 18.439 18.238
2.356 2.162 2.358 2.596 2.751 3.041 3.427 3.215 2.958 2.757 2.833 3.135 3.127 2.595 2.494 2.142 2.047 1.795 1.491 1.825 1.838 1.504 1.897 1.924 1.880 1.849 1.603 1.214 1.115 1.086 0.756 0.551 0.000 0.574 1.007 1.324 1.481 1.193 1.451 1.759 1.985 2.154 2.223 2.447 2.786 2.766 2.631 2.475 2.431 2.721 2.781 3.096 2.835 3.178 3.117 2.720 2.825 3.144 2.962 2.602 2.984 3.287 3.008 3.376 3.108 2.773 2.325 2.225 1.787 1.727 1.715 1.799 1.992 2.518 3.124 4.172 5.266 5.970 7.235 9.290 10.491 11.739 13.744 14.316 16.044 16.747 18.401 19.348 19.306 18.279 17.453 17.773 18.129
1.699 1.490 1.860 2.017 2.299 2.475 2.735 2.658 2.467 2.489 2.478 2.738 2.680 2.291 2.152 1.856 1.585 1.254 1.023 1.228 1.169 1.081 1.478 1.572 1.739 1.577 1.467 1.106 1.202 1.263 1.003 0.860 0.534 0.000 0.525 0.734 1.041 0.902 1.178 1.286 1.619 1.663 1.637 1.887 2.160 2.139 2.084 1.951 2.137 2.297 2.342 2.384 2.265 2.559 2.463 1.956 2.119 2.445 2.103 1.880 2.229 2.513 2.323 2.754 2.588 2.188 1.918 1.667 1.451 1.500 1.403 1.546 1.729 2.301 2.734 3.657 4.752 5.490 6.863 9.102 10.370 11.546 13.085 14.156 15.444 17.330 17.763 18.334 18.138 17.594 16.578 16.819 17.556
1.819 1.542 1.778 1.778 2.184 2.455 2.683 2.446 2.372 2.173 2.261 2.559 2.589 2.149 2.099 1.757 1.547 1.147 0.869 0.974 1.056 1.210 1.717 1.850 2.122 1.941 1.816 1.384 1.418 1.626 1.351 1.081 0.818 0.531 0.000 0.507 0.737 0.735 1.102 1.354 1.613 1.759 1.781 2.059 2.427 2.334 2.222 2.068 2.198 2.379 2.349 2.406 2.201 2.480 2.515 2.082 2.249 2.551 2.333 2.108 2.483 2.787 2.580 3.090 2.889 2.498 2.154 1.890 1.598 1.617 1.519 1.513 1.521 2.275 2.692 3.808 4.819 5.642 7.288 9.559 10.366 11.965 13.131 14.542 16.090 17.264 18.083 19.002 18.676 18.096 17.671 17.360 17.901
1.514 1.333 1.539 1.728 1.987 2.217 2.408 2.385 2.244 2.086 2.201 2.497 2.370 1.975 1.897 1.621 1.372 1.052 0.800 0.906 0.974 1.088 1.574 1.775 2.088 1.941 1.938 1.536 1.529 1.722 1.593 1.387 1.161 0.813 0.520 0.000 0.586 0.667 1.004 1.251 1.557 1.839 1.869 2.161 2.410 2.335 2.212 2.007 2.094 2.179 2.224 2.264 2.068 2.380 2.358 1.991 2.121 2.407 2.310 2.091 2.411 2.695 2.619 3.053 3.002 2.642 2.382 2.159 1.750 1.718 1.464 1.540 1.516 2.023 2.453 3.584 4.767 5.577 7.240 9.071 10.321 11.655 13.239 14.280 16.140 17.368 17.852 19.185 18.463 18.003 16.786 17.020 17.755
1.760 1.544 1.726 1.882 2.215 2.579 2.823 2.720 2.584 2.462 2.437 2.748 2.570 2.148 2.041 1.597 1.459 1.051 0.903 1.008 1.078 1.241 1.699 1.962 2.362 2.223 2.309 1.814 1.842 2.214 2.041 1.869 1.585 1.115 0.868 0.552 0.000 0.561 0.813 1.136 1.416 1.899 2.136 2.384 2.674 2.565 2.316 2.092 1.875 2.192 2.417 2.585 2.446 2.794 2.831 2.296 2.454 2.913 2.799 2.444 2.809 3.200 3.065 3.591 3.487 3.130 2.679 2.391 1.895 1.731 1.267 1.183 1.317 1.904 2.466 3.623 4.960 5.944 7.558 9.318 10.518 11.586 13.117 14.282 15.933 16.673 18.055 18.904 18.888 17.891 16.987 17.520 17.436
1.594 1.209 1.307 1.310 1.514 1.771 1.954 1.976 1.895 1.829 1.899 2.216 1.986 1.612 1.495 1.091 0.938 0.714 0.914 0.968 1.114 1.232 1.604 1.876 2.196 1.972 1.906 1.564 1.590 1.783 1.600 1.522 1.284 0.937 0.756 0.709 0.524 0.000 0.515 0.688 0.930 1.197 1.400 1.739 1.788 1.750 1.415 1.292 1.295 1.476 1.504 1.612 1.621 1.766 1.747 1.520 1.669 1.912 1.780 1.691 2.055 2.223 2.304 2.791 2.757 2.461 1.971 1.709 1.342 1.243 0.917 1.172 1.129 1.827 2.490 3.479 4.478 5.227 6.677 8.823 10.276 11.455 12.661 13.996 15.795 16.199 17.325 18.012 17.953 17.430 16.640 16.971 17.243
1.790 1.318 1.410 1.440 1.550 1.953 2.121 2.180 2.058 1.989 2.120 2.396 2.256 1.798 1.600 1.108 0.963 0.823 0.923 1.228 1.499 1.596 2.102 2.281 2.624 2.270 2.213 1.810 1.994 2.194 1.975 1.924 1.617 1.177 1.030 0.999 0.782 0.530 0.000 0.529 0.724 0.889 1.090 1.379 1.485 1.338 1.200 1.098 1.285 1.549 1.593 1.761 1.674 1.841 1.714 1.376 1.648 1.798 1.557 1.559 1.898 2.030 2.055 2.617 2.662 2.369 1.840 1.567 1.149 1.036 0.834 0.939 1.133 1.765 2.339 3.490 4.572 5.257 6.780 8.772 10.143 11.547 12.871 14.303 16.005 16.667 18.064 18.610 18.512 17.690 17.000 17.439 17.517
1.557 1.062 1.184 1.115 1.141 1.328 1.537 1.614 1.582 1.788 1.820 1.996 1.777 1.392 1.249 0.901 0.701 0.699 0.775 1.069 1.232 1.316 1.704 1.855 2.153 1.862 1.747 1.487 1.613 1.753 1.623 1.638 1.344 1.059 1.062 1.039 0.928 0.660 0.505 0.000 0.503 0.590 0.767 0.992 1.086 0.983 0.807 0.761 0.956 1.134 1.100 1.203 1.265 1.366 1.244 1.049 1.206 1.302 1.164 1.134 1.408 1.552 1.606 2.091 2.122 1.861 1.413 1.189 0.817 0.796 0.783 0.927 1.269 1.963 2.417 3.329 4.554 5.419 6.928 9.294 10.437 11.794 12.824 14.093 15.337 16.341 17.179 17.742 17.799 17.323 16.528 17.166 17.396
1.639 1.363 1.460 1.465 1.379 1.542 1.792 1.811 1.890 1.931 2.074 2.348 2.042 1.613 1.456 1.124 0.984 0.966 0.966 1.262 1.355 1.431 1.824 2.036 2.224 1.931 1.820 1.583 1.697 1.837 1.653 1.660 1.408 1.110 1.176 1.188 1.086 0.868 0.659 0.496 0.000 0.510 0.670 0.935 1.009 0.822 0.701 0.798 0.981 1.157 1.204 1.393 1.422 1.468 1.369 1.146 1.334 1.396 1.216 1.247 1.480 1.598 1.660 2.181 2.160 1.918 1.482 1.194 0.838 0.691 0.735 0.967 1.383 1.991 2.566 3.575 4.679 5.659 7.236 9.738 10.470 12.098 13.113 14.070 16.413 16.700 18.642 18.947 18.944 17.962 17.615 17.955 18.106
1.825 1.449 1.523 1.444 1.413 1.498 1.735 1.845 1.775 1.925 2.007 2.253 1.925 1.558 1.401 1.190 1.061 1.136 1.206 1.563 1.604 1.653 1.960 2.154 2.295 1.952 1.759 1.606 1.792 1.909 1.675 1.793 1.504 1.321 1.428 1.501 1.375 1.073 0.826 0.622 0.501 0.000 0.494 0.634 0.808 0.737 0.669 0.737 0.982 1.191 1.151 1.292 1.362 1.441 1.223 1.045 1.198 1.229 0.950 1.011 1.225 1.320 1.351 1.862 1.762 1.600 1.096 0.981 0.699 0.756 1.034 1.062 1.407 2.033 2.533 3.665 4.760 5.566 7.052 8.954 9.887 12.006 13.407 14.434 16.300 16.934 18.797 19.096 19.117 18.549 17.704 18.253 18.451
1.722 1.465 1.615 1.602 1.502 1.596 1.826 2.054 2.095 2.210 2.337 2.527 2.177 1.819 1.577 1.341 1.176 1.304 1.286 1.655 1.728 1.651 1.960 2.170 2.305 1.917 1.694 1.568 1.791 1.810 1.695 1.775 1.607 1.375 1.540 1.656 1.579 1.267 1.072 0.792 0.672 0.503 0.000 0.521 0.799 0.649 0.666 0.749 1.022 1.231 1.168 1.367 1.403 1.501 1.252 1.085 1.197 1.224 0.980 0.910 1.185 1.308 1.265 1.847 1.840 1.551 1.125 1.035 0.732 0.833 1.066 1.404 1.748 2.356 2.761 3.907 4.940 5.631 7.244 8.972 10.224 11.895 13.347 14.655 16.144 17.122 18.064 18.786 18.686 18.084 17.003 17.570 17.771
2.237 1.943 2.103 2.142 2.090 2.318 2.659 2.780 2.897 2.856 3.032 3.377 3.093 2.557 2.257 1.929 1.652 1.685 1.775 2.070 2.236 2.145 2.523 2.625 2.920 2.423 2.219 2.018 2.286 2.400 2.192 2.352 2.119 1.882 2.135 2.165 2.192 1.836 1.639 1.231 1.290 0.920 0.555 0.000 0.896 0.768 1.072 1.209 1.651 1.892 1.736 2.008 1.983 2.136 1.757 1.493 1.772 1.758 1.359 1.338 1.778 1.738 1.593 2.215 2.160 1.824 1.282 1.124 0.928 1.213 1.593 2.007 2.366 2.905 3.560 4.418 5.481 6.290 7.420 9.340 10.087 11.724 12.482 14.450 16.115 16.889 18.893 19.248 19.276 18.703 17.785 18.241 18.146
3.412 2.784 3.305 3.131 2.706 2.688 3.193 3.665 3.628 4.023 3.987 4.317 3.868 3.239 2.852 2.588 2.415 2.915 2.747 3.450 3.655 3.122 3.487 3.784 3.666 3.062 2.647 2.582 3.066 3.032 2.622 3.139 2.866 2.643 3.180 3.510 3.425 2.876 2.580 1.961 1.663 1.148 0.826 0.589 0.000 0.595 0.939 1.336 1.808 1.839 1.857 2.430 2.682 2.737 2.132 1.982 2.466 2.260 1.631 1.849 2.350 2.125 1.876 2.395 2.392 1.966 1.496 1.309 1.455 1.798 2.281 2.741 3.250 3.969 4.796 5.732 6.768 7.760 8.810 10.668 11.883 13.318 14.849 15.753 17.390 17.682 19.750 20.070 19.737 18.822 18.294 18.638 18.429
2.477 1.957 2.012 1.887 1.615 1.671 1.954 2.153 2.233 2.452 2.511 2.634 2.289 1.896 1.641 1.486 1.352 1.636 1.748 2.237 2.452 2.492 2.860 3.148 3.185 2.766 2.496 2.344 2.688 2.715 2.555 2.659 2.430 2.026 2.321 2.351 2.219 1.782 1.537 1.115 0.922 0.706 0.715 0.707 0.540 0.000 0.511 0.653 0.889 1.167 1.178 1.468 1.653 1.772 1.410 1.265 1.572 1.592 1.158 1.318 1.638 1.702 1.645 2.205 2.249 1.978 1.500 1.251 1.132 1.267 1.537 1.939 2.300 2.839 3.300 4.419 5.447 6.257 7.908 10.120 10.835 12.736 13.807 14.993 16.435 17.328 18.866 19.577 19.352 18.560 17.159 17.954 17.888
2.138 1.650 1.642 1.468 1.285 1.423 1.678 1.800 1.928 2.090 2.258 2.395 2.098 1.701 1.434 1.257 1.166 1.429 1.539 1.850 2.133 2.078 2.488 2.740 2.868 2.480 2.329 2.063 2.446 2.449 2.268 2.359 2.105 1.783 1.982 2.015 1.764 1.464 1.311 0.996 0.766 0.721 0.789 0.968 0.793 0.507 0.000 0.512 0.638 1.012 0.933 1.227 1.328 1.475 1.245 1.114 1.380 1.424 1.152 1.306 1.600 1.723 1.711 2.307 2.384 2.165 1.614 1.471 1.194 1.282 1.353 1.611 1.989 2.528 3.027 4.075 5.147 6.086 7.376 9.438 10.166 12.190 13.295 14.673 16.834 17.139 19.218 19.346 19.437 18.506 17.566 18.167 17.864
2.082 1.562 1.603 1.458 1.237 1.291 1.616 1.819 1.793 2.084 2.173 2.278 1.973 1.606 1.288 1.167 1.043 1.400 1.598 1.942 2.137 2.258 2.722 2.940 3.241 2.772 2.571 2.419 2.615 2.763 2.569 2.679 2.357 1.985 2.146 2.033 1.854 1.605 1.294 1.082 0.848 0.745 0.925 1.153 1.032 0.687 0.514 0.000 0.569 0.889 0.883 1.082 1.246 1.435 1.218 1.010 1.414 1.482 1.151 1.421 1.770 1.809 1.878 2.507 2.619 2.316 1.808 1.586 1.354 1.334 1.416 1.691 2.116 2.688 3.051 4.164 5.283 5.924 7.589 9.476 10.867 12.482 13.619 15.010 16.430 17.961 18.535 19.254 18.771 18.024 17.313 17.436 17.847
3.088 2.524 2.512 2.157 1.634 1.757 2.109 2.447 2.525 2.883 3.116 3.098 2.498 2.186 1.598 1.475 1.591 2.272 2.526 3.232 3.309 3.237 3.682 4.100 4.351 3.591 3.343 3.174 3.823 3.854 3.570 3.894 3.437 3.047 3.322 3.328 2.983 2.623 1.884 1.471 1.199 1.202 1.393 1.753 1.658 1.189 0.876 0.554 0.000 0.910 1.159 1.667 1.956 2.119 1.790 1.555 2.000 1.968 1.623 1.849 2.166 2.176 2.300 2.881 3.089 2.952 2.379 2.347 1.935 2.018 2.112 2.399 2.991 3.603 3.929 5.133 6.179 7.018 8.662 10.391 11.701 13.004 14.420 15.519 17.321 17.627 19.104 19.478 19.648 18.508 18.048 18.011 18.387
3.328 2.440 2.484 1.971 1.356 1.390 1.573 2.242 2.389 2.844 3.002 3.159 2.684 2.149 1.558 1.586 1.637 2.207 2.499 3.096 3.565 3.588 4.100 4.583 4.774 4.227 3.957 3.578 4.084 4.197 3.690 3.834 3.198 3.006 3.037 3.126 2.811 2.419 1.873 1.674 1.280 1.493 1.881 2.354 2.227 1.791 1.326 1.020 0.665 0.000 0.708 1.080 1.650 1.728 1.573 1.583 2.138 2.174 2.063 2.295 2.788 2.925 2.993 3.982 3.996 3.608 3.011 2.652 2.153 1.894 1.991 2.117 2.479 3.331 3.954 4.933 6.036 6.931 8.500 10.590 11.874 13.572 15.042 15.762 18.096 18.726 19.630 20.222 19.947 19.303 19.056 18.514 18.662
2.218 1.690 1.568 1.245 0.845 0.867 1.095 1.406 1.603 1.935 2.254 2.339 2.034 1.674 1.125 1.211 1.205 1.692 1.858 2.128 2.428 2.502 2.902 3.176 3.406 2.980 2.839 2.661 2.929 3.037 2.924 3.021 2.710 2.489 2.583 2.455 2.285 2.039 1.655 1.463 1.252 1.272 1.517 1.798 1.802 1.351 1.088 0.878 0.911 0.551 0.000 0.520 0.744 0.932 0.842 0.853 1.216 1.308 1.296 1.510 1.755 1.928 2.133 2.731 2.925 2.756 2.297 2.163 1.851 1.863 1.916 2.199 2.441 2.926 3.550 4.449 5.545 6.201 7.665 9.654 10.721 12.579 13.501 15.424 16.564 17.811 18.711 19.366 19.587 18.673 18.029 18.126 18.399
1.596 1.280 1.171 1.012 0.755 0.867 1.018 1.136 1.334 1.663 1.862 2.125 1.821 1.459 1.118 1.142 1.073 1.299 1.377 1.539 1.653 1.781 2.085 2.317 2.577 2.249 2.176 2.000 2.198 2.348 2.370 2.445 2.259 1.849 2.013 1.790 1.770 1.621 1.509 1.314 1.288 1.317 1.365 1.597 1.641 1.335 1.142 0.945 1.032 0.833 0.504 0.000 0.499 0.602 0.639 0.623 0.740 0.941 1.012 1.132 1.272 1.538 1.682 2.344 2.493 2.346 1.924 1.904 1.621 1.766 1.786 1.988 2.149 2.731 3.151 4.044 5.103 5.756 7.367 9.384 10.410 12.291 13.740 14.669 16.446 17.091 18.473 19.326 19.091 17.968 17.243 17.218 18.275
1.583 1.219 1.147 0.873 0.812 0.968 1.012 1.230 1.314 1.538 1.852 1.899 1.668 1.453 1.137 1.117 1.031 1.220 1.355 1.477 1.594 1.715 2.050 2.285 2.480 2.117 2.041 1.898 2.067 2.283 2.195 2.374 2.175 1.844 1.955 1.774 1.674 1.592 1.396 1.331 1.277 1.306 1.323 1.513 1.609 1.335 1.218 1.018 1.218 1.016 0.653 0.495 0.000 0.496 0.549 0.570 0.580 0.732 0.845 0.912 1.017 1.306 1.472 2.079 2.217 2.119 1.756 1.789 1.574 1.715 1.692 1.897 2.235 2.544 3.133 4.163 5.003 5.888 7.366 9.352 10.967 12.162 13.967 14.518 16.657 17.272 18.959 19.604 19.391 18.359 17.045 17.711 17.975
1.789 1.475 1.339 1.197 0.994 1.043 1.214 1.237 1.482 1.676 1.882 2.045 1.831 1.719 1.449 1.459 1.309 1.646 1.703 1.826 2.005 2.160 2.523 2.798 2.996 2.555 2.465 2.370 2.569 2.702 2.665 2.678 2.640 2.238 2.328 2.131 2.084 1.975 1.728 1.587 1.573 1.518 1.395 1.572 1.647 1.397 1.477 1.195 1.467 1.278 0.875 0.584 0.494 0.000 0.499 0.613 0.664 0.651 0.765 0.974 1.006 1.201 1.491 2.131 2.332 2.288 1.902 1.979 1.760 2.012 2.100 2.316 2.530 3.019 3.401 4.403 5.274 5.954 7.622 9.401 10.878 12.227 13.921 14.974 16.430 17.174 18.571 19.348 19.267 17.876 17.325 17.864 18.314
1.752 1.317 1.356 1.242 1.033 1.112 1.178 1.346 1.596 1.800 2.091 2.175 1.950 1.681 1.336 1.392 1.150 1.402 1.469 1.619 1.803 1.871 2.224 2.501 2.586 2.233 2.080 1.936 2.181 2.258 2.150 2.274 2.070 1.824 1.967 1.901 1.802 1.722 1.524 1.243 1.252 1.102 1.033 1.217 1.375 1.096 1.123 0.926 1.203 1.067 0.751 0.595 0.541 0.492 0.000 0.492 0.558 0.592 0.581 0.726 0.835 1.088 1.268 1.960 2.069 1.926 1.518 1.476 1.338 1.520 1.589 1.960 2.167 2.645 3.158 4.073 5.188 5.990 7.710 9.669 10.715 12.417 13.796 15.190 16.505 17.126 19.112 19.387 19.265 18.053 17.232 17.578 18.306
1.574 1.160 1.181 1.208 1.089 1.110 1.147 1.303 1.441 1.619 2.046 2.200 1.872 1.643 1.291 1.194 1.017 1.173 1.240 1.507 1.586 1.630 1.984 2.198 2.329 2.003 1.844 1.751 1.920 2.023 1.953 2.098 1.920 1.690 1.780 1.712 1.674 1.588 1.332 1.168 1.132 1.078 1.049 1.253 1.424 1.189 1.095 0.938 1.179 1.019 0.729 0.628 0.550 0.530 0.490 0.000 0.493 0.550 0.584 0.610 0.753 0.991 1.198 1.896 1.948 1.851 1.437 1.471 1.292 1.554 1.589 1.944 2.109 2.657 3.224 4.262 5.229 6.179 7.568 9.770 10.697 12.348 13.635 14.856 16.938 17.415 19.061 19.778 19.727 18.584 17.332 17.929 18.393
1.506 1.246 1.181 1.082 1.010 1.111 1.236 1.374 1.582 1.756 1.961 2.060 1.770 1.545 1.349 1.185 1.038 1.242 1.308 1.488 1.642 1.700 2.025 2.298 2.441 2.061 1.971 1.835 2.065 2.162 2.133 2.211 2.031 1.748 1.797 1.759 1.676 1.560 1.361 1.154 1.225 1.159 1.083 1.289 1.448 1.238 1.180 0.989 1.247 1.118 0.790 0.708 0.584 0.577 0.543 0.490 0.000 0.497 0.553 0.608 0.658 0.878 1.147 1.869 1.910 1.890 1.492 1.499 1.385 1.496 1.629 1.812 2.046 2.556 3.071 4.047 5.008 5.805 7.617 9.288 10.920 12.302 14.074 14.897 16.973 17.334 18.894 20.277 19.519 18.388 17.395 17.782 18.400
1.755 1.437 1.530 1.427 1.302 1.543 1.470 1.582 1.879 2.011 2.288 2.436 2.234 2.068 1.697 1.545 1.342 1.587 1.619 1.792 1.970 2.142 2.426 2.704 2.869 2.442 2.303 2.176 2.516 2.606 2.547 2.683 2.514 2.149 2.322 2.128 2.028 1.974 1.715 1.559 1.507 1.433 1.180 1.342 1.508 1.251 1.398 1.198 1.579 1.524 1.101 0.925 0.720 0.648 0.651 0.584 0.496 0.000 0.500 0.622 0.699 0.814 1.114 1.841 2.050 2.013 1.594 1.708 1.558 1.835 1.949 2.276 2.585 3.096 3.504 4.390 5.277 6.004 7.767 9.482 10.686 12.378 13.694 15.064 16.509 17.132 18.443 19.090 19.312 18.223 17.666 17.854 18.304
1.689 1.307 1.406 1.453 1.248 1.463 1.455 1.571 1.924 1.931 2.281 2.482 2.127 1.975 1.619 1.487 1.238 1.410 1.405 1.577 1.735 1.755 2.093 2.357 2.441 2.057 1.911 1.792 2.050 2.125 1.984 2.133 1.964 1.669 1.868 1.830 1.833 1.605 1.557 1.166 1.224 1.048 0.875 1.179 1.324 1.068 1.179 1.017 1.357 1.346 1.009 0.880 0.791 0.667 0.594 0.560 0.523 0.492 0.000 0.494 0.574 0.766 0.905 1.726 1.823 1.694 1.330 1.343 1.216 1.451 1.576 1.939 2.220 2.713 3.101 4.091 5.126 5.952 7.379 9.578 10.373 12.273 13.316 14.806 16.316 17.042 18.960 19.189 19.413 18.329 17.446 17.925 18.413
1.799 1.393 1.486 1.464 1.350 1.473 1.586 1.755 1.953 2.178 2.519 2.669 2.338 1.976 1.621 1.493 1.292 1.507 1.399 1.690 1.804 1.771 2.170 2.322 2.459 2.087 1.920 1.794 2.092 2.128 2.086 2.228 2.081 1.809 1.999 1.912 1.889 1.746 1.503 1.255 1.272 1.126 0.957 1.200 1.347 1.145 1.155 1.093 1.416 1.367 1.049 0.981 0.923 0.848 0.705 0.618 0.616 0.557 0.494 0.000 0.509 0.743 0.934 1.741 1.825 1.725 1.373 1.401 1.281 1.448 1.582 1.951 2.296 2.823 3.296 4.471 5.388 6.405 7.911 9.790 10.957 12.631 13.549 15.020 17.244 17.532 19.253 20.549 20.207 18.521 17.753 18.080 18.563
1.958 1.666 1.812 1.794 1.707 2.050 2.151 2.272 2.401 2.506 2.692 3.022 2.868 2.354 2.026 1.766 1.473 1.773 1.764 2.131 2.286 2.343 2.628 2.986 3.251 2.559 2.396 2.343 2.728 2.831 2.722 2.922 2.631 2.305 2.374 2.333 2.245 2.131 1.800 1.458 1.582 1.484 1.251 1.516 1.813 1.513 1.691 1.356 1.786 1.829 1.459 1.447 1.315 1.222 1.069 0.817 0.778 0.712 0.654 0.510 0.000 0.568 0.904 1.780 2.036 2.041 1.624 1.773 1.552 1.869 2.006 2.262 2.500 3.038 3.517 4.426 5.267 6.105 7.763 9.622 11.232 12.646 14.116 15.136 16.913 17.577 19.091 19.795 19.767 18.318 18.042 18.039 18.684
2.650 2.425 2.723 2.680 2.770 3.372 3.104 3.334 3.502 3.806 4.140 4.517 4.549 4.080 3.495 3.198 2.840 2.949 2.881 3.239 3.394 3.568 3.804 4.379 4.558 3.653 3.502 3.461 4.073 4.412 4.369 4.610 4.439 3.712 4.149 3.854 3.913 3.733 3.416 2.955 3.080 2.788 2.048 2.215 2.654 2.408 2.942 2.570 3.314 3.301 2.734 2.436 2.145 1.848 1.826 1.519 1.123 1.124 1.148 0.957 0.589 0.000 0.750 1.863 2.424 2.515 2.097 2.708 2.684 3.502 3.684 4.164 4.481 5.165 5.725 6.410 7.414 8.060 9.711 11.842 12.684 14.593 15.862 16.814 18.810 19.108 20.218 20.840 20.973 19.849 18.987 19.237 19.513
4.504 4.146 4.809 5.191 4.981 5.624 5.507 5.639 6.509 6.363 7.077 8.094 7.693 6.873 5.768 5.436 4.519 5.031 4.646 5.397 5.545 5.238 5.657 6.106 6.033 4.993 4.116 4.246 5.081 4.965 4.546 5.370 4.693 4.598 5.416 5.688 5.822 5.139 4.955 4.033 4.343 3.471 2.584 2.489 3.401 3.251 3.973 3.765 4.851 5.196 4.279 4.195 3.920 3.151 3.206 3.100 2.617 2.003 1.935 1.628 1.403 0.625 0.000 1.408 2.156 2.430 2.176 2.725 3.205 3.814 4.292 5.545 5.712 6.691 7.306 8.019 9.240 10.104 11.662 13.069 13.831 15.664 16.637 17.877 19.944 20.664 21.810 22.656 22.291 21.356 20.687 20.431 20.662
6.716 6.680 7.319 7.602 6.876 6.518 7.552 8.289 8.668 9.269 9.513 10.065 9.270 8.721 7.112 7.090 6.173 7.109 6.882 8.120 8.121 7.385 7.405 7.819 7.455 5.878 4.612 5.295 6.603 6.051 5.812 7.043 6.774 6.406 7.487 8.262 8.426 7.330 6.675 5.333 5.046 4.429 3.201 3.320 4.506 3.552 4.375 4.131 5.543 5.564 4.695 5.376 6.091 5.498 3.880 4.055 4.587 3.059 2.419 2.620 2.514 1.635 1.022 0.000 0.846 1.713 2.418 3.512 4.081 5.252 5.976 6.835 8.028 8.868 9.751 10.923 11.740 12.795 13.846 15.976 16.682 17.763 19.810 20.378 22.402 22.492 23.706 24.278 24.543 23.729 22.303 22.869 22.477
6.598 6.651 7.348 7.845 7.662 8.350 8.553 8.886 8.680 9.067 9.008 10.044 9.532 8.878 8.106 7.353 6.773 6.789 6.738 7.485 7.407 6.532 6.914 7.088 6.888 5.582 4.072 4.298 5.521 5.264 4.381 5.292 4.915 4.950 6.140 7.070 7.398 6.609 6.149 5.232 5.404 4.603 3.427 3.132 4.310 4.451 5.475 5.440 6.420 7.367 6.804 6.908 6.490 6.467 5.683 4.956 5.015 4.300 3.447 3.082 3.123 2.406 1.749 0.680 0.000 0.900 1.776 2.453 3.408 4.292 5.020 6.063 6.647 7.656 8.217 8.815 9.733 10.791 12.132 14.328 14.938 15.856 17.923 18.761 20.535 21.978 22.865 22.800 23.180 22.276 21.381 21.563 21.603
5.301 5.102 5.811 6.181 6.015 6.439 7.022 7.274 7.015 7.040 7.100 7.639 7.355 6.810 6.324 5.297 4.903 4.833 5.042 5.645 5.635 4.931 5.352 5.533 5.313 4.344 3.316 3.474 4.696 4.522 3.765 4.699 4.127 3.772 4.795 5.443 5.667 4.587 4.374 3.548 3.378 2.957 2.179 2.070 3.005 3.512 3.873 3.939 4.520 5.499 5.261 5.736 5.426 5.584 4.757 4.126 4.180 3.847 3.198 2.635 3.119 2.758 2.019 1.407 0.638 0.000 0.719 1.359 1.819 2.552 3.299 4.028 4.896 5.811 6.595 7.456 8.079 9.215 10.680 12.022 12.392 14.141 16.073 17.208 19.544 20.457 21.545 21.334 21.827 21.022 20.065 20.375 20.108
4.177 4.065 4.659 4.940 4.994 5.367 5.784 5.755 5.589 5.508 5.614 5.704 5.761 5.278 4.939 4.266 3.668 3.908 3.779 4.356 4.511 3.740 4.205 4.493 4.587 3.574 2.839 2.833 3.451 3.466 2.764 3.391 2.958 2.858 3.460 3.956 3.880 3.201 3.146 2.627 2.626 2.191 1.738 1.803 2.561 3.043 3.171 3.315 3.734 4.366 4.366 4.881 4.488 4.611 4.185 3.585 3.755 3.509 2.960 2.499 2.785 2.565 2.001 1.824 1.260 0.629 0.000 0.625 1.040 1.537 1.996 2.386 3.033 3.857 4.250 5.360 6.393 7.132 8.858 10.276 11.280 13.254 15.147 16.151 18.602 18.840 20.381 20.509 20.323 19.592 18.124 18.621 18.855
2.723 2.386 2.681 2.761 2.562 2.864 3.307 3.326 3.247 3.207 3.206 3.396 3.315 2.809 2.575 2.073 2.010 2.058 2.034 2.509 2.601 2.339 2.764 2.990 3.084 2.607 2.242 1.937 2.346 2.462 2.127 2.382 2.016 1.849 2.115 2.361 2.174 1.828 1.545 1.362 1.286 1.121 0.942 0.949 1.510 1.495 1.701 1.668 2.059 2.385 2.304 2.636 2.704 2.722 2.454 2.154 2.302 2.300 1.842 1.612 2.087 1.996 1.678 1.845 1.601 1.120 0.555 0.000 0.546 0.866 1.157 1.541 1.948 2.585 3.235 4.308 5.223 6.149 7.570 9.965 10.762 12.157 13.975 15.424 16.973 16.440 18.419 19.278 19.308 18.494 17.716 18.226 17.728
2.167 1.781 2.151 2.033 2.019 2.194 2.452 2.622 2.508 2.724 2.756 2.931 2.616 2.255 1.956 1.692 1.536 1.602 1.685 1.978 2.108 1.973 2.400 2.606 2.729 2.182 1.985 1.773 2.023 2.058 1.878 1.940 1.823 1.477 1.725 1.838 1.754 1.464 1.226 0.903 0.986 0.819 0.810 0.931 1.304 1.207 1.240 1.390 1.545 1.728 1.765 1.863 1.865 2.068 1.816 1.567 1.717 1.746 1.481 1.292 1.636 1.704 1.639 1.987 1.896 1.424 0.912 0.524 0.000 0.523 0.795 1.126 1.470 2.095 2.612 3.702 4.943 5.470 7.039 9.568 10.708 12.133 13.936 14.904 16.836 17.462 18.369 19.172 18.791 17.776 16.662 17.099 17.326
2.172 1.755 1.997 1.893 1.939 2.245 2.455 2.535 2.495 2.557 2.550 2.801 2.617 2.187 1.951 1.567 1.390 1.478 1.430 1.907 1.997 1.947 2.390 2.625 2.661 2.313 2.051 1.769 2.096 2.148 1.864 1.890 1.540 1.347 1.596 1.712 1.591 1.158 0.954 0.727 0.770 0.752 0.815 1.054 1.292 1.252 1.236 1.242 1.518 1.760 1.701 1.958 1.954 2.026 1.880 1.557 1.694 1.748 1.447 1.367 1.679 1.784 1.710 2.172 2.095 1.734 1.151 0.821 0.525 0.000 0.527 0.787 1.176 1.897 2.455 3.662 4.691 5.748 7.296 9.902 10.402 12.130 13.585 14.102 16.313 16.206 18.849 18.946 19.173 18.216 17.167 17.904 17.734
2.475 1.908 2.206 1.990 2.106 2.350 2.664 2.678 2.535 2.438 2.453 2.754 2.617 2.188 2.001 1.627 1.547 1.531 1.585 2.031 2.184 2.305 2.730 3.043 3.211 2.690 2.342 2.135 2.372 2.454 2.211 2.248 1.828 1.429 1.820 1.755 1.605 1.048 0.934 0.887 0.878 0.994 1.127 1.261 1.546 1.527 1.470 1.523 1.641 1.969 1.977 2.118 2.102 2.401 2.113 1.768 2.050 2.160 1.750 1.706 2.108 2.152 1.955 2.532 2.531 1.999 1.474 1.125 0.785 0.541 0.000 0.532 0.963 1.568 2.293 3.425 4.366 4.943 6.936 8.704 10.748 11.681 13.320 14.417 16.360 16.914 18.191 18.757 18.672 17.866 17.074 17.362 17.756
2.736 2.253 2.656 2.463 2.565 3.010 3.389 3.360 3.216 3.110 3.072 3.572 3.309 2.492 2.548 1.839 1.727 1.670 1.788 2.304 2.609 2.434 3.076 3.473 3.563 3.165 2.900 2.452 2.939 2.995 2.596 2.670 2.076 1.716 1.745 1.965 1.750 1.161 0.959 0.979 1.026 1.276 1.460 1.649 1.905 1.871 1.828 1.803 1.936 2.403 2.472 2.738 2.532 2.791 2.628 2.149 2.372 2.426 2.103 2.039 2.380 2.481 2.383 2.959 2.926 2.608 1.992 1.758 1.240 1.010 0.565 0.000 0.571 1.192 1.987 3.373 4.583 5.421 6.834 9.698 10.486 11.956 13.341 14.751 16.392 17.246 18.528 18.500 18.817 18.428 17.878 18.421 18.270
3.984 3.254 3.817 3.542 3.994 4.316 4.922 4.664 4.384 4.040 3.896 4.606 4.448 3.736 3.624 2.726 2.602 2.452 2.550 3.239 3.545 3.513 4.627 4.822 5.409 4.770 4.583 3.673 3.953 4.352 3.734 3.752 2.852 2.399 2.099 2.346 2.121 1.302 1.479 1.818 1.764 2.143 2.648 2.992 3.092 3.182 2.672 2.853 2.818 3.465 3.766 4.159 4.209 4.575 4.215 3.645 4.187 4.457 3.850 3.758 4.604 4.693 4.277 5.208 5.237 4.581 3.749 3.063 2.178 1.732 1.282 0.604 0.000 0.706 1.600 2.805 4.219 4.951 6.801 8.261 10.446 11.805 12.952 14.475 16.104 16.184 18.303 18.637 18.468 18.146 17.425 18.084 18.283
6.018 5.220 5.742 5.647 6.203 6.912 8.129 7.432 6.600 6.320 5.928 6.525 6.554 5.627 5.760 4.390 4.373 3.682 3.745 4.909 5.602 5.439 6.714 7.204 7.691 6.801 5.905 5.287 5.946 6.304 5.418 5.381 4.102 3.248 3.394 3.599 2.964 2.095 2.446 3.102 3.513 4.087 4.197 4.744 5.524 5.711 5.483 5.135 5.142 6.088 6.372 7.315 6.610 7.651 7.278 6.101 6.446 7.001 6.072 5.581 6.453 6.679 5.694 6.778 6.569 5.679 4.841 4.486 3.262 3.040 2.072 1.464 0.708 0.000 0.807 2.020 3.329 3.966 5.554 6.969 8.846 10.588 12.205 13.644 15.036 16.174 17.109 18.176 18.342 17.824 17.099 17.477 17.999
9.662 8.046 8.231 7.737 7.699 8.125 9.918 10.001 8.462 8.095 7.290 8.354 8.660 6.901 6.616 5.055 5.534 5.663 6.516 7.974 9.363 9.606 11.668 12.486 13.317 12.261 11.170 10.091 11.300 11.713 10.275 10.013 8.378 7.017 6.222 6.442 5.104 4.249 3.724 4.706 4.402 5.543 6.581 7.961 7.991 7.291 6.263 5.848 5.415 6.403 6.676 8.336 8.565 9.421 8.391 7.456 9.167 9.147 7.979 8.463 9.947 10.059 9.469 11.285 11.570 10.759 9.038 8.155 6.651 5.525 3.925 2.799 1.942 0.744 0.000 0.741 1.777 2.693 4.080 5.941 7.298 8.900 10.896 12.567 13.136 14.379 16.265 16.764 17.320 16.746 16.077 16.808 16.936
11.181 9.893 9.845 9.835 10.474 11.097 12.081 11.655 10.360 9.741 8.828 10.129 10.379 8.607 8.991 7.707 8.011 7.584 8.117 9.144 10.566 10.723 13.104 13.338 14.718 13.434 12.536 11.063 11.943 12.859 11.288 10.728 8.418 7.726 6.685 7.239 5.611 4.992 5.126 6.493 6.835 7.980 8.731 9.344 10.004 9.516 8.788 8.842 8.086 9.204 10.115 11.272 11.077 12.112 11.228 10.546 11.596 11.820 10.507 10.657 11.962 12.105 11.552 12.917 13.047 11.949 10.437 9.171 8.104 6.464 4.828 3.692 2.864 1.605 0.731 0.001 0.656 1.430 2.362 3.655 5.412 5.929 8.233 9.561 11.009 11.723 13.967 15.213 15.410 14.409 13.617 14.634 15.159
11.646 10.261 10.861 10.558 11.559 12.557 13.473 12.920 11.160 10.842 9.554 10.865 11.353 9.654 10.274 8.643 9.158 8.144 8.942 9.517 10.649 11.038 13.150 13.590 14.656 13.552 12.711 11.051 11.919 13.062 11.473 11.024 9.087 8.377 7.158 7.524 5.873 6.035 6.466 8.393 8.371 9.583 10.269 10.850 11.713 11.681 10.682 10.295 9.675 10.919 12.026 12.898 12.181 13.602 13.053 11.712 12.446 13.015 12.022 11.422 12.759 13.245 12.499 13.837 13.651 12.521 11.386 10.527 9.152 8.257 6.464 5.063 3.705 2.694 1.491 0.621 0.000 0.729 1.518 2.492 3.852 4.768 6.645 8.129 9.630 10.573 11.732 13.159 13.583 13.095 12.382 13.356 14.467
12.972 11.655 12.050 11.754 12.466 13.211 14.097 13.920 11.848 11.213 9.769 11.272 12.053 10.460 11.310 9.597 10.483 9.386 9.879 10.787 12.056 12.334 14.487 14.561 16.093 15.254 14.346 13.037 13.668 14.659 12.747 12.642 10.945 10.018 9.021 8.996 7.478 7.630 8.102 9.483 9.961 11.485 12.326 13.344 13.887 13.819 12.591 12.147 11.035 12.494 12.831 13.683 13.465 14.278 14.126 12.934 13.894 14.363 13.870 13.329 14.899 15.061 14.573 15.897 15.828 14.623 13.614 12.722 11.232 10.177 8.629 7.193 5.407 3.908 3.069 1.975 0.760 0.000 0.866 1.702 2.415 3.147 4.004 4.661 6.042 6.889 8.430 9.700 10.210 9.138 8.458 9.938 10.647
14.461 13.195 13.410 13.485 14.082 14.921 15.971 15.008 13.942 12.636 11.074 12.448 13.159 11.978 12.726 11.340 11.723 10.667 11.368 12.014 13.264 13.541 15.566 16.608 17.320 16.254 15.564 13.827 14.509 15.397 13.681 12.859 11.521 10.858 9.532 9.852 8.309 8.745 9.353 10.971 11.434 12.121 13.209 13.725 14.860 14.322 13.933 13.116 12.983 14.124 14.540 15.362 15.091 16.071 15.819 14.838 15.364 16.421 15.492 14.704 16.216 16.990 15.550 17.179 16.522 15.413 14.139 13.041 12.006 10.935 9.461 7.485 6.226 4.496 3.344 2.691 1.951 0.702 0.001 0.717 1.440 1.784 2.487 3.098 3.963 4.775 5.758 7.269 7.905 7.256 6.954 7.918 8.613
14.469 13.175 13.478 13.433 14.434 15.276 16.148 15.405 13.703 12.540 10.908 12.075 13.278 11.792 13.289 11.507 12.293 11.140 11.262 12.175 13.363 13.800 15.809 16.351 17.805 16.812 16.084 14.302 14.868 15.786 14.565 14.133 12.847 11.401 10.645 10.496 8.677 9.526 10.165 11.259 12.473 13.814 14.322 15.199 16.251 16.050 15.126 14.366 13.816 15.081 14.954 15.776 15.570 16.356 16.308 15.033 15.773 16.742 15.881 15.212 17.003 17.548 16.349 17.893 17.758 16.338 15.460 14.603 13.299 12.550 10.972 9.551 7.575 5.917 4.411 3.451 2.570 1.459 0.679 0.000 0.649 1.151 1.559 2.015 2.634 2.994 4.117 5.849 6.323 5.515 5.408 6.108 6.573
15.658 14.045 14.268 14.135 14.846 15.892 16.604 15.576 14.375 13.404 11.466 12.814 13.586 12.720 13.760 12.819 12.801 12.066 12.123 13.068 14.756 14.899 17.089 18.311 19.042 18.121 16.935 15.359 16.266 16.980 15.374 15.155 13.890 12.440 11.289 11.516 9.542 10.191 10.911 11.799 12.888 13.900 14.546 14.833 15.660 15.672 15.130 14.335 14.576 15.576 15.478 16.203 15.930 16.890 17.013 15.923 16.593 17.446 16.551 15.790 18.001 18.177 16.667 18.592 17.901 17.018 16.272 14.767 13.989 13.036 11.467 9.824 7.982 6.593 5.140 4.303 3.217 2.067 1.323 0.592 0.001 0.586 1.073 1.330 1.972 2.477 3.424 4.640 5.652 4.979 4.772 5.677 6.080
15.497 13.929 14.475 14.740 15.398 16.270 17.106 16.157 14.593 13.666 11.904 13.003 14.404 12.981 14.515 13.235 13.434 12.628 12.143 13.095 14.392 14.203 16.350 17.033 18.806 17.078 16.770 14.943 15.652 16.389 15.128 14.550 13.599 12.687 11.762 11.556 10.166 10.746 11.600 12.665 13.699 15.189 15.391 16.062 17.605 17.487 16.496 14.959 15.091 16.207 16.305 17.089 16.538 17.793 17.576 15.927 17.021 18.244 16.529 16.374 18.268 19.169 17.081 18.924 18.415 17.512 16.123 15.701 14.611 13.346 12.251 10.658 9.124 7.025 5.393 4.359 3.423 2.371 1.749 0.987 0.563 0.000 0.578 1.053 1.446 2.069 2.828 3.922 5.036 4.507 4.960 5.492 6.141
16.543 15.052 15.147 14.912 15.476 16.535 17.138 16.157 15.193 14.027 12.402 13.446 14.547 13.587 14.540 13.742 14.169 13.482 13.297 13.988 15.298 15.408 17.706 18.576 19.761 18.428 17.922 16.174 16.662 17.522 15.976 15.773 14.254 13.448 12.363 12.456 10.908 11.436 12.499 12.893 14.138 15.020 15.263 16.316 16.995 16.569 16.612 15.647 16.067 16.390 16.482 17.062 16.722 17.975 17.861 16.461 17.565 18.363 17.484 16.822 18.589 18.965 18.363 18.749 19.612 18.534 17.130 16.761 14.668 14.101 12.729 11.914 9.436 7.959 6.410 5.396 4.224 2.861 2.217 1.369 1.122 0.562 0.000 0.580 1.172 1.564 2.311 3.452 4.353 4.257 4.640 4.977 5.871
17.093 15.987 16.381 16.663 17.239 18.083 18.947 17.800 16.613 15.601 13.310 14.846 16.289 14.674 16.393 15.231 15.352 14.626 14.315 15.024 16.352 16.208 18.519 19.177 19.675 19.196 18.309 17.630 17.534 18.364 17.204 16.977 15.417 14.687 13.559 13.565 12.226 12.845 13.552 14.592 15.388 15.938 17.073 17.876 18.480 18.902 18.155 16.567 16.538 17.848 17.847 18.822 18.289 19.492 19.556 17.403 18.936 20.252 18.276 18.651 19.626 20.210 19.463 20.732 21.407 19.234 17.846 17.185 15.960 15.275 13.706 12.585 10.711 8.326 6.818 5.776 4.836 3.656 2.707 1.977 1.398 1.003 0.567 0.000 0.628 1.312 2.185 3.185 4.006 4.002 4.559 5.540 6.279
18.465 17.110 16.986 16.645 17.388 18.405 19.246 18.218 17.094 15.998 14.458 15.119 16.820 15.357 16.801 15.526 16.379 15.325 15.012 15.982 16.908 17.101 19.517 20.246 21.050 20.508 19.834 18.432 18.473 19.587 17.990 17.328 16.494 15.006 14.712 14.476 12.882 13.729 14.103 14.961 16.399 17.474 17.702 18.780 19.285 20.063 18.801 17.786 17.485 18.135 18.384 19.191 18.361 20.205 19.963 18.798 19.470 20.849 20.157 19.058 20.822 22.177 20.881 21.995 21.777 20.656 19.018 17.687 16.383 16.058 14.409 13.640 11.273 9.868 8.207 7.390 6.335 4.998 4.176 2.943 2.576 1.707 1.267 0.667 0.000 0.672 1.658 2.758 3.626 3.867 4.362 5.241 6.412
21.246 20.410 20.102 20.385 20.911 21.708 21.980 20.684 20.872 19.010 18.158 18.853 19.861 19.748 20.067 18.915 19.107 18.535 18.762 19.271 20.527 21.401 22.515 23.316 23.604 22.457 22.663 21.272 21.842 22.460 20.892 21.149 19.504 18.142 18.125 17.845 16.726 17.210 17.519 18.502 19.214 20.156 20.652 21.835 22.071 22.070 21.241 20.289 20.539 21.217 21.546 22.172 21.957 22.955 23.229 21.675 22.099 23.198 22.872 22.372 23.210 23.915 22.580 23.872 23.751 23.228 21.591 20.818 18.533 19.175 17.261 17.149 15.117 13.446 11.262 10.351 9.423 7.412 6.554 5.122 3.842 2.931 1.975 1.410 0.749 0.000 1.056 2.579 3.429 3.953 4.477 5.840 7.252
23.244 21.764 22.282 21.699 22.467 23.074 23.734 22.944 21.845 21.131 19.945 20.323 20.997 20.807 21.639 20.865 21.445 20.316 20.144 20.856 21.987 21.909 23.596 24.327 24.847 23.998 23.872 22.656 22.994 23.890 22.757 22.688 21.673 20.045 19.992 19.877 19.119 19.646 19.757 20.506 21.305 22.656 22.955 24.062 24.424 24.617 23.720 22.536 22.771 22.972 23.246 24.104 23.377 24.505 24.339 23.333 24.092 25.072 24.599 24.031 25.023 25.796 25.018 25.904 25.105 24.389 23.783 23.397 21.192 21.713 20.205 19.715 18.067 17.098 15.946 14.721 12.780 11.444 9.388 8.362 6.505 5.115 4.031 2.658 1.864 0.940 0.000 1.040 1.972 3.146 4.322 6.051 7.083
24.618 23.471 23.584 23.483 23.642 23.623 24.266 23.731 22.959 22.287 21.516 21.417 22.656 21.973 22.862 22.359 22.711 22.172 21.927 22.810 23.752 23.894 25.023 25.446 25.891 25.134 24.929 24.362 24.507 24.965 24.162 23.990 23.560 21.834 22.246 21.592 20.625 21.161 21.443 21.985 23.069 23.793 23.844 25.011 25.166 25.098 24.281 23.741 23.929 23.778 23.868 24.640 24.604 25.178 24.919 24.456 24.967 25.953 25.403 25.202 25.706 26.320 25.753 26.204 25.768 25.630 24.474 24.563 22.822 23.487 21.615 21.306 20.083 18.507 17.674 16.858 14.904 13.235 12.035 10.656 9.134 7.672 6.378 4.463 2.874 2.156 0.844 0.000 1.024 2.325 4.058 5.419 6.636
24.230 23.357 23.433 23.048 23.516 23.772 24.200 23.814 22.364 22.153 20.994 21.160 22.287 21.676 22.778 22.518 22.788 21.845 21.810 22.320 23.375 23.284 24.648 25.355 25.639 25.041 25.046 23.905 24.682 25.189 24.404 24.254 23.614 22.427 22.316 21.226 21.179 21.554 21.491 22.421 23.193 24.187 24.586 25.330 25.590 25.508 24.662 24.232 23.874 23.973 24.074 24.782 24.307 25.011 25.194 24.416 24.941 25.493 25.412 25.336 25.585 25.952 25.745 26.039 26.064 25.846 25.130 24.972 23.381 23.922 22.057 22.014 20.766 19.174 18.595 18.144 16.700 15.078 14.463 13.793 12.799 11.126 9.798 7.687 5.579 4.052 2.292 0.850 0.000 1.494 3.183 4.926 6.449
23.670 22.405 22.013 21.778 22.212 22.896 23.090 22.822 21.808 21.219 20.422 20.846 21.667 21.118 21.304 21.033 21.796 20.654 21.076 21.487 22.699 22.981 24.431 24.734 25.339 24.624 24.096 23.390 23.680 24.652 23.422 22.898 22.399 21.167 20.454 20.386 19.792 19.876 20.098 20.718 21.467 22.407 23.089 23.836 24.062 24.082 23.233 22.934 22.675 22.863 23.162 23.568 23.274 23.939 24.226 23.504 24.149 25.208 24.678 24.037 24.416 25.663 24.755 25.406 25.226 24.511 23.902 23.506 21.484 21.925 20.417 19.722 18.283 17.275 16.138 15.429 15.127 13.147 12.337 11.415 9.860 8.568 7.482 6.377 5.873 4.248 3.835 2.712 1.507 0.000 1.053 3.661 4.505
22.681 21.684 21.555 21.120 21.653 22.064 22.515 21.921 21.044 20.505 19.493 20.096 21.582 20.660 21.237 20.644 21.349 20.563 21.408 21.378 22.609 22.609 24.121 24.425 24.480 23.328 24.600 22.976 22.979 24.460 24.056 22.203 22.486 20.933 21.181 20.811 19.485 20.015 20.104 21.240 21.670 21.842 22.808 23.431 23.354 23.188 22.493 22.264 22.159 22.225 22.310 22.572 22.646 23.137 23.352 22.593 22.650 24.038 23.692 22.974 23.971 24.410 24.389 24.578 25.513 25.001 23.330 23.268 21.618 21.837 20.314 20.373 18.374 17.504 16.670 16.218 15.545 12.886 12.491 10.826 9.775 9.253 8.129 6.738 6.795 4.725 5.074 4.169 3.118 0.857 0.000 1.398 2.544
24.595 23.184 23.251 22.572 22.737 23.224 23.746 23.224 22.090 22.010 21.072 20.811 21.668 21.385 21.932 21.976 22.747 22.178 22.353 22.958 23.907 23.623 24.932 25.544 26.045 25.025 24.936 23.688 24.916 25.746 24.818 24.604 24.140 22.762 22.195 22.073 21.894 21.623 21.143 22.429 22.780 23.971 24.007 24.663 24.873 24.808 24.027 23.689 23.202 23.454 23.663 24.353 23.941 24.502 24.739 24.173 24.708 25.016 24.815 24.822 25.079 25.737 25.115 25.848 25.931 25.490 24.818 24.741 23.266 23.520 22.499 22.133 20.406 19.515 18.554 18.367 17.940 16.598 16.428 15.202 13.915 11.367 10.221 7.829 7.556 5.466 5.893 5.653 4.788 2.720 1.066 0.002 1.164
24.979 24.330 24.526 24.010 24.210 25.266 24.817 24.464 23.712 22.740 22.080 21.737 23.345 23.556 24.284 23.698 24.161 24.207 23.620 24.470 25.037 25.225 26.502 26.808 26.939 26.445 26.785 25.542 26.161 26.269 26.256 25.938 25.411 24.476 24.475 23.819 23.207 23.061 23.608 24.007 24.961 25.234 25.512 26.308 26.543 26.569 25.888 25.363 25.342 25.352 25.397 25.858 25.552 25.797 26.146 25.326 26.048 26.397 26.275 25.665 26.669 27.002 26.660 27.022 27.116 26.891 26.069 25.930 25.162 24.828 23.910 23.893 22.509 22.018 20.515 19.688 18.787 17.162 16.141 15.187 13.732 12.767 11.142 9.655 8.796 7.728 6.556 6.425 5.397 4.382 2.969 1.269 0.010
