94.340
94.951
95.449
94.445
94.117
90.688
87.387
87.204
93.064
95.893
95.686
96.595
96.273
96.561
95.992
95.471
95.550
95.457
95.688
94.795
93.766
91.820
88.886
87.857
91.834
92.396
94.347
94.559
95.841
94.867
95.630
95.221
95.861
95.904
95.196
94.137
92.834
94.445
94.723
95.678
95.349
94.537
94.480
94.056
94.502
94.474
93.158
92.947
91.417
93.871
94.622
96.064
95.582
95.940
96.179
94.662
93.148
95.083
95.671
96.058
94.805
94.730
96.256
96.341
96.350
96.329
96.379
96.815
96.499
96.168
96.257
96.548
94.837
93.862
94.027
92.175
93.422
94.491
95.183
95.465
96.220
95.037
94.334
92.413
88.681
79.456
74.707
68.488
67.903
67.345
70.353
66.747
64.426
