0.000 0.836 1.611 2.483 3.748 4.977 5.967 6.876 8.010 8.889 9.349 9.881 10.190 8.969 7.825 7.972 7.098 7.446 6.803 6.905 5.962 6.549 6.610 7.353 7.009 6.175 6.109 5.498 5.548 6.054 5.109 5.550 5.169 5.483 5.453 5.924 6.470 6.892 7.202 8.287 8.601 8.788 8.622 8.235 6.976 7.542 7.774 6.634 6.219 4.984 4.950 5.014 5.472 4.736 4.002 3.867 4.962 4.732 5.315 6.233 6.583 6.843 6.713 6.401 6.191 5.353 6.338 6.831 7.593 7.725 8.331 8.171 7.334 8.450 8.466 7.982 7.739 8.962 8.845 7.839 8.853 8.620 7.834 6.880 6.011 5.253 4.018 3.508 2.231 2.629 2.326 3.391 5.413
0.582 0.000 0.575 0.892 1.181 1.574 1.924 2.307 2.768 3.033 3.712 4.143 4.077 3.408 2.907 3.126 2.934 2.928 2.767 3.042 2.974 3.135 3.503 3.973 3.910 3.511 3.306 3.255 3.541 3.618 3.089 3.000 2.461 2.329 2.255 2.287 2.804 3.067 3.103 3.551 3.898 4.072 3.686 3.189 2.857 3.273 3.471 2.903 2.811 2.228 1.979 2.110 2.337 2.097 1.639 1.519 1.602 1.523 1.616 1.689 1.734 1.992 2.100 2.204 2.203 2.370 2.905 2.981 3.373 3.301 3.451 3.118 2.721 3.016 2.949 2.553 2.481 2.938 2.855 2.491 2.814 2.745 2.481 1.988 1.654 1.394 1.147 0.948 0.836 0.974 1.432 2.525 4.508
0.924 0.519 0.000 0.523 0.708 0.921 1.123 1.329 1.579 1.758 2.139 2.465 2.366 1.955 1.669 1.829 1.609 1.689 1.498 1.716 1.674 1.712 1.928 2.120 2.105 1.970 1.934 2.080 2.318 2.170 1.770 1.666 1.343 1.289 1.304 1.341 1.622 1.801 1.800 2.057 2.224 2.229 2.021 1.764 1.536 1.855 1.882 1.562 1.622 1.256 1.222 1.385 1.501 1.381 1.084 0.934 0.947 0.930 1.064 1.179 1.322 1.490 1.466 1.364 1.351 1.345 1.696 1.733 1.865 1.829 1.953 1.861 1.591 1.760 1.858 1.659 1.563 1.797 1.861 1.674 1.855 1.714 1.540 1.312 1.100 0.956 0.784 0.665 0.635 0.944 1.467 2.493 4.299
1.118 0.793 0.505 0.000 0.503 0.691 0.894 1.170 1.408 1.655 1.995 2.279 2.401 1.945 1.648 1.918 1.851 1.994 1.870 2.156 2.142 2.258 2.485 2.757 2.680 2.515 2.418 2.418 2.662 2.574 2.072 2.118 1.701 1.604 1.595 1.619 1.969 2.135 2.018 2.269 2.544 2.482 2.124 1.781 1.646 1.964 1.982 1.572 1.832 1.331 1.267 1.561 1.833 1.632 1.236 1.156 1.104 1.096 1.181 1.170 1.208 1.569 1.622 1.617 1.590 1.698 2.061 2.206 2.362 2.317 2.404 2.239 1.830 2.038 2.099 1.803 1.574 1.866 1.936 1.601 1.672 1.477 1.294 1.101 0.921 0.817 0.675 0.683 0.723 1.070 1.560 2.508 4.185
1.496 1.118 0.746 0.509 0.000 0.510 0.695 0.883 1.184 1.404 1.777 2.055 2.167 1.698 1.376 1.593 1.516 1.740 1.589 1.859 1.883 1.811 2.031 2.257 2.337 2.235 2.183 2.332 2.594 2.365 2.013 1.868 1.556 1.437 1.466 1.440 1.793 1.908 1.687 1.962 2.094 2.035 1.738 1.426 1.281 1.600 1.567 1.256 1.448 1.118 1.153 1.451 1.720 1.635 1.275 1.197 1.022 1.020 1.011 1.015 1.105 1.359 1.422 1.368 1.336 1.477 1.751 1.749 1.926 1.953 1.936 1.827 1.536 1.692 1.707 1.473 1.357 1.623 1.633 1.402 1.546 1.433 1.214 0.965 0.793 0.693 0.658 0.754 0.984 1.283 1.869 2.793 4.444
1.508 1.129 0.831 0.636 0.501 0.000 0.504 0.613 0.848 1.022 1.350 1.691 1.717 1.346 1.081 1.282 1.270 1.400 1.413 1.648 1.706 1.738 1.934 2.093 2.155 2.055 2.011 2.161 2.285 2.171 1.803 1.735 1.462 1.333 1.327 1.300 1.510 1.498 1.393 1.551 1.713 1.638 1.404 1.127 1.011 1.260 1.273 1.018 1.139 0.975 0.957 1.198 1.426 1.404 1.106 1.115 1.006 0.947 0.957 0.903 0.995 1.314 1.265 1.261 1.246 1.396 1.622 1.621 1.808 1.752 1.796 1.656 1.416 1.504 1.539 1.296 1.197 1.378 1.412 1.186 1.209 1.034 0.836 0.700 0.617 0.597 0.628 0.761 0.944 1.231 1.719 2.622 4.319
1.659 1.323 1.031 0.830 0.646 0.497 0.001 0.497 0.622 0.812 1.112 1.482 1.520 1.125 0.929 1.100 1.161 1.386 1.371 1.629 1.732 1.728 1.873 2.030 2.080 2.037 1.993 2.204 2.476 2.311 1.958 1.793 1.566 1.350 1.419 1.305 1.517 1.511 1.307 1.424 1.553 1.443 1.209 0.944 0.938 1.136 1.137 0.942 1.085 0.984 0.997 1.278 1.436 1.523 1.255 1.219 1.064 1.077 0.990 0.870 0.881 1.151 1.179 1.216 1.246 1.424 1.660 1.555 1.719 1.667 1.625 1.504 1.305 1.347 1.339 1.153 1.039 1.157 1.197 0.974 0.992 0.847 0.649 0.582 0.588 0.662 0.789 0.934 1.131 1.392 1.869 2.789 4.272
1.776 1.428 1.156 0.995 0.779 0.603 0.496 0.000 0.501 0.671 0.956 1.330 1.375 1.004 0.788 0.986 1.030 1.203 1.279 1.541 1.666 1.677 1.857 1.980 2.006 1.966 1.940 2.095 2.296 2.184 1.849 1.736 1.493 1.321 1.344 1.181 1.361 1.315 1.167 1.279 1.411 1.341 1.111 0.825 0.836 1.032 1.081 0.915 1.085 1.017 0.988 1.202 1.347 1.445 1.181 1.229 1.036 1.096 0.970 0.850 0.891 1.170 1.178 1.231 1.246 1.431 1.632 1.612 1.671 1.577 1.585 1.478 1.290 1.263 1.278 1.111 0.979 1.115 1.149 0.932 0.933 0.763 0.604 0.564 0.584 0.677 0.827 0.976 1.202 1.455 1.987 2.880 4.519
2.228 1.838 1.549 1.344 1.135 0.888 0.692 0.502 0.000 0.505 0.737 1.162 1.305 0.966 0.878 1.122 1.309 1.547 1.715 2.042 2.223 2.291 2.498 2.648 2.661 2.626 2.549 2.764 3.078 2.909 2.585 2.413 2.124 1.905 1.884 1.605 1.830 1.733 1.447 1.495 1.656 1.512 1.201 0.895 1.005 1.222 1.228 1.114 1.304 1.276 1.301 1.596 1.802 1.932 1.642 1.713 1.451 1.590 1.397 1.248 1.227 1.532 1.567 1.741 1.741 2.011 2.193 2.202 2.270 2.135 2.066 1.989 1.717 1.661 1.676 1.416 1.244 1.284 1.324 1.121 0.965 0.701 0.653 0.754 0.904 1.037 1.228 1.365 1.665 1.871 2.355 3.160 4.567
3.061 2.654 2.334 1.933 1.582 1.335 1.004 0.731 0.510 0.000 0.531 0.903 1.138 0.908 0.878 1.257 1.417 1.711 2.011 2.403 2.556 2.750 3.134 3.221 3.044 3.110 2.956 3.139 3.586 3.600 3.180 3.044 2.738 2.365 2.368 1.949 2.207 2.042 1.781 1.748 1.935 1.729 1.319 1.082 1.296 1.562 1.490 1.419 1.759 1.739 1.810 2.146 2.302 2.550 2.303 2.368 1.999 2.265 1.899 1.640 1.580 1.959 2.104 2.383 2.278 2.730 2.931 2.802 2.786 2.392 2.346 2.403 2.116 1.936 2.045 1.918 1.494 1.449 1.584 1.327 1.109 0.786 0.816 0.990 1.230 1.439 1.739 1.953 2.506 2.596 3.116 3.949 5.433
4.392 4.290 3.417 3.041 2.331 2.028 1.607 1.270 0.952 0.656 0.000 0.597 0.963 1.029 1.227 1.745 2.092 2.599 3.056 3.492 3.907 3.961 4.380 4.540 4.439 4.479 4.330 4.768 5.148 5.233 4.561 4.235 3.749 3.328 3.266 3.036 3.355 3.382 2.566 2.577 2.873 2.589 1.904 1.411 1.993 2.379 2.400 2.338 3.007 2.830 2.653 3.295 3.480 4.011 3.245 3.277 2.842 2.960 2.494 2.200 2.108 2.764 2.865 3.198 3.114 3.586 3.951 3.973 3.918 3.677 3.413 3.389 2.934 2.899 2.852 2.523 2.109 2.094 2.329 1.963 1.788 1.278 1.324 1.385 1.685 1.995 2.310 2.741 3.455 3.800 4.415 5.449 6.656
6.318 5.826 5.337 4.849 3.965 3.318 2.729 2.001 1.552 1.085 0.570 0.000 0.661 1.263 1.807 2.087 2.720 3.370 3.995 4.625 5.152 5.463 5.904 6.050 6.030 5.898 5.766 6.393 6.951 7.021 6.498 5.938 5.424 4.807 4.761 4.231 4.432 4.078 3.525 3.052 3.373 2.856 2.342 1.856 2.556 3.118 2.794 2.809 3.734 3.898 3.708 4.561 4.645 5.358 4.839 4.857 4.334 4.699 4.267 3.647 3.613 4.408 4.516 5.011 4.775 5.331 5.684 5.468 5.286 4.878 4.465 4.574 4.122 3.699 3.913 3.718 2.963 2.860 3.178 2.840 2.661 1.927 2.124 2.443 3.074 3.272 4.288 4.433 5.174 5.510 6.242 6.999 8.017
5.683 5.701 5.116 4.845 4.499 3.643 3.505 2.517 2.226 1.566 1.085 0.600 0.000 0.731 1.311 1.829 2.066 2.285 2.675 3.149 3.588 3.786 4.266 4.322 4.168 4.094 4.068 4.530 4.830 5.010 4.500 4.180 3.815 3.411 3.322 3.007 3.234 3.030 2.764 2.549 2.931 2.829 2.232 2.102 2.469 2.912 3.006 3.033 3.642 3.847 3.325 3.867 3.654 4.143 3.737 3.858 3.390 4.012 3.859 3.293 3.748 4.606 4.137 4.358 3.798 4.170 4.330 4.088 3.974 3.435 3.566 3.684 3.175 2.836 3.288 3.214 2.405 2.577 3.243 2.836 2.904 2.416 2.868 2.634 3.359 3.196 4.173 3.946 4.610 4.847 5.318 6.200 7.251
3.315 2.743 2.415 2.078 1.902 1.629 1.573 1.147 1.306 1.013 1.102 0.974 0.651 0.000 0.542 1.053 1.333 1.889 2.334 2.945 3.336 3.527 3.952 4.174 3.862 3.814 3.678 3.828 4.450 4.510 3.890 3.875 3.292 2.773 2.704 2.156 2.516 2.175 1.724 1.702 1.995 1.898 1.339 1.088 1.200 1.698 1.732 1.663 1.914 1.918 1.777 2.197 2.448 2.739 2.492 2.532 2.152 2.476 2.334 1.991 2.072 2.640 2.820 3.022 2.951 3.207 3.640 3.665 3.593 3.272 3.264 3.278 2.669 2.434 2.688 2.436 1.817 1.832 2.244 1.850 1.823 1.525 1.558 1.445 1.640 1.650 1.971 2.196 2.566 2.809 3.319 4.180 5.565
2.279 1.993 1.791 1.650 1.525 1.234 1.166 0.943 0.967 0.845 0.956 1.125 0.963 0.510 0.000 0.508 0.604 0.897 1.113 1.421 1.667 1.769 2.033 2.163 2.107 2.099 2.014 2.166 2.537 2.490 2.130 1.976 1.696 1.404 1.340 1.036 1.170 0.990 0.787 0.888 1.050 1.093 0.825 0.748 0.698 0.837 1.083 1.168 1.209 1.259 1.068 1.194 1.209 1.423 1.316 1.393 1.264 1.506 1.422 1.231 1.368 1.754 1.572 1.667 1.535 1.778 1.977 1.836 1.799 1.607 1.671 1.629 1.372 1.230 1.376 1.279 1.017 1.108 1.264 1.098 1.140 1.069 1.106 1.022 1.175 1.124 1.385 1.367 1.600 1.754 2.263 3.186 4.679
2.372 2.187 2.032 1.865 1.773 1.471 1.431 1.075 1.118 0.897 1.160 1.339 1.216 0.675 0.509 0.000 0.511 0.713 1.083 1.354 1.750 1.975 2.197 2.258 2.175 2.147 1.891 2.142 2.417 2.489 2.217 2.108 1.839 1.535 1.306 0.944 0.930 0.764 0.640 0.748 0.992 1.109 0.844 0.830 0.769 0.887 1.101 1.187 1.245 1.329 1.062 1.094 1.019 1.267 1.344 1.426 1.419 1.758 1.692 1.439 1.556 1.934 1.818 2.006 1.843 2.130 2.252 2.098 1.999 1.823 1.810 1.818 1.616 1.366 1.557 1.506 1.179 1.190 1.422 1.267 1.232 1.128 1.268 1.144 1.468 1.349 1.585 1.581 1.701 1.787 2.220 3.079 4.475
1.749 1.546 1.430 1.340 1.315 1.114 1.131 0.952 1.048 0.988 1.159 1.385 1.263 0.835 0.600 0.500 0.000 0.492 0.591 0.736 0.930 1.069 1.308 1.324 1.278 1.245 1.176 1.427 1.616 1.546 1.350 1.238 1.065 0.901 0.808 0.628 0.629 0.590 0.592 0.661 0.917 0.973 0.755 0.770 0.693 0.764 0.934 0.980 1.051 1.069 0.882 0.973 0.847 0.968 0.942 0.985 0.926 1.131 1.169 1.069 1.264 1.536 1.399 1.328 1.150 1.295 1.369 1.290 1.225 1.075 1.202 1.236 1.028 1.000 1.181 1.077 0.959 1.078 1.319 1.196 1.308 1.232 1.212 1.038 1.156 1.013 1.139 1.087 1.189 1.335 1.803 2.723 4.093
2.048 1.856 1.721 1.674 1.677 1.510 1.544 1.391 1.457 1.376 1.454 1.690 1.512 1.133 0.942 0.650 0.495 0.000 0.493 0.592 0.782 0.925 1.103 1.204 1.150 1.121 1.061 1.379 1.614 1.414 1.211 1.060 0.967 0.782 0.695 0.600 0.603 0.655 0.647 0.766 1.001 1.092 0.913 1.025 0.888 0.938 1.148 1.232 1.279 1.315 1.089 1.074 0.923 1.019 1.037 0.984 1.034 1.277 1.457 1.405 1.694 1.892 1.661 1.563 1.262 1.310 1.275 1.238 1.127 0.959 1.174 1.278 1.039 1.045 1.363 1.334 1.185 1.333 1.658 1.621 1.770 1.654 1.702 1.506 1.568 1.342 1.472 1.269 1.382 1.510 2.005 2.965 4.511
1.698 1.534 1.380 1.373 1.338 1.224 1.283 1.182 1.322 1.256 1.422 1.590 1.443 1.104 0.948 0.777 0.597 0.502 0.000 0.493 0.590 0.797 0.984 1.048 0.986 0.917 0.895 1.172 1.413 1.265 1.020 0.951 0.833 0.660 0.598 0.571 0.599 0.711 0.739 0.884 1.111 1.210 1.017 1.052 0.910 1.009 1.199 1.169 1.249 1.171 0.970 0.986 0.864 0.890 0.868 0.832 0.836 1.043 1.144 1.138 1.370 1.593 1.340 1.287 1.091 1.130 1.170 1.068 0.993 0.830 0.994 1.051 0.885 0.889 1.105 1.130 0.989 1.129 1.381 1.353 1.505 1.456 1.442 1.248 1.290 1.099 1.149 1.040 1.116 1.259 1.771 2.732 4.250
2.003 1.763 1.638 1.584 1.572 1.432 1.521 1.431 1.527 1.494 1.667 1.787 1.648 1.334 1.106 0.979 0.798 0.624 0.494 0.000 0.495 0.664 0.820 0.934 0.838 0.810 0.811 1.110 1.314 1.159 0.981 0.816 0.781 0.625 0.622 0.625 0.672 0.790 0.885 1.049 1.281 1.406 1.228 1.291 1.105 1.210 1.399 1.403 1.436 1.363 1.117 1.124 0.964 0.979 0.975 0.945 0.974 1.164 1.292 1.311 1.560 1.738 1.510 1.393 1.141 1.144 1.093 1.010 0.929 0.825 1.058 1.156 1.017 1.046 1.317 1.265 1.199 1.359 1.627 1.556 1.755 1.694 1.666 1.492 1.525 1.275 1.358 1.182 1.329 1.427 1.931 2.982 4.377
2.348 2.278 2.131 2.089 2.157 2.051 2.201 2.206 2.316 2.227 2.428 2.564 2.258 1.899 1.714 1.634 1.287 0.985 0.790 0.521 0.000 0.510 0.644 0.835 0.893 0.906 0.985 1.316 1.503 1.287 1.104 0.855 0.895 0.776 0.860 0.994 0.915 1.064 1.323 1.498 1.720 2.036 1.883 2.095 1.792 1.822 2.137 2.234 2.117 2.048 1.712 1.609 1.266 1.231 1.378 1.162 1.196 1.388 1.564 1.611 1.933 2.079 1.679 1.481 1.189 1.145 0.990 0.887 0.807 0.780 1.079 1.125 1.036 1.189 1.451 1.456 1.497 1.735 1.974 1.967 2.284 2.415 2.347 2.025 2.042 1.778 1.766 1.635 1.744 1.872 2.329 3.360 4.794
2.259 2.146 2.027 2.111 2.105 2.013 2.135 2.094 2.327 2.167 2.436 2.566 2.331 1.969 1.766 1.675 1.397 1.170 0.951 0.666 0.535 0.000 0.502 0.667 0.758 0.843 0.943 1.257 1.462 1.248 1.029 0.817 0.867 0.823 0.885 1.079 1.065 1.316 1.479 1.718 1.959 2.170 2.020 2.036 1.771 1.920 2.193 2.171 2.083 2.001 1.627 1.625 1.370 1.295 1.315 1.163 1.159 1.363 1.557 1.648 1.966 2.059 1.697 1.538 1.173 1.164 0.981 0.883 0.740 0.757 1.015 1.107 1.029 1.164 1.434 1.480 1.509 1.687 1.898 1.967 2.248 2.342 2.295 2.012 2.035 1.756 1.727 1.537 1.613 1.807 2.231 3.176 4.603
2.230 2.103 1.885 1.884 1.766 1.741 1.798 1.795 1.983 1.929 2.188 2.438 2.274 1.875 1.662 1.684 1.454 1.341 1.051 0.925 0.689 0.500 0.000 0.518 0.768 0.877 1.043 1.325 1.389 1.166 1.030 0.820 0.869 0.844 1.015 1.190 1.337 1.530 1.708 1.873 2.181 2.257 2.041 1.901 1.764 1.993 2.100 1.998 2.053 1.914 1.673 1.742 1.588 1.455 1.385 1.187 1.065 1.182 1.291 1.292 1.547 1.656 1.409 1.279 0.965 1.038 0.858 0.693 0.640 0.780 0.975 0.989 0.915 1.100 1.289 1.269 1.291 1.485 1.680 1.609 1.904 1.977 1.893 1.664 1.640 1.442 1.453 1.430 1.551 1.796 2.301 3.258 4.643
2.770 2.767 2.450 2.608 2.522 2.648 2.827 2.885 3.205 3.107 3.444 3.804 3.374 3.023 2.650 2.636 2.349 2.003 1.718 1.344 1.012 0.676 0.531 0.000 0.567 0.980 1.286 1.599 1.669 1.389 1.314 0.968 1.152 1.269 1.589 1.868 1.960 2.411 2.810 2.974 3.266 3.616 3.286 3.068 2.878 3.175 3.534 3.145 3.321 3.093 2.757 2.818 2.497 2.231 2.103 1.718 1.654 1.585 1.733 1.862 2.266 2.241 1.884 1.547 1.326 1.166 1.025 0.938 0.805 1.020 1.399 1.468 1.416 1.810 2.012 2.008 2.005 2.364 2.562 2.640 3.132 3.268 3.043 2.656 2.520 2.240 2.097 2.106 2.083 2.492 2.918 3.900 5.270
3.116 3.134 3.120 3.338 3.391 3.641 3.739 3.812 4.020 3.999 4.180 4.566 4.147 3.723 3.229 3.101 2.580 2.024 1.744 1.154 0.915 0.885 0.798 0.558 0.000 0.536 0.805 1.159 1.487 1.331 1.292 1.128 1.292 1.490 1.315 1.739 1.616 2.105 2.619 2.980 3.260 3.756 3.636 3.556 3.247 3.297 3.643 3.569 3.353 3.187 2.777 2.459 1.994 1.748 1.990 1.869 2.089 2.276 2.706 2.905 3.261 3.348 2.943 2.511 2.072 1.868 1.582 1.445 1.100 1.227 1.574 1.768 2.001 2.181 2.446 2.610 2.738 3.201 3.369 3.429 4.018 4.179 4.096 3.731 3.486 3.131 2.978 2.647 2.512 2.597 2.887 3.773 5.049
2.832 2.704 2.802 2.962 3.087 3.148 3.314 3.280 3.577 3.463 3.666 3.742 3.474 3.106 2.826 2.794 2.212 1.987 1.530 1.143 0.880 0.907 0.921 0.765 0.512 0.000 0.533 0.952 1.224 1.148 1.111 1.008 1.229 1.352 1.301 1.678 1.614 2.055 2.397 2.735 3.033 3.406 3.331 3.256 2.891 3.057 3.437 3.257 3.186 2.914 2.569 2.215 1.918 1.672 1.833 1.677 1.907 2.023 2.436 2.503 2.903 2.992 2.636 2.384 1.863 1.795 1.555 1.491 1.188 1.238 1.543 1.779 1.731 2.004 2.201 2.326 2.407 2.686 2.927 3.082 3.340 3.629 3.566 3.184 3.182 2.750 2.608 2.302 2.206 2.264 2.619 3.533 4.928
3.123 3.097 3.107 3.257 3.399 3.420 3.651 3.446 3.988 3.749 3.925 4.210 3.793 3.327 3.125 2.931 2.439 2.002 1.724 1.257 0.938 1.071 1.115 1.192 0.928 0.555 0.000 0.657 1.142 1.119 0.986 0.951 1.159 1.311 1.343 1.668 1.555 2.146 2.524 2.998 3.272 3.627 3.387 3.401 3.164 3.252 3.642 3.580 3.357 3.116 2.752 2.497 2.036 1.730 1.907 1.857 1.951 2.192 2.651 2.757 3.248 3.603 2.969 2.612 2.105 1.890 1.634 1.735 1.452 1.513 2.151 2.116 2.060 2.387 2.769 2.707 2.715 3.279 3.452 3.363 3.940 4.094 4.038 3.492 3.372 3.017 2.882 2.457 2.379 2.637 2.774 3.731 5.056
3.551 3.695 3.586 3.804 3.854 3.980 4.081 3.934 4.285 3.852 4.224 4.189 3.701 3.295 3.296 3.152 2.700 2.142 1.741 1.372 1.212 1.508 1.727 1.813 1.460 1.017 0.579 0.000 0.548 0.962 1.185 1.419 1.505 1.650 1.541 2.169 2.026 2.468 2.914 3.182 3.817 4.191 3.734 3.767 3.526 3.880 4.351 4.214 4.199 3.889 3.374 3.238 2.641 2.297 2.541 2.155 2.495 2.612 3.111 3.245 3.650 4.002 3.408 3.065 2.482 2.350 2.178 2.156 2.115 1.768 2.277 2.546 2.272 2.359 2.823 3.021 2.886 3.167 3.616 3.571 4.197 4.203 4.266 3.814 3.873 3.516 3.452 3.012 2.929 3.217 3.223 4.193 5.618
4.061 4.100 4.212 4.576 4.928 5.077 5.334 5.555 5.891 5.816 5.999 6.061 5.862 5.445 5.003 4.770 4.041 3.494 2.919 2.381 2.162 2.424 1.990 2.548 2.131 1.302 1.295 0.693 0.000 0.637 1.166 1.704 2.205 2.499 2.420 2.703 2.752 3.110 3.699 4.166 4.533 5.424 5.344 5.055 4.948 4.739 5.387 5.261 5.114 4.781 4.146 3.688 2.939 2.739 2.925 2.696 3.129 3.397 3.917 4.459 4.661 5.018 4.530 3.996 3.213 2.987 2.660 2.783 3.060 3.358 3.843 3.724 3.593 4.197 4.637 4.413 4.696 5.270 5.333 5.520 5.776 5.899 6.010 5.579 5.068 4.538 4.094 3.749 3.325 3.562 3.740 4.892 6.173
3.100 3.302 2.978 3.306 3.071 3.497 3.699 3.971 4.490 4.357 4.907 5.126 4.720 4.267 3.974 3.950 3.450 2.983 2.456 1.998 1.453 1.398 1.329 1.601 1.516 1.199 1.281 0.968 0.568 0.000 0.573 0.812 1.047 1.573 1.927 2.548 2.654 3.360 3.831 4.271 4.935 5.200 4.811 4.481 4.058 4.605 4.918 4.580 4.638 4.149 3.577 3.540 3.143 2.542 2.562 1.971 2.071 1.834 2.125 2.540 2.838 2.716 2.358 1.992 1.833 1.460 1.437 1.713 1.882 2.036 2.505 2.398 2.211 2.765 3.047 2.698 2.959 3.620 3.603 3.524 4.085 4.328 4.065 3.602 3.174 2.924 2.523 2.611 2.436 2.877 3.205 4.342 5.640
2.240 2.216 2.068 2.142 2.175 2.240 2.351 2.398 2.585 2.526 2.798 2.996 2.808 2.361 2.205 2.235 1.882 1.684 1.342 1.161 0.871 0.868 0.948 1.181 1.120 0.832 1.012 0.994 0.747 0.535 0.000 0.499 0.638 0.895 1.100 1.407 1.500 1.955 2.173 2.456 2.827 2.993 2.752 2.575 2.373 2.634 2.817 2.689 2.700 2.372 2.126 2.006 1.819 1.517 1.478 1.219 1.243 1.370 1.583 1.651 1.976 2.004 1.701 1.511 1.201 1.142 1.088 1.140 1.144 1.221 1.381 1.377 1.228 1.471 1.573 1.592 1.704 1.881 2.046 2.100 2.335 2.416 2.436 2.190 2.108 1.872 1.826 1.646 1.704 1.958 2.339 3.214 4.546
2.188 2.083 1.900 1.954 1.892 1.850 1.881 1.909 2.021 2.000 2.365 2.583 2.474 2.033 1.798 1.946 1.700 1.560 1.215 1.124 0.832 0.778 0.845 1.071 1.095 0.901 1.090 1.104 1.002 0.713 0.493 0.000 0.518 0.653 0.942 1.276 1.464 1.827 1.975 2.262 2.551 2.616 2.289 2.065 1.990 2.349 2.402 2.185 2.478 2.120 1.843 1.914 1.748 1.463 1.438 1.036 1.001 1.122 1.270 1.344 1.568 1.723 1.466 1.337 1.008 1.015 0.973 0.986 1.022 1.056 1.309 1.225 1.050 1.320 1.492 1.367 1.419 1.603 1.763 1.681 2.037 2.025 1.918 1.694 1.670 1.469 1.482 1.416 1.425 1.739 2.190 3.166 4.660
1.900 1.764 1.585 1.618 1.520 1.467 1.567 1.475 1.624 1.582 1.807 1.965 1.858 1.496 1.259 1.270 1.069 0.954 0.729 0.727 0.625 0.683 0.838 1.018 0.995 0.845 0.979 1.085 1.102 0.867 0.587 0.499 0.000 0.492 0.609 0.793 0.949 1.151 1.291 1.423 1.726 1.833 1.592 1.561 1.362 1.636 1.772 1.741 1.803 1.627 1.336 1.363 1.220 1.088 0.995 0.805 0.716 0.929 1.064 1.128 1.382 1.560 1.331 1.185 0.909 0.940 0.921 0.905 0.939 0.901 1.114 1.099 0.933 1.034 1.254 1.179 1.115 1.305 1.523 1.419 1.668 1.621 1.613 1.384 1.363 1.165 1.201 1.073 1.185 1.460 1.887 2.922 4.290
1.484 1.229 1.057 1.077 1.036 0.998 1.087 1.098 1.256 1.262 1.540 1.748 1.590 1.257 0.987 0.990 0.795 0.723 0.575 0.566 0.545 0.592 0.753 0.884 0.854 0.802 0.846 1.040 1.228 1.081 0.760 0.598 0.495 0.000 0.495 0.540 0.688 0.803 0.869 1.076 1.217 1.392 1.194 1.146 0.976 1.085 1.244 1.165 1.181 1.079 0.874 0.893 0.788 0.770 0.642 0.572 0.560 0.679 0.787 0.831 1.020 1.160 0.992 0.882 0.698 0.777 0.808 0.778 0.754 0.718 0.864 0.841 0.709 0.823 0.958 0.908 0.868 1.063 1.245 1.137 1.328 1.342 1.236 1.061 1.008 0.847 0.843 0.738 0.820 1.038 1.569 2.513 4.064
1.367 1.174 1.024 1.055 1.035 1.010 1.116 1.093 1.228 1.227 1.451 1.635 1.536 1.186 0.952 0.872 0.678 0.619 0.542 0.547 0.564 0.640 0.797 0.921 0.915 0.852 0.846 1.116 1.280 1.110 0.860 0.706 0.552 0.490 0.000 0.490 0.537 0.647 0.715 0.889 1.055 1.194 1.057 1.059 0.884 0.950 1.119 1.067 1.042 0.950 0.788 0.767 0.641 0.626 0.570 0.554 0.590 0.726 0.837 0.896 1.089 1.211 1.045 0.934 0.794 0.830 0.865 0.808 0.813 0.756 0.907 0.896 0.777 0.851 1.008 0.965 0.948 1.083 1.264 1.185 1.365 1.323 1.273 1.100 1.048 0.888 0.859 0.745 0.789 0.969 1.457 2.424 4.119
1.386 1.186 1.069 1.064 1.107 1.039 1.162 1.105 1.246 1.207 1.407 1.610 1.440 1.107 0.878 0.788 0.606 0.554 0.532 0.577 0.700 0.828 1.015 1.131 1.123 1.047 0.953 1.176 1.454 1.315 1.028 0.916 0.713 0.549 0.489 0.000 0.491 0.532 0.632 0.825 1.014 1.185 1.006 1.028 0.853 0.957 1.141 1.098 1.056 0.954 0.773 0.664 0.561 0.589 0.568 0.574 0.615 0.784 0.885 0.924 1.131 1.285 1.108 1.005 0.888 0.943 1.041 0.992 0.995 0.886 1.016 1.027 0.865 0.879 1.072 1.008 0.922 1.090 1.248 1.206 1.349 1.325 1.299 1.081 1.097 0.886 0.880 0.769 0.812 0.953 1.449 2.433 4.140
1.745 1.514 1.361 1.340 1.351 1.333 1.422 1.436 1.648 1.550 1.835 2.034 1.824 1.453 1.159 1.029 0.721 0.591 0.605 0.735 0.954 1.151 1.375 1.556 1.459 1.385 1.184 1.463 1.810 1.699 1.394 1.223 0.980 0.752 0.587 0.494 0.000 0.503 0.756 0.985 1.220 1.491 1.341 1.387 1.163 1.297 1.573 1.474 1.483 1.260 0.988 0.926 0.663 0.753 0.759 0.787 0.803 1.019 1.041 1.116 1.286 1.457 1.305 1.223 1.081 1.157 1.294 1.266 1.318 1.196 1.355 1.292 1.073 1.149 1.341 1.212 1.135 1.358 1.535 1.437 1.667 1.691 1.611 1.340 1.270 1.087 1.080 0.975 1.096 1.228 1.769 2.725 4.338
2.232 2.056 1.985 1.905 1.923 1.644 1.687 1.443 1.526 1.492 1.578 1.815 1.675 1.286 1.067 0.780 0.658 0.657 0.774 0.836 1.085 1.373 1.586 1.647 1.500 1.327 1.181 1.441 1.694 1.598 1.439 1.430 1.297 1.089 0.828 0.623 0.504 0.000 0.495 0.665 0.865 1.079 0.900 1.012 0.875 0.835 1.046 1.175 1.178 1.272 1.051 0.978 0.744 0.967 1.067 1.181 1.300 1.659 1.832 1.678 1.982 2.327 2.104 2.046 1.680 1.777 1.782 1.768 1.627 1.434 1.680 1.807 1.531 1.478 1.827 1.794 1.521 1.730 2.033 1.955 2.065 1.847 1.869 1.707 1.839 1.618 1.748 1.518 1.596 1.587 2.040 3.000 4.572
1.837 1.605 1.477 1.364 1.336 1.141 1.183 1.021 1.181 1.118 1.296 1.520 1.364 1.012 0.798 0.621 0.550 0.654 0.816 0.993 1.202 1.377 1.623 1.693 1.606 1.496 1.354 1.582 1.867 1.804 1.554 1.491 1.267 1.056 0.882 0.678 0.639 0.494 0.000 0.497 0.610 0.810 0.703 0.778 0.655 0.625 0.853 0.893 0.900 0.930 0.784 0.841 0.706 0.908 0.907 1.033 1.037 1.260 1.335 1.210 1.392 1.644 1.572 1.537 1.356 1.483 1.642 1.527 1.609 1.382 1.497 1.559 1.305 1.263 1.489 1.365 1.161 1.309 1.543 1.394 1.490 1.343 1.307 1.188 1.239 1.104 1.215 1.105 1.262 1.300 1.794 2.643 4.254
2.074 1.888 1.720 1.631 1.575 1.372 1.405 1.206 1.369 1.253 1.423 1.625 1.494 1.090 0.859 0.651 0.628 0.855 1.041 1.277 1.461 1.670 1.876 1.947 1.906 1.771 1.679 1.897 2.194 2.143 1.815 1.733 1.492 1.284 1.096 0.863 0.905 0.679 0.501 0.000 0.498 0.603 0.631 0.791 0.734 0.691 0.875 1.018 1.082 1.114 0.961 1.012 0.957 1.166 1.124 1.218 1.253 1.446 1.529 1.476 1.622 1.908 1.820 1.724 1.596 1.688 1.817 1.808 1.825 1.626 1.813 1.802 1.540 1.512 1.730 1.618 1.402 1.521 1.767 1.684 1.790 1.582 1.551 1.430 1.467 1.345 1.430 1.359 1.460 1.567 2.030 2.904 4.404
2.899 2.676 2.561 2.323 2.236 1.881 1.891 1.580 1.650 1.579 1.684 1.904 1.719 1.432 1.192 0.866 0.887 1.071 1.388 1.591 1.921 2.209 2.480 2.512 2.367 2.271 2.140 2.317 2.653 2.779 2.411 2.350 2.091 1.823 1.646 1.240 1.202 0.915 0.715 0.495 0.000 0.540 0.665 0.928 0.950 0.764 0.988 1.246 1.296 1.540 1.332 1.423 1.332 1.668 1.628 1.842 1.803 2.187 2.242 2.051 2.284 2.707 2.537 2.559 2.271 2.443 2.585 2.473 2.405 2.085 2.256 2.354 2.064 1.901 2.239 2.220 1.898 2.015 2.325 2.178 2.286 1.977 1.993 1.933 2.031 1.928 2.113 2.004 2.212 2.236 2.699 3.535 4.970
3.579 3.212 3.044 2.684 2.514 2.075 1.931 1.515 1.468 1.377 1.427 1.722 1.642 1.349 1.208 0.983 1.279 1.555 1.963 2.363 2.733 3.096 3.406 3.437 3.327 3.155 2.910 3.108 3.555 3.762 3.383 3.271 2.913 2.564 2.327 1.807 1.696 1.355 1.008 0.682 0.529 0.000 0.558 0.759 1.023 0.865 1.018 1.320 1.496 1.687 1.663 1.706 1.644 2.127 2.167 2.430 2.436 2.726 2.647 2.371 2.387 2.889 2.807 3.056 2.961 3.132 3.372 3.226 3.159 2.847 2.884 2.880 2.638 2.356 2.473 2.437 2.038 2.082 2.279 2.158 2.011 1.703 1.848 1.830 2.119 2.209 2.479 2.520 2.756 2.662 3.085 3.871 5.211
2.564 2.190 1.983 1.711 1.496 1.253 1.147 0.918 1.014 1.054 1.185 1.570 1.469 1.082 0.808 0.778 0.901 1.191 1.484 1.768 2.059 2.247 2.366 2.516 2.498 2.369 2.287 2.473 2.817 2.851 2.487 2.354 2.120 1.792 1.624 1.357 1.375 1.160 0.876 0.742 0.615 0.528 0.000 0.497 0.585 0.647 0.686 0.746 1.043 1.174 1.145 1.307 1.440 1.709 1.550 1.724 1.579 1.817 1.693 1.472 1.514 1.840 1.857 1.995 1.994 2.179 2.344 2.285 2.268 2.076 2.143 2.089 1.872 1.726 1.896 1.741 1.462 1.566 1.752 1.562 1.560 1.337 1.259 1.193 1.270 1.326 1.532 1.624 1.897 1.972 2.475 3.311 4.716
1.951 1.580 1.432 1.271 1.227 0.983 1.010 0.819 0.955 0.948 1.096 1.368 1.290 0.977 0.685 0.659 0.764 1.003 1.203 1.428 1.663 1.804 1.990 2.097 2.043 2.022 1.894 2.096 2.399 2.360 2.064 1.918 1.690 1.446 1.279 1.103 1.134 1.008 0.781 0.760 0.772 0.675 0.492 0.000 0.488 0.532 0.569 0.566 0.684 0.775 0.797 1.001 1.125 1.302 1.203 1.317 1.266 1.410 1.402 1.308 1.425 1.712 1.671 1.687 1.615 1.743 1.935 1.867 1.888 1.694 1.736 1.768 1.482 1.422 1.596 1.484 1.237 1.325 1.535 1.407 1.463 1.270 1.204 1.098 1.162 1.101 1.256 1.245 1.376 1.500 1.975 2.824 4.228
1.882 1.575 1.450 1.295 1.281 1.012 1.024 0.844 0.944 0.904 1.039 1.369 1.330 0.885 0.652 0.637 0.702 0.912 1.040 1.288 1.495 1.659 1.830 1.887 1.885 1.820 1.756 1.939 2.185 2.141 1.846 1.745 1.502 1.299 1.190 0.936 1.025 0.861 0.650 0.721 0.752 0.731 0.537 0.487 0.000 0.489 0.536 0.572 0.597 0.744 0.758 0.886 0.977 1.171 1.087 1.213 1.143 1.374 1.346 1.197 1.338 1.660 1.528 1.620 1.491 1.641 1.787 1.695 1.693 1.547 1.594 1.591 1.356 1.284 1.408 1.327 1.091 1.218 1.386 1.235 1.263 1.154 1.118 1.026 1.134 1.077 1.241 1.161 1.319 1.398 1.890 2.791 4.240
1.926 1.589 1.480 1.311 1.250 1.029 1.046 0.887 1.015 0.989 1.184 1.463 1.351 0.966 0.692 0.639 0.685 0.888 0.998 1.241 1.406 1.504 1.717 1.775 1.756 1.751 1.680 1.852 2.103 2.079 1.768 1.661 1.478 1.255 1.146 0.951 0.998 0.867 0.644 0.690 0.676 0.691 0.547 0.522 0.486 0.000 0.490 0.539 0.626 0.774 0.775 0.939 1.007 1.192 1.061 1.212 1.147 1.319 1.339 1.205 1.316 1.582 1.524 1.542 1.423 1.583 1.714 1.584 1.591 1.411 1.499 1.510 1.298 1.252 1.426 1.318 1.128 1.248 1.431 1.259 1.321 1.212 1.162 1.046 1.135 1.066 1.216 1.189 1.361 1.441 1.921 2.764 4.317
2.295 1.948 1.766 1.576 1.483 1.182 1.161 0.988 1.160 1.159 1.274 1.583 1.463 1.153 0.850 0.780 0.838 1.031 1.254 1.504 1.823 1.966 2.236 2.250 2.131 2.131 1.982 2.200 2.555 2.540 2.256 2.173 1.932 1.676 1.495 1.198 1.173 0.992 0.783 0.789 0.813 0.782 0.610 0.584 0.545 0.491 0.000 0.503 0.617 0.829 0.925 1.129 1.214 1.447 1.441 1.643 1.496 1.776 1.768 1.552 1.665 2.001 1.948 2.062 1.870 2.110 2.288 2.089 2.062 1.778 1.849 1.959 1.730 1.520 1.789 1.737 1.425 1.510 1.800 1.612 1.647 1.460 1.395 1.287 1.384 1.357 1.568 1.529 1.749 1.801 2.237 3.050 4.589
1.905 1.554 1.413 1.227 1.211 0.941 1.035 0.931 1.113 1.126 1.301 1.603 1.578 1.234 0.960 0.876 1.016 1.159 1.333 1.576 1.805 1.904 2.092 2.152 2.158 2.104 2.025 2.202 2.481 2.402 2.116 1.967 1.779 1.520 1.384 1.181 1.217 1.121 0.938 0.939 0.946 0.913 0.692 0.616 0.577 0.563 0.499 0.000 0.540 0.611 0.759 1.024 1.155 1.303 1.197 1.334 1.307 1.488 1.460 1.358 1.470 1.817 1.767 1.800 1.710 1.842 2.014 1.985 1.976 1.852 1.891 1.859 1.676 1.564 1.750 1.620 1.412 1.498 1.692 1.523 1.583 1.374 1.257 1.189 1.179 1.165 1.234 1.262 1.387 1.500 1.935 2.824 4.562
1.917 1.631 1.613 1.349 1.466 1.186 1.306 1.148 1.256 1.374 1.475 1.767 1.838 1.474 1.255 1.215 1.371 1.617 1.886 2.162 2.376 2.632 2.839 3.006 2.810 2.704 2.515 2.542 2.904 2.996 2.562 2.581 2.279 2.046 1.871 1.551 1.667 1.484 1.187 1.285 1.257 1.154 1.003 0.824 0.735 0.695 0.629 0.523 0.000 0.528 0.677 1.044 1.340 1.518 1.367 1.685 1.743 1.998 2.012 1.835 1.947 2.435 2.399 2.471 2.380 2.411 2.757 2.746 2.801 2.636 2.693 2.721 2.325 2.237 2.426 2.276 1.934 2.048 2.270 2.009 1.976 1.628 1.596 1.534 1.640 1.563 1.644 1.543 1.585 1.527 1.942 2.698 4.335
1.577 1.320 1.172 1.050 1.076 0.862 1.098 1.077 1.261 1.374 1.630 1.943 1.848 1.524 1.194 1.160 1.104 1.283 1.306 1.436 1.558 1.713 1.868 2.059 1.976 1.824 1.713 1.840 2.107 2.043 1.680 1.632 1.367 1.298 1.151 0.988 1.184 1.168 0.979 1.170 1.223 1.189 1.091 0.972 0.735 0.753 0.772 0.569 0.504 0.000 0.515 0.719 0.973 1.032 0.829 0.994 1.064 1.190 1.296 1.318 1.495 1.722 1.680 1.612 1.491 1.493 1.718 1.800 1.874 1.746 1.888 1.832 1.583 1.664 1.824 1.654 1.480 1.729 1.857 1.636 1.793 1.643 1.463 1.287 1.261 1.083 1.057 0.943 1.034 1.166 1.639 2.597 4.346
1.586 1.341 1.174 1.093 1.087 0.914 1.039 1.033 1.228 1.284 1.509 1.843 1.720 1.347 1.038 0.961 0.844 1.005 1.049 1.241 1.391 1.507 1.687 1.850 1.781 1.642 1.563 1.672 1.921 1.878 1.614 1.538 1.292 1.142 0.967 0.787 0.929 0.893 0.771 1.024 1.145 1.217 1.055 0.955 0.732 0.805 0.916 0.670 0.627 0.499 0.000 0.502 0.631 0.809 0.675 0.910 0.955 1.132 1.208 1.210 1.383 1.620 1.515 1.479 1.369 1.445 1.634 1.631 1.678 1.551 1.681 1.679 1.381 1.421 1.644 1.451 1.275 1.488 1.655 1.455 1.617 1.508 1.355 1.187 1.140 0.991 1.026 0.919 1.014 1.086 1.581 2.516 4.127
1.714 1.453 1.344 1.233 1.202 1.069 1.203 1.322 1.521 1.710 1.944 2.214 2.147 1.818 1.426 1.324 1.094 1.117 1.124 1.176 1.334 1.658 1.886 1.980 1.797 1.651 1.434 1.597 1.888 1.939 1.642 1.641 1.390 1.192 0.885 0.711 0.772 0.859 0.921 1.279 1.447 1.628 1.484 1.341 1.046 1.100 1.261 1.030 0.880 0.681 0.507 0.000 0.493 0.648 0.626 0.922 1.099 1.323 1.440 1.453 1.642 1.920 1.889 1.813 1.657 1.722 1.886 1.887 1.945 1.744 1.939 2.032 1.657 1.760 1.999 1.875 1.662 1.965 2.129 1.885 2.046 1.893 1.645 1.501 1.354 1.218 1.188 0.992 1.078 1.125 1.661 2.503 4.080
1.626 1.397 1.289 1.295 1.341 1.270 1.398 1.450 1.597 1.616 1.820 2.018 1.899 1.531 1.275 1.154 0.928 0.902 0.900 0.966 1.133 1.334 1.520 1.625 1.547 1.428 1.285 1.485 1.751 1.671 1.389 1.350 1.141 0.969 0.771 0.623 0.654 0.736 0.797 1.062 1.231 1.445 1.329 1.310 1.033 1.065 1.267 1.167 1.062 0.912 0.668 0.500 0.000 0.526 0.578 0.793 0.953 1.189 1.315 1.329 1.552 1.761 1.670 1.601 1.361 1.451 1.536 1.571 1.568 1.394 1.554 1.626 1.371 1.400 1.669 1.577 1.451 1.639 1.806 1.705 1.818 1.758 1.639 1.470 1.444 1.222 1.190 0.984 1.016 1.084 1.575 2.454 4.107
1.528 1.373 1.280 1.372 1.557 1.571 1.864 1.881 2.211 2.162 2.429 2.574 2.329 2.043 1.716 1.492 1.176 1.138 1.150 1.275 1.440 1.709 1.942 2.143 2.069 1.910 1.679 1.807 2.118 2.021 1.641 1.600 1.249 1.134 0.836 0.684 0.744 0.813 0.944 1.229 1.420 1.729 1.636 1.752 1.396 1.394 1.723 1.647 1.497 1.277 0.916 0.709 0.519 0.000 0.520 0.671 0.944 1.158 1.505 1.705 1.958 2.172 2.003 1.753 1.647 1.446 1.696 1.918 2.016 1.937 2.161 2.215 1.839 1.945 2.262 2.138 1.963 2.235 2.529 2.306 2.588 2.481 2.359 1.996 1.846 1.495 1.324 0.982 0.868 1.038 1.523 2.474 4.377
1.367 1.128 1.020 1.061 1.133 1.087 1.246 1.255 1.491 1.533 1.872 2.095 1.917 1.511 1.222 1.126 0.945 0.912 0.851 0.911 0.963 1.080 1.269 1.440 1.425 1.350 1.224 1.454 1.667 1.530 1.231 1.113 0.855 0.716 0.597 0.633 0.737 0.837 0.886 1.122 1.298 1.507 1.325 1.277 1.060 1.125 1.330 1.172 1.104 0.964 0.718 0.614 0.582 0.504 0.000 0.500 0.598 0.761 0.965 1.077 1.294 1.417 1.336 1.108 0.992 0.974 1.150 1.174 1.246 1.226 1.327 1.300 1.120 1.219 1.382 1.305 1.221 1.461 1.595 1.532 1.715 1.683 1.570 1.317 1.233 0.965 0.907 0.721 0.705 0.897 1.430 2.459 4.045
1.351 1.113 0.969 1.092 1.127 1.158 1.331 1.431 1.721 1.752 2.085 2.288 2.191 1.747 1.475 1.483 1.232 1.168 0.953 1.038 1.085 1.170 1.431 1.599 1.611 1.503 1.323 1.502 1.812 1.753 1.335 1.216 0.913 0.740 0.661 0.723 0.950 1.142 1.235 1.549 1.778 1.973 1.725 1.666 1.379 1.571 1.752 1.560 1.534 1.240 0.958 0.857 0.813 0.665 0.505 0.000 0.505 0.608 0.737 0.860 1.087 1.198 1.060 0.966 0.842 0.961 1.201 1.206 1.331 1.256 1.378 1.278 1.031 1.212 1.348 1.148 1.163 1.419 1.490 1.402 1.648 1.728 1.612 1.292 1.132 0.880 0.783 0.624 0.654 0.793 1.388 2.442 3.945
1.260 1.010 0.785 0.803 0.762 0.792 0.877 0.929 1.101 1.148 1.448 1.720 1.605 1.221 0.969 0.997 0.857 0.836 0.703 0.765 0.764 0.786 0.918 1.066 1.111 1.029 1.046 1.232 1.416 1.266 0.998 0.874 0.662 0.555 0.550 0.609 0.766 0.877 0.895 1.101 1.271 1.390 1.216 1.116 0.943 1.085 1.196 1.089 1.103 0.944 0.782 0.812 0.778 0.731 0.561 0.493 0.000 0.491 0.522 0.591 0.739 0.841 0.735 0.628 0.576 0.673 0.840 0.785 0.880 0.876 0.955 0.882 0.745 0.865 0.927 0.807 0.783 0.983 1.083 0.972 1.149 1.153 1.038 0.850 0.759 0.603 0.560 0.532 0.609 0.886 1.435 2.450 4.012
1.263 0.997 0.863 0.809 0.785 0.801 0.908 0.986 1.166 1.240 1.562 1.777 1.677 1.326 1.114 1.123 0.960 0.955 0.844 0.914 0.909 0.904 1.018 1.193 1.215 1.196 1.187 1.419 1.587 1.420 1.110 0.975 0.791 0.674 0.700 0.731 0.906 0.981 1.003 1.182 1.350 1.451 1.269 1.198 1.045 1.122 1.255 1.136 1.118 1.006 0.818 0.899 0.898 0.840 0.677 0.563 0.488 0.000 0.490 0.562 0.706 0.795 0.636 0.556 0.580 0.681 0.834 0.841 0.964 0.972 1.035 0.937 0.819 0.936 1.019 0.861 0.879 1.055 1.125 1.013 1.193 1.195 1.091 0.883 0.774 0.600 0.543 0.544 0.650 0.944 1.442 2.464 4.077
1.302 1.021 0.826 0.818 0.769 0.768 0.795 0.829 0.967 1.032 1.326 1.573 1.528 1.171 0.966 1.085 1.021 1.061 0.938 1.014 0.978 0.935 1.033 1.184 1.262 1.212 1.257 1.411 1.593 1.380 1.113 0.983 0.824 0.755 0.819 0.849 1.079 1.134 1.126 1.277 1.448 1.463 1.250 1.110 1.002 1.182 1.239 1.116 1.194 1.066 0.912 1.055 1.060 1.016 0.808 0.668 0.527 0.489 0.000 0.487 0.531 0.637 0.549 0.531 0.552 0.653 0.819 0.799 0.935 0.962 1.006 0.856 0.748 0.858 0.882 0.689 0.711 0.867 0.922 0.737 0.927 0.947 0.864 0.653 0.612 0.537 0.546 0.608 0.705 0.999 1.483 2.447 4.064
1.495 1.223 0.988 0.942 0.815 0.763 0.756 0.791 0.940 0.996 1.292 1.527 1.482 1.110 0.917 1.030 1.005 1.017 0.930 1.055 1.023 0.962 1.075 1.228 1.332 1.286 1.356 1.561 1.720 1.521 1.245 1.069 0.900 0.802 0.881 0.871 1.076 1.130 1.070 1.231 1.388 1.402 1.199 1.076 0.966 1.136 1.214 1.087 1.172 1.064 0.934 1.094 1.111 1.098 0.911 0.789 0.591 0.551 0.490 0.000 0.494 0.624 0.532 0.542 0.572 0.724 0.878 0.823 0.963 0.978 1.032 0.875 0.760 0.848 0.860 0.706 0.643 0.826 0.861 0.674 0.862 0.910 0.821 0.627 0.576 0.544 0.599 0.685 0.853 1.166 1.687 2.626 4.218
2.099 1.778 1.482 1.333 1.106 1.065 1.001 1.090 1.204 1.327 1.642 1.983 1.911 1.443 1.250 1.366 1.349 1.388 1.322 1.457 1.491 1.450 1.620 1.860 1.900 1.890 1.871 2.071 2.359 2.153 1.807 1.624 1.380 1.186 1.246 1.272 1.446 1.572 1.482 1.627 1.799 1.872 1.602 1.405 1.343 1.552 1.636 1.524 1.671 1.516 1.357 1.558 1.610 1.561 1.329 1.207 0.927 0.957 0.682 0.508 0.000 0.630 0.601 0.791 0.903 1.173 1.363 1.261 1.434 1.413 1.500 1.264 1.070 1.214 1.240 0.960 0.934 1.192 1.195 0.875 1.113 1.166 0.997 0.747 0.697 0.667 0.878 1.100 1.342 1.644 2.176 3.119 4.522
2.915 2.583 2.141 1.963 1.571 1.445 1.250 1.384 1.438 1.630 2.122 2.471 2.549 2.014 1.775 2.144 2.068 2.346 2.196 2.441 2.374 2.089 1.995 2.405 2.759 2.688 2.873 2.946 3.252 2.812 2.481 2.175 1.989 1.912 2.233 2.152 2.606 2.659 2.447 2.636 2.858 2.650 2.332 1.927 1.894 2.372 2.215 1.979 2.353 2.146 2.019 2.450 2.659 2.561 2.244 1.993 1.598 1.327 0.893 0.671 0.527 0.000 0.534 0.753 1.067 1.371 1.473 1.466 1.854 2.071 2.088 1.653 1.546 1.892 1.689 1.239 1.439 1.756 1.571 1.187 1.389 1.401 1.176 1.020 0.895 1.096 1.336 1.676 2.052 2.460 3.052 4.064 5.191
1.887 1.628 1.356 1.321 1.160 1.146 1.099 1.175 1.317 1.410 1.774 2.017 1.994 1.548 1.363 1.546 1.415 1.412 1.246 1.282 1.218 1.073 1.140 1.338 1.446 1.423 1.539 1.720 1.808 1.582 1.325 1.117 1.020 0.955 1.148 1.197 1.453 1.608 1.629 1.794 2.002 2.012 1.810 1.611 1.414 1.728 1.803 1.674 1.791 1.607 1.350 1.600 1.580 1.465 1.235 1.037 0.799 0.709 0.573 0.565 0.563 0.509 0.000 0.494 0.545 0.681 0.862 0.866 1.069 1.132 1.217 0.983 0.868 1.082 1.082 0.841 0.903 1.137 1.158 0.970 1.156 1.243 1.092 0.883 0.828 0.790 0.882 0.991 1.185 1.538 2.038 2.988 4.471
1.641 1.409 1.162 1.163 1.116 1.106 1.176 1.219 1.449 1.484 1.866 2.076 2.009 1.574 1.368 1.490 1.318 1.311 1.097 1.131 1.019 0.913 1.000 1.200 1.276 1.280 1.349 1.545 1.679 1.497 1.185 1.016 0.877 0.832 0.998 1.068 1.282 1.516 1.479 1.715 1.945 2.000 1.785 1.600 1.351 1.704 1.765 1.595 1.670 1.407 1.259 1.365 1.407 1.257 1.031 0.890 0.698 0.586 0.571 0.601 0.721 0.647 0.492 0.000 0.495 0.546 0.754 0.728 0.917 0.988 1.096 0.908 0.835 1.027 1.043 0.865 0.940 1.182 1.231 1.062 1.331 1.408 1.290 1.055 0.944 0.821 0.838 0.883 0.998 1.277 1.804 2.707 4.155
1.829 1.607 1.344 1.334 1.226 1.268 1.291 1.409 1.613 1.655 2.034 2.224 2.130 1.713 1.510 1.606 1.440 1.314 1.103 1.085 0.959 0.827 0.923 1.135 1.237 1.179 1.314 1.496 1.613 1.392 1.146 0.907 0.819 0.766 0.982 1.128 1.309 1.485 1.603 1.808 2.023 2.182 1.933 1.748 1.576 1.796 1.905 1.773 1.897 1.644 1.404 1.509 1.456 1.297 1.160 0.909 0.767 0.638 0.605 0.702 0.881 0.843 0.577 0.496 0.000 0.516 0.691 0.682 0.825 0.925 1.048 0.901 0.788 1.034 1.071 0.853 1.008 1.251 1.287 1.189 1.435 1.590 1.411 1.177 1.030 0.952 0.919 0.969 1.110 1.428 1.945 2.835 4.357
2.222 2.155 1.822 1.938 1.749 1.858 1.818 1.909 2.065 2.044 2.430 2.639 2.568 2.121 1.944 2.201 2.040 1.978 1.642 1.661 1.428 1.099 1.115 1.427 1.643 1.622 1.878 2.061 2.079 1.681 1.419 1.035 1.057 1.064 1.509 1.711 2.073 2.228 2.307 2.520 2.804 2.959 2.527 2.302 2.139 2.632 2.624 2.448 2.630 2.308 2.095 2.225 2.217 1.993 1.799 1.313 1.039 0.857 0.854 0.980 1.181 1.228 0.868 0.651 0.505 0.000 0.591 0.812 1.108 1.390 1.503 1.260 1.105 1.411 1.439 1.182 1.322 1.540 1.553 1.510 1.762 1.894 1.866 1.562 1.526 1.353 1.361 1.410 1.515 2.007 2.435 3.342 4.996
2.171 1.986 1.706 1.871 1.839 2.117 2.358 2.620 2.954 3.104 3.402 3.651 3.428 3.000 2.677 2.935 2.484 2.349 1.911 1.830 1.491 1.053 0.975 1.236 1.643 1.652 1.987 2.178 2.283 1.912 1.535 1.139 1.185 1.294 1.657 1.925 2.307 2.721 2.837 3.102 3.478 3.667 3.328 3.131 2.839 3.156 3.338 2.944 3.038 2.558 2.357 2.387 2.404 2.147 1.888 1.453 1.358 1.030 1.217 1.570 1.863 1.807 1.439 1.023 0.818 0.542 0.000 0.631 0.878 1.374 1.469 1.303 1.329 1.805 1.802 1.701 1.893 2.291 2.374 2.293 2.977 2.973 2.718 2.333 2.083 1.736 1.442 1.571 1.522 1.971 2.541 3.435 4.874
1.964 1.810 1.532 1.635 1.560 1.649 1.688 1.781 1.897 1.902 2.188 2.332 2.189 1.796 1.637 1.779 1.574 1.367 1.148 1.063 0.887 0.613 0.648 0.796 0.975 1.081 1.291 1.568 1.640 1.416 1.136 0.860 0.873 0.864 1.169 1.304 1.464 1.708 1.837 1.986 2.204 2.366 2.096 1.957 1.835 2.068 2.176 2.090 2.178 1.942 1.724 1.835 1.703 1.581 1.423 1.158 1.023 0.916 0.948 1.075 1.288 1.326 0.992 0.825 0.686 0.685 0.513 0.000 0.495 0.618 0.728 0.676 0.679 0.888 0.968 0.950 1.102 1.276 1.398 1.415 1.679 1.798 1.736 1.512 1.453 1.276 1.223 1.263 1.367 1.681 2.197 3.080 4.609
1.833 1.738 1.513 1.588 1.520 1.502 1.524 1.473 1.557 1.454 1.695 1.804 1.706 1.384 1.237 1.274 1.105 0.966 0.825 0.753 0.683 0.563 0.602 0.664 0.771 0.888 0.999 1.251 1.391 1.229 0.991 0.799 0.823 0.763 0.908 0.984 1.049 1.147 1.270 1.359 1.557 1.696 1.516 1.467 1.381 1.531 1.658 1.652 1.690 1.606 1.366 1.438 1.266 1.243 1.182 1.036 0.952 0.937 0.988 1.005 1.201 1.262 0.997 0.877 0.722 0.767 0.668 0.491 0.000 0.488 0.527 0.533 0.537 0.605 0.733 0.786 0.866 0.953 1.129 1.150 1.410 1.491 1.492 1.280 1.321 1.184 1.222 1.194 1.308 1.518 1.974 2.781 4.164
1.802 1.707 1.537 1.525 1.449 1.411 1.401 1.347 1.439 1.323 1.577 1.743 1.630 1.292 1.135 1.184 1.021 0.926 0.784 0.730 0.624 0.596 0.628 0.657 0.814 0.847 0.962 1.239 1.339 1.171 1.000 0.808 0.825 0.725 0.855 0.958 1.004 1.138 1.254 1.345 1.580 1.705 1.451 1.400 1.288 1.476 1.620 1.573 1.602 1.533 1.318 1.409 1.253 1.196 1.133 0.998 0.911 0.966 0.982 0.951 1.142 1.234 1.005 0.937 0.787 0.881 0.800 0.559 0.488 0.000 0.488 0.512 0.518 0.523 0.616 0.704 0.711 0.802 0.996 1.025 1.229 1.309 1.338 1.158 1.234 1.109 1.179 1.149 1.272 1.479 1.934 2.812 4.254
2.368 2.173 1.997 1.990 1.845 1.819 1.714 1.723 1.669 1.574 1.877 2.029 1.999 1.580 1.502 1.610 1.474 1.199 1.041 0.902 0.841 0.717 0.784 0.811 0.878 0.988 1.108 1.385 1.500 1.348 1.222 1.017 1.061 0.959 1.143 1.270 1.324 1.534 1.705 1.875 2.089 2.174 1.944 1.861 1.801 2.013 2.102 2.098 2.115 2.095 1.782 1.848 1.670 1.563 1.578 1.330 1.198 1.279 1.198 1.102 1.210 1.328 1.090 1.168 0.958 1.110 1.013 0.706 0.532 0.489 0.000 0.490 0.554 0.582 0.574 0.658 0.815 0.831 0.939 1.042 1.264 1.400 1.484 1.328 1.460 1.398 1.531 1.567 1.737 1.954 2.365 3.156 4.591
1.838 1.627 1.401 1.373 1.237 1.208 1.169 1.197 1.273 1.269 1.598 1.773 1.741 1.318 1.153 1.277 1.150 1.054 0.879 0.885 0.787 0.694 0.766 0.791 0.905 1.035 1.142 1.385 1.505 1.362 1.123 0.929 0.919 0.801 0.948 1.022 1.131 1.290 1.369 1.497 1.768 1.798 1.566 1.414 1.317 1.559 1.609 1.509 1.617 1.462 1.309 1.424 1.370 1.302 1.189 1.036 0.858 0.899 0.829 0.772 0.919 1.066 0.826 0.843 0.710 0.854 0.818 0.593 0.525 0.508 0.488 0.000 0.487 0.513 0.531 0.520 0.593 0.697 0.827 0.840 1.080 1.184 1.147 0.966 1.005 0.937 1.040 1.067 1.229 1.486 1.969 2.855 4.215
1.861 1.701 1.453 1.408 1.263 1.195 1.156 1.095 1.199 1.116 1.394 1.641 1.537 1.148 0.981 1.079 0.991 0.908 0.802 0.833 0.787 0.687 0.759 0.818 0.914 1.006 1.090 1.406 1.542 1.362 1.164 0.941 0.912 0.758 0.895 0.919 1.047 1.159 1.174 1.302 1.539 1.546 1.312 1.217 1.131 1.351 1.423 1.372 1.492 1.399 1.202 1.298 1.258 1.243 1.136 1.015 0.846 0.892 0.852 0.780 0.957 1.125 0.904 0.854 0.737 0.859 0.808 0.599 0.543 0.513 0.505 0.487 0.000 0.488 0.514 0.526 0.531 0.611 0.781 0.802 1.058 1.127 1.138 0.935 1.016 0.924 1.035 1.069 1.258 1.464 1.971 2.906 4.350
1.882 1.709 1.515 1.499 1.371 1.285 1.272 1.216 1.261 1.192 1.465 1.652 1.581 1.183 1.081 1.203 1.092 0.990 0.842 0.835 0.779 0.702 0.798 0.871 0.962 1.035 1.108 1.363 1.492 1.314 1.113 0.962 0.881 0.744 0.888 0.975 1.107 1.293 1.330 1.456 1.700 1.725 1.453 1.363 1.320 1.535 1.596 1.568 1.609 1.532 1.341 1.432 1.361 1.276 1.177 1.009 0.870 0.949 0.909 0.832 1.006 1.174 0.962 0.936 0.763 0.907 0.880 0.643 0.594 0.523 0.520 0.508 0.487 0.000 0.489 0.513 0.532 0.557 0.665 0.779 0.991 1.084 1.169 1.000 1.087 1.003 1.098 1.132 1.258 1.514 1.933 2.815 4.246
2.287 2.098 1.863 1.818 1.580 1.546 1.401 1.402 1.431 1.360 1.723 1.888 1.828 1.363 1.301 1.423 1.338 1.148 1.016 1.012 0.981 0.892 1.041 1.018 1.083 1.223 1.312 1.657 1.803 1.629 1.500 1.214 1.184 1.025 1.184 1.245 1.305 1.502 1.608 1.740 1.999 2.068 1.766 1.684 1.601 1.865 1.964 1.929 2.032 1.930 1.684 1.794 1.667 1.581 1.544 1.299 1.139 1.164 1.050 0.899 1.006 1.146 0.931 1.035 0.910 1.128 1.142 0.841 0.742 0.616 0.555 0.554 0.529 0.489 0.000 0.490 0.546 0.589 0.659 0.749 1.001 1.166 1.197 1.069 1.168 1.171 1.318 1.410 1.643 1.903 2.315 3.223 4.561
1.848 1.591 1.375 1.286 1.162 1.070 1.012 0.985 1.067 1.039 1.359 1.638 1.561 1.137 0.965 1.115 1.030 0.996 0.877 0.956 0.933 0.832 0.950 1.006 1.097 1.194 1.264 1.558 1.702 1.510 1.304 1.109 1.004 0.867 0.985 0.988 1.115 1.234 1.222 1.361 1.597 1.600 1.337 1.200 1.126 1.371 1.405 1.303 1.454 1.343 1.162 1.332 1.315 1.297 1.129 1.045 0.846 0.909 0.800 0.661 0.844 0.987 0.809 0.874 0.758 0.950 0.979 0.759 0.697 0.652 0.579 0.524 0.511 0.500 0.488 0.000 0.487 0.525 0.603 0.594 0.875 0.975 0.955 0.789 0.857 0.830 0.963 1.030 1.224 1.470 1.957 2.863 4.250
1.819 1.627 1.363 1.298 1.170 1.074 1.027 0.971 1.059 1.043 1.258 1.526 1.438 1.064 0.902 1.012 0.966 0.963 0.848 0.952 0.958 0.881 0.995 1.102 1.190 1.208 1.328 1.577 1.732 1.554 1.292 1.099 0.998 0.851 0.965 0.942 1.097 1.188 1.161 1.303 1.488 1.500 1.257 1.131 1.084 1.283 1.372 1.307 1.426 1.323 1.156 1.299 1.269 1.263 1.113 1.001 0.820 0.897 0.809 0.675 0.833 0.990 0.800 0.830 0.755 0.932 0.987 0.776 0.752 0.712 0.667 0.576 0.528 0.529 0.509 0.488 0.000 0.490 0.589 0.594 0.872 0.936 0.957 0.821 0.895 0.825 0.954 1.003 1.200 1.449 1.943 2.812 4.342
2.156 2.015 1.761 1.734 1.559 1.430 1.393 1.309 1.388 1.313 1.585 1.802 1.791 1.315 1.185 1.387 1.268 1.229 1.063 1.193 1.188 1.104 1.302 1.379 1.453 1.493 1.550 1.793 1.959 1.829 1.548 1.354 1.191 1.016 1.189 1.193 1.433 1.616 1.609 1.791 2.054 2.064 1.740 1.567 1.530 1.861 1.938 1.848 1.964 1.821 1.583 1.666 1.629 1.538 1.431 1.231 1.023 1.141 1.063 0.908 1.111 1.345 1.106 1.198 0.976 1.197 1.268 1.038 0.998 0.932 0.864 0.794 0.639 0.601 0.577 0.553 0.491 0.000 0.510 0.628 0.937 1.086 1.195 1.039 1.178 1.078 1.272 1.297 1.476 1.756 2.175 3.095 4.405
3.600 3.332 3.031 2.788 2.423 2.230 1.968 1.857 1.852 1.655 2.138 2.315 2.259 1.729 1.701 1.965 1.896 1.609 1.567 1.660 1.721 1.685 2.034 1.894 1.966 2.212 2.291 2.624 2.894 2.774 2.547 2.259 2.081 1.765 1.943 1.911 2.050 2.211 2.314 2.423 2.893 2.921 2.437 2.290 2.198 2.710 2.839 2.752 3.069 2.835 2.472 2.785 2.571 2.554 2.466 2.218 1.926 2.000 1.737 1.338 1.330 1.655 1.560 1.826 1.658 2.057 2.171 1.719 1.497 1.280 1.157 1.229 1.061 0.795 0.789 0.839 0.705 0.529 0.000 0.590 0.966 1.278 1.360 1.292 1.568 1.731 2.088 2.269 2.607 2.990 3.433 4.406 5.579
3.228 2.875 2.509 2.267 1.884 1.732 1.350 1.422 1.385 1.413 2.087 2.432 2.360 1.803 1.521 1.951 1.980 2.045 1.912 2.204 2.308 2.138 2.438 2.341 2.447 2.813 2.825 3.109 3.470 3.281 3.026 2.576 2.341 1.955 2.201 2.057 2.401 2.473 2.299 2.569 2.824 2.809 2.309 2.033 1.961 2.394 2.451 2.134 2.511 2.280 2.159 2.531 2.595 2.638 2.275 2.222 1.810 1.981 1.590 1.250 1.206 1.591 1.537 1.769 1.676 2.218 2.340 1.947 1.968 1.972 1.554 1.518 1.436 1.239 1.046 0.941 0.878 0.779 0.532 0.000 0.759 1.074 1.072 0.985 1.239 1.456 1.743 2.049 2.431 2.711 3.234 4.152 5.546
3.911 3.477 3.066 2.734 2.279 1.970 1.699 1.444 1.052 1.023 1.607 1.989 2.207 1.752 1.641 2.120 2.269 2.531 2.458 2.773 2.858 2.570 2.637 2.920 3.213 3.263 3.516 3.749 4.085 3.738 3.402 2.813 2.711 2.350 2.721 2.569 3.002 3.063 2.808 2.823 3.071 2.860 2.327 1.943 2.142 2.554 2.320 2.254 2.784 2.757 2.560 3.009 3.325 3.360 2.907 2.654 2.210 2.169 1.815 1.366 1.391 1.780 1.510 1.842 1.808 2.305 2.432 1.966 2.167 2.290 2.031 1.681 1.721 1.765 1.380 1.124 1.208 1.169 0.876 0.600 0.000 0.516 0.787 1.042 1.461 1.741 2.100 2.401 2.946 3.445 3.878 4.832 6.139
3.411 2.987 2.613 2.158 1.842 1.446 1.066 1.017 0.783 0.902 1.373 1.836 1.978 1.516 1.442 1.840 2.015 2.334 2.483 2.712 2.905 2.878 3.220 3.282 3.335 3.376 3.377 3.688 4.074 4.008 3.635 3.225 2.898 2.638 2.689 2.491 2.748 2.634 2.350 2.388 2.488 2.317 1.946 1.478 1.675 1.940 1.792 1.600 1.945 1.975 2.051 2.463 2.742 2.962 2.651 2.564 2.194 2.306 2.029 1.539 1.440 1.926 1.895 2.270 2.226 2.682 2.887 2.642 2.681 2.486 2.341 2.168 2.085 1.978 1.718 1.507 1.400 1.395 1.129 0.878 0.516 0.000 0.524 0.864 1.234 1.532 1.968 2.226 2.729 2.941 3.429 4.234 5.489
2.145 1.861 1.500 1.297 1.088 0.895 0.669 0.655 0.643 0.807 1.159 1.536 1.610 1.231 1.042 1.288 1.402 1.648 1.715 1.922 2.051 2.013 2.207 2.426 2.438 2.401 2.415 2.576 2.811 2.706 2.351 2.153 1.851 1.689 1.767 1.641 1.881 1.862 1.608 1.719 1.874 1.793 1.440 1.162 1.176 1.465 1.429 1.291 1.483 1.409 1.334 1.675 1.861 1.900 1.578 1.547 1.335 1.307 1.149 0.949 0.905 1.226 1.287 1.458 1.485 1.714 1.955 1.830 2.000 1.899 1.886 1.729 1.544 1.557 1.535 1.280 1.122 1.247 1.221 0.880 0.725 0.509 0.000 0.515 0.682 0.818 1.060 1.238 1.513 1.825 2.264 3.166 4.519
1.641 1.349 1.094 0.971 0.787 0.669 0.566 0.560 0.604 0.784 1.079 1.381 1.399 1.055 0.854 1.065 1.086 1.236 1.263 1.482 1.511 1.511 1.658 1.831 1.874 1.828 1.846 2.007 2.129 1.991 1.696 1.581 1.319 1.204 1.244 1.164 1.347 1.352 1.210 1.378 1.510 1.484 1.209 1.000 0.961 1.157 1.212 1.065 1.183 1.112 1.020 1.216 1.334 1.367 1.135 1.081 0.902 0.905 0.791 0.667 0.683 0.968 0.968 1.032 1.074 1.236 1.422 1.379 1.505 1.421 1.456 1.309 1.125 1.159 1.148 0.986 0.865 0.983 0.985 0.760 0.726 0.629 0.498 0.000 0.497 0.567 0.729 0.843 1.062 1.326 1.827 2.779 4.366
1.491 1.222 0.998 0.864 0.713 0.607 0.583 0.645 0.802 0.959 1.293 1.568 1.626 1.265 0.997 1.182 1.152 1.280 1.214 1.373 1.356 1.313 1.437 1.623 1.708 1.644 1.673 1.781 1.987 1.803 1.511 1.364 1.164 1.059 1.127 1.079 1.336 1.428 1.269 1.457 1.606 1.587 1.333 1.118 1.031 1.238 1.273 1.101 1.210 1.096 1.014 1.187 1.329 1.244 1.028 0.927 0.769 0.744 0.668 0.569 0.576 0.834 0.804 0.901 0.902 1.059 1.252 1.218 1.322 1.340 1.361 1.213 1.063 1.143 1.156 0.940 0.889 1.045 1.059 0.802 0.861 0.823 0.645 0.493 0.000 0.499 0.601 0.716 0.903 1.187 1.657 2.601 4.124
1.321 1.011 0.760 0.672 0.561 0.541 0.559 0.653 0.836 0.955 1.248 1.540 1.524 1.115 0.890 1.011 0.966 1.013 0.951 1.093 1.100 1.064 1.147 1.320 1.392 1.343 1.382 1.567 1.730 1.545 1.265 1.119 0.940 0.850 0.908 0.890 1.068 1.128 1.048 1.220 1.413 1.429 1.173 1.023 0.901 1.078 1.144 0.984 1.055 0.893 0.826 0.982 1.056 1.044 0.824 0.754 0.586 0.605 0.548 0.536 0.584 0.814 0.731 0.728 0.758 0.855 1.012 0.969 1.039 1.075 1.096 0.992 0.864 0.945 0.986 0.842 0.766 0.933 1.006 0.823 0.939 0.919 0.734 0.565 0.493 0.000 0.496 0.546 0.734 1.033 1.544 2.466 3.958
1.190 0.862 0.627 0.599 0.566 0.639 0.761 0.880 1.089 1.152 1.481 1.734 1.699 1.315 1.073 1.190 1.069 1.122 0.977 1.108 1.088 1.080 1.211 1.336 1.390 1.345 1.356 1.525 1.696 1.544 1.247 1.143 0.929 0.848 0.896 0.899 1.118 1.222 1.196 1.385 1.591 1.672 1.390 1.214 1.061 1.262 1.334 1.141 1.196 0.981 0.889 1.024 1.084 1.011 0.770 0.656 0.546 0.550 0.549 0.573 0.702 0.878 0.786 0.769 0.745 0.880 1.046 0.994 1.102 1.092 1.156 1.075 0.909 1.015 1.045 0.893 0.865 1.049 1.105 0.935 1.107 1.122 0.972 0.741 0.601 0.494 0.000 0.496 0.581 0.910 1.427 2.448 4.079
1.050 0.826 0.638 0.657 0.660 0.767 0.893 1.033 1.270 1.351 1.762 1.998 1.976 1.550 1.249 1.379 1.276 1.301 1.136 1.253 1.196 1.234 1.360 1.581 1.547 1.429 1.417 1.544 1.695 1.609 1.319 1.230 0.992 0.891 0.921 0.947 1.214 1.338 1.439 1.617 1.860 1.880 1.637 1.407 1.242 1.472 1.554 1.340 1.370 1.110 0.936 1.048 1.110 0.964 0.746 0.641 0.580 0.617 0.680 0.743 0.846 1.047 0.953 0.924 0.918 1.000 1.224 1.216 1.317 1.303 1.434 1.273 1.089 1.245 1.290 1.100 1.080 1.281 1.334 1.126 1.306 1.345 1.138 0.928 0.724 0.597 0.500 0.000 0.494 0.758 1.246 2.326 4.109
1.075 0.803 0.735 0.922 1.083 1.248 1.519 1.586 1.884 1.898 2.298 2.472 2.397 1.946 1.657 1.781 1.540 1.542 1.366 1.586 1.535 1.603 1.846 2.063 2.024 1.962 1.912 1.982 2.213 2.140 1.687 1.595 1.248 1.099 1.119 1.181 1.494 1.616 1.641 1.979 2.267 2.382 2.125 1.958 1.650 1.943 2.106 1.833 1.832 1.432 1.187 1.193 1.324 1.126 0.752 0.672 0.692 0.798 0.970 1.097 1.297 1.493 1.384 1.272 1.185 1.272 1.561 1.584 1.741 1.651 1.765 1.678 1.417 1.540 1.629 1.460 1.424 1.637 1.704 1.562 1.859 1.881 1.732 1.418 1.324 0.957 0.785 0.511 0.000 0.535 1.043 2.192 4.055
1.517 1.127 1.144 1.706 2.153 2.633 3.427 3.990 4.940 5.163 5.786 6.454 5.905 5.175 4.320 4.245 3.667 3.602 3.136 3.596 3.481 3.717 4.068 4.962 4.578 4.231 3.857 3.879 4.441 4.449 3.721 3.535 2.713 2.624 2.429 2.466 3.129 3.454 3.542 4.379 4.734 5.205 4.816 4.495 3.624 3.900 4.639 3.795 3.351 2.689 2.349 1.963 2.403 1.984 1.341 1.421 1.852 1.738 2.123 2.814 3.091 3.073 3.051 2.539 2.793 2.550 3.324 3.716 4.143 3.993 4.697 4.084 3.509 4.111 4.468 3.829 3.880 4.912 4.874 4.191 5.174 5.240 4.577 3.757 3.125 2.356 1.718 1.331 0.577 0.000 0.689 1.919 3.365
2.310 2.441 2.740 3.250 3.830 4.089 4.866 5.256 6.166 6.203 7.537 8.063 7.996 6.697 5.502 6.072 5.330 5.489 5.117 5.945 6.190 7.083 8.145 9.415 8.617 7.609 6.437 6.271 7.145 7.757 6.275 6.748 4.795 4.453 3.795 3.408 4.649 5.643 5.652 6.740 7.938 8.485 7.157 6.134 5.240 6.220 7.213 6.128 5.706 4.407 3.042 3.302 3.644 3.047 2.101 2.608 3.134 3.813 4.576 4.445 5.052 6.363 6.209 6.189 5.499 5.655 7.077 7.356 8.378 7.329 8.492 8.123 6.295 6.835 7.408 6.535 5.783 6.875 7.172 5.920 6.715 6.257 5.984 4.874 4.600 3.407 3.282 2.189 1.628 0.716 0.000 0.912 2.278
3.373 4.452 5.489 7.275 9.344 10.789 12.580 13.506 15.028 14.999 16.908 17.237 16.624 15.106 13.883 14.333 12.423 12.059 10.196 10.415 9.986 9.826 10.217 12.223 12.467 10.672 10.341 9.380 10.529 10.958 8.637 8.473 6.357 7.116 6.902 7.779 9.998 12.153 12.343 14.320 15.489 16.374 15.680 14.325 12.885 13.931 14.847 13.414 12.325 10.009 8.468 7.575 7.811 6.247 4.915 4.312 6.171 5.873 7.712 9.509 10.852 10.861 9.926 8.199 7.822 6.969 8.146 8.980 10.934 11.394 12.553 11.160 10.018 12.060 12.299 10.898 11.721 13.181 13.532 12.871 14.543 15.028 14.420 12.648 11.671 9.290 7.568 5.147 3.309 2.202 0.852 0.000 1.011
5.519 5.424 6.828 8.184 11.183 12.534 15.596 17.101 19.381 20.213 21.623 22.429 21.835 20.674 18.895 18.746 17.195 17.557 15.911 15.618 15.272 16.062 17.056 18.752 17.874 16.198 14.813 13.557 14.728 15.709 13.881 14.520 12.725 12.952 11.966 12.709 14.405 16.613 16.048 19.046 19.716 20.541 19.795 18.943 16.313 17.898 18.785 16.999 15.289 12.183 11.603 10.261 11.443 8.752 8.323 8.954 10.852 11.085 12.926 15.101 16.282 16.175 16.056 14.833 14.280 13.022 15.234 16.507 18.284 18.233 19.683 18.879 17.043 18.861 19.527 17.980 18.088 19.714 20.099 18.735 20.244 20.249 19.151 17.191 15.291 12.622 10.335 8.270 6.308 4.145 2.478 1.082 0.007
