81.676
89.827
91.210
92.965
94.537
94.920
95.428
94.920
94.679
92.007
88.787
88.973
93.885
96.210
96.038
96.665
96.343
96.295
95.494
94.994
95.264
95.426
95.695
94.697
93.324
91.027
88.335
87.701
91.175
91.654
93.712
93.802
95.449
94.093
94.915
94.535
95.310
95.508
95.576
94.564
93.439
94.915
95.013
95.562
95.427
94.822
94.170
93.642
93.448
93.569
92.200
92.073
90.714
92.906
93.662
95.575
95.157
95.712
96.115
94.805
93.168
95.108
95.613
95.938
94.580
94.639
96.203
96.318
96.337
96.335
96.447
96.882
96.673
96.372
96.394
96.811
95.237
94.137
94.386
92.756
93.921
94.803
95.452
95.490
95.985
94.712
94.300
92.446
88.142
76.450
69.992
60.977
56.246
