76.620
85.370
86.053
87.171
86.810
88.966
91.853
93.048
93.250
94.064
94.194
92.546
90.412
93.855
94.545
94.189
92.818
92.165
94.507
94.887
95.096
95.310
95.139
95.674
95.376
95.083
95.049
94.960
93.529
92.622
91.917
89.098
89.934
90.482
91.402
92.187
92.130
91.928
91.188
89.786
83.225
67.582
67.565
67.255
75.508
83.249
87.520
87.181
88.952
88.103
89.902
88.278
88.509
87.570
81.918
79.078
78.782
85.699
89.523
88.175
91.226
93.310
94.894
94.444
93.438
93.828
93.399
93.915
93.498
90.821
88.954
87.699
88.056
88.945
90.197
91.969
92.604
93.664
92.700
92.485
92.437
91.437
89.120
87.298
84.337
79.533
80.817
81.903
82.931
79.697
67.402
53.049
43.607
