0.000 1.297 2.978 5.837 7.700 11.102 13.502 15.762 17.203 18.333 18.418 19.061 19.967 20.732 19.732 19.535 18.903 18.058 17.097 16.476 15.026 10.959 8.833 6.924 8.398 8.644 9.587 9.170 11.347 13.126 14.156 15.344 16.316 17.049 17.488 18.394 18.672 18.641 18.909 18.711 18.806 19.347 20.148 20.270 19.510 19.130 18.172 17.871 17.683 16.249 16.680 16.932 16.650 15.877 16.709 16.273 14.236 12.532 13.639 15.875 15.360 15.974 16.622 16.655 16.563 17.098 17.727 17.901 17.884 17.653 17.108 17.571 17.068 15.077 14.544 15.203 16.499 17.387 17.108 18.192 18.488 18.063 17.771 17.230 16.537 16.694 15.662 14.484 14.553 14.329 12.057 10.132 9.405
1.082 0.000 1.261 2.821 4.699 6.890 9.237 12.837 13.937 14.768 15.395 15.795 16.758 17.341 16.398 16.495 16.389 15.251 15.463 13.829 11.877 10.225 8.007 5.855 7.862 7.891 9.464 8.873 10.128 13.008 14.388 15.806 15.450 16.057 16.295 16.351 15.633 15.789 16.393 16.118 16.786 16.736 17.132 16.849 16.775 16.115 15.719 16.233 16.267 14.923 16.387 17.083 16.045 15.452 15.594 15.017 13.602 11.177 14.194 15.236 14.613 15.123 16.335 16.091 16.838 15.956 16.465 16.017 16.324 15.819 15.521 15.287 13.824 11.828 10.264 11.854 14.971 14.569 14.963 15.961 15.366 15.973 15.738 16.183 14.729 14.161 14.043 13.803 13.438 12.398 10.293 9.714 8.769
2.449 0.679 0.000 0.783 1.401 2.355 2.811 4.633 5.349 6.021 6.179 7.140 7.662 7.503 7.574 6.925 8.194 7.050 7.441 9.395 9.301 10.860 7.248 6.580 6.710 8.684 9.139 8.243 9.258 9.294 9.487 9.432 10.093 9.955 10.155 10.481 10.270 10.714 11.423 10.618 10.427 10.614 10.165 10.278 9.989 10.221 9.616 9.345 9.386 9.294 9.718 9.630 9.667 10.632 10.537 10.437 8.550 8.267 7.900 9.618 9.414 8.224 8.469 7.752 7.900 7.745 9.463 9.167 7.886 8.456 8.102 8.990 7.714 7.919 6.454 7.647 9.935 9.616 9.636 10.112 9.899 9.846 10.468 10.013 10.340 10.365 9.898 10.238 9.709 8.393 8.865 8.146 7.849
2.732 1.590 0.583 0.000 0.550 0.897 1.110 1.703 1.994 2.545 3.389 3.936 4.589 5.049 4.863 4.598 5.852 5.684 6.321 6.910 8.061 12.098 5.787 5.483 5.915 5.919 6.949 6.552 7.150 5.121 5.228 5.491 6.003 5.328 5.915 5.723 6.132 6.568 6.626 5.619 6.009 5.311 5.105 5.497 5.979 5.676 5.557 6.504 5.238 6.176 5.687 6.382 6.599 7.201 6.794 7.479 5.702 7.257 5.964 8.370 7.542 7.541 7.075 5.866 5.783 4.851 5.926 5.821 5.035 4.719 4.802 5.473 5.575 6.799 5.717 4.392 6.326 5.935 4.924 5.483 5.426 5.959 5.402 5.591 6.047 5.976 6.069 5.929 6.286 6.319 5.575 6.247 5.389
2.983 1.843 0.878 0.518 0.000 0.527 0.661 0.985 1.186 1.645 2.145 3.056 3.774 3.956 4.102 3.508 5.151 4.707 5.913 7.201 8.809 12.117 8.083 5.545 5.763 6.238 6.926 6.547 10.564 5.764 4.760 5.260 5.689 5.563 5.516 6.126 4.953 5.536 5.493 5.081 4.893 5.047 4.846 5.010 5.311 5.177 5.293 5.790 5.611 5.959 5.458 6.136 4.985 5.802 5.492 6.840 5.829 5.966 5.305 5.701 7.048 6.256 5.860 5.692 5.362 5.349 5.322 4.392 4.791 4.690 5.662 4.735 5.595 6.645 9.582 7.783 7.310 4.688 5.399 5.703 4.915 5.894 5.688 5.653 6.199 6.865 6.549 6.500 7.717 8.247 8.769 8.546 8.562
2.923 2.219 1.209 0.842 0.513 0.000 0.523 0.730 0.945 1.222 1.643 2.472 3.156 3.582 3.431 3.896 5.809 5.336 7.014 12.296 9.037 8.525 6.056 6.836 5.781 7.167 7.112 6.089 6.912 5.551 5.090 5.559 4.823 4.490 4.730 4.585 4.535 5.201 5.215 4.460 4.804 4.018 4.022 4.188 4.807 4.483 4.558 5.176 4.782 4.533 4.188 4.826 5.178 6.014 5.826 6.092 7.024 6.796 5.589 7.077 7.345 8.401 5.475 5.642 5.656 4.318 4.272 3.277 4.251 3.222 6.049 3.728 7.731 4.689 8.159 5.891 7.909 5.630 5.243 4.709 5.475 5.201 4.746 5.167 5.175 6.354 5.609 5.942 7.838 6.946 6.819 7.522 6.991
3.642 2.494 1.408 1.100 0.794 0.517 0.000 0.517 0.713 1.097 1.490 2.287 2.821 2.904 2.741 2.552 3.542 4.163 7.425 10.474 8.995 5.927 8.963 5.786 6.440 6.065 6.193 5.981 4.763 4.828 4.367 4.040 4.479 3.704 4.030 4.065 3.563 3.814 3.664 3.140 3.773 3.456 3.569 3.356 4.034 3.720 3.630 4.905 3.310 3.683 3.688 4.489 3.570 4.212 4.437 5.447 5.188 5.280 4.439 5.050 5.185 6.090 4.924 4.459 3.400 3.484 3.376 3.536 3.086 3.287 5.102 4.411 5.489 5.282 3.499 8.093 6.713 4.109 6.083 4.575 3.508 4.545 3.620 3.667 4.214 4.875 4.908 5.032 5.246 5.383 3.678 5.117 6.020
4.174 3.082 1.846 1.378 0.981 0.688 0.511 0.000 0.513 0.748 1.119 2.083 2.881 3.066 3.077 3.161 5.000 3.906 6.434 8.878 5.159 7.979 5.351 5.903 5.539 5.712 6.715 6.902 5.519 6.766 4.269 4.146 3.729 4.029 3.865 4.237 3.938 3.865 3.583 3.202 4.051 3.180 3.175 3.307 4.341 4.198 3.576 4.402 3.496 3.612 3.906 3.509 3.960 4.447 4.457 5.362 5.287 5.758 4.144 5.226 4.739 5.517 4.598 3.693 4.241 3.139 3.739 3.478 3.514 3.228 4.321 6.035 4.274 7.829 6.372 5.349 7.303 4.923 4.767 5.396 3.598 4.117 4.465 4.795 4.104 5.858 5.048 5.430 6.549 5.159 5.914 6.552 5.405
5.271 4.181 2.388 1.862 1.268 1.043 0.761 0.530 0.000 0.507 0.841 1.703 2.698 2.583 2.404 1.955 3.591 4.777 7.139 9.539 7.748 5.828 5.988 6.795 6.995 7.027 6.361 7.316 7.130 6.197 5.195 4.835 5.485 4.151 3.760 3.968 3.713 3.829 3.881 3.282 3.296 2.841 2.902 3.042 3.847 3.513 3.696 4.881 3.620 4.198 4.496 4.549 3.973 5.333 5.126 5.551 6.420 5.638 5.250 5.493 5.703 6.031 5.027 4.361 4.288 4.129 3.443 3.685 1.875 3.071 7.481 2.758 4.608 3.995 5.908 6.912 7.126 5.220 4.552 4.394 4.084 4.483 4.067 4.369 4.677 5.884 6.052 6.040 5.872 6.318 6.380 6.887 5.486
5.971 4.912 3.775 3.417 2.209 1.952 1.290 1.064 0.545 0.000 0.561 1.318 2.331 2.544 2.248 1.790 4.151 2.969 4.697 5.448 4.477 5.301 5.965 5.623 6.618 6.407 6.293 5.924 5.337 5.774 4.327 5.549 3.948 4.295 4.417 4.465 4.181 4.239 4.241 4.150 4.030 3.641 3.926 3.846 3.191 3.833 2.872 4.045 3.425 3.170 4.173 5.034 4.342 5.357 5.483 5.877 5.932 4.973 4.729 5.534 5.245 5.516 5.626 3.945 3.360 3.448 3.706 3.307 2.204 2.424 2.786 2.924 4.071 4.211 4.666 4.732 6.197 4.497 4.873 3.746 3.713 4.786 4.206 4.175 4.786 5.302 4.636 5.194 4.451 5.752 4.642 5.267 4.788
9.828 8.995 8.118 7.131 6.228 4.924 3.404 2.626 1.795 0.634 0.000 0.951 2.241 2.861 2.465 2.125 2.791 4.385 6.002 6.924 7.795 8.362 8.743 8.683 9.527 10.025 9.258 8.408 7.850 7.379 6.968 6.711 5.720 6.131 5.879 6.798 6.824 7.419 6.999 6.532 5.787 5.338 5.819 6.446 5.666 6.041 4.928 4.890 4.538 5.098 5.267 5.749 5.591 7.334 7.368 8.301 8.011 7.513 6.824 7.072 7.505 7.499 6.748 4.823 4.659 3.180 3.999 3.495 2.266 3.020 4.109 4.008 4.914 6.492 6.002 5.419 6.366 5.226 6.439 5.055 5.559 6.697 6.789 7.432 7.275 7.250 6.970 7.184 7.547 7.071 7.326 7.604 7.844
10.712 10.336 9.982 9.249 7.742 7.730 4.849 5.025 3.468 2.869 0.810 0.000 1.878 3.324 4.142 4.325 5.425 5.734 8.023 7.460 8.796 8.128 9.419 9.787 10.399 11.057 11.391 9.984 8.256 9.086 7.899 8.487 7.478 9.274 9.765 10.341 11.472 12.524 12.241 10.403 10.276 9.319 10.469 10.174 8.984 9.571 7.792 7.447 6.355 5.712 7.702 8.681 8.794 10.616 11.073 11.930 10.624 8.874 8.201 9.312 10.448 8.428 8.514 6.742 4.989 5.249 5.808 4.919 3.668 4.770 5.162 7.164 8.249 7.882 9.139 10.407 10.890 10.623 9.519 10.240 10.327 11.206 12.344 11.287 12.136 11.720 9.909 10.560 11.454 9.984 8.708 10.390 10.594
18.312 17.589 17.516 16.804 15.547 14.196 11.648 9.322 6.880 5.084 3.270 1.463 0.000 1.148 3.706 5.030 8.035 8.426 10.976 12.304 14.279 15.082 15.650 16.235 16.811 17.460 17.011 15.376 14.804 14.360 12.791 11.486 9.598 9.826 9.896 10.587 12.273 13.246 12.480 11.141 9.702 8.733 10.862 11.750 9.456 10.503 7.403 7.706 6.883 7.374 9.157 11.387 12.071 14.752 15.483 16.330 15.643 14.979 13.727 14.544 15.263 14.140 13.167 10.335 9.199 7.412 7.634 5.848 5.595 5.303 6.916 8.348 10.242 11.751 13.696 13.833 13.146 11.793 10.050 9.707 11.079 11.265 12.088 11.399 13.209 12.472 11.167 12.096 13.314 12.420 12.542 13.856 14.746
13.345 12.960 12.253 12.492 11.794 11.021 8.700 7.543 5.176 3.497 2.596 2.283 1.118 0.000 0.780 1.783 2.770 3.975 5.405 6.461 7.935 8.719 9.959 10.523 11.347 12.165 11.976 10.631 9.404 9.630 8.444 8.528 7.315 7.631 7.500 8.018 8.974 9.185 9.055 8.329 7.252 7.332 7.576 8.031 6.864 7.267 6.087 6.276 5.784 6.121 6.875 8.409 8.306 9.753 10.893 11.578 10.830 9.919 8.770 9.705 10.086 8.589 8.630 6.838 5.916 5.352 5.894 4.905 4.214 4.332 5.086 5.015 6.428 7.207 7.924 8.099 8.097 7.371 7.053 6.815 8.026 8.361 9.252 8.933 9.842 9.253 8.430 9.337 9.572 8.886 8.553 9.825 10.360
12.390 11.737 11.137 11.676 10.138 11.391 7.587 7.292 4.780 3.087 2.497 2.059 2.059 0.679 0.000 0.784 1.495 2.353 3.082 4.283 5.496 6.636 7.584 8.644 9.036 9.851 9.749 8.595 7.633 7.687 6.566 6.940 5.970 6.314 5.803 6.383 7.018 8.040 7.531 6.172 5.781 5.090 5.343 6.025 5.070 5.617 4.787 5.037 4.747 5.045 5.573 6.607 6.412 7.787 8.355 8.906 8.213 7.642 6.341 7.218 7.413 6.031 5.960 4.682 4.415 4.264 4.600 3.928 3.236 3.510 4.345 4.314 5.125 5.768 6.568 6.503 6.991 5.928 5.832 5.342 6.318 7.191 7.987 7.791 8.696 8.593 6.947 8.104 8.427 7.953 7.626 8.706 9.311
7.962 7.489 7.238 6.958 7.283 5.580 5.380 4.227 4.280 2.479 1.638 1.857 2.083 1.617 0.645 0.000 0.619 1.024 1.402 1.992 2.439 3.025 3.714 4.122 4.775 5.366 5.211 4.352 3.854 4.018 3.763 3.736 3.579 3.801 3.787 4.009 4.465 5.064 4.987 4.402 4.094 3.788 4.210 4.435 3.662 3.756 3.071 3.002 2.729 2.799 3.424 3.806 3.798 4.383 4.727 5.012 4.523 4.087 3.664 4.060 4.301 3.511 3.407 2.661 2.389 2.533 2.795 2.424 2.093 1.951 2.023 1.994 2.260 2.432 2.607 2.749 2.869 2.772 2.987 3.133 3.768 3.947 4.552 4.384 4.709 4.304 3.667 4.128 4.012 3.500 3.610 4.148 4.263
6.468 6.331 5.594 6.683 5.377 5.827 4.341 4.632 3.688 2.261 1.776 1.891 2.169 1.798 1.105 0.544 0.000 0.551 0.835 1.088 1.358 1.644 1.964 2.247 2.602 2.968 2.903 2.425 2.177 2.308 2.030 2.140 1.863 2.135 2.044 2.161 2.390 2.663 2.641 2.387 2.401 2.426 2.693 2.561 2.104 2.032 1.692 1.634 1.602 1.708 1.977 2.220 2.176 2.498 2.634 2.694 2.454 2.167 1.917 2.227 2.246 1.896 1.951 1.561 1.509 1.690 1.801 1.649 1.434 1.228 1.318 1.280 1.519 1.732 2.024 2.007 1.989 1.749 1.806 1.808 2.196 2.354 2.484 2.503 2.743 2.574 2.189 2.462 2.578 2.368 2.349 2.584 3.252
7.098 6.725 6.075 5.437 6.478 6.623 6.975 5.580 5.904 1.422 1.699 2.064 2.466 2.100 1.346 0.889 0.514 0.000 0.520 0.792 1.051 1.385 1.671 2.064 2.365 2.741 2.843 2.338 1.961 2.195 2.094 2.311 2.129 2.513 2.438 2.634 2.875 3.187 3.158 2.868 2.763 2.659 2.938 2.850 2.347 2.454 1.969 1.816 1.803 1.815 2.215 2.392 2.282 2.610 2.870 2.825 2.450 2.075 1.926 2.225 2.258 1.856 2.154 1.604 1.504 1.806 2.002 1.804 1.423 1.293 1.263 1.289 1.469 1.606 1.723 1.957 2.082 1.886 1.947 2.119 2.508 2.706 2.974 2.845 3.060 2.693 2.370 2.678 2.598 2.284 2.207 2.579 3.015
7.123 7.005 5.676 7.489 7.103 9.139 8.079 5.269 3.570 2.133 2.074 2.553 2.895 2.537 1.788 1.262 0.826 0.522 0.000 0.531 0.771 1.017 1.392 1.667 2.054 2.372 2.528 1.998 1.628 1.845 1.744 2.012 1.838 2.160 2.203 2.130 2.383 2.668 2.756 2.604 2.555 2.673 2.955 2.709 2.342 2.144 1.828 1.687 1.718 1.682 2.047 2.200 1.916 2.262 2.390 2.345 1.993 1.641 1.503 1.835 1.806 1.525 1.668 1.356 1.377 1.678 1.970 1.917 1.530 1.431 1.238 1.250 1.296 1.394 1.504 1.650 1.656 1.567 1.630 1.856 2.147 2.155 2.425 2.455 2.547 2.284 1.998 2.202 2.199 2.021 1.942 2.221 2.807
7.006 7.019 5.258 8.754 7.802 7.489 3.774 3.021 2.964 1.943 1.995 2.435 2.810 2.545 1.865 1.306 0.942 0.711 0.514 0.000 0.524 0.710 1.000 1.253 1.591 1.992 2.081 1.646 1.369 1.589 1.593 1.763 1.750 2.103 2.193 2.338 2.637 2.827 2.878 2.668 2.563 2.672 2.838 2.732 2.291 2.281 1.864 1.700 1.670 1.630 1.915 1.911 1.746 1.964 2.135 2.053 1.726 1.412 1.273 1.632 1.631 1.352 1.546 1.285 1.195 1.527 1.829 1.802 1.424 1.449 1.295 1.173 1.275 1.305 1.565 1.763 1.622 1.616 1.681 1.938 2.171 2.349 2.644 2.443 2.557 2.371 2.048 2.130 2.127 1.871 1.807 2.174 2.716
6.588 6.779 6.797 10.633 17.669 10.168 5.817 2.926 3.251 2.617 2.267 2.683 2.964 2.783 2.072 1.604 1.257 0.983 0.751 0.509 0.000 0.521 0.731 1.025 1.339 1.767 1.869 1.398 1.184 1.356 1.457 1.741 1.736 2.053 2.195 2.244 2.461 2.670 2.659 2.590 2.551 2.734 3.001 2.866 2.514 2.265 1.989 1.746 1.812 1.636 1.904 1.892 1.610 1.761 1.906 1.799 1.483 1.150 1.167 1.404 1.400 1.235 1.357 1.297 1.251 1.620 1.828 1.948 1.606 1.624 1.387 1.566 1.467 1.460 1.657 1.631 1.641 1.662 1.737 2.124 2.228 2.248 2.463 2.415 2.430 2.234 2.016 2.100 2.054 1.884 1.808 2.029 2.827
7.332 6.659 4.929 7.985 13.223 7.710 5.126 4.436 4.133 3.088 2.459 2.865 3.121 2.921 2.204 1.728 1.431 1.209 0.930 0.707 0.507 0.000 0.517 0.788 1.124 1.502 1.603 1.210 0.942 1.211 1.299 1.500 1.584 1.931 2.091 2.174 2.498 2.677 2.650 2.511 2.446 2.570 2.795 2.705 2.351 2.252 1.904 1.691 1.701 1.483 1.678 1.635 1.438 1.583 1.720 1.678 1.368 0.985 1.020 1.315 1.389 1.175 1.401 1.402 1.267 1.543 1.708 1.799 1.556 1.636 1.364 1.602 1.506 1.224 1.607 1.642 1.620 1.782 1.756 2.131 2.290 2.302 2.421 2.255 2.330 2.176 1.939 1.875 1.965 1.772 1.735 1.910 2.700
7.331 7.978 12.790 11.458 9.577 7.861 5.466 4.117 4.411 3.868 3.133 3.368 3.595 3.431 2.808 2.240 1.942 1.667 1.399 1.061 0.794 0.516 0.000 0.520 0.788 1.256 1.490 1.082 1.058 1.309 1.580 1.853 2.071 2.468 2.695 2.895 3.213 3.384 3.331 3.260 3.181 3.367 3.635 3.445 3.231 3.017 2.616 2.483 2.327 1.973 2.181 2.050 1.691 1.749 1.900 1.801 1.385 1.040 1.186 1.464 1.513 1.422 1.631 1.697 1.627 1.937 2.227 2.331 2.100 2.223 1.970 2.227 2.173 1.797 2.196 2.182 2.338 2.511 2.458 2.804 2.905 3.084 3.185 2.975 2.938 2.896 2.460 2.456 2.501 2.273 2.040 2.028 2.914
5.764 4.819 7.645 10.788 8.880 7.287 5.954 5.294 4.577 4.757 4.046 4.246 4.557 4.408 3.800 3.193 2.772 2.358 1.925 1.575 1.163 0.811 0.523 0.000 0.550 0.938 1.268 1.054 1.074 1.507 1.837 2.111 2.613 2.977 3.210 3.438 4.035 4.199 3.920 3.897 3.728 3.887 4.318 4.456 3.967 3.822 3.357 2.904 2.897 2.468 2.676 2.496 2.072 2.054 2.268 2.046 1.558 1.350 1.590 1.873 1.824 1.807 2.210 2.179 2.346 2.667 2.809 3.109 2.898 3.010 2.640 2.917 2.550 2.345 2.343 2.462 2.884 3.161 2.920 3.547 3.794 3.606 3.698 3.300 3.201 3.177 2.943 2.690 2.800 3.172 2.406 2.303 3.297
5.503 4.493 4.933 7.401 7.172 5.167 5.604 5.733 5.767 5.213 4.962 5.271 5.781 6.010 5.154 4.839 3.979 3.596 2.681 2.285 1.809 1.384 1.057 0.682 0.000 0.630 1.034 1.176 1.391 1.898 2.254 2.835 3.377 3.943 4.384 4.464 4.924 5.119 5.037 5.053 4.898 5.337 5.702 5.788 5.186 4.792 4.268 3.788 3.822 3.362 3.712 3.688 2.795 2.702 3.052 2.709 2.107 1.630 2.185 2.588 2.627 2.571 3.275 3.254 3.045 3.731 3.878 4.493 3.733 3.920 3.379 3.512 3.034 2.868 2.826 3.331 3.429 3.794 3.636 4.215 4.659 4.556 4.606 4.237 4.006 3.914 3.507 3.453 3.289 3.077 2.708 2.666 3.464
6.392 5.793 6.449 7.029 8.674 9.525 7.212 8.437 7.470 6.659 6.332 6.664 7.114 6.970 6.501 5.992 5.550 5.049 4.308 3.610 2.915 2.093 1.679 1.142 0.578 0.000 0.688 1.291 1.777 2.092 2.685 3.343 3.860 4.537 5.119 5.582 6.015 6.175 6.111 5.952 5.821 6.388 6.854 6.959 6.575 6.081 5.461 4.875 4.658 4.185 4.306 3.998 3.416 3.047 3.343 2.908 2.388 1.999 2.598 3.178 3.001 3.033 3.904 4.014 3.794 4.583 4.637 5.358 4.852 5.032 4.482 5.147 4.859 4.142 4.182 5.072 4.965 5.505 5.085 5.634 5.952 5.675 5.509 5.082 4.742 4.823 4.402 3.886 4.183 4.052 3.452 3.301 4.137
6.964 8.000 8.385 8.418 9.819 10.316 7.688 8.616 6.731 6.747 6.339 6.400 6.790 7.090 6.630 6.400 5.983 5.507 5.238 4.244 4.116 2.964 2.551 1.794 1.200 0.628 0.000 0.787 1.437 2.071 2.316 2.555 2.955 3.541 4.123 4.339 4.978 4.943 4.816 4.719 4.668 5.186 5.481 5.644 5.179 4.857 4.375 3.854 3.796 3.428 3.665 3.383 3.056 2.812 3.221 3.160 2.488 2.472 2.814 3.247 3.452 3.469 4.146 4.431 3.735 4.412 4.170 4.693 4.272 4.441 3.904 4.868 4.674 4.036 4.513 5.418 4.914 5.304 4.508 4.985 5.244 4.767 4.581 4.115 4.141 4.251 3.809 3.238 3.795 3.892 3.020 3.125 4.330
6.584 5.498 5.441 7.072 7.845 6.397 6.277 6.426 5.472 4.400 3.995 4.424 4.709 4.632 4.047 3.203 2.946 2.442 2.304 1.994 1.997 1.356 1.538 1.241 1.269 1.094 0.730 0.000 0.578 1.219 1.560 2.097 2.687 3.401 3.768 3.998 4.512 4.714 4.475 4.349 4.272 4.377 5.092 5.148 4.438 4.394 3.785 3.203 3.132 2.526 2.913 2.507 1.999 1.976 2.266 2.207 1.561 1.284 1.427 1.967 2.031 2.006 2.265 2.298 2.109 2.603 2.912 3.274 2.940 3.056 2.593 2.965 2.877 2.545 2.692 3.260 3.362 3.563 3.486 3.875 4.317 4.234 4.131 3.945 3.843 3.781 3.250 2.858 3.329 3.043 2.316 2.364 3.353
6.436 6.347 6.943 5.704 8.406 5.403 5.709 4.514 3.486 3.345 2.866 3.156 3.422 3.457 2.791 2.301 2.128 1.949 1.821 1.536 1.473 1.168 1.267 1.144 1.184 1.298 1.077 0.529 0.000 0.521 0.662 1.009 1.284 1.620 1.917 2.042 2.391 2.502 2.443 2.466 2.353 2.496 2.930 2.913 2.487 2.291 1.949 1.644 1.556 1.181 1.326 1.132 0.880 0.998 1.181 1.251 0.946 0.870 0.809 0.966 1.294 1.410 1.459 1.501 1.230 1.387 1.392 1.637 1.575 1.621 1.472 1.803 1.736 1.521 1.846 2.082 1.911 1.976 1.831 2.175 2.419 2.172 2.216 2.072 2.042 1.964 1.674 1.532 1.664 1.684 1.298 1.641 2.519
5.383 5.335 6.292 5.933 6.468 5.180 4.897 4.418 4.623 3.230 2.911 2.986 3.187 3.349 2.774 2.446 2.312 2.236 2.094 1.896 1.833 1.468 1.451 1.244 1.438 1.522 1.399 0.749 0.523 0.000 0.521 0.769 1.209 1.516 1.935 2.231 2.455 2.539 2.478 2.392 2.149 2.340 2.613 2.741 2.431 2.328 2.049 1.725 1.457 1.041 1.023 0.822 0.680 0.836 1.111 1.290 0.959 0.980 0.885 1.057 1.299 1.433 1.461 1.578 1.240 1.256 1.142 1.390 1.568 1.632 1.655 2.015 1.980 1.852 1.993 2.373 2.236 2.316 2.197 2.535 2.709 2.459 2.425 2.428 2.313 2.227 2.068 1.712 2.019 1.996 1.541 1.760 2.448
7.104 6.384 5.779 7.570 8.891 4.943 4.630 3.706 3.791 2.555 2.111 2.360 2.707 2.620 2.045 1.682 1.588 1.454 1.510 1.318 1.316 1.290 1.227 1.183 1.345 1.531 1.395 0.934 0.646 0.506 0.000 0.497 0.610 0.775 0.972 1.123 1.395 1.408 1.359 1.336 1.270 1.498 1.680 1.640 1.438 1.320 1.126 0.948 0.860 0.656 0.658 0.614 0.619 0.709 0.984 1.084 0.817 0.856 0.745 0.842 1.042 1.111 1.202 1.189 0.954 1.090 0.927 1.068 1.051 1.047 0.993 1.225 1.294 1.206 1.586 1.824 1.611 1.460 1.267 1.577 1.604 1.475 1.492 1.364 1.447 1.457 1.234 1.198 1.326 1.250 1.164 1.377 2.081
5.791 5.688 5.036 6.848 5.610 5.798 4.446 4.185 3.492 2.879 2.178 2.533 2.988 2.922 2.309 1.973 1.876 1.774 1.808 1.646 1.659 1.543 1.579 1.532 1.608 1.840 1.655 1.226 1.002 0.675 0.498 0.000 0.497 0.609 0.827 0.979 1.172 1.288 1.229 1.190 1.140 1.435 1.670 1.478 1.265 1.118 1.011 0.828 0.736 0.626 0.623 0.688 0.680 0.814 1.067 1.184 0.985 1.094 0.949 1.014 1.251 1.332 1.362 1.408 1.161 1.148 0.998 1.094 1.103 1.052 1.092 1.347 1.559 1.524 1.882 2.084 1.785 1.656 1.359 1.466 1.410 1.374 1.276 1.215 1.365 1.404 1.232 1.206 1.444 1.485 1.365 1.545 2.406
6.539 5.887 5.013 7.382 8.008 6.950 6.097 4.100 4.095 2.383 2.055 2.336 2.692 2.527 1.962 1.675 1.575 1.552 1.519 1.456 1.473 1.396 1.503 1.491 1.589 1.751 1.586 1.228 1.023 0.837 0.628 0.508 0.000 0.498 0.616 0.857 1.060 1.132 1.061 0.993 0.980 1.246 1.477 1.340 1.091 1.028 0.895 0.706 0.642 0.614 0.627 0.751 0.790 0.953 1.198 1.323 1.112 1.164 0.985 1.118 1.326 1.317 1.387 1.314 1.063 1.084 0.950 0.989 0.958 0.906 0.925 1.151 1.288 1.282 1.601 1.804 1.496 1.402 1.224 1.403 1.380 1.287 1.181 1.021 1.194 1.210 1.068 1.050 1.283 1.364 1.178 1.389 2.115
6.037 5.440 5.448 6.169 6.081 6.587 5.057 3.792 3.593 2.922 2.209 2.476 2.893 2.880 2.335 1.957 1.899 1.800 1.806 1.649 1.782 1.639 1.777 1.727 1.886 1.992 1.817 1.459 1.189 1.035 0.845 0.650 0.499 0.000 0.499 0.700 0.887 1.028 0.916 0.896 0.874 1.183 1.407 1.239 1.059 0.897 0.847 0.670 0.671 0.676 0.708 0.841 0.949 1.126 1.390 1.551 1.344 1.407 1.195 1.334 1.555 1.555 1.620 1.522 1.229 1.236 1.053 1.061 1.071 1.079 1.107 1.310 1.462 1.512 1.862 2.018 1.711 1.563 1.301 1.455 1.348 1.226 1.185 1.061 1.368 1.408 1.253 1.243 1.595 1.538 1.564 1.735 2.421
6.275 5.610 5.165 6.242 7.786 6.560 6.046 4.894 4.903 4.108 3.093 2.941 3.272 3.387 2.724 2.508 2.460 2.392 2.506 2.404 2.612 2.609 2.747 2.555 2.644 2.795 2.481 2.096 1.879 1.729 1.397 1.048 0.845 0.534 0.000 0.521 0.683 0.909 1.011 1.004 1.067 1.412 1.599 1.380 1.218 0.926 1.014 0.832 0.933 1.068 0.981 1.130 1.422 1.614 1.837 2.210 2.060 2.316 1.972 2.015 2.363 2.474 2.358 2.289 1.920 1.791 1.392 1.353 1.568 1.276 1.298 1.561 1.775 1.915 2.219 2.397 1.902 1.636 1.347 1.383 1.150 1.071 1.076 0.968 1.295 1.342 1.310 1.458 1.698 1.751 1.919 2.227 2.793
6.421 5.660 5.453 6.653 7.628 7.419 5.742 4.248 4.104 2.994 2.533 2.821 3.157 3.139 2.560 2.378 2.296 2.409 2.440 2.339 2.503 2.458 2.717 2.529 2.766 2.861 2.607 2.203 1.936 1.842 1.517 1.275 1.041 0.705 0.548 0.000 0.508 0.710 0.815 0.920 1.022 1.319 1.546 1.335 1.113 0.879 0.937 0.892 0.972 1.170 1.143 1.404 1.600 1.894 2.137 2.390 2.238 2.282 1.944 2.115 2.442 2.417 2.302 2.213 1.803 1.784 1.490 1.402 1.455 1.287 1.266 1.568 1.801 1.925 2.267 2.346 1.928 1.738 1.366 1.391 1.138 1.096 0.911 0.886 1.225 1.337 1.267 1.405 1.696 1.810 1.888 2.077 2.793
5.415 5.327 4.608 5.789 5.831 5.608 3.937 4.223 3.532 2.861 2.556 2.939 3.422 3.361 2.680 2.407 2.288 2.264 2.231 2.168 2.361 2.203 2.495 2.431 2.587 2.841 2.633 2.157 1.882 1.889 1.597 1.496 1.146 1.018 0.732 0.504 0.000 0.532 0.832 0.948 1.135 1.396 1.474 1.241 1.116 0.893 0.948 0.937 1.130 1.342 1.470 1.695 1.878 2.108 2.435 2.530 2.331 2.165 1.996 2.266 2.413 2.295 2.362 2.208 1.903 1.981 1.774 1.628 1.539 1.341 1.196 1.392 1.524 1.524 1.897 2.000 1.705 1.472 1.110 1.279 1.002 0.891 0.778 0.955 1.176 1.229 1.134 1.331 1.542 1.605 1.599 1.942 2.631
6.887 6.970 6.278 7.175 6.605 6.582 4.717 4.754 4.192 3.495 3.414 3.505 4.170 4.179 3.331 3.190 3.070 3.280 3.344 3.513 3.955 3.745 4.149 4.054 4.291 4.716 4.093 3.711 3.163 3.144 2.751 2.410 1.982 1.562 1.159 0.737 0.556 0.000 0.598 1.089 1.436 1.773 1.829 1.526 1.488 1.080 1.308 1.457 1.863 2.210 2.285 2.871 3.318 3.559 3.836 4.237 4.000 3.740 3.441 3.861 4.191 3.819 3.957 3.739 3.263 3.389 2.968 2.617 2.450 2.047 1.933 1.895 2.099 2.259 2.738 2.732 2.308 1.842 1.535 1.410 1.245 1.118 0.992 1.317 1.819 1.841 1.755 2.252 2.436 2.460 2.461 3.044 3.578
7.692 7.669 6.695 7.850 8.246 8.618 6.049 5.706 4.722 3.710 3.416 3.458 3.898 3.956 3.454 3.503 3.656 3.869 4.016 4.291 4.471 4.459 4.647 4.660 4.717 5.091 4.609 4.167 3.558 3.427 2.835 2.230 1.858 1.257 0.979 0.941 0.856 0.576 0.000 0.546 0.842 1.208 1.549 1.409 1.376 1.228 1.395 1.666 1.484 1.944 1.786 2.339 2.860 3.287 3.574 4.103 4.044 3.955 3.547 3.669 4.025 4.010 3.714 3.583 3.045 2.768 2.233 1.990 2.201 2.194 2.366 2.602 3.037 3.271 3.692 3.696 3.307 2.769 2.335 2.187 1.853 1.629 1.371 1.410 1.912 1.996 2.264 2.462 2.722 2.899 2.997 3.610 4.042
7.393 6.880 6.474 7.843 7.181 7.005 5.252 4.917 4.258 3.676 3.103 3.207 3.637 3.796 3.268 3.167 3.414 3.618 3.914 3.929 4.221 4.002 4.291 4.253 4.221 4.244 3.932 3.585 3.202 3.159 2.478 2.249 1.669 1.305 0.959 0.999 1.013 0.818 0.518 0.000 0.541 1.001 1.306 1.257 1.236 1.111 1.382 1.544 1.525 1.913 1.833 2.312 2.655 3.032 3.353 3.843 3.763 3.701 3.290 3.463 3.875 3.754 3.697 3.392 2.929 2.511 2.196 1.891 2.083 1.985 2.338 2.425 2.944 3.008 3.464 3.472 3.125 2.817 2.191 2.230 1.854 1.722 1.477 1.610 1.893 2.038 1.981 2.332 2.550 2.683 2.809 3.244 3.792
7.565 7.386 6.630 7.756 7.199 7.787 6.515 6.193 4.734 3.701 3.617 3.364 3.886 3.988 3.477 3.395 3.571 3.732 4.049 4.037 4.427 3.958 4.709 4.306 4.443 4.652 4.190 3.666 3.400 3.134 2.581 2.152 1.779 1.383 1.017 1.146 1.181 1.251 0.975 0.562 0.000 0.680 1.146 1.181 1.045 1.020 1.280 1.428 1.507 1.843 1.695 2.331 2.688 3.241 3.417 3.819 3.647 3.638 3.383 3.501 3.878 3.859 3.578 3.391 2.972 2.707 2.261 1.940 2.102 2.202 2.170 2.453 3.016 3.191 3.693 4.235 3.340 2.857 2.382 2.163 1.906 1.963 1.673 1.756 2.380 2.340 2.275 2.716 3.094 2.987 3.074 3.654 4.247
7.513 7.158 6.963 8.468 8.432 7.854 7.098 6.284 5.178 4.257 3.930 3.861 4.284 4.517 3.888 3.988 4.059 4.200 4.373 4.504 4.736 4.445 4.796 4.333 4.486 4.325 3.919 3.439 3.508 3.286 2.849 2.197 1.766 1.446 1.260 1.547 1.827 1.902 1.520 1.062 0.585 0.000 0.554 1.002 1.231 1.469 1.589 1.692 1.634 2.268 2.131 2.531 2.993 3.299 3.862 4.255 3.863 3.928 3.711 4.003 4.486 4.386 4.309 4.075 3.526 3.360 2.816 2.448 2.723 2.326 2.687 2.885 3.489 3.713 4.112 4.370 3.777 3.311 2.724 2.641 2.391 2.376 2.397 1.988 2.473 2.731 2.422 2.570 3.095 3.322 3.139 3.454 4.111
9.391 9.062 8.797 9.961 9.622 9.416 7.328 6.769 5.789 4.749 4.309 4.433 4.995 5.233 4.548 4.544 4.626 5.106 5.622 5.646 5.965 6.077 6.416 6.453 6.372 6.289 6.156 5.719 5.231 4.937 4.174 3.531 2.968 2.427 2.263 2.492 2.085 2.698 2.234 1.367 1.356 0.700 0.000 0.643 1.174 1.777 2.361 2.589 2.526 2.770 2.804 3.148 3.760 4.264 4.553 5.486 5.443 5.218 5.135 4.882 5.553 5.479 5.304 5.069 4.313 3.825 3.080 2.871 3.036 2.990 3.363 3.728 4.296 4.932 5.182 5.404 4.909 4.359 3.413 3.347 3.109 2.985 3.514 3.689 4.176 4.008 3.942 4.535 5.021 4.821 5.077 5.656 6.237
7.541 7.116 6.408 7.324 6.531 7.373 4.387 5.246 3.959 3.401 3.370 3.621 4.103 4.290 3.366 3.456 3.203 3.536 3.396 3.833 4.165 4.377 4.896 4.787 5.193 5.367 4.918 4.451 4.155 4.080 3.545 3.060 2.494 2.065 1.476 1.409 1.367 1.623 1.567 1.236 1.313 0.962 0.566 0.000 0.569 0.816 1.052 1.599 1.982 2.586 2.671 3.418 3.868 4.377 4.966 5.249 4.942 4.683 4.253 4.748 5.035 4.749 4.743 4.363 3.675 3.700 3.242 2.653 2.615 2.031 2.130 1.926 2.219 2.690 3.040 2.918 2.452 2.051 1.878 1.524 1.516 1.794 2.022 2.239 2.689 2.497 2.309 3.001 3.199 2.862 3.215 3.883 4.234
6.228 5.851 5.548 6.531 7.498 6.618 5.074 4.472 4.105 3.501 2.703 2.931 3.201 3.126 2.466 2.381 2.410 2.395 2.497 2.542 2.744 2.730 2.908 2.920 3.074 3.216 3.027 2.538 2.356 2.372 2.000 1.796 1.408 1.237 0.916 0.912 1.012 1.266 1.190 0.894 1.076 1.027 0.755 0.539 0.000 0.502 0.647 0.923 1.222 1.484 1.579 2.080 2.276 2.625 2.956 3.172 2.912 2.736 2.502 2.791 2.974 2.849 2.839 2.520 2.257 2.138 1.940 1.606 1.600 1.288 1.298 1.489 1.758 1.811 2.174 2.235 1.874 1.629 1.285 1.281 1.213 1.269 1.320 1.415 1.547 1.520 1.342 1.637 1.700 1.765 1.893 2.142 2.858
5.645 5.457 5.024 6.076 5.865 5.179 4.141 4.053 3.727 2.751 2.463 2.643 3.125 3.116 2.470 2.233 2.120 2.136 2.148 2.087 2.182 2.175 2.383 2.371 2.631 2.840 2.701 2.211 1.955 2.090 1.797 1.661 1.286 1.207 0.871 0.837 0.898 1.144 1.170 0.961 1.156 1.155 1.032 0.733 0.494 0.000 0.523 0.675 0.980 1.347 1.537 1.933 2.088 2.417 2.726 2.813 2.456 2.230 2.135 2.512 2.619 2.380 2.640 2.282 1.971 2.037 1.877 1.577 1.523 1.096 1.059 1.226 1.375 1.455 1.757 1.939 1.600 1.445 1.149 1.162 1.068 1.133 1.206 1.275 1.518 1.366 1.221 1.483 1.654 1.545 1.622 1.904 2.566
5.874 5.568 5.610 6.331 6.741 5.836 4.775 3.867 3.546 3.402 2.167 2.451 2.796 2.766 2.181 1.924 1.833 1.820 1.703 1.716 1.818 1.721 1.906 1.872 1.994 2.124 2.017 1.628 1.360 1.348 1.126 1.000 0.769 0.764 0.665 0.727 0.898 1.107 1.071 0.913 1.066 1.136 1.138 0.895 0.602 0.501 0.000 0.495 0.636 0.834 1.002 1.215 1.372 1.513 1.829 1.957 1.708 1.684 1.466 1.769 1.924 1.898 1.966 1.768 1.448 1.473 1.317 1.177 1.111 0.851 0.778 1.031 1.239 1.328 1.617 1.799 1.514 1.312 1.035 1.137 1.058 1.037 1.163 1.150 1.384 1.311 1.087 1.251 1.397 1.397 1.337 1.577 2.267
6.076 5.864 4.852 5.732 6.839 4.908 5.157 3.096 3.154 2.295 1.753 2.062 2.408 2.273 1.729 1.345 1.228 1.217 1.223 1.215 1.296 1.322 1.483 1.493 1.737 1.935 1.767 1.406 1.103 1.084 0.856 0.773 0.617 0.608 0.608 0.644 0.825 0.971 0.920 0.862 0.934 1.093 1.282 1.132 0.798 0.620 0.497 0.000 0.498 0.559 0.726 0.854 0.930 1.167 1.313 1.518 1.317 1.260 1.088 1.207 1.393 1.324 1.313 1.212 0.963 0.969 0.867 0.845 0.706 0.596 0.630 0.749 0.897 0.979 1.279 1.389 1.134 0.990 0.815 0.957 0.953 0.976 0.923 0.925 1.099 1.071 0.855 1.033 1.189 1.203 1.218 1.454 2.175
6.078 5.432 5.579 7.139 6.862 5.203 6.659 3.775 4.054 2.992 1.997 2.129 2.375 2.278 1.682 1.321 1.313 1.255 1.242 1.311 1.374 1.404 1.482 1.536 1.645 1.820 1.725 1.336 1.067 0.948 0.730 0.653 0.569 0.591 0.625 0.690 0.874 1.030 1.021 0.933 0.941 1.201 1.366 1.180 0.932 0.750 0.575 0.492 0.000 0.491 0.558 0.683 0.763 0.954 1.123 1.296 1.159 1.165 0.978 1.033 1.255 1.212 1.158 1.072 0.873 0.851 0.713 0.697 0.645 0.617 0.677 0.874 0.993 1.092 1.391 1.506 1.225 1.082 0.957 1.086 1.019 1.022 1.051 1.073 1.236 1.146 0.999 1.128 1.232 1.268 1.415 1.537 2.181
6.449 6.670 5.678 6.262 6.991 5.201 5.046 4.135 3.734 2.285 1.878 2.036 2.380 2.330 1.669 1.322 1.243 1.206 1.253 1.211 1.364 1.326 1.402 1.472 1.551 1.777 1.590 1.242 0.967 0.842 0.643 0.577 0.564 0.607 0.745 0.894 1.085 1.225 1.214 1.124 1.040 1.234 1.511 1.374 1.083 0.974 0.749 0.568 0.491 0.000 0.494 0.542 0.659 0.878 1.073 1.268 1.087 1.108 0.928 1.043 1.235 1.214 1.169 1.046 0.843 0.715 0.605 0.642 0.615 0.603 0.672 0.844 0.978 1.026 1.343 1.487 1.258 1.100 0.992 1.144 1.169 1.166 1.184 1.238 1.284 1.210 1.088 1.100 1.240 1.236 1.152 1.437 2.133
6.291 5.569 4.830 6.301 5.395 5.390 3.621 3.400 3.062 2.215 1.888 2.367 2.753 2.645 2.073 1.644 1.513 1.517 1.556 1.590 1.654 1.703 1.881 1.795 2.011 2.223 1.979 1.562 1.259 1.102 0.763 0.606 0.639 0.770 1.013 1.231 1.481 1.666 1.580 1.477 1.266 1.521 1.890 1.809 1.474 1.304 1.024 0.786 0.603 0.496 0.000 0.507 0.775 1.052 1.284 1.591 1.458 1.496 1.249 1.406 1.725 1.617 1.605 1.388 1.053 0.991 0.704 0.801 0.818 0.832 0.856 1.084 1.125 1.232 1.507 1.735 1.450 1.313 1.170 1.276 1.425 1.388 1.467 1.376 1.533 1.405 1.233 1.325 1.494 1.357 1.353 1.638 2.310
6.430 5.742 5.126 6.378 6.103 5.535 4.431 4.074 3.558 2.930 2.421 2.564 3.022 3.086 2.496 2.171 2.158 2.075 2.107 1.898 1.883 1.693 1.724 1.747 1.765 1.986 1.798 1.364 1.121 0.824 0.677 0.678 0.801 0.865 1.142 1.444 1.660 1.745 1.594 1.408 1.260 1.493 1.750 1.666 1.504 1.488 1.343 1.123 0.858 0.649 0.508 0.000 0.498 0.691 0.905 1.150 0.958 1.076 0.925 0.891 1.129 1.267 1.271 1.368 1.107 1.047 0.786 1.021 1.121 1.236 1.362 1.738 1.929 1.816 2.183 2.599 2.278 2.165 1.789 1.904 1.941 1.893 1.807 1.623 1.890 1.958 1.685 1.621 2.006 2.001 1.689 2.082 2.784
5.697 5.613 4.825 5.433 4.654 5.114 4.481 3.772 3.409 2.481 1.898 2.382 2.774 2.790 2.130 1.784 1.663 1.504 1.506 1.335 1.433 1.236 1.386 1.371 1.474 1.665 1.530 1.160 0.883 0.675 0.585 0.716 0.877 1.079 1.315 1.514 1.777 1.840 1.754 1.620 1.506 1.688 1.987 1.934 1.669 1.611 1.376 1.136 0.957 0.730 0.684 0.498 0.000 0.504 0.653 0.889 0.769 0.852 0.730 0.692 0.946 0.995 1.002 1.025 0.874 0.908 0.772 0.989 0.986 1.118 1.146 1.406 1.520 1.384 1.685 1.978 1.835 1.723 1.550 1.728 1.916 1.747 1.853 1.619 1.752 1.788 1.523 1.473 1.721 1.639 1.431 1.653 2.478
6.103 5.871 5.611 6.753 6.522 5.669 4.554 3.697 3.728 2.741 2.264 2.638 3.011 3.013 2.396 2.114 2.033 1.890 1.842 1.658 1.669 1.456 1.588 1.511 1.625 1.796 1.691 1.244 0.936 0.706 0.692 0.919 1.116 1.406 1.612 1.853 2.116 2.174 2.131 1.961 1.879 2.064 2.375 2.335 2.002 1.918 1.634 1.404 1.189 0.927 0.973 0.724 0.508 0.000 0.503 0.644 0.696 0.865 0.797 0.762 0.985 1.138 1.214 1.253 1.051 1.109 1.051 1.288 1.245 1.324 1.413 1.622 1.751 1.703 1.946 2.298 2.135 1.982 1.805 1.982 2.104 2.070 2.116 1.893 2.085 2.059 1.762 1.741 2.004 1.888 1.679 1.844 2.572
5.919 5.960 5.251 7.685 6.300 7.277 4.719 5.263 4.089 3.337 2.964 3.401 3.702 3.853 3.246 2.986 2.948 2.664 2.664 2.270 2.312 1.928 1.997 1.941 1.944 2.121 1.914 1.601 1.327 0.950 0.966 1.174 1.530 1.774 2.132 2.470 2.805 2.811 2.667 2.541 2.406 2.555 2.923 3.081 2.689 2.633 2.320 2.010 1.819 1.359 1.311 1.000 0.769 0.501 0.000 0.575 0.720 1.031 1.036 0.837 1.126 1.413 1.453 1.717 1.468 1.594 1.484 1.874 1.827 2.063 2.017 2.473 2.612 2.342 2.741 3.206 2.957 2.907 2.587 2.805 2.993 2.839 2.800 2.492 2.632 2.728 2.381 2.254 2.596 2.532 2.199 2.520 3.129
6.207 5.736 5.119 5.887 6.587 5.912 5.690 5.307 4.260 4.073 3.470 3.902 4.217 4.379 3.976 3.546 3.509 3.003 2.884 2.471 2.320 1.857 1.759 1.724 1.685 1.954 1.855 1.526 1.373 1.097 1.433 1.722 2.155 2.567 2.979 3.407 3.759 3.819 3.666 3.505 3.199 3.387 3.882 4.097 3.715 3.599 3.177 2.806 2.498 1.979 1.851 1.523 1.129 0.753 0.554 0.000 0.585 0.839 1.121 0.943 1.141 1.471 1.672 1.893 1.804 1.897 1.825 2.332 2.400 2.710 2.675 3.129 3.047 2.733 2.788 3.487 3.335 3.538 3.356 3.625 3.838 3.683 3.680 3.257 3.319 3.344 3.029 2.734 2.890 2.831 2.450 2.609 3.273
6.524 7.177 6.222 6.754 5.979 5.925 3.927 4.398 4.492 3.256 2.908 3.376 3.654 3.656 3.085 2.466 2.348 1.975 1.789 1.544 1.497 1.100 1.253 1.367 1.445 1.809 1.707 1.293 0.957 0.874 1.022 1.353 1.690 2.005 2.345 2.555 2.746 2.876 2.848 2.693 2.587 2.750 3.168 3.202 2.816 2.662 2.386 2.042 1.853 1.540 1.544 1.316 0.985 0.846 0.666 0.553 0.000 0.502 0.622 0.711 0.787 0.838 1.195 1.349 1.288 1.501 1.636 1.948 1.791 1.980 1.824 2.093 1.973 1.777 1.863 2.240 2.201 2.339 2.344 2.636 2.794 2.675 2.693 2.518 2.547 2.452 2.266 2.054 2.236 2.109 1.804 1.970 2.651
4.654 4.980 4.811 5.274 4.859 5.063 3.972 3.502 3.502 2.556 2.256 2.666 2.905 2.857 2.301 1.788 1.640 1.458 1.431 1.163 1.237 0.950 1.117 1.167 1.299 1.527 1.455 1.121 0.795 0.722 0.844 1.128 1.329 1.576 1.852 1.987 2.241 2.311 2.263 2.246 2.082 2.278 2.582 2.542 2.265 2.130 1.847 1.597 1.413 1.248 1.247 1.115 0.869 0.836 0.842 0.728 0.496 0.000 0.490 0.554 0.616 0.609 0.759 0.868 0.879 1.108 1.248 1.439 1.360 1.468 1.438 1.583 1.575 1.506 1.708 1.995 1.888 1.920 1.810 2.055 2.239 2.085 2.194 1.979 2.027 2.029 1.714 1.631 1.830 1.738 1.511 1.678 2.322
6.438 6.007 5.175 6.447 5.789 4.965 3.706 3.785 3.104 2.496 2.151 2.532 2.870 2.781 2.182 1.735 1.658 1.480 1.527 1.215 1.349 0.999 1.273 1.185 1.278 1.579 1.531 1.019 0.772 0.703 0.770 0.990 1.130 1.399 1.627 1.819 2.038 2.090 2.094 1.995 1.938 2.090 2.362 2.302 1.994 1.896 1.632 1.406 1.298 1.015 1.113 0.922 0.695 0.779 0.804 0.784 0.563 0.489 0.000 0.491 0.559 0.619 0.650 0.830 0.819 0.955 1.068 1.279 1.183 1.326 1.258 1.518 1.522 1.385 1.611 1.949 1.768 1.831 1.662 1.840 2.028 1.909 1.929 1.813 1.875 1.823 1.536 1.463 1.629 1.569 1.307 1.500 2.206
6.436 5.956 5.877 5.916 5.064 5.342 4.122 4.122 3.361 2.549 2.298 2.728 3.020 2.974 2.326 1.875 1.838 1.592 1.614 1.368 1.516 1.297 1.404 1.386 1.501 1.716 1.587 1.160 0.798 0.729 0.772 1.014 1.128 1.444 1.619 1.735 2.018 2.076 2.029 2.027 1.947 2.085 2.348 2.367 1.996 1.895 1.657 1.432 1.311 1.076 1.127 0.970 0.714 0.781 0.755 0.774 0.588 0.545 0.488 0.000 0.495 0.573 0.721 0.870 0.872 1.057 1.145 1.351 1.229 1.415 1.372 1.538 1.631 1.540 1.767 2.068 1.884 1.829 1.731 1.962 2.089 1.899 1.987 1.802 1.906 1.870 1.622 1.556 1.806 1.675 1.515 1.709 2.512
6.624 6.490 6.258 7.549 6.035 5.797 4.442 4.523 3.987 3.052 2.724 3.090 3.368 3.407 2.769 2.293 2.107 1.918 1.889 1.518 1.664 1.363 1.574 1.565 1.665 1.875 1.718 1.369 1.001 0.908 0.955 1.180 1.445 1.727 2.079 2.264 2.618 2.620 2.485 2.455 2.276 2.469 2.812 2.849 2.570 2.490 2.200 1.920 1.728 1.387 1.326 1.124 0.886 0.890 0.913 0.886 0.680 0.640 0.578 0.495 0.000 0.516 0.682 0.948 1.032 1.297 1.383 1.659 1.665 1.901 1.765 2.068 2.125 1.954 2.149 2.582 2.429 2.511 2.246 2.568 2.779 2.535 2.583 2.254 2.393 2.473 2.087 1.925 2.246 2.151 1.862 2.098 2.944
5.292 5.036 5.357 5.676 6.426 6.212 4.262 4.902 3.393 3.080 2.386 2.783 3.096 2.957 2.302 1.864 1.799 1.590 1.583 1.211 1.465 1.211 1.497 1.527 1.609 1.899 1.876 1.497 1.184 1.029 1.206 1.333 1.554 1.869 2.115 2.240 2.503 2.563 2.550 2.464 2.403 2.528 2.873 2.769 2.484 2.307 2.079 1.820 1.657 1.384 1.385 1.267 1.095 1.076 1.067 1.042 0.783 0.704 0.638 0.606 0.508 0.000 0.580 0.709 0.844 1.193 1.329 1.514 1.417 1.577 1.555 1.830 1.807 1.669 1.891 2.252 2.159 2.156 2.075 2.249 2.476 2.419 2.431 2.323 2.379 2.306 2.052 1.923 2.182 2.021 1.808 1.950 2.694
6.217 5.378 4.821 6.463 5.716 6.332 5.426 5.351 4.325 3.207 2.528 2.694 3.092 2.912 2.284 1.966 2.040 1.794 1.813 1.631 1.886 1.656 1.725 1.881 1.898 2.117 2.241 1.826 1.567 1.502 1.753 1.954 2.212 2.544 2.763 3.133 3.344 3.545 3.345 3.144 2.934 2.905 3.338 3.479 2.959 2.981 2.666 2.397 2.212 1.822 1.911 1.764 1.400 1.545 1.481 1.398 1.210 0.977 0.869 0.827 0.721 0.550 0.000 0.551 0.733 1.220 1.558 1.764 1.614 1.990 2.070 2.499 2.577 2.339 2.602 3.090 2.972 3.006 2.892 2.953 3.354 3.259 3.463 3.198 3.439 3.302 2.825 2.743 3.062 2.868 2.564 2.759 3.400
6.860 6.123 5.357 6.384 6.439 7.501 6.281 4.592 3.555 2.623 2.015 2.283 2.822 2.777 1.994 1.714 1.634 1.425 1.609 1.231 1.799 1.639 1.781 1.948 2.063 2.424 2.259 1.859 1.531 1.436 1.340 1.538 1.539 1.701 1.854 2.046 2.261 2.518 2.368 2.156 2.012 2.089 2.403 2.370 1.967 1.936 1.640 1.570 1.335 1.154 1.360 1.384 1.158 1.397 1.460 1.420 1.328 1.176 0.885 0.880 0.890 0.636 0.519 0.000 0.536 0.831 1.135 1.194 0.971 1.154 1.313 1.545 1.682 1.746 2.106 2.281 2.210 2.045 1.933 1.906 2.167 2.224 2.406 2.203 2.503 2.370 2.032 2.118 2.379 2.259 2.049 2.348 3.003
6.130 5.780 5.486 6.746 7.776 7.883 5.315 5.106 4.507 2.389 1.751 2.256 2.600 2.558 1.915 1.561 1.480 1.536 1.439 1.288 1.548 1.440 1.663 1.705 1.795 2.144 1.978 1.562 1.221 1.088 0.943 1.117 1.165 1.405 1.565 1.752 1.953 2.124 2.040 1.862 1.780 1.820 2.084 2.089 1.806 1.751 1.469 1.287 1.065 0.877 1.009 0.973 0.848 1.131 1.262 1.362 1.187 1.079 0.838 0.912 1.040 0.786 0.708 0.510 0.000 0.510 0.677 0.888 0.763 1.013 1.113 1.358 1.471 1.447 1.734 1.965 1.789 1.741 1.632 1.746 1.935 1.943 1.992 1.889 2.061 2.002 1.628 1.720 1.978 1.781 1.610 1.896 2.497
6.346 5.842 5.424 7.096 5.999 6.680 5.505 5.075 4.268 2.770 1.707 2.416 2.670 2.668 2.037 1.742 1.610 1.851 1.552 1.973 1.718 2.014 1.939 2.215 2.288 2.516 2.429 2.045 1.619 1.485 1.257 1.254 1.251 1.320 1.465 1.865 2.104 2.221 2.037 1.859 1.598 1.720 2.046 2.108 1.786 1.842 1.542 1.334 1.010 0.796 0.841 0.925 1.011 1.392 1.560 1.780 1.624 1.503 1.206 1.220 1.401 1.167 0.982 0.744 0.514 0.000 0.497 0.676 0.680 1.008 1.232 1.526 1.662 1.708 2.041 2.334 2.186 2.081 1.911 2.002 2.153 2.194 2.264 2.104 2.280 2.352 1.931 2.058 2.283 2.197 1.994 2.355 2.918
6.193 5.432 5.426 7.145 6.911 7.429 4.973 4.928 3.581 2.823 1.765 2.225 2.626 2.640 1.993 1.646 1.634 1.579 1.699 1.770 1.852 2.008 2.063 2.231 2.251 2.409 2.224 1.809 1.510 1.318 1.053 1.026 1.036 1.140 1.325 1.576 1.796 1.907 1.850 1.677 1.497 1.661 1.954 1.874 1.568 1.551 1.302 1.122 0.882 0.704 0.729 0.809 0.886 1.190 1.372 1.641 1.498 1.484 1.179 1.206 1.436 1.333 1.200 1.031 0.727 0.507 0.000 0.548 0.618 0.878 1.097 1.357 1.631 1.667 2.004 2.223 2.124 1.950 1.733 1.884 1.908 1.951 2.077 1.838 2.065 2.114 1.771 1.856 2.134 2.095 1.920 2.207 2.965
6.371 6.093 5.762 6.483 7.245 6.750 5.078 4.861 3.226 1.908 1.534 2.189 2.538 2.567 1.871 1.579 1.598 1.605 1.907 1.927 2.275 2.264 2.621 2.600 2.764 2.916 2.650 2.369 1.973 1.679 1.292 1.290 1.284 1.429 1.595 1.893 2.197 2.406 2.328 2.115 1.914 2.002 2.295 2.212 1.813 1.782 1.396 1.269 0.918 0.783 0.821 0.889 1.032 1.359 1.548 1.919 1.820 1.926 1.534 1.529 1.937 1.830 1.694 1.443 1.004 0.771 0.532 0.000 0.535 0.722 1.037 1.270 1.714 1.940 2.219 2.534 2.301 2.002 1.873 1.690 1.982 2.211 2.396 2.328 2.558 2.597 2.122 2.316 2.687 2.538 2.352 2.658 3.330
6.423 5.653 5.180 7.328 7.517 6.490 6.038 3.592 2.594 3.030 1.469 2.072 2.466 2.353 1.656 1.269 1.274 1.325 1.440 1.528 1.686 1.786 1.914 2.109 2.243 2.414 2.209 1.775 1.465 1.273 1.062 1.007 0.935 1.010 1.053 1.192 1.417 1.592 1.599 1.504 1.341 1.514 1.774 1.645 1.314 1.245 0.930 0.796 0.636 0.734 0.797 0.902 0.980 1.236 1.434 1.691 1.523 1.484 1.236 1.284 1.526 1.375 1.292 1.130 0.821 0.674 0.623 0.512 0.000 0.506 0.637 0.825 1.087 1.233 1.580 1.671 1.585 1.227 1.119 1.125 1.304 1.346 1.467 1.524 1.576 1.545 1.386 1.478 1.651 1.586 1.565 1.874 2.494
6.133 5.553 5.197 6.274 6.268 4.754 5.202 4.075 3.297 1.728 1.277 1.889 2.314 2.255 1.571 1.205 1.124 1.234 1.292 1.413 1.647 1.739 1.935 2.055 2.288 2.464 2.364 1.879 1.596 1.573 1.304 1.250 1.026 1.117 1.165 1.254 1.568 1.712 1.735 1.608 1.420 1.578 1.901 1.850 1.445 1.310 0.946 0.805 0.706 0.776 1.003 1.203 1.293 1.668 1.844 2.079 1.817 1.760 1.466 1.649 1.843 1.677 1.648 1.357 1.020 0.907 0.862 0.705 0.512 0.000 0.511 0.645 0.788 0.941 1.253 1.398 1.164 1.049 0.924 1.094 1.326 1.376 1.513 1.485 1.575 1.395 1.167 1.386 1.501 1.335 1.406 1.678 2.270
6.004 6.051 5.986 5.643 8.809 8.745 8.467 9.514 7.611 2.294 1.730 2.068 2.309 2.252 1.541 1.149 1.008 0.978 0.960 1.144 1.314 1.332 1.396 1.492 1.745 2.014 1.850 1.406 1.113 1.156 0.974 0.933 0.797 0.872 0.865 0.881 1.031 1.194 1.255 1.157 1.195 1.306 1.502 1.375 1.093 0.974 0.722 0.612 0.605 0.658 0.840 0.963 1.010 1.239 1.407 1.581 1.374 1.273 1.081 1.234 1.406 1.306 1.296 1.126 0.880 0.900 0.865 0.804 0.600 0.495 0.000 0.494 0.548 0.677 0.944 1.054 0.850 0.697 0.661 0.844 0.974 0.948 1.103 1.172 1.199 1.060 0.931 1.080 1.103 1.051 1.027 1.316 1.992
6.569 6.114 6.432 7.798 8.442 8.664 4.262 3.369 2.732 1.744 1.828 2.018 2.424 2.192 1.576 1.132 1.085 1.023 1.093 1.229 1.388 1.536 1.560 1.772 1.907 2.075 1.958 1.588 1.384 1.299 1.091 1.062 0.972 1.041 1.061 1.040 1.171 1.392 1.390 1.381 1.358 1.530 1.731 1.580 1.228 1.128 0.901 0.836 0.800 0.816 0.999 1.069 1.117 1.318 1.504 1.655 1.450 1.410 1.236 1.283 1.444 1.354 1.322 1.165 0.929 0.985 0.982 0.916 0.752 0.590 0.491 0.000 0.499 0.607 0.948 1.009 0.738 0.620 0.682 0.813 0.974 1.061 1.237 1.303 1.293 1.166 1.031 1.151 1.193 1.065 1.209 1.400 2.058
6.142 6.389 5.487 6.373 10.032 9.575 5.443 3.922 2.796 1.935 1.851 2.085 2.472 2.286 1.674 1.222 1.121 1.092 1.294 1.250 1.348 1.526 1.544 1.702 1.746 2.024 1.888 1.515 1.366 1.425 1.324 1.291 1.168 1.220 1.204 1.171 1.264 1.466 1.533 1.441 1.495 1.589 1.812 1.584 1.302 1.199 1.026 0.943 0.980 1.101 1.286 1.339 1.383 1.549 1.735 1.784 1.547 1.398 1.294 1.452 1.551 1.424 1.496 1.300 1.187 1.238 1.254 1.171 0.954 0.747 0.571 0.495 0.000 0.492 0.653 0.841 0.669 0.632 0.671 0.898 1.125 1.052 1.208 1.257 1.303 1.087 0.978 1.107 1.100 0.864 1.051 1.194 1.912
6.102 5.891 7.012 9.272 10.809 14.031 8.031 3.962 3.521 2.570 2.417 2.544 2.872 2.728 2.070 1.664 1.500 1.325 1.244 1.156 1.403 1.279 1.474 1.508 1.694 1.923 1.859 1.443 1.202 1.370 1.443 1.335 1.244 1.436 1.417 1.319 1.448 1.629 1.804 1.767 1.837 1.972 2.178 1.960 1.654 1.418 1.192 1.073 1.188 1.186 1.448 1.481 1.403 1.580 1.777 1.808 1.529 1.418 1.317 1.534 1.587 1.505 1.579 1.493 1.283 1.444 1.502 1.473 1.200 0.987 0.760 0.640 0.499 0.000 0.526 0.898 0.630 0.643 0.706 0.957 1.170 1.117 1.365 1.396 1.411 1.162 0.996 1.135 1.128 0.931 0.871 1.199 1.940
5.039 4.327 4.305 5.508 7.366 7.564 2.652 2.370 2.812 2.879 2.916 3.431 3.928 3.959 3.250 2.824 2.534 2.245 1.908 1.817 1.710 1.883 1.990 2.266 2.490 2.950 2.833 2.191 1.955 2.039 2.080 2.058 2.082 2.238 2.429 2.227 2.640 2.864 3.013 3.051 2.877 3.071 3.499 3.305 2.832 2.617 2.165 1.867 1.847 1.955 2.173 2.358 2.212 2.471 2.641 2.861 2.423 2.218 2.131 2.387 2.619 2.487 2.728 2.454 2.234 2.484 2.441 2.419 2.049 1.812 1.432 1.580 1.110 0.586 0.000 1.355 0.883 1.243 1.329 1.932 2.186 1.962 2.356 2.122 2.345 1.951 1.637 1.939 1.875 1.405 1.498 1.949 2.347
5.899 5.517 4.305 6.453 6.874 6.035 4.828 3.811 3.835 3.549 3.885 4.397 5.026 4.973 3.911 3.600 3.008 2.858 2.386 2.204 1.980 2.087 2.113 2.318 2.926 3.312 3.394 2.808 2.428 2.989 2.826 3.178 2.890 3.297 3.179 2.764 2.728 3.251 3.730 3.544 3.862 3.864 4.239 3.743 3.270 2.949 2.649 2.490 3.044 2.907 3.575 3.723 3.347 3.663 3.990 3.724 3.258 2.732 2.750 3.307 3.176 2.843 3.439 3.132 2.855 3.473 3.710 3.628 3.031 2.708 2.103 1.745 1.207 0.883 0.670 0.000 0.585 0.959 1.344 1.845 1.945 1.946 2.559 2.799 2.786 2.192 2.037 2.513 2.245 1.619 1.893 2.350 2.515
6.169 6.213 5.565 7.002 9.351 6.122 4.444 3.887 2.953 3.180 2.749 2.989 3.328 3.194 2.562 2.088 1.903 1.861 1.712 1.693 1.840 1.830 1.979 2.111 2.427 2.628 2.651 2.060 1.869 2.149 1.978 1.917 1.669 1.643 1.607 1.400 1.443 1.707 1.826 1.792 1.952 2.071 2.152 1.881 1.592 1.381 1.260 1.209 1.482 1.584 1.916 2.131 2.219 2.450 2.652 2.680 2.448 2.223 1.961 2.359 2.410 2.292 2.397 2.210 1.826 2.134 2.117 1.924 1.625 1.351 1.018 0.860 0.664 0.688 0.740 0.552 0.000 0.501 0.603 0.791 1.037 1.103 1.424 1.559 1.640 1.271 1.159 1.468 1.461 1.117 1.268 1.588 2.147
5.903 5.364 5.795 6.635 6.525 7.925 4.989 6.159 3.009 2.371 2.256 2.546 2.887 2.788 2.103 1.689 1.576 1.555 1.612 1.770 1.915 1.933 2.209 2.256 2.394 2.568 2.424 1.951 1.759 1.830 1.676 1.563 1.335 1.313 1.198 1.060 1.182 1.390 1.476 1.479 1.580 1.721 1.874 1.669 1.333 1.172 1.046 1.005 1.223 1.328 1.499 1.795 1.766 2.070 2.293 2.380 2.133 2.034 1.752 2.102 2.145 2.048 2.073 1.845 1.612 1.740 1.698 1.497 1.257 1.122 0.869 0.725 0.696 0.727 0.945 0.773 0.499 0.000 0.501 0.568 0.857 0.836 1.100 1.200 1.293 1.086 0.984 1.248 1.235 1.050 1.200 1.517 2.155
6.383 6.226 5.750 6.486 10.192 11.159 7.868 5.955 3.834 2.530 2.300 2.616 2.961 2.830 2.242 1.899 1.788 1.727 1.707 1.946 1.917 2.031 2.084 2.214 2.561 2.752 2.581 2.058 1.860 1.907 1.742 1.536 1.290 1.277 1.142 0.965 1.045 1.318 1.458 1.340 1.518 1.627 1.754 1.527 1.262 1.039 0.952 0.885 1.199 1.352 1.543 1.714 1.837 2.135 2.359 2.572 2.279 2.077 1.905 2.130 2.300 2.162 2.273 1.980 1.755 1.783 1.668 1.509 1.357 1.110 1.069 0.771 0.702 0.881 1.101 1.015 0.644 0.504 0.000 0.533 0.728 0.769 0.941 1.130 1.267 1.044 0.907 1.272 1.279 1.071 1.306 1.614 2.216
5.522 5.041 4.757 6.126 5.649 5.417 5.522 4.733 4.177 3.038 2.751 3.008 3.410 3.277 2.565 2.479 2.178 2.313 2.180 2.305 2.430 2.458 2.605 2.583 2.921 2.989 2.848 2.468 2.307 2.502 2.277 2.188 1.921 1.812 1.587 1.179 1.259 1.527 1.805 1.712 2.028 2.144 2.198 1.802 1.552 1.179 1.139 1.281 1.707 1.941 2.274 2.443 2.527 2.742 2.987 3.232 2.794 2.590 2.438 2.851 2.860 2.702 2.871 2.512 2.377 2.443 2.451 2.254 2.064 1.583 1.183 0.968 0.921 1.081 1.351 1.356 0.938 0.670 0.508 0.000 0.599 0.829 1.154 1.496 1.577 1.310 1.195 1.550 1.506 1.279 1.498 1.715 2.290
6.564 5.996 5.570 5.760 5.920 5.754 3.605 3.860 3.158 2.591 2.434 3.137 3.577 3.317 2.600 2.212 2.163 2.253 2.350 2.697 3.126 3.236 3.842 3.927 4.103 4.207 3.957 3.475 3.111 3.331 2.836 2.681 2.135 2.144 1.711 1.179 1.140 1.381 1.917 1.879 2.297 2.339 2.474 2.114 1.746 1.278 1.384 1.463 2.009 2.247 2.550 3.041 3.107 3.485 3.868 4.022 3.758 3.547 3.198 3.553 3.757 3.357 3.408 2.868 2.667 2.612 2.611 2.342 2.110 1.681 1.474 1.149 1.339 1.696 2.130 2.015 1.582 1.116 0.855 0.544 0.000 0.657 0.961 1.518 1.619 1.454 1.421 1.964 1.964 1.849 2.043 2.531 3.116
6.048 5.746 5.420 6.003 7.673 7.044 5.002 4.928 3.813 3.092 2.506 2.842 3.220 3.150 2.546 2.274 2.227 2.254 2.399 2.526 2.582 2.580 2.638 2.644 2.927 2.965 2.740 2.357 2.171 2.304 2.056 1.755 1.437 1.343 1.118 0.707 0.751 0.982 1.195 1.262 1.503 1.764 1.822 1.655 1.348 0.959 1.026 1.071 1.587 1.653 1.772 2.036 2.175 2.354 2.623 2.906 2.599 2.348 2.227 2.493 2.627 2.546 2.672 2.339 2.222 2.241 2.037 1.924 1.780 1.464 1.313 1.158 1.188 1.445 1.814 1.715 1.228 0.952 0.773 0.753 0.525 0.000 0.505 0.672 0.830 0.744 0.761 1.085 1.132 1.168 1.390 1.647 2.395
5.762 5.657 5.330 6.104 6.408 6.065 4.031 4.059 3.504 2.877 2.485 2.861 3.234 3.138 2.565 2.353 2.359 2.435 2.536 2.483 2.584 2.564 2.576 2.459 2.562 2.674 2.423 1.969 1.867 1.834 1.590 1.348 1.312 1.090 1.059 0.718 0.790 0.909 1.061 1.096 1.410 1.524 1.719 1.606 1.281 1.070 1.101 1.152 1.378 1.412 1.439 1.608 1.707 1.852 2.079 2.346 2.177 2.015 1.860 2.045 2.181 2.288 2.366 2.104 1.802 1.915 1.769 1.681 1.544 1.614 1.385 1.261 1.247 1.450 1.578 1.623 1.255 1.022 0.866 0.857 0.735 0.496 0.000 0.494 0.561 0.581 0.567 0.684 0.858 0.925 1.027 1.249 2.034
6.234 5.461 5.891 6.922 6.300 6.136 4.679 4.686 3.532 3.002 2.782 2.883 3.141 3.276 2.582 2.378 2.591 2.591 2.798 2.612 3.013 2.504 2.801 2.337 2.548 2.582 2.261 1.879 1.609 1.665 1.477 1.306 1.387 1.120 0.876 0.773 0.819 0.940 1.135 1.110 1.304 1.565 1.615 1.459 1.359 1.095 1.190 1.075 1.554 1.498 1.510 1.635 1.722 1.942 2.086 2.184 2.023 1.936 1.836 2.102 2.198 2.423 2.272 2.255 1.999 2.083 1.763 1.655 1.649 1.819 1.634 1.409 1.458 1.655 1.730 1.753 1.370 1.181 1.022 1.175 0.923 0.617 0.491 0.000 0.492 0.530 0.545 0.565 0.687 0.812 0.857 1.035 1.874
6.416 5.687 5.526 6.205 6.469 5.817 3.849 3.888 3.882 3.224 2.883 3.020 3.517 3.483 3.040 2.633 2.704 2.698 2.732 2.580 2.704 2.550 2.584 2.478 2.632 2.802 2.559 2.044 2.054 2.095 1.970 1.576 1.644 1.313 1.161 0.956 0.945 1.098 1.173 1.271 1.377 1.584 1.754 1.608 1.567 1.334 1.352 1.360 1.767 1.813 1.752 1.931 2.029 2.235 2.386 2.636 2.420 2.299 2.200 2.385 2.498 2.562 2.506 2.463 2.189 2.202 2.039 1.972 1.903 1.754 1.642 1.629 1.601 1.589 1.695 1.749 1.445 1.367 1.122 1.300 1.148 0.808 0.548 0.491 0.000 0.494 0.564 0.608 0.604 0.715 0.910 1.014 1.800
6.594 5.714 5.357 5.692 8.016 5.793 4.432 4.204 3.400 3.154 2.658 2.866 3.161 3.144 2.627 2.212 2.138 2.026 2.101 2.030 2.272 2.226 2.223 2.144 2.287 2.412 2.317 1.800 1.672 1.813 1.721 1.491 1.258 1.259 1.134 0.917 1.015 1.046 1.191 1.345 1.444 1.648 1.752 1.641 1.405 1.188 1.313 1.222 1.412 1.451 1.415 1.658 1.735 1.904 2.173 2.201 2.101 1.851 1.735 2.093 2.082 2.171 2.130 1.999 1.737 1.851 1.834 1.643 1.596 1.542 1.280 1.258 1.164 1.128 1.285 1.402 1.056 1.022 0.854 1.065 0.949 0.691 0.551 0.525 0.489 0.000 0.489 0.527 0.555 0.550 0.666 0.840 1.627
6.407 5.568 4.969 6.252 9.383 5.034 5.212 4.637 3.163 2.753 2.376 2.573 3.018 2.960 2.309 1.999 1.795 1.776 1.709 1.800 1.810 1.715 1.742 1.704 1.909 2.089 1.917 1.446 1.307 1.341 1.314 1.111 1.046 1.060 1.089 0.893 0.932 0.960 1.121 1.168 1.274 1.537 1.730 1.526 1.342 1.105 1.046 0.887 1.117 1.151 1.288 1.369 1.359 1.536 1.783 1.854 1.577 1.464 1.322 1.600 1.700 1.646 1.757 1.633 1.485 1.497 1.450 1.406 1.431 1.223 1.122 1.042 1.015 1.030 1.270 1.366 1.108 0.970 0.838 1.002 0.904 0.644 0.579 0.528 0.513 0.488 0.000 0.490 0.526 0.556 0.576 0.750 1.538
6.745 5.845 7.450 7.048 10.444 4.986 5.938 4.113 3.753 3.161 2.936 2.887 3.161 3.174 2.622 2.315 2.455 2.256 2.300 2.203 2.250 2.145 2.101 2.108 2.042 2.091 1.989 1.514 1.566 1.544 1.482 1.200 1.271 1.079 1.018 0.922 1.003 1.100 1.247 1.294 1.408 1.576 1.708 1.550 1.344 1.219 1.088 1.001 1.253 1.340 1.410 1.577 1.568 1.725 1.957 2.051 1.735 1.741 1.642 1.899 1.983 2.038 1.998 2.003 1.733 1.804 1.695 1.606 1.530 1.370 1.252 1.196 1.152 1.283 1.521 1.497 1.239 1.099 0.916 1.100 1.003 0.725 0.658 0.557 0.544 0.519 0.488 0.000 0.492 0.535 0.579 0.684 1.525
6.361 5.981 6.230 7.621 9.715 6.486 5.509 4.189 3.963 3.168 2.974 3.080 3.431 3.433 3.006 2.538 2.552 2.338 2.470 2.336 2.501 2.333 2.195 2.062 2.175 2.304 2.193 1.663 1.799 1.752 1.710 1.345 1.278 1.282 1.226 1.097 1.279 1.244 1.328 1.457 1.544 1.861 2.041 1.864 1.740 1.440 1.356 1.223 1.462 1.525 1.533 1.752 1.880 2.078 2.286 2.404 2.125 2.063 1.924 2.263 2.330 2.362 2.391 2.277 2.005 2.064 1.974 1.822 1.834 1.577 1.521 1.407 1.400 1.297 1.489 1.517 1.185 1.230 1.079 1.331 1.312 0.966 0.826 0.663 0.589 0.584 0.550 0.492 0.000 0.496 0.591 0.720 1.420
5.694 5.353 5.835 6.867 8.120 6.080 5.228 3.533 3.177 2.656 2.556 2.728 3.053 3.061 2.457 2.037 1.846 1.782 1.773 1.804 1.773 2.011 1.745 1.769 1.874 2.061 1.980 1.455 1.370 1.486 1.450 1.219 1.154 1.190 1.219 1.052 1.191 1.254 1.330 1.492 1.508 1.792 1.986 1.763 1.585 1.362 1.222 1.097 1.233 1.262 1.316 1.478 1.469 1.613 1.899 1.908 1.640 1.517 1.421 1.680 1.753 1.712 1.793 1.668 1.469 1.617 1.586 1.550 1.449 1.346 1.046 1.098 0.956 0.808 1.300 1.319 0.972 1.032 0.892 1.134 1.171 0.892 0.815 0.775 0.631 0.557 0.536 0.517 0.491 0.000 0.493 0.625 1.434
5.953 5.804 6.540 7.184 8.730 7.079 4.472 5.041 3.175 2.737 2.577 2.843 3.221 3.232 2.558 2.179 2.040 1.925 1.857 1.825 2.108 1.717 1.913 2.092 1.761 1.977 1.872 1.427 1.241 1.299 1.372 1.250 1.188 1.285 1.338 1.209 1.368 1.485 1.569 1.631 1.770 1.979 2.226 2.051 1.754 1.471 1.327 1.172 1.364 1.227 1.443 1.494 1.418 1.607 1.779 1.831 1.540 1.422 1.355 1.592 1.709 1.696 1.770 1.734 1.519 1.695 1.610 1.619 1.537 1.322 1.172 1.205 1.080 0.996 1.337 1.371 1.114 1.070 1.002 1.225 1.280 0.996 0.979 0.927 0.847 0.693 0.606 0.607 0.556 0.496 0.000 0.532 1.413
6.673 7.238 7.860 9.182 8.494 8.034 5.442 5.677 4.597 3.292 3.561 3.737 4.281 4.335 3.583 3.592 3.267 3.316 3.489 3.438 3.717 3.524 3.403 2.928 3.179 3.152 3.035 2.352 2.459 2.769 2.792 2.597 2.370 2.730 2.566 2.513 2.838 3.268 3.533 3.375 3.428 3.630 4.237 3.947 3.033 2.719 2.155 1.996 2.496 2.567 3.212 3.596 3.353 3.646 4.061 4.140 3.340 3.194 3.163 3.836 3.894 3.861 3.855 3.477 3.129 3.164 3.378 3.179 2.729 2.207 1.849 1.951 1.963 1.736 2.206 2.559 2.088 2.142 1.664 2.037 2.349 2.077 2.250 2.069 1.871 1.554 1.166 1.125 1.064 0.893 0.568 0.000 1.136
13.131 14.406 12.729 13.291 13.298 14.295 14.266 15.808 16.750 17.889 18.136 18.821 19.355 20.028 19.516 18.885 18.432 17.652 16.240 15.467 14.778 12.975 13.425 10.916 12.645 13.700 12.048 8.229 8.640 10.132 8.593 6.032 6.501 7.561 10.268 12.055 13.370 13.149 12.244 13.676 12.735 15.134 17.021 17.479 16.338 15.341 14.559 11.166 11.007 10.139 8.602 9.512 11.998 11.745 14.462 16.006 14.207 12.380 13.309 15.734 16.725 16.293 16.656 15.798 15.198 15.473 13.535 14.462 14.713 14.657 12.197 14.280 13.316 9.969 9.819 12.760 10.566 14.206 12.567 14.499 14.561 12.751 10.821 7.420 8.353 8.730 6.441 3.939 4.862 5.609 3.157 1.092 0.000
