87.401
90.770
90.597
89.180
85.477
85.988
91.686
94.701
95.030
96.198
96.181
96.469
96.311
95.738
95.732
95.495
95.597
94.882
94.461
92.908
90.394
89.424
92.682
93.282
94.792
95.082
96.053
95.467
95.918
95.734
96.165
95.858
94.745
93.871
92.030
93.565
93.562
94.722
94.534
93.215
92.800
93.171
93.552
94.638
93.779
94.027
92.931
94.540
95.117
95.973
95.458
95.370
95.387
93.579
92.002
94.434
95.325
95.781
94.811
94.777
96.165
96.210
96.248
96.143
96.169
96.538
96.065
95.764
95.583
95.766
93.985
92.786
92.474
89.809
91.174
92.254
93.398
94.111
95.394
94.374
94.301
93.021
90.953
83.974
78.408
72.513
73.214
72.090
73.913
73.566
75.496
76.566
78.314
