88.636
94.132
94.554
95.164
94.256
93.940
90.949
87.575
87.739
93.193
95.757
95.615
96.386
96.065
96.187
95.508
94.871
95.004
95.088
95.414
94.313
92.675
90.674
87.088
86.008
90.236
91.103
93.597
93.787
95.374
94.005
94.973
94.413
95.341
95.462
95.121
94.064
92.802
94.353
94.520
95.342
95.073
94.298
94.029
93.328
93.630
93.704
91.926
91.647
89.900
92.567
93.654
95.563
95.147
95.707
95.902
94.506
93.024
94.943
95.568
95.772
94.391
94.334
96.094
96.166
96.165
96.216
96.308
96.704
96.417
96.135
96.237
96.493
94.806
93.846
94.025
92.199
93.459
94.370
95.035
95.280
95.935
94.516
93.635
91.021
85.800
74.191
69.349
63.757
62.055
64.033
64.993
60.301
