40.560
55.008
65.433
75.872
83.226
89.441
89.771
92.069
90.643
92.229
93.411
92.605
91.392
89.901
91.507
91.612
93.142
93.288
92.679
92.028
91.615
92.100
91.459
90.650
90.064
87.280
89.976
90.292
92.106
91.284
92.935
94.110
92.739
90.369
92.658
92.304
90.916
89.645
87.563
90.017
90.020
90.161
91.902
92.875
93.233
93.307
94.308
94.351
94.501
92.649
92.050
91.299
88.262
90.349
91.887
93.099
93.742
93.858
92.175
91.210
89.129
84.917
73.710
69.585
66.863
73.552
82.916
86.740
88.780
90.635
91.433
92.552
91.521
91.722
89.359
81.781
76.377
75.399
87.314
91.960
92.234
92.363
91.994
91.891
88.993
87.337
87.309
85.339
82.774
79.277
62.938
55.622
51.811
