84.936
90.323
91.275
91.863
92.568
92.613
91.018
85.608
74.641
75.043
75.638
81.736
87.985
90.586
89.861
91.159
91.326
91.553
91.343
89.038
87.137
79.864
80.566
82.454
88.258
92.879
93.324
94.870
95.570
95.834
95.770
95.308
95.255
95.149
95.374
94.714
93.730
92.113
90.030
89.368
92.198
92.032
93.616
94.104
95.251
94.455
94.818
94.926
95.247
94.643
94.248
93.112
90.982
91.751
91.600
92.805
93.163
91.568
90.473
91.095
91.187
92.065
91.695
92.292
91.240
93.024
93.954
94.953
94.471
94.472
94.292
92.416
90.179
93.407
94.568
95.042
93.805
93.748
95.642
95.892
95.791
95.480
95.433
95.768
94.877
94.136
94.397
94.188
91.595
88.985
85.538
73.521
66.591
