49.798
63.657
84.597
93.092
93.250
94.803
95.130
95.835
95.744
95.588
95.769
95.588
95.712
95.038
93.957
91.932
89.425
88.911
92.091
92.513
94.124
94.541
95.592
94.761
95.045
94.862
94.810
94.332
93.390
92.427
91.024
92.021
92.674
93.972
93.950
93.679
93.269
92.512
92.849
92.985
92.186
92.590
91.480
93.445
94.060
95.540
94.893
95.407
95.408
93.900
92.478
94.919
95.651
95.793
94.642
94.741
96.312
96.301
95.989
95.788
96.064
96.238
95.305
95.038
95.303
95.038
92.601
91.953
92.069
88.420
90.285
92.442
93.528
94.871
95.348
94.307
93.690
92.734
87.080
72.880
71.399
72.319
75.070
85.264
87.097
88.918
90.043
90.544
91.702
91.155
91.333
86.719
72.227
