36.328
42.192
53.991
60.935
68.613
79.444
88.909
89.435
91.836
90.723
92.419
93.366
92.482
91.329
89.605
91.264
91.239
92.848
93.111
92.462
91.627
91.337
91.850
91.184
90.225
89.828
86.985
89.454
89.672
91.558
90.449
92.205
93.656
92.274
89.643
91.945
91.470
90.116
88.592
86.653
89.556
89.959
90.478
91.953
92.679
92.983
93.139
94.080
94.054
94.192
92.395
91.623
90.873
87.843
90.207
91.714
92.846
93.434
93.403
91.420
90.429
88.138
83.965
73.266
69.657
66.235
73.149
82.170
85.620
88.066
90.028
91.100
92.221
91.265
91.478
88.935
80.944
75.972
75.268
86.956
91.621
91.865
92.140
91.928
91.908
88.985
86.940
86.769
84.502
81.841
79.026
64.944
59.433
