0.000 1.103 1.859 3.014 3.770 2.732 3.349 2.843 2.810 3.556 3.816 4.803 6.292 4.969 5.207 4.648 6.569 6.699 8.550 9.709 11.559 11.319 10.720 11.178 12.648 12.281 12.103 12.090 13.078 13.076 12.589 12.480 11.582 11.498 12.022 11.482 10.340 11.348 10.910 11.644 11.041 11.176 10.637 10.389 9.678 9.341 10.067 9.766 9.165 10.619 9.635 11.449 10.481 12.654 13.371 15.903 17.972 18.766 21.942 22.011 25.146 24.467 26.780 26.736 27.159 26.755 27.349 26.218 25.434 24.880 25.090 23.605 24.884 22.738 23.332 21.301 20.928 22.336 22.694 23.319 22.906 20.408 21.360 19.003 19.993 19.811 20.665 21.325 21.038 20.266 21.269 21.737 21.992
0.657 0.000 0.598 0.997 1.615 1.364 1.701 1.515 1.366 1.811 1.867 1.895 1.806 1.712 1.806 1.744 2.295 2.247 2.664 2.799 3.352 3.455 3.277 3.557 4.137 4.184 4.140 3.879 4.064 4.522 4.497 4.705 4.408 4.282 4.127 3.608 3.604 3.861 3.794 3.188 3.550 3.872 3.765 3.917 3.909 3.697 3.338 3.236 3.233 3.167 3.040 3.084 2.946 4.141 5.204 8.596 11.748 14.234 21.542 21.012 24.949 24.249 26.031 27.138 27.404 27.177 26.935 26.706 25.930 26.004 22.609 24.189 25.299 22.506 22.668 22.303 20.967 21.228 21.694 24.095 22.532 20.305 21.436 18.840 19.846 19.711 19.215 20.633 19.857 20.102 20.507 22.062 22.844
1.229 0.560 0.000 0.548 0.825 0.965 1.243 1.176 1.056 1.388 1.618 1.800 1.966 1.657 1.880 1.952 2.462 2.454 2.746 3.019 3.189 3.144 2.966 3.292 3.775 3.629 3.636 3.511 3.614 3.926 3.931 3.783 3.567 3.635 3.610 3.163 3.138 3.426 3.232 2.917 3.211 3.482 3.397 3.566 3.355 3.495 3.204 3.177 3.070 3.164 3.090 3.143 3.224 4.362 5.804 9.009 12.026 14.693 21.335 21.542 25.122 24.154 27.148 26.531 28.000 28.036 27.573 27.060 25.795 27.069 25.577 25.079 24.126 21.176 23.852 21.021 21.521 21.985 21.282 22.409 21.671 20.101 20.494 17.898 19.163 18.615 18.995 20.609 20.440 21.358 21.115 22.506 21.843
1.682 0.929 0.512 0.000 0.709 0.857 1.288 1.382 1.053 1.405 1.792 1.872 2.259 1.946 2.182 2.281 2.755 2.800 3.005 3.084 3.581 3.547 3.198 3.593 4.187 4.099 4.183 3.946 4.159 4.778 4.434 4.398 3.914 3.992 3.943 3.526 3.480 3.714 3.574 3.128 3.435 3.702 3.426 3.691 3.421 3.362 3.444 3.180 3.277 3.420 3.305 3.508 3.474 4.538 5.904 8.562 11.362 13.858 20.626 21.277 23.781 23.694 26.864 25.877 27.491 27.342 27.354 26.780 26.398 26.774 24.682 25.476 25.143 24.097 22.829 22.334 21.910 21.663 21.175 22.718 22.018 20.270 20.494 18.027 18.615 18.303 18.695 19.905 20.051 22.351 20.455 20.734 21.544
2.569 1.638 0.969 0.640 0.000 0.654 1.081 1.503 1.247 1.472 1.901 2.255 2.524 2.368 2.742 2.752 3.426 3.347 3.705 3.788 4.224 4.025 3.763 3.771 4.394 4.588 4.819 4.743 5.233 5.770 5.461 5.422 5.165 5.029 4.693 4.330 4.215 4.192 4.013 3.402 3.728 3.909 3.550 3.566 3.177 3.258 3.292 3.414 3.620 3.886 3.923 4.243 4.353 5.436 7.202 10.163 12.911 15.554 21.201 21.618 24.329 23.943 25.431 26.498 27.353 27.272 27.396 26.928 26.158 26.312 24.555 22.950 24.486 21.476 22.772 21.163 22.020 21.564 21.635 22.658 21.697 20.424 20.884 19.091 19.708 19.395 19.624 20.396 20.448 21.486 20.730 22.569 21.860
2.223 1.335 1.136 0.823 0.649 0.000 0.526 0.737 0.869 0.957 0.983 1.591 1.730 1.617 2.036 2.199 2.747 2.551 2.876 2.496 2.811 2.631 2.306 2.417 2.884 3.001 3.223 3.235 3.570 3.819 3.725 3.806 3.603 3.618 3.388 3.093 2.820 3.138 2.911 2.477 2.685 2.942 2.600 2.725 2.273 2.163 1.978 2.018 2.166 2.431 2.570 2.851 3.148 4.279 5.972 9.021 11.261 13.668 21.139 21.370 24.766 23.576 26.056 26.574 26.945 26.458 26.824 27.146 25.625 24.227 24.769 22.474 24.137 23.188 21.591 20.597 20.837 20.966 20.768 22.420 21.851 19.930 20.512 18.604 19.754 19.424 18.938 20.150 20.313 21.077 20.049 21.427 20.671
2.059 1.180 1.114 1.058 0.903 0.506 0.000 0.501 0.604 0.689 0.661 0.906 0.997 1.067 1.424 1.663 1.894 1.765 1.895 1.835 2.036 1.980 1.947 2.074 2.409 2.412 2.545 2.444 2.691 3.004 2.860 3.016 2.878 2.792 2.707 2.344 2.251 2.416 2.256 1.942 2.128 2.319 2.170 2.303 2.051 1.889 1.766 1.718 1.625 1.824 1.817 2.010 2.241 3.142 4.309 6.952 10.383 13.026 20.891 21.360 22.597 24.082 25.015 26.985 25.983 27.102 24.547 26.551 24.615 24.240 26.845 23.246 21.428 23.853 21.297 21.559 21.517 20.818 20.527 22.306 21.347 20.417 20.742 18.710 19.000 18.689 19.293 20.281 19.774 20.798 20.613 21.936 21.176
1.954 1.051 1.079 1.081 0.986 0.620 0.494 0.000 0.501 0.597 0.688 0.791 0.996 1.036 1.310 1.551 1.879 1.667 1.954 1.804 2.109 2.090 1.845 2.033 2.416 2.379 2.447 2.313 2.541 2.808 2.728 2.723 2.683 2.647 2.498 2.163 2.080 2.269 2.144 1.771 1.936 2.145 1.960 2.105 1.902 1.894 1.753 1.839 1.719 2.000 1.851 2.083 2.244 3.078 4.347 7.440 11.041 13.524 20.981 21.734 23.928 25.721 25.584 28.257 26.460 26.516 26.056 26.401 24.616 24.629 27.160 23.442 23.161 21.475 23.043 19.671 20.502 20.921 20.539 22.288 20.579 19.623 20.232 17.895 18.937 18.021 18.659 19.570 19.620 19.150 20.997 22.805 21.610
1.903 1.111 1.115 1.169 1.024 0.661 0.579 0.494 0.000 0.507 0.614 0.868 1.024 1.104 1.384 1.564 1.803 1.618 1.879 1.905 1.994 2.004 1.903 2.007 2.325 2.338 2.306 2.301 2.445 2.738 2.600 2.610 2.441 2.482 2.421 2.175 2.097 2.252 2.095 1.912 2.055 2.222 2.061 2.209 2.015 1.972 1.774 1.875 1.726 1.946 1.848 2.073 2.184 3.029 4.255 7.624 10.472 13.086 20.898 21.313 24.600 24.825 26.534 27.152 28.076 27.261 27.532 26.759 25.565 27.079 23.848 24.053 22.463 23.447 22.546 20.592 22.331 22.495 21.451 22.090 21.531 20.356 20.477 18.023 19.504 18.420 19.126 20.574 20.092 22.442 19.875 22.196 21.153
1.795 1.128 1.092 1.138 1.095 0.778 0.695 0.600 0.500 0.000 0.513 0.736 0.976 1.117 1.509 1.709 2.004 1.970 2.192 2.062 2.364 2.374 2.139 2.236 2.704 2.618 2.797 2.625 2.869 3.205 3.035 3.074 2.729 2.860 2.812 2.485 2.384 2.606 2.440 2.086 2.319 2.594 2.307 2.442 2.174 2.096 1.936 1.978 1.837 2.179 2.076 2.293 2.470 3.360 4.888 8.258 11.319 13.812 21.011 21.723 24.589 24.543 26.404 25.987 27.440 27.040 26.495 26.753 25.714 26.163 22.722 20.959 22.443 23.204 23.370 21.716 21.904 21.358 20.921 22.026 21.834 20.860 20.903 18.810 20.164 19.043 19.785 20.443 20.522 21.154 20.604 21.891 22.472
2.242 1.459 1.374 1.331 1.222 0.870 0.792 0.743 0.646 0.514 0.000 0.624 0.741 0.931 1.441 1.687 1.916 1.757 1.931 1.831 2.067 1.997 1.914 2.067 2.457 2.422 2.502 2.454 2.645 2.982 2.855 2.940 2.768 2.882 2.696 2.430 2.329 2.624 2.347 2.082 2.249 2.500 2.173 2.381 2.069 1.836 1.796 1.664 1.619 1.754 1.828 1.955 2.196 3.022 4.160 7.142 11.483 14.328 21.044 22.009 23.246 26.479 26.253 28.633 26.194 27.111 27.075 25.803 24.654 24.753 24.105 23.743 21.863 22.891 22.019 21.751 21.333 22.057 21.614 22.245 22.022 20.900 21.023 18.596 20.017 19.080 19.175 20.355 19.271 21.721 21.194 21.075 22.863
3.195 2.140 2.053 2.033 1.920 1.507 1.211 1.107 1.093 0.793 0.581 0.000 0.582 0.811 1.452 1.896 2.180 1.992 2.436 2.560 2.958 2.989 2.664 2.899 3.423 3.489 3.653 3.646 3.607 4.381 4.189 4.405 4.102 4.347 4.057 3.488 3.495 3.850 3.398 2.933 3.385 3.525 2.993 3.249 2.700 2.549 2.443 2.465 2.424 2.522 2.334 2.387 2.384 3.073 4.239 7.039 11.390 13.182 19.929 21.571 25.134 23.851 27.171 26.470 26.992 26.063 26.339 26.125 24.561 24.190 24.743 24.124 24.519 20.628 22.197 21.116 20.890 21.156 20.797 22.207 21.109 20.331 20.413 18.296 18.632 18.737 19.427 20.390 20.299 22.914 20.769 22.421 19.899
2.454 1.599 1.845 1.889 1.807 1.543 1.360 1.073 0.996 0.972 0.652 0.537 0.000 0.554 0.924 1.296 1.427 1.169 1.370 1.531 1.798 1.833 1.915 2.145 2.406 2.359 2.246 2.137 2.132 2.490 2.555 2.723 2.547 2.743 2.614 2.219 2.381 2.620 2.322 2.165 2.480 2.710 2.387 2.665 2.607 2.330 1.994 1.906 1.629 1.533 1.404 1.503 1.990 2.597 3.974 7.291 11.300 13.216 21.163 21.436 24.154 26.763 24.929 25.891 26.675 26.472 26.906 27.528 25.586 24.715 22.765 23.290 23.921 23.689 23.375 22.096 21.536 21.336 21.190 23.044 21.097 20.593 20.041 17.938 19.520 18.955 18.276 19.926 19.882 21.661 22.169 24.386 22.505
2.160 1.310 1.604 1.701 1.873 1.489 1.364 1.066 1.192 1.241 0.973 0.895 0.520 0.000 0.534 0.797 1.090 0.934 1.193 1.310 1.527 1.620 1.602 1.865 2.098 2.019 1.944 1.837 1.905 2.128 2.193 2.198 2.117 2.280 2.230 1.848 1.935 2.187 1.969 1.835 2.039 2.227 2.025 2.330 2.171 2.006 1.693 1.591 1.414 1.451 1.279 1.345 1.628 2.523 3.698 6.876 11.218 13.637 21.649 22.077 24.144 27.048 24.900 27.760 26.898 27.322 26.614 26.461 25.283 25.250 22.667 21.930 24.959 21.860 22.150 20.462 21.086 21.603 20.802 21.649 20.860 19.799 21.111 18.265 19.541 18.409 19.182 20.114 19.919 20.169 21.928 23.755 20.864
2.363 1.620 2.037 2.263 2.502 2.140 1.916 1.515 1.577 1.771 1.378 1.240 0.866 0.538 0.000 0.526 0.835 0.841 1.209 1.470 1.802 1.870 1.903 2.139 2.502 2.504 2.408 2.233 2.260 2.589 2.655 2.666 2.594 2.688 2.781 2.265 2.495 2.679 2.494 2.247 2.622 2.816 2.534 2.885 2.755 2.437 2.134 1.919 1.690 1.766 1.472 1.466 1.560 2.642 3.913 6.857 10.597 12.808 19.965 19.746 24.220 24.840 26.454 25.890 27.320 26.690 25.830 26.592 23.903 23.288 22.570 22.296 21.301 20.683 22.258 20.173 20.656 21.801 21.187 22.697 21.115 19.637 19.270 17.680 18.114 17.762 18.204 19.340 19.450 20.445 19.965 23.389 20.990
2.441 1.558 2.092 2.286 2.594 2.203 2.082 1.696 1.660 1.900 1.723 1.535 1.221 0.900 0.536 0.000 0.634 0.775 1.081 1.461 1.729 1.952 2.110 2.373 2.617 2.567 2.393 2.293 2.177 2.343 2.534 2.532 2.603 2.694 2.666 2.340 2.446 2.716 2.628 2.468 2.790 2.925 2.809 3.049 3.103 2.901 2.539 2.404 2.021 1.903 1.558 1.519 1.651 2.514 3.968 7.003 10.888 13.664 19.965 20.373 24.792 25.097 27.117 25.662 27.093 27.789 27.176 26.328 25.723 25.581 23.606 23.167 23.405 20.456 22.858 20.028 20.945 21.344 22.050 22.349 21.433 20.320 20.491 18.331 18.814 17.854 18.648 19.839 20.465 20.772 20.459 26.191 21.290
2.850 1.765 2.210 2.425 2.918 2.471 2.483 2.068 2.100 2.462 2.176 2.193 1.711 1.260 0.943 0.576 0.000 0.598 0.836 1.231 1.536 1.988 2.388 2.588 2.880 2.750 2.465 2.305 1.917 2.282 2.715 3.009 3.172 3.126 3.195 2.619 2.901 3.290 3.122 2.990 3.245 3.554 3.270 3.845 3.844 3.507 3.001 2.609 2.137 1.970 1.407 1.172 1.558 2.414 4.111 7.140 10.752 12.545 18.814 19.187 24.058 23.597 26.101 25.291 26.210 26.668 26.833 26.011 25.206 25.666 23.410 22.558 22.196 22.162 22.915 19.531 20.314 19.895 20.920 23.640 19.638 18.645 19.372 16.220 18.029 17.358 17.503 18.221 19.580 20.068 21.124 22.898 22.499
2.467 1.659 1.934 2.159 2.433 2.061 1.979 1.709 1.686 1.938 1.666 1.644 1.291 1.026 0.800 0.784 0.539 0.000 0.528 0.722 0.970 1.234 1.403 1.771 1.848 1.830 1.435 1.278 1.214 1.481 1.559 1.667 1.650 1.822 1.777 1.578 1.726 1.938 1.811 1.782 2.135 2.260 2.179 2.526 2.675 2.524 1.983 1.832 1.419 1.303 0.963 1.049 1.230 2.211 3.436 6.501 10.544 12.207 19.475 19.433 21.793 24.119 24.461 26.264 26.866 25.853 26.939 25.782 25.355 24.481 23.121 22.323 20.779 23.133 20.759 21.932 21.347 21.094 22.406 23.423 23.228 21.295 21.150 18.578 19.801 18.690 19.544 20.975 20.877 21.832 21.570 24.700 22.575
2.646 1.886 2.316 2.557 2.895 2.290 2.155 1.788 1.973 2.161 1.903 1.859 1.526 1.199 1.052 1.029 0.804 0.523 0.000 0.529 0.696 0.859 1.056 1.288 1.444 1.288 1.156 1.022 1.156 1.453 1.559 1.682 1.569 1.682 1.601 1.308 1.502 1.658 1.481 1.516 1.782 1.866 1.772 2.166 2.278 2.007 1.650 1.359 1.078 0.992 0.824 0.817 1.087 2.064 3.266 6.300 10.460 12.647 18.926 19.048 25.115 24.822 26.144 26.102 26.354 26.236 26.308 26.070 25.480 25.075 23.083 22.663 22.555 22.643 22.076 21.233 21.139 21.508 21.286 22.782 20.770 19.946 20.791 18.438 20.331 18.671 18.488 19.655 19.837 23.472 24.876 21.254 22.432
2.214 1.570 1.824 1.960 2.253 1.706 1.551 1.377 1.488 1.617 1.449 1.551 1.182 1.000 1.023 1.074 0.951 0.651 0.497 0.000 0.499 0.556 0.690 0.891 0.986 0.872 0.711 0.676 0.805 1.005 0.980 1.112 1.154 1.204 1.114 0.943 1.087 1.137 1.033 1.046 1.256 1.333 1.241 1.550 1.511 1.385 1.077 0.923 0.701 0.711 0.693 0.778 1.201 2.159 3.180 6.772 11.708 12.777 20.568 19.043 22.770 23.225 23.302 26.537 26.678 26.141 26.307 26.536 25.557 23.991 23.824 22.597 21.966 22.265 22.968 22.201 20.653 20.384 21.581 21.622 20.983 20.769 21.678 19.634 20.667 19.647 20.435 21.167 20.411 21.766 22.185 23.356 21.553
2.345 1.622 1.957 2.119 2.319 1.818 1.703 1.534 1.570 1.755 1.532 1.551 1.293 1.053 1.142 1.151 1.025 0.825 0.642 0.492 0.000 0.500 0.631 0.854 0.925 0.748 0.630 0.724 0.852 1.010 1.073 1.266 1.320 1.311 1.208 1.051 1.214 1.284 1.103 1.144 1.327 1.405 1.321 1.664 1.733 1.540 1.268 1.005 0.762 0.661 0.678 0.818 1.243 2.006 3.175 6.555 10.445 11.934 20.004 18.358 23.152 24.383 25.118 26.450 27.057 26.327 26.470 26.322 25.583 25.322 24.692 23.464 21.325 23.967 24.911 22.210 22.192 22.977 22.216 21.836 22.131 20.462 21.124 18.628 19.851 18.821 19.454 20.674 20.597 21.680 21.708 23.643 24.083
2.615 1.829 2.059 2.195 2.286 1.793 1.598 1.444 1.656 1.770 1.499 1.667 1.346 1.194 1.327 1.415 1.281 0.999 0.794 0.590 0.495 0.000 0.490 0.586 0.725 0.648 0.596 0.670 0.812 0.987 0.987 1.131 1.171 1.222 1.043 0.899 1.022 1.067 0.839 0.884 1.052 1.092 0.942 1.261 1.238 1.124 0.833 0.745 0.621 0.715 0.888 0.880 1.327 2.033 3.153 6.517 12.026 13.561 22.232 19.890 23.919 23.755 24.482 25.762 25.322 25.108 25.254 25.185 24.923 23.956 22.521 22.210 21.675 22.397 22.612 21.895 21.232 20.038 22.835 22.963 21.926 20.665 20.805 18.221 19.013 18.720 19.475 19.668 20.498 21.020 20.363 22.126 23.173
2.234 1.676 1.832 2.061 2.175 1.660 1.493 1.345 1.547 1.621 1.461 1.585 1.357 1.193 1.369 1.442 1.373 1.108 0.954 0.690 0.622 0.496 0.000 0.509 0.747 0.602 0.601 0.647 0.837 1.030 0.992 1.149 1.155 1.235 1.071 0.896 1.017 1.051 0.852 0.772 1.005 1.041 0.846 1.194 1.199 1.037 0.760 0.751 0.629 0.757 0.892 1.053 1.539 2.357 3.448 6.378 11.308 13.074 20.849 19.512 23.958 22.931 24.333 25.191 25.568 26.795 24.260 25.897 24.520 23.326 24.113 20.665 23.638 19.135 21.823 19.579 20.918 22.526 23.056 21.825 21.106 21.231 20.698 18.604 19.765 19.116 20.173 20.925 21.116 22.374 21.830 22.095 21.195
2.755 2.208 2.493 2.630 2.867 2.238 2.079 1.913 2.098 2.229 2.030 2.276 1.976 1.822 1.997 2.032 2.007 1.694 1.495 1.160 1.211 0.886 0.552 0.000 0.836 0.736 0.975 1.116 1.497 1.728 1.609 1.820 1.731 1.895 1.629 1.370 1.552 1.583 1.247 1.210 1.561 1.512 1.197 1.622 1.573 1.404 1.043 0.989 0.911 1.214 1.476 1.733 2.261 3.000 4.265 7.250 11.641 13.475 21.225 20.617 23.630 24.097 24.738 26.289 26.682 27.365 25.256 27.053 26.624 24.441 25.637 21.783 21.888 23.125 21.105 22.163 22.276 22.408 22.249 21.586 20.879 20.988 21.212 19.065 18.899 18.381 19.559 21.039 20.767 20.259 22.216 23.080 22.488
4.246 3.278 3.489 3.693 3.527 2.918 2.479 2.506 2.903 2.805 2.455 2.972 2.586 2.504 2.923 3.227 3.033 2.584 2.316 1.810 1.492 1.062 0.772 0.569 0.000 0.580 0.834 1.204 1.565 1.683 1.741 2.272 2.542 2.489 1.946 1.803 2.227 2.040 1.470 1.703 2.117 1.852 1.450 1.836 1.845 1.493 1.288 1.129 1.366 1.664 2.085 2.368 3.078 4.011 5.580 8.363 12.104 14.032 21.975 20.898 25.883 23.087 26.734 24.613 26.350 26.609 27.065 26.405 24.966 25.615 24.132 23.160 23.327 21.905 22.790 21.101 21.244 22.200 22.795 21.668 20.179 19.737 20.940 18.073 18.661 18.288 19.092 21.189 20.772 21.447 20.881 23.023 21.813
3.292 2.576 2.734 3.001 3.108 2.500 2.280 2.102 2.338 2.462 2.308 2.468 2.184 1.789 2.077 2.039 1.935 1.553 1.282 0.981 0.853 0.656 0.645 0.650 0.529 0.000 0.504 0.597 0.777 1.027 1.040 1.298 1.411 1.510 1.219 1.096 1.309 1.367 1.031 1.127 1.402 1.421 1.241 1.578 1.668 1.519 1.180 1.039 1.010 1.191 1.362 1.559 2.065 2.893 4.255 7.564 11.289 14.049 21.395 20.899 25.239 23.078 26.078 25.150 26.396 26.918 26.422 25.933 25.137 24.700 23.444 24.001 20.888 21.877 20.264 20.036 20.953 20.762 20.832 21.831 20.683 19.902 19.904 17.419 18.696 18.534 18.701 20.332 19.316 21.053 20.601 21.397 21.531
3.076 2.280 2.563 2.729 2.898 2.375 2.112 1.943 2.179 2.266 2.058 2.241 1.868 1.600 1.808 1.810 1.547 1.267 1.067 0.877 0.703 0.651 0.717 0.879 0.730 0.501 0.000 0.505 0.580 0.921 0.881 1.123 1.207 1.334 1.126 1.003 1.228 1.270 1.039 1.140 1.427 1.447 1.293 1.712 1.834 1.683 1.288 1.176 1.059 1.158 1.136 1.234 1.681 2.470 3.831 6.747 11.288 13.181 21.022 20.194 24.943 23.526 26.185 24.187 25.456 26.447 26.024 25.872 25.219 24.917 22.949 23.464 19.817 20.969 20.449 20.840 20.370 22.593 22.608 21.645 21.658 19.880 20.516 17.352 19.312 17.616 17.825 20.312 19.978 21.546 21.193 21.345 21.630
2.835 2.410 2.655 2.912 3.155 2.542 2.416 2.223 2.348 2.569 2.328 2.549 2.044 1.789 1.908 1.822 1.680 1.458 1.168 0.971 0.783 0.700 0.848 1.069 0.966 0.656 0.505 0.000 0.538 0.826 0.850 0.996 1.157 1.276 1.090 0.952 1.263 1.330 1.044 1.264 1.534 1.530 1.484 1.922 2.053 1.885 1.489 1.345 1.267 1.217 1.256 1.387 1.876 2.631 3.763 6.792 11.240 13.172 21.171 19.699 24.641 23.954 26.938 25.948 27.206 26.634 26.143 25.840 25.233 24.739 23.868 23.764 22.426 20.938 21.671 20.749 20.748 22.241 20.589 22.048 21.529 20.604 20.669 17.487 18.673 18.699 18.994 20.576 20.178 23.330 21.075 20.440 20.531
3.868 3.158 3.468 3.781 4.182 3.267 3.077 2.869 3.380 3.504 3.219 3.476 2.964 2.626 2.782 2.745 2.528 2.234 1.717 1.294 1.130 1.134 1.241 1.631 1.569 1.123 0.809 0.537 0.000 0.841 1.140 1.543 1.748 1.860 1.611 1.382 1.724 1.710 1.467 1.626 1.884 1.897 1.896 2.358 2.544 2.568 1.997 2.107 1.774 1.873 1.826 1.904 2.524 3.217 4.530 7.752 11.394 13.617 21.305 19.638 24.152 23.031 27.326 26.463 27.091 27.176 26.892 27.196 26.339 25.893 25.072 23.394 21.066 22.168 24.468 20.608 22.125 22.037 22.282 22.802 20.701 20.789 20.689 18.174 19.154 19.096 19.724 20.103 20.157 21.284 21.502 21.462 21.244
4.820 3.977 4.342 4.665 4.985 4.267 3.986 3.622 3.914 4.185 3.507 3.702 3.020 2.836 2.903 3.002 2.731 2.367 1.869 1.570 1.218 1.410 1.801 2.189 2.157 1.748 1.252 1.036 0.637 0.000 0.668 1.034 1.613 1.704 1.608 1.601 2.135 2.184 2.037 2.262 2.744 2.837 2.784 3.741 3.792 3.495 2.788 2.443 2.077 1.790 1.835 1.837 2.365 3.419 4.746 7.230 11.427 13.096 20.789 20.808 24.978 23.455 25.968 25.015 26.136 26.012 26.207 26.508 25.590 25.691 24.227 23.172 22.533 22.427 22.584 20.634 22.917 22.050 23.643 23.675 21.781 21.111 20.796 18.321 18.499 19.102 19.769 20.993 20.400 22.598 21.966 22.556 22.264
3.282 2.788 2.959 3.320 3.418 2.903 2.680 2.526 2.753 2.925 2.724 2.886 2.529 2.230 2.410 2.309 2.102 1.890 1.535 1.344 1.184 1.213 1.383 1.675 1.647 1.223 1.010 0.828 0.835 0.537 0.000 0.517 0.691 0.886 0.799 0.773 1.093 1.234 1.177 1.388 1.593 1.724 1.820 2.270 2.462 2.450 2.010 1.925 1.716 1.685 1.696 1.785 2.277 2.955 4.146 6.794 10.417 12.780 21.219 20.542 24.818 23.561 25.704 25.757 25.679 25.862 25.409 26.158 24.727 24.644 23.188 21.278 21.078 21.321 20.897 21.521 19.983 22.235 19.674 22.661 20.964 20.245 19.978 17.460 18.506 18.332 18.618 16.099 19.654 21.906 20.993 20.601 21.068
2.656 2.090 2.291 2.515 2.648 2.228 2.124 1.971 2.106 2.295 2.231 2.308 2.066 1.733 1.896 1.743 1.696 1.524 1.368 1.206 1.175 1.210 1.229 1.450 1.505 1.229 1.044 0.877 0.912 0.750 0.503 0.000 0.497 0.583 0.612 0.593 0.719 0.906 0.965 1.059 1.167 1.380 1.411 1.866 2.105 2.044 1.642 1.657 1.465 1.573 1.536 1.677 1.985 2.702 3.892 6.197 9.830 12.824 20.370 19.709 23.815 22.489 24.011 23.610 25.542 25.503 25.049 26.256 25.186 23.659 22.527 21.692 21.281 21.156 22.615 21.680 22.017 23.278 24.507 22.988 22.676 20.846 20.697 18.509 19.251 18.997 18.576 21.664 21.029 21.908 20.376 21.075 21.118
2.461 1.925 2.168 2.517 2.805 2.057 1.967 1.734 1.958 2.164 2.002 2.167 1.906 1.607 1.730 1.648 1.539 1.419 1.225 1.109 1.133 1.142 1.099 1.313 1.405 1.160 1.065 0.905 0.996 0.910 0.618 0.491 0.000 0.493 0.544 0.540 0.538 0.690 0.776 0.790 0.880 1.103 1.171 1.538 1.710 1.694 1.393 1.455 1.343 1.412 1.411 1.541 1.879 2.515 3.757 6.268 9.756 12.399 20.396 20.233 24.620 23.597 24.845 25.138 26.198 26.906 25.635 25.483 24.840 23.948 24.059 21.030 19.971 23.717 23.525 23.064 23.055 20.419 22.107 26.109 21.466 20.553 21.262 18.582 18.848 20.220 19.023 20.352 20.373 23.254 21.697 21.115 21.334
2.835 2.385 2.603 2.922 3.146 2.489 2.359 2.271 2.491 2.618 2.485 2.559 2.344 2.036 2.144 1.954 1.877 1.723 1.521 1.354 1.381 1.325 1.208 1.367 1.502 1.231 1.282 1.046 1.240 1.162 0.797 0.558 0.492 0.000 0.496 0.582 0.618 0.619 0.706 0.874 0.889 1.032 1.155 1.578 1.794 1.830 1.528 1.662 1.545 1.699 1.738 1.902 2.220 2.819 3.989 6.440 10.031 12.805 21.008 20.619 24.346 22.697 24.891 24.709 26.043 26.624 25.685 25.989 25.604 24.437 22.215 23.041 20.194 21.953 25.727 21.787 21.872 22.003 21.490 22.326 22.233 21.352 20.182 18.075 19.052 19.198 19.559 20.545 20.391 22.594 21.488 22.220 21.897
2.856 2.087 2.281 2.538 2.560 2.065 1.885 1.763 1.992 2.082 1.943 2.052 1.785 1.592 1.734 1.739 1.641 1.445 1.266 1.052 1.045 0.946 0.872 1.052 1.198 0.952 0.952 0.798 0.962 0.944 0.668 0.546 0.514 0.490 0.000 0.489 0.524 0.557 0.536 0.635 0.740 0.909 0.955 1.371 1.527 1.450 1.141 1.160 1.086 1.226 1.268 1.474 1.888 2.666 3.838 6.547 10.123 12.778 21.042 20.300 24.973 23.706 25.507 25.150 26.143 25.565 25.747 25.097 25.284 23.489 21.633 23.959 20.113 23.622 23.093 21.547 21.178 20.976 21.291 21.475 22.646 21.184 21.054 18.372 19.361 18.943 18.304 20.324 20.141 22.120 19.479 21.559 21.935
2.396 1.820 2.044 2.407 2.516 1.897 1.691 1.518 1.816 1.968 1.806 1.993 1.703 1.483 1.586 1.561 1.522 1.416 1.201 1.034 0.994 0.925 0.874 1.108 1.252 1.026 0.929 0.816 0.959 0.887 0.641 0.561 0.516 0.511 0.489 0.000 0.490 0.530 0.545 0.548 0.646 0.855 0.905 1.325 1.421 1.413 1.110 1.220 1.068 1.312 1.310 1.497 1.804 2.521 3.772 6.582 11.058 13.323 21.715 21.715 25.074 23.041 25.669 24.003 26.845 26.802 25.701 25.603 24.908 22.908 22.507 19.682 20.968 22.534 26.117 21.294 23.191 23.839 20.756 22.570 21.253 21.414 21.358 17.920 19.019 18.850 19.598 21.059 21.114 20.659 21.919 21.335 18.939
2.374 1.809 1.995 2.410 2.574 1.889 1.758 1.684 1.905 2.077 1.958 2.057 1.829 1.541 1.677 1.609 1.508 1.387 1.183 1.011 1.045 1.001 0.949 1.128 1.289 1.090 1.024 0.848 1.004 0.956 0.720 0.642 0.538 0.543 0.529 0.489 0.000 0.494 0.532 0.560 0.585 0.728 0.876 1.252 1.389 1.439 1.143 1.218 1.143 1.230 1.295 1.419 1.808 2.541 3.745 6.143 10.434 12.546 21.435 20.143 24.255 22.278 26.165 23.782 26.925 27.375 24.291 26.389 25.884 24.883 24.257 20.447 21.856 21.962 25.762 21.004 21.140 21.889 23.189 23.998 20.810 20.515 20.993 17.909 18.651 18.971 19.633 20.461 19.884 22.269 21.526 20.875 20.896
2.844 2.330 2.515 2.773 2.947 2.312 2.182 2.084 2.365 2.486 2.373 2.546 2.283 1.969 2.135 1.993 1.869 1.786 1.531 1.331 1.313 1.213 1.038 1.196 1.354 1.100 1.196 1.038 1.281 1.292 0.984 0.840 0.685 0.603 0.598 0.548 0.492 0.000 0.495 0.579 0.626 0.692 0.857 1.291 1.469 1.520 1.269 1.402 1.348 1.554 1.637 1.879 2.268 2.871 3.973 6.523 10.104 13.175 21.353 20.547 24.151 24.379 26.482 24.726 27.316 27.401 26.148 26.259 25.817 24.715 24.766 22.515 22.430 22.490 24.305 21.176 20.279 21.990 21.840 23.631 21.090 21.476 21.516 18.344 19.164 18.855 18.796 21.019 20.253 21.798 21.520 22.265 22.436
2.468 1.888 2.084 2.362 2.399 1.870 1.693 1.557 1.844 1.910 1.741 1.937 1.667 1.435 1.703 1.721 1.661 1.413 1.291 1.018 1.046 0.909 0.771 1.019 1.151 0.925 0.994 0.874 1.078 1.109 0.867 0.754 0.698 0.620 0.551 0.519 0.504 0.490 0.000 0.490 0.532 0.639 0.667 1.148 1.232 1.205 0.973 1.053 0.997 1.191 1.295 1.444 1.901 2.586 3.731 6.633 10.670 12.683 21.852 20.423 23.778 22.024 25.027 24.202 25.449 26.508 23.497 24.860 24.380 22.502 24.548 22.862 20.156 22.536 21.792 18.960 20.734 21.539 21.139 20.629 22.037 21.487 20.207 17.530 18.804 18.935 19.523 20.173 20.381 21.234 19.119 18.644 20.658
2.337 1.753 2.037 2.223 2.324 1.828 1.653 1.538 1.734 1.842 1.747 1.906 1.690 1.476 1.611 1.609 1.556 1.397 1.251 1.018 1.050 0.928 0.816 1.016 1.148 0.957 0.955 0.896 1.095 1.119 0.868 0.830 0.762 0.735 0.634 0.551 0.556 0.525 0.491 0.000 0.498 0.627 0.675 1.202 1.221 1.246 0.993 1.065 1.059 1.194 1.238 1.443 1.810 2.564 3.757 6.934 10.828 13.182 21.552 21.384 23.305 23.694 25.088 25.927 26.917 26.466 26.511 25.599 25.309 24.563 23.523 23.583 21.287 21.553 23.652 20.922 22.896 22.506 23.047 22.545 21.408 21.875 21.054 18.457 19.643 19.117 20.663 22.275 20.157 20.670 22.123 21.043 20.281
2.654 2.204 2.417 2.745 2.887 2.188 2.089 2.029 2.297 2.432 2.327 2.484 2.149 1.842 2.006 1.950 1.882 1.674 1.452 1.191 1.277 1.210 1.039 1.281 1.481 1.259 1.353 1.099 1.342 1.507 1.209 1.188 1.031 1.000 0.929 0.699 0.642 0.623 0.591 0.497 0.000 0.523 0.713 1.272 1.434 1.471 1.227 1.345 1.242 1.456 1.494 1.687 2.097 2.676 3.741 6.338 10.339 13.338 21.071 20.407 24.947 23.140 26.623 26.167 26.977 27.856 26.643 26.758 25.878 25.451 25.570 22.440 23.893 22.102 24.642 21.143 21.350 22.225 23.485 22.527 21.773 20.409 21.807 18.492 19.051 18.823 19.365 21.301 21.928 21.218 23.009 22.205 21.957
3.649 3.161 3.294 3.700 3.883 3.162 3.033 2.919 3.437 3.594 3.598 3.871 3.509 2.955 3.387 3.115 3.123 3.029 2.680 2.331 2.297 2.041 1.537 1.658 1.914 1.771 2.102 1.935 2.368 2.514 2.096 1.852 1.561 1.393 1.430 1.208 0.899 0.896 0.922 0.777 0.547 0.000 0.619 1.259 1.673 1.755 1.506 1.913 2.080 2.591 2.716 3.060 3.526 4.238 5.481 8.006 11.180 14.113 21.954 20.548 25.328 23.777 26.896 26.047 26.439 28.016 25.887 26.530 26.100 25.628 24.460 22.870 22.075 22.774 20.825 22.651 21.660 22.465 22.875 23.205 22.287 20.335 20.967 17.932 18.534 17.992 18.742 20.889 20.741 19.794 21.317 22.933 21.412
4.275 3.580 3.948 4.038 4.175 3.316 2.986 2.962 3.304 3.413 3.068 3.488 3.156 2.959 3.420 3.576 3.563 3.116 3.023 2.573 2.654 2.125 1.723 1.605 2.070 2.072 2.357 2.358 2.902 3.135 2.739 2.824 2.751 2.181 2.158 2.027 1.850 1.446 1.280 1.156 0.996 0.561 0.000 0.947 1.437 1.519 1.398 1.723 2.085 2.466 2.804 3.165 3.711 4.467 5.613 8.459 11.620 13.891 21.336 21.171 23.772 22.634 25.569 24.962 26.366 28.043 25.515 26.515 24.950 26.388 25.313 22.474 23.395 23.395 23.992 22.370 22.006 22.845 21.891 22.796 22.568 20.050 21.067 17.987 19.222 18.988 19.062 20.503 20.973 21.299 21.419 20.627 23.338
5.985 4.914 4.931 4.939 4.879 3.857 3.297 3.508 4.171 3.870 3.843 4.589 4.445 4.095 4.804 5.233 5.230 4.628 4.052 3.320 3.096 2.672 2.055 2.095 2.609 2.209 2.646 2.643 3.320 3.592 2.902 3.330 3.796 3.211 2.487 2.509 2.666 2.038 1.574 1.755 1.774 1.237 0.815 0.000 0.591 1.116 1.583 2.156 2.614 3.210 3.642 4.248 5.105 6.076 7.825 10.593 13.564 16.229 21.990 21.542 24.883 23.009 26.781 25.378 26.504 28.333 25.815 26.277 24.355 25.645 26.127 22.690 23.104 21.924 23.877 21.935 21.192 22.037 21.288 23.017 22.332 20.310 21.439 18.981 20.304 19.820 19.678 21.481 20.426 21.912 20.788 22.934 21.883
5.163 4.018 3.792 4.090 3.769 2.946 2.568 2.595 2.942 2.872 2.627 3.061 2.992 2.940 3.721 4.159 4.372 3.880 3.609 3.051 3.221 2.743 2.079 1.939 2.619 2.535 3.147 3.097 3.742 4.271 3.876 3.987 3.702 3.460 3.220 2.887 2.710 2.311 2.011 1.810 1.871 1.476 1.125 0.559 0.000 0.635 1.125 1.584 2.040 2.728 3.073 3.759 4.214 5.109 6.657 8.889 12.014 14.606 22.160 21.877 24.836 24.413 27.180 24.842 27.099 28.254 26.569 27.341 26.275 26.205 25.426 22.677 22.069 22.822 23.432 21.840 21.544 22.764 21.882 23.939 22.479 20.511 21.460 18.993 19.899 20.092 20.067 21.687 21.260 21.765 21.455 23.438 21.786
3.986 2.897 3.146 3.276 3.065 2.336 2.003 2.029 2.469 2.335 2.192 2.498 2.245 2.075 2.606 2.961 2.995 2.394 2.284 1.890 1.822 1.556 1.250 1.232 1.686 1.801 2.021 2.086 2.440 2.987 2.745 3.037 2.816 2.785 2.537 2.150 2.177 2.087 1.726 1.509 1.718 1.623 1.141 0.926 0.539 0.000 0.555 0.845 1.066 1.530 1.811 2.224 2.862 3.450 4.773 7.461 10.877 13.323 21.389 21.242 25.650 24.649 27.577 28.600 27.181 27.177 27.639 26.485 25.187 25.657 25.270 21.416 20.583 23.323 23.549 21.824 21.735 22.570 21.261 22.938 21.846 20.280 21.506 19.005 19.816 19.089 19.567 21.191 20.910 22.027 21.517 22.367 21.575
3.279 2.176 2.442 2.625 2.719 1.982 1.702 1.638 1.915 1.895 1.700 1.948 1.695 1.555 1.828 2.017 1.984 1.677 1.554 1.322 1.287 1.078 0.935 0.993 1.306 1.381 1.484 1.616 1.804 2.138 2.033 2.232 2.102 2.101 1.861 1.611 1.625 1.620 1.385 1.187 1.333 1.306 1.030 0.993 0.776 0.520 0.000 0.525 0.701 0.978 1.184 1.431 1.905 2.573 3.774 6.355 10.183 13.390 20.394 20.920 23.239 24.845 25.323 28.152 27.297 26.919 26.519 26.213 24.522 24.349 26.540 22.223 23.212 19.797 20.662 21.493 21.064 21.112 20.198 21.623 20.265 19.505 20.055 17.604 18.635 17.851 18.693 19.756 20.418 19.877 21.280 21.015 21.590
2.807 1.857 2.194 2.353 2.344 1.835 1.572 1.395 1.676 1.692 1.497 1.682 1.420 1.254 1.460 1.663 1.516 1.243 1.058 0.913 0.898 0.755 0.660 0.680 0.971 0.971 1.073 1.077 1.276 1.502 1.443 1.650 1.656 1.697 1.463 1.242 1.356 1.381 1.133 1.080 1.291 1.247 0.994 1.139 1.027 0.784 0.504 0.000 0.510 0.689 0.872 1.125 1.548 2.322 3.641 6.557 10.392 13.576 21.401 21.275 25.842 26.732 26.059 26.524 26.412 27.156 25.480 27.758 26.053 22.401 25.326 20.972 21.734 22.592 22.715 22.425 22.123 22.721 21.335 22.180 21.568 20.710 20.877 18.224 19.410 18.390 18.539 19.937 19.756 19.987 20.599 21.301 22.664
2.449 1.749 2.069 2.139 2.275 1.766 1.549 1.384 1.590 1.643 1.551 1.594 1.375 1.136 1.339 1.394 1.343 1.122 0.957 0.719 0.763 0.634 0.645 0.732 1.015 0.918 0.909 0.983 1.113 1.265 1.267 1.271 1.323 1.340 1.238 1.043 1.149 1.217 1.027 0.972 1.177 1.232 1.059 1.252 1.202 0.952 0.659 0.499 0.000 0.509 0.661 0.948 1.395 2.073 3.164 6.171 11.962 13.585 22.012 22.608 25.354 26.459 28.176 26.609 27.756 27.070 26.729 27.342 25.675 24.452 24.337 24.086 20.915 21.884 21.267 19.951 20.947 22.329 21.032 21.796 20.755 19.502 20.523 18.459 18.999 18.113 19.707 21.532 21.206 19.166 20.273 20.944 19.880
2.894 2.054 2.326 2.558 2.630 2.073 1.848 1.625 1.907 1.942 1.659 1.757 1.379 1.248 1.460 1.548 1.394 1.079 0.875 0.674 0.707 0.679 0.730 0.918 1.124 1.070 1.045 1.064 1.211 1.419 1.408 1.560 1.495 1.602 1.499 1.221 1.343 1.415 1.193 1.161 1.382 1.477 1.259 1.583 1.565 1.299 0.928 0.706 0.509 0.000 0.526 0.755 1.220 2.046 3.264 6.790 12.705 13.676 22.106 22.635 26.479 24.890 26.018 26.833 26.967 26.967 27.443 26.805 26.713 26.443 24.142 24.911 22.236 23.109 23.089 22.499 21.733 23.212 23.754 22.851 22.420 21.097 21.851 19.220 19.857 19.203 19.764 21.183 20.417 20.673 21.326 23.410 23.687
2.896 2.351 2.641 2.944 3.142 2.446 2.176 1.910 2.172 2.322 2.027 2.173 1.614 1.289 1.569 1.612 1.473 0.988 0.847 0.882 0.849 0.892 0.986 1.138 1.346 1.338 1.251 1.277 1.384 1.677 1.723 1.853 1.837 1.948 1.790 1.471 1.693 1.774 1.486 1.475 1.758 1.786 1.476 1.854 1.871 1.462 1.183 0.921 0.693 0.524 0.000 0.516 0.964 1.769 2.919 5.586 10.060 11.775 22.018 22.537 27.042 26.663 27.275 26.004 27.451 26.704 27.211 26.974 25.912 25.325 22.616 22.727 23.452 20.009 22.521 19.657 19.921 20.502 23.136 22.516 21.664 20.192 20.107 19.097 19.416 18.595 20.045 21.142 22.490 20.750 21.881 22.623 20.590
4.024 2.970 3.415 3.771 3.888 3.154 2.934 2.564 3.057 3.129 2.653 2.830 2.073 1.794 1.742 2.008 1.767 1.195 0.857 0.902 1.008 1.275 1.399 1.678 1.900 1.859 1.692 1.675 1.715 2.071 2.228 2.472 2.329 2.428 2.310 1.905 2.121 2.215 1.952 1.927 2.245 2.313 2.055 2.554 2.547 2.382 1.804 1.662 1.181 0.978 0.548 0.000 0.574 1.392 2.687 6.304 10.710 12.170 21.664 20.078 25.263 24.284 26.941 26.568 27.152 27.184 27.508 26.736 25.886 25.616 23.304 24.652 21.679 22.562 21.064 20.979 20.040 20.039 22.391 22.832 21.593 19.972 20.073 18.996 20.675 18.642 19.138 19.762 19.756 19.135 20.361 21.609 20.977
5.893 5.192 6.181 6.551 7.383 6.527 6.077 5.207 5.392 5.953 5.010 4.885 3.511 3.264 2.675 3.045 2.801 1.601 1.959 2.434 2.274 2.610 3.373 3.700 3.641 3.874 3.053 3.470 3.301 4.260 4.844 5.335 5.877 5.678 5.003 4.480 5.363 5.279 4.698 4.832 5.699 5.589 5.126 6.028 6.493 5.589 4.596 3.660 2.736 2.131 1.542 0.613 0.000 1.004 2.433 5.297 8.424 12.078 19.114 20.156 25.834 24.497 27.652 27.147 27.583 27.862 27.479 27.137 25.975 26.367 25.569 23.624 23.693 21.884 21.798 20.794 20.671 21.238 22.177 23.873 22.165 19.886 20.244 18.026 18.724 18.442 19.505 19.086 19.975 21.153 20.194 20.648 19.860
10.601 9.322 11.462 11.822 12.558 11.103 8.860 8.300 9.749 9.898 8.285 8.766 6.624 4.722 5.480 6.641 5.093 3.471 4.519 5.211 6.730 7.454 6.442 7.617 9.669 10.172 10.267 9.173 9.562 11.300 12.189 12.904 12.978 12.983 12.085 10.182 11.019 11.507 9.942 8.523 10.305 10.714 8.778 10.040 9.575 8.322 7.342 6.491 4.743 5.097 3.346 2.461 0.907 0.000 1.868 5.043 9.128 11.637 19.685 19.273 24.160 23.755 27.649 27.248 27.747 28.232 27.360 27.007 26.423 26.792 27.138 24.736 25.005 23.660 23.424 21.202 20.356 20.396 22.529 24.251 22.295 19.895 20.381 18.310 19.967 18.590 17.968 18.991 17.800 18.730 18.600 20.590 20.858
17.211 18.476 20.613 21.931 22.181 21.227 20.277 18.859 20.589 20.342 19.236 18.788 15.599 14.313 11.177 12.130 8.497 6.875 6.350 9.270 11.686 13.629 14.349 16.741 16.329 15.863 14.274 13.040 13.029 13.599 14.734 14.899 14.210 15.812 15.660 13.622 14.958 16.342 15.552 15.698 17.902 18.410 17.923 20.010 20.061 18.775 18.149 16.987 14.755 13.400 9.454 6.922 4.170 1.236 0.000 1.658 7.016 9.189 16.480 17.512 22.496 22.780 25.133 26.042 26.006 26.238 26.961 27.422 26.591 26.416 25.716 25.182 24.161 23.750 22.944 20.832 20.045 20.711 21.368 22.851 22.175 19.562 19.223 16.920 18.538 18.966 17.829 18.257 16.982 17.836 17.678 20.032 20.793
20.404 21.242 24.544 25.204 25.710 25.532 25.922 23.519 24.233 25.655 24.737 22.565 20.078 17.978 14.186 13.854 10.908 11.993 13.474 19.149 21.675 24.766 25.068 24.916 24.438 24.244 24.872 23.534 22.662 22.972 23.918 22.966 22.316 23.968 24.189 23.985 23.526 24.939 24.326 24.895 24.650 25.299 24.854 25.628 25.102 25.082 26.382 25.737 23.748 22.258 17.096 12.875 7.996 4.779 2.826 0.000 1.162 4.155 7.153 10.039 14.721 17.100 20.310 21.654 22.935 23.528 24.303 25.227 24.558 24.468 22.824 22.946 21.280 21.794 19.710 19.787 18.193 19.358 19.433 21.098 20.299 18.408 17.634 16.547 17.381 17.422 16.265 17.120 15.982 17.072 16.457 17.986 19.023
21.688 22.567 25.693 26.053 27.161 26.540 27.153 25.315 25.418 26.736 26.694 24.347 22.429 21.475 18.031 15.814 14.671 16.501 17.261 21.694 23.743 26.141 27.380 27.213 26.780 27.021 27.077 24.400 25.037 24.564 25.213 25.281 24.083 26.340 26.774 25.316 26.082 27.323 26.508 26.810 27.283 27.535 27.402 27.544 27.712 28.462 28.102 28.692 25.903 25.062 21.163 13.972 9.842 6.514 4.305 1.159 0.000 1.298 3.258 5.714 8.112 10.470 12.549 14.336 16.058 16.496 18.075 19.068 18.816 18.361 16.645 17.399 16.470 16.473 15.516 15.229 13.950 14.518 15.236 16.647 15.933 14.337 13.919 13.622 14.000 14.367 12.576 13.659 12.396 14.587 13.820 14.751 15.211
21.325 22.519 24.215 25.429 26.460 25.784 26.340 24.445 24.936 25.900 25.380 23.636 22.444 22.018 18.482 17.647 15.696 17.519 18.066 22.200 22.651 23.894 26.484 28.027 26.696 27.306 26.724 24.716 24.005 24.429 24.906 25.044 24.277 26.067 26.854 26.132 25.425 27.182 26.825 26.642 26.658 27.787 27.295 27.643 27.904 27.840 28.588 26.577 24.227 23.993 22.240 16.141 11.715 7.084 4.986 3.744 0.781 0.000 0.931 2.280 3.548 4.980 6.364 8.004 8.976 9.741 10.094 10.998 11.011 10.347 10.519 11.072 11.021 10.023 10.493 10.629 10.350 10.386 11.438 11.310 11.291 11.255 10.165 10.084 10.741 11.226 9.899 10.315 9.038 9.587 8.726 9.393 9.991
21.300 23.189 24.271 24.751 25.645 25.487 27.008 24.238 25.001 25.965 25.619 25.466 24.554 23.445 19.252 17.398 15.515 18.435 19.237 22.841 24.125 25.786 26.223 26.478 26.687 26.820 25.875 24.364 24.413 22.576 22.443 23.249 22.191 24.089 25.110 24.293 23.243 26.636 25.691 25.788 26.606 27.446 27.490 27.664 27.972 28.172 27.389 27.206 25.533 25.938 23.621 17.352 12.420 8.201 5.781 3.846 2.080 0.671 0.000 0.676 1.101 1.633 2.182 2.733 3.430 3.914 4.396 5.262 5.246 4.369 4.085 5.219 4.981 4.799 4.137 5.113 5.026 4.861 5.490 5.832 5.709 5.358 5.179 5.381 5.843 5.985 4.975 5.136 4.847 5.112 4.436 4.761 5.255
20.455 20.333 24.340 24.165 26.122 25.210 25.350 24.060 23.110 24.783 26.442 23.590 24.000 22.808 19.010 17.613 15.666 18.584 18.460 23.121 25.199 25.794 26.357 25.522 26.597 27.464 26.077 23.030 23.600 25.306 24.782 24.226 23.304 25.481 26.439 24.666 25.047 27.393 26.497 26.010 26.792 27.934 27.417 28.157 28.299 27.320 26.899 27.320 27.246 25.532 24.737 15.982 13.454 8.796 7.521 4.358 2.237 1.181 0.560 0.000 0.562 0.898 1.284 1.618 2.043 2.184 2.886 3.596 3.606 2.884 2.375 2.770 2.800 2.987 2.816 3.655 3.940 4.164 4.524 4.991 4.841 4.586 4.371 4.580 5.019 5.105 4.306 4.438 3.665 4.097 3.183 3.195 3.655
21.563 23.132 24.691 24.079 25.938 25.171 24.462 24.399 23.981 25.320 26.022 24.914 23.505 23.313 18.655 18.596 16.631 18.214 18.875 23.850 24.783 25.358 27.014 27.091 26.939 26.847 25.556 23.532 22.328 23.402 24.045 21.996 22.900 24.798 25.688 24.845 24.219 27.253 26.269 24.326 27.082 27.393 27.392 26.743 27.123 27.427 27.929 28.196 28.658 26.785 24.172 17.237 13.881 9.810 7.328 5.114 3.230 1.760 0.940 0.538 0.000 0.533 0.745 0.992 1.352 1.633 2.175 2.734 2.848 2.078 1.565 1.789 1.710 1.991 1.785 2.372 2.633 2.610 2.905 3.189 3.289 3.107 3.143 3.586 4.155 3.800 3.248 3.051 2.462 2.387 2.117 2.240 2.666
20.518 22.744 23.348 24.184 25.305 24.892 25.797 25.929 24.311 24.968 25.558 22.585 23.707 24.021 18.829 18.220 16.211 18.611 19.508 23.520 24.556 25.436 25.987 28.001 26.901 26.894 25.889 23.325 23.664 23.687 23.233 22.404 21.424 23.376 25.707 22.114 24.430 27.229 26.028 23.304 27.265 27.292 27.231 27.430 27.324 28.355 27.293 25.428 27.138 26.048 24.308 16.970 14.037 9.436 7.176 4.860 2.949 1.595 1.088 0.710 0.508 0.000 0.520 0.680 0.975 1.177 1.664 2.237 2.301 1.652 1.360 1.438 1.470 1.587 1.533 2.020 2.194 2.372 2.843 3.206 3.059 2.918 2.672 3.111 3.642 3.602 2.756 2.870 2.337 2.579 1.910 1.888 2.322
21.846 23.362 23.410 24.147 24.468 24.370 25.992 25.651 23.664 24.816 26.095 25.594 23.050 23.299 17.739 18.628 16.287 17.726 19.878 23.720 23.864 25.026 27.151 26.999 27.311 26.183 26.343 23.865 24.624 22.791 23.581 22.371 22.867 24.979 25.442 25.057 25.321 27.533 25.220 25.276 26.358 26.843 28.336 27.633 28.011 28.804 29.602 27.575 27.640 24.207 24.169 16.601 14.323 9.095 7.268 5.369 3.443 1.942 1.279 0.965 0.743 0.507 0.000 0.515 0.727 1.009 1.430 2.008 2.110 1.422 1.146 1.273 1.326 1.585 1.525 1.946 2.181 2.271 2.689 2.940 2.909 2.740 2.732 3.154 3.647 3.447 2.847 2.642 2.257 1.939 1.730 1.712 2.182
19.583 22.493 22.520 22.195 24.707 25.044 25.565 26.620 24.447 23.424 26.519 22.949 23.457 22.651 18.689 18.708 16.087 17.952 19.190 24.262 23.724 25.070 25.634 27.075 26.982 25.883 26.560 22.334 23.643 23.442 22.084 22.403 21.888 23.749 25.540 22.537 22.223 26.335 25.553 25.639 25.613 26.728 27.035 27.348 25.238 27.704 28.790 28.237 26.957 26.087 24.144 17.462 14.743 9.233 7.189 5.434 3.518 2.119 1.499 1.199 0.885 0.714 0.505 0.000 0.524 0.822 1.296 1.876 1.966 1.372 1.069 1.337 1.385 1.609 1.647 2.189 2.408 2.582 3.112 3.411 3.212 3.148 2.967 3.429 3.977 4.006 3.210 3.010 2.553 2.272 1.990 1.801 2.346
21.272 21.981 22.564 24.011 25.663 25.987 26.623 26.358 24.689 25.533 25.545 24.272 24.165 23.628 18.415 18.740 15.945 17.713 18.936 24.164 24.909 25.461 26.740 27.913 27.674 26.829 26.514 24.360 23.450 23.142 23.363 22.192 23.529 25.187 26.154 25.468 24.863 27.195 26.234 25.252 26.107 26.940 28.273 28.073 28.323 28.382 28.785 27.625 26.835 24.808 24.167 16.828 14.726 9.646 7.797 5.673 4.347 3.093 2.383 1.833 1.468 1.105 0.866 0.531 0.000 0.534 0.966 1.652 1.835 1.208 1.179 1.455 1.663 2.084 2.134 2.768 3.142 3.346 3.805 4.216 4.110 3.899 3.755 4.160 4.734 4.599 3.930 3.696 3.110 2.821 2.570 2.133 2.927
20.739 21.348 23.473 24.040 25.595 25.820 26.478 23.242 24.238 26.262 26.158 23.947 24.464 23.596 20.417 20.685 17.663 19.764 20.512 23.347 25.052 25.349 27.296 27.734 28.086 27.213 26.739 24.847 23.953 23.690 24.261 23.756 24.761 26.135 26.579 24.935 24.908 27.189 27.326 26.879 27.621 28.399 27.602 26.721 28.168 28.489 28.413 27.547 25.796 25.986 24.138 18.043 16.437 12.229 10.666 7.820 5.634 4.297 3.245 2.653 2.084 1.635 1.240 0.892 0.544 0.000 0.628 1.202 1.547 1.294 1.198 1.780 2.023 2.410 2.722 3.718 4.175 4.750 5.620 6.032 5.288 5.354 4.967 5.530 6.641 6.877 5.522 5.524 4.742 4.377 3.722 3.365 3.756
20.891 22.760 24.674 24.983 25.268 25.885 26.356 26.240 24.657 25.141 26.213 23.341 23.548 23.458 19.475 19.328 17.049 19.430 20.703 25.420 24.358 26.782 28.069 27.889 27.825 27.603 27.073 25.637 24.064 24.039 25.148 24.693 24.210 25.614 26.935 26.737 25.509 27.035 27.799 27.432 27.245 27.058 28.146 28.768 27.635 27.995 28.342 28.118 26.822 25.934 24.641 18.984 17.460 14.290 13.859 11.446 8.982 7.282 5.486 5.105 3.557 3.296 2.383 1.774 1.367 0.766 0.000 0.672 1.195 1.445 1.686 2.728 3.201 3.977 4.511 5.569 6.313 6.495 7.374 8.022 7.671 7.428 6.969 7.400 8.600 8.630 7.580 7.087 6.433 6.041 5.688 5.000 5.531
21.758 22.691 23.848 25.333 25.867 26.289 27.435 25.659 25.042 26.357 26.123 24.494 24.177 23.664 19.767 19.598 17.512 19.747 20.364 24.830 24.508 26.500 27.955 28.006 27.482 26.820 26.815 25.830 25.097 24.772 24.250 24.280 24.405 26.163 25.525 26.841 25.975 26.782 27.198 27.391 27.528 27.540 27.893 27.295 28.338 28.218 28.311 28.877 27.194 25.936 24.803 19.683 18.385 16.456 15.983 12.944 10.619 8.880 7.284 6.672 5.220 4.737 3.298 2.639 1.849 1.257 0.595 0.000 0.715 1.398 2.169 2.822 3.417 3.970 4.861 5.669 7.202 7.819 8.357 8.730 8.493 7.879 7.793 8.559 9.724 9.685 8.825 8.221 7.621 6.768 6.587 5.714 6.424
21.028 23.460 23.070 24.603 25.056 24.875 25.744 24.695 23.937 25.470 25.847 23.633 23.177 23.092 19.639 19.622 17.616 19.175 20.541 24.528 24.088 26.078 27.070 28.218 27.844 27.035 27.090 25.953 24.869 25.468 25.903 25.776 25.035 25.851 26.605 26.603 25.688 27.124 27.664 27.151 27.594 27.660 28.313 28.818 28.596 28.342 28.133 28.348 25.974 24.836 24.604 19.417 17.849 15.681 14.872 12.512 9.920 8.567 7.606 6.879 6.340 5.307 4.497 3.290 2.730 1.861 1.258 0.637 0.000 0.791 1.576 2.618 2.963 3.490 3.980 4.926 6.411 6.673 7.652 7.810 7.399 6.969 6.715 7.626 8.347 8.644 7.561 7.020 6.868 5.718 5.639 5.119 5.956
21.529 22.347 23.391 24.154 25.117 25.188 27.082 22.605 25.389 26.582 26.620 23.157 22.534 23.003 18.308 18.749 15.826 18.227 19.068 23.965 24.199 26.346 26.873 26.427 27.981 27.318 26.177 25.521 23.644 22.878 24.628 23.860 24.523 25.817 26.504 25.972 25.184 26.775 26.964 25.850 26.506 27.758 27.046 27.379 27.027 27.894 26.596 27.035 26.467 25.375 23.671 16.835 15.877 12.939 12.120 9.014 6.808 4.795 4.198 3.273 2.965 2.488 2.271 1.868 1.851 1.419 1.722 1.480 0.948 0.000 0.644 1.478 2.095 2.945 3.483 4.569 5.223 5.804 6.538 6.975 6.444 6.213 5.987 6.282 7.362 7.638 6.228 6.097 5.282 4.716 4.212 3.787 4.638
21.869 21.354 22.579 25.736 25.199 24.491 27.668 27.178 24.294 24.090 22.619 23.572 22.611 22.058 16.955 18.113 15.634 17.705 18.826 22.353 22.829 23.501 25.887 26.449 26.961 26.119 25.523 22.856 22.818 22.002 22.918 24.352 22.397 25.252 24.754 25.608 24.976 26.419 27.469 26.273 26.460 27.103 26.890 26.685 25.881 24.503 27.022 23.793 27.062 22.318 23.348 18.355 15.604 10.673 8.985 6.779 4.697 3.449 2.851 2.525 2.091 1.905 1.603 1.446 1.277 1.150 1.446 1.650 1.337 0.536 0.000 0.536 0.771 1.280 1.589 2.136 2.554 2.605 3.291 3.550 3.402 3.418 3.207 3.599 4.323 4.508 3.432 3.211 2.724 2.477 2.146 1.849 2.154
22.117 22.533 23.713 24.454 25.646 23.413 27.594 25.300 25.097 24.717 24.863 23.454 21.728 22.176 16.287 18.599 15.014 16.946 19.070 22.787 23.715 24.777 24.315 27.181 26.272 26.197 24.463 23.429 22.216 22.616 23.225 24.002 22.786 24.740 25.735 23.038 23.752 25.531 25.382 24.902 26.206 26.147 27.071 27.497 27.825 27.034 28.077 25.490 25.895 23.678 23.346 17.897 15.637 10.426 8.980 6.869 4.886 3.970 3.406 2.940 2.451 2.301 2.124 1.727 1.584 1.335 1.758 2.088 1.897 0.965 0.570 0.000 0.591 1.028 1.525 1.960 2.524 2.861 3.346 3.785 3.512 3.285 2.898 3.557 3.745 3.970 3.541 3.440 2.971 2.541 1.918 1.578 1.806
22.862 24.018 24.735 24.956 26.365 25.496 26.457 25.660 25.122 25.143 22.852 23.693 22.665 24.718 18.661 18.683 15.999 18.161 17.983 24.423 22.339 23.858 26.099 26.284 26.891 25.920 25.359 22.819 23.810 23.696 22.336 23.619 23.140 24.058 25.300 23.936 25.283 26.654 26.150 27.442 26.804 27.430 27.107 27.063 27.434 27.905 27.661 24.492 26.072 21.744 23.113 16.841 14.243 10.217 7.734 5.657 3.888 2.880 2.561 2.159 2.027 2.012 1.608 1.563 1.469 1.370 1.702 2.025 1.860 1.196 0.828 0.537 0.000 0.529 0.758 1.038 1.264 1.444 1.796 1.906 1.800 1.886 1.718 2.357 2.668 2.684 2.177 1.936 1.642 1.528 1.278 1.127 1.341
21.171 23.886 24.990 24.257 25.049 26.239 25.601 24.244 25.245 26.242 25.647 24.725 22.568 22.132 17.787 17.822 15.198 17.427 18.871 22.361 23.188 24.917 24.835 26.799 25.758 25.980 25.806 23.505 23.917 22.770 21.999 24.148 23.006 24.370 24.180 25.040 24.804 26.004 24.515 24.365 25.333 26.552 26.242 25.814 27.003 27.772 26.568 26.002 25.664 24.290 22.755 18.141 15.418 10.654 8.663 6.022 4.041 3.067 2.695 2.406 2.360 2.121 2.040 1.904 1.897 1.727 2.102 2.516 2.210 1.549 1.298 0.862 0.525 0.000 0.509 0.793 1.106 1.241 1.495 1.879 1.793 1.692 1.601 2.138 2.572 2.403 1.763 1.515 1.338 1.355 1.093 1.226 1.421
21.583 22.849 25.191 24.468 25.811 25.286 25.664 25.152 24.952 26.392 24.895 24.914 23.634 23.386 18.415 20.645 16.550 18.408 19.370 23.909 21.926 22.345 25.966 25.441 26.681 26.185 25.539 21.858 21.970 22.031 21.117 22.375 25.593 23.872 24.788 25.356 26.171 26.615 26.272 27.450 28.001 27.392 26.993 26.411 27.548 27.158 26.989 24.022 24.597 20.735 23.180 16.358 14.690 9.609 7.784 5.256 3.631 2.555 2.163 1.951 1.790 1.788 1.670 1.579 1.702 1.593 1.946 2.345 2.123 1.489 1.224 1.016 0.756 0.517 0.000 0.507 0.703 1.077 1.261 1.452 1.440 1.364 1.363 1.816 2.162 2.088 1.554 1.438 1.165 1.084 0.825 1.004 1.158
19.252 22.421 22.954 23.643 24.835 24.938 26.039 22.598 24.068 24.305 24.712 23.513 22.373 22.258 17.821 17.589 15.428 16.890 18.915 22.631 22.912 23.752 24.563 26.596 25.778 24.895 24.472 23.533 21.654 21.879 22.228 24.050 24.061 25.105 24.225 22.813 24.506 24.712 25.034 25.024 25.623 26.788 25.880 26.589 26.607 26.979 25.552 26.107 24.490 24.157 22.167 17.178 15.138 10.766 8.610 6.095 4.469 3.289 2.904 2.709 2.401 2.145 2.139 1.840 2.067 1.969 2.286 2.609 2.391 1.775 1.475 1.260 1.005 0.765 0.514 0.000 0.520 0.937 1.153 1.486 1.441 1.408 1.306 1.927 2.362 2.441 1.624 1.403 1.250 1.726 1.145 1.324 1.410
20.492 22.368 24.312 23.600 25.024 24.563 24.473 25.275 24.092 24.008 25.238 22.337 21.542 22.288 17.861 17.826 15.947 17.649 18.953 21.349 21.811 23.344 25.772 26.727 26.299 26.288 24.824 21.667 21.374 19.952 19.693 21.004 24.279 22.295 24.434 24.422 23.848 24.655 25.837 23.786 25.493 26.281 27.455 25.439 25.838 26.432 26.957 26.127 24.904 22.190 21.539 17.089 15.559 11.325 9.613 6.983 4.971 4.146 3.984 3.747 3.650 3.515 3.345 3.402 3.507 3.214 3.378 3.769 3.376 2.575 2.398 2.134 1.699 1.357 1.092 0.587 0.000 0.600 0.905 1.521 1.859 1.691 1.742 2.334 2.685 2.553 2.241 1.649 2.123 2.273 1.450 1.947 1.930
19.810 22.990 22.403 23.554 24.439 24.747 25.551 25.010 24.109 23.612 25.621 22.835 22.790 23.415 18.655 17.913 15.871 17.357 19.870 22.518 23.105 21.952 26.928 26.600 27.119 27.089 25.496 24.260 23.871 22.163 24.959 26.223 24.968 25.510 26.682 26.436 25.509 26.795 27.016 25.912 24.545 27.265 27.160 26.940 26.477 27.308 27.323 27.307 25.072 22.488 22.583 17.446 15.678 11.554 9.737 7.250 5.424 4.109 3.847 3.609 3.175 3.371 3.099 3.287 3.446 3.313 3.548 4.088 3.622 2.991 2.543 2.421 1.849 1.578 1.207 0.820 0.590 0.000 0.524 0.880 1.185 1.333 1.364 2.254 2.724 2.469 1.875 1.443 1.477 1.460 1.344 1.772 1.837
20.137 21.789 21.988 22.748 24.550 23.412 23.932 23.990 22.771 24.416 24.204 22.703 22.380 22.910 18.090 17.518 16.167 18.403 19.194 22.512 22.202 23.005 25.131 27.091 27.322 25.925 26.123 23.602 22.954 22.017 28.452 26.103 20.612 25.009 23.901 25.562 24.856 26.437 26.221 24.971 25.752 27.256 27.488 26.521 25.936 26.356 26.296 25.829 25.925 23.889 23.682 17.482 15.561 12.022 9.997 7.683 5.905 4.829 4.135 3.968 3.581 3.479 3.143 3.017 3.225 3.169 3.356 3.998 3.601 3.081 2.580 2.505 2.035 1.926 1.350 1.228 0.871 0.522 0.000 0.615 1.000 1.248 1.419 2.054 2.411 2.168 1.687 1.403 1.288 1.551 1.534 1.973 2.297
19.755 21.608 22.166 23.044 24.359 23.717 24.146 23.275 22.630 25.114 24.278 23.231 22.265 22.698 18.577 17.793 16.619 18.140 19.769 22.557 23.711 26.268 25.838 26.100 26.633 26.220 26.310 22.650 23.414 22.365 22.995 26.932 23.201 24.104 25.130 24.762 24.865 26.671 25.720 26.545 26.618 26.927 26.341 25.973 25.601 26.720 27.030 26.044 25.125 23.935 23.432 17.736 15.855 12.497 11.728 9.059 7.288 6.411 6.087 6.664 6.385 6.697 6.528 6.802 6.662 7.034 6.781 7.442 6.702 6.148 5.745 5.323 4.868 4.031 3.010 2.361 1.837 0.999 0.603 0.000 0.781 1.533 1.993 2.689 2.673 2.500 2.367 1.687 1.973 2.514 3.121 3.602 3.887
20.482 22.162 23.324 24.064 25.699 25.162 25.326 23.707 23.588 24.818 25.093 23.599 22.116 22.371 19.125 18.471 17.187 18.007 19.909 21.363 23.268 26.006 25.181 26.594 27.220 26.646 25.802 23.447 22.452 22.787 23.561 23.702 22.671 24.811 26.009 24.647 23.834 25.846 25.189 25.773 26.167 27.120 26.836 27.257 26.808 26.856 27.277 27.736 26.032 24.456 23.505 18.994 16.661 13.837 12.320 10.234 8.928 7.639 7.414 7.844 7.484 7.773 7.250 7.364 7.040 7.180 6.899 7.428 6.599 6.615 5.831 5.225 4.407 3.494 2.949 2.062 1.717 1.332 1.108 0.637 0.000 0.592 0.995 1.761 2.507 2.664 2.250 2.278 2.302 2.858 2.802 3.227 3.536
20.352 22.263 22.867 22.992 25.128 24.022 24.711 24.045 22.913 24.469 24.644 22.400 21.665 21.794 17.573 18.062 16.063 16.429 19.497 21.101 21.722 25.300 25.677 26.280 26.227 26.745 25.519 22.185 22.877 21.680 22.741 23.866 22.219 25.050 23.472 23.417 23.373 25.640 24.704 24.875 26.425 26.750 26.792 26.680 26.798 27.355 27.251 26.592 25.104 23.413 22.203 17.537 15.529 12.648 11.250 8.987 8.133 7.237 7.183 7.277 7.605 7.389 7.691 7.466 7.204 7.436 6.694 6.986 6.566 6.807 6.209 5.781 4.969 4.447 3.206 2.685 1.822 2.080 2.004 1.227 0.558 0.000 0.617 1.580 2.705 3.321 2.654 2.904 2.788 3.890 3.470 4.100 4.324
20.997 21.329 22.308 23.900 25.719 24.268 25.228 23.638 23.603 24.580 24.909 23.675 21.748 22.447 18.851 19.903 17.111 18.241 20.168 22.753 23.219 26.226 26.585 27.025 27.424 27.353 26.186 23.339 23.201 22.876 23.156 23.613 23.842 24.037 26.069 25.723 23.462 26.378 26.813 25.893 26.683 27.367 27.805 27.753 27.226 27.496 27.670 27.201 26.253 24.679 23.338 17.657 16.549 13.691 11.466 8.684 7.231 6.405 6.006 6.354 6.503 6.518 6.330 5.845 6.519 6.140 6.391 6.858 6.213 5.536 4.943 5.085 4.456 3.682 2.536 2.872 2.109 1.816 1.596 1.708 1.304 0.590 0.000 0.896 1.842 2.523 1.983 2.049 2.464 2.779 3.067 3.510 3.397
20.965 21.288 23.149 24.225 25.807 24.606 24.718 24.002 23.106 24.059 24.662 23.632 21.665 21.533 18.850 18.764 16.261 18.119 19.516 22.772 22.521 25.966 27.533 26.513 26.418 26.196 26.288 22.799 21.961 22.502 22.591 24.090 23.086 24.577 23.972 23.252 23.370 26.389 26.472 27.047 27.011 26.885 27.013 26.996 26.965 27.142 27.845 27.371 26.092 24.939 22.339 18.269 15.986 13.467 12.166 9.800 8.598 8.057 8.005 8.158 7.989 8.617 8.009 8.174 8.033 7.293 7.555 7.681 6.992 6.540 6.703 6.497 5.221 4.353 3.197 2.904 2.222 3.103 3.955 4.299 2.497 1.899 0.636 0.000 0.742 1.801 2.545 2.835 3.098 3.986 3.277 4.722 4.589
20.253 21.625 23.003 23.767 25.050 24.363 25.108 23.732 23.970 25.264 25.107 23.005 22.931 22.783 19.194 18.583 17.056 17.230 19.480 23.041 23.245 25.414 26.248 26.686 26.007 25.882 25.892 23.329 23.580 22.477 23.225 22.858 21.840 23.569 25.185 25.267 24.280 25.466 25.466 26.154 25.970 26.037 26.223 26.631 27.089 27.129 27.369 27.436 25.576 24.794 23.072 18.543 17.494 15.798 14.926 12.887 11.868 10.644 10.670 11.053 11.613 11.940 11.585 11.760 11.594 11.686 11.540 11.473 11.194 10.925 10.257 9.768 8.473 7.413 5.371 5.075 5.146 5.159 4.651 6.449 4.926 2.980 2.468 0.870 0.000 0.982 2.434 3.560 4.948 5.634 5.287 5.727 5.975
19.718 21.325 23.144 23.659 24.940 23.869 24.019 23.024 23.181 24.729 23.849 23.194 21.441 21.725 18.979 19.141 18.056 17.404 19.352 21.349 22.659 24.890 25.827 26.008 25.889 25.279 26.165 21.227 22.601 23.049 21.174 23.424 22.753 24.094 24.060 23.388 22.851 25.213 25.640 25.931 25.679 26.323 25.763 26.180 26.278 26.718 25.945 27.167 24.574 23.728 22.538 17.766 16.630 13.806 13.308 10.932 8.942 7.926 7.748 8.664 8.653 9.572 9.596 10.059 10.195 9.711 10.208 10.328 9.976 9.430 9.320 9.289 8.552 7.595 5.889 5.453 4.436 3.500 3.783 4.944 4.258 2.892 3.305 1.693 0.684 0.000 0.733 1.436 1.948 3.624 4.730 6.412 6.884
18.912 20.373 22.312 22.530 25.381 23.727 24.301 22.240 22.412 23.228 23.831 22.885 20.406 21.254 17.242 17.155 15.844 16.776 19.239 23.131 22.884 23.581 24.954 26.670 26.234 25.879 23.252 22.559 22.459 21.497 22.811 22.264 21.807 24.635 23.564 23.103 23.332 26.010 24.585 24.935 26.263 27.098 26.730 26.860 26.816 26.800 26.553 26.936 24.364 23.048 21.554 17.570 15.141 12.226 11.950 9.319 7.004 6.703 5.949 5.897 5.932 5.674 5.738 5.849 5.638 5.333 5.799 6.231 5.803 5.279 4.602 4.843 4.201 3.548 2.519 2.362 1.910 1.833 2.069 2.780 2.526 1.942 1.955 2.130 1.280 0.625 0.000 0.547 1.034 1.628 2.796 3.098 3.657
19.646 21.276 22.536 22.606 24.308 23.701 24.746 24.259 22.873 23.984 24.298 22.409 21.816 22.007 17.917 17.588 17.043 16.956 20.423 23.014 22.386 23.052 25.141 26.973 27.234 24.580 25.150 21.474 22.624 22.248 22.396 23.364 21.184 22.867 24.252 23.820 22.738 25.273 24.854 24.595 26.295 26.139 26.696 27.032 27.130 27.021 26.437 25.729 24.920 22.697 22.354 16.735 15.289 12.424 10.785 7.946 6.161 5.060 4.794 4.559 4.425 4.331 4.119 4.142 3.869 3.737 4.014 4.629 4.170 3.680 3.281 3.446 2.927 2.664 2.016 2.112 1.613 1.735 1.759 2.264 2.272 1.950 2.266 2.164 1.737 1.120 0.513 0.000 0.603 0.983 1.530 2.201 2.908
18.601 20.526 22.244 21.870 23.863 24.101 24.792 23.397 21.998 23.042 24.422 22.726 21.640 21.520 17.778 18.300 15.803 17.361 17.982 23.582 23.481 22.766 25.380 26.581 25.876 25.224 25.466 20.877 23.998 23.315 21.573 23.944 22.126 22.246 24.145 24.370 23.964 25.193 25.445 24.428 26.419 26.784 26.596 26.185 26.769 26.740 26.464 26.121 24.245 21.424 22.016 17.262 15.028 11.324 10.293 7.358 5.095 4.679 4.154 4.377 4.055 3.729 3.420 3.151 3.140 2.759 2.956 3.257 2.963 2.348 2.029 2.154 1.643 1.383 1.046 1.170 1.577 1.255 1.670 2.171 2.044 1.694 1.910 2.009 1.891 1.467 0.853 0.525 0.000 0.527 0.936 1.218 1.718
19.868 20.499 20.819 22.920 24.859 24.107 24.434 20.813 23.837 23.409 23.675 23.333 22.352 22.271 17.845 20.037 18.130 18.185 19.273 24.457 23.441 20.972 25.506 23.848 24.689 25.465 24.579 25.410 22.856 21.879 23.772 20.190 21.621 21.799 22.936 21.512 22.899 26.892 24.695 22.881 24.581 26.496 24.580 24.976 25.724 26.274 24.301 23.058 22.334 20.183 22.029 16.453 15.620 11.364 9.416 6.925 4.842 3.780 3.720 3.654 3.521 2.932 2.729 2.734 2.624 2.336 2.713 3.248 2.754 2.114 1.932 1.813 1.651 1.212 1.267 1.245 1.845 1.184 1.482 1.885 1.740 1.539 1.869 2.195 2.238 2.112 1.428 0.827 0.511 0.000 0.530 0.788 1.391
21.847 21.567 21.554 22.910 24.627 22.664 24.312 23.422 23.080 24.532 23.558 22.143 21.494 22.951 19.699 19.251 18.650 20.397 23.619 22.886 24.212 22.684 25.414 24.573 26.459 25.552 24.391 24.815 23.847 23.147 25.365 22.979 22.945 23.578 25.007 25.586 25.422 25.564 24.753 24.663 25.985 27.187 25.784 26.778 25.754 26.445 25.079 25.498 26.178 21.989 22.923 17.257 16.293 10.918 9.862 6.862 4.839 3.705 3.622 3.247 3.419 3.223 2.795 2.818 2.550 2.301 2.522 2.874 2.600 1.966 1.838 1.703 1.704 1.255 1.704 1.703 2.225 1.349 1.896 2.113 2.360 1.770 1.904 2.245 2.543 2.319 1.819 1.099 0.733 0.502 0.000 0.523 0.953
20.750 22.971 23.243 22.794 23.677 24.576 25.308 25.195 23.549 24.068 24.827 24.518 22.184 22.329 18.655 22.401 18.324 19.418 19.742 24.491 24.479 25.101 26.565 26.681 27.612 25.714 26.925 24.486 23.355 23.499 22.693 25.608 25.822 24.274 25.283 26.961 25.402 26.557 26.114 27.418 25.845 27.275 26.634 27.581 27.523 27.489 27.565 25.704 24.645 23.919 24.227 17.880 16.007 11.046 8.400 6.135 4.157 3.421 3.094 3.054 2.871 3.019 2.788 2.900 2.487 2.265 2.313 2.773 2.366 1.928 1.716 1.660 1.403 0.995 1.469 1.349 1.512 1.494 1.801 2.058 2.158 1.986 1.841 2.339 2.628 2.511 1.709 1.482 1.138 0.758 0.505 0.000 0.549
20.862 19.873 24.044 23.637 25.591 24.477 25.046 24.103 23.689 25.040 25.120 23.868 22.294 21.532 18.242 17.957 16.200 18.040 19.009 22.730 23.163 25.587 25.646 26.307 26.619 25.947 26.470 23.449 24.116 23.688 24.590 24.504 24.513 24.721 26.186 25.525 23.227 25.779 26.671 25.857 25.945 25.891 26.740 25.735 26.109 27.254 26.720 27.265 24.055 25.293 22.507 17.045 16.184 14.160 12.730 11.313 9.655 8.172 6.790 6.550 5.470 6.270 6.118 7.645 8.106 8.384 8.535 9.063 8.387 7.319 6.201 5.960 3.928 3.035 2.842 4.765 5.633 6.582 8.196 8.618 7.741 7.924 5.725 7.067 8.981 8.940 8.492 7.273 4.962 3.621 2.221 0.794 0.000
