0.000 1.375 2.900 4.199 4.657 8.140 8.755 9.522 9.115 10.958 10.731 10.136 10.644 9.044 9.773 8.103 8.564 6.829 7.188 5.396 6.422 6.122 9.420 10.103 11.892 10.724 10.891 13.084 13.213 14.759 16.044 15.809 16.501 16.608 17.001 17.142 17.424 17.039 16.608 17.050 16.578 16.937 16.868 16.559 15.793 14.791 14.809 14.075 15.018 15.408 14.119 14.675 15.022 14.744 12.734 10.153 10.772 11.845 11.768 8.650 9.841 8.289 9.604 10.225 13.803 12.833 11.913 12.977 11.988 11.917 11.085 9.982 8.661 12.316 13.404 14.376 14.242 15.777 15.875 15.905 17.190 16.596 16.160 15.460 15.427 14.576 14.019 12.953 11.554 11.499 10.289 9.426 6.938
0.664 0.000 0.615 1.085 1.421 2.262 2.867 3.370 4.489 4.975 5.698 6.208 5.969 5.348 6.148 5.765 6.298 6.113 6.787 9.604 5.099 5.428 6.997 6.601 7.190 6.413 6.701 5.489 5.461 5.793 6.159 5.928 6.203 6.041 6.421 6.899 6.741 6.159 6.400 6.051 5.641 6.123 6.313 6.127 5.693 6.108 5.464 6.615 6.278 6.927 6.484 7.345 7.175 7.220 5.970 6.703 5.945 7.849 7.146 7.313 6.578 6.008 6.011 5.321 6.391 6.094 5.352 4.819 4.783 4.818 5.539 5.900 4.985 4.778 6.583 6.107 5.338 5.708 5.803 6.303 5.819 5.941 5.975 6.135 6.510 6.040 6.179 5.731 5.363 6.478 6.189 5.577 5.099
1.083 0.536 0.000 0.527 0.700 1.041 1.248 1.715 2.327 3.137 3.851 4.047 3.965 3.456 4.723 4.445 5.539 6.302 6.830 9.434 8.100 6.054 5.286 6.012 6.500 5.998 9.590 5.171 4.426 4.721 5.201 5.614 5.410 5.648 5.052 5.844 5.785 5.253 5.031 5.415 5.069 5.329 5.328 5.128 5.398 5.490 5.121 5.549 4.970 5.503 4.599 4.939 5.062 6.612 5.124 5.044 4.475 5.109 6.224 5.849 5.134 4.943 4.786 4.705 4.968 4.131 4.479 4.092 5.468 4.378 4.899 5.898 8.181 7.481 6.486 4.859 5.050 5.569 4.979 6.287 5.560 5.765 5.919 6.918 6.027 6.352 7.807 6.557 7.889 7.679 5.836 4.099 6.465
1.592 0.858 0.512 0.000 0.524 0.716 0.976 1.248 1.730 2.575 3.245 3.760 3.388 3.687 5.273 4.886 6.081 9.131 7.132 7.336 5.906 7.498 5.664 6.324 6.236 5.147 6.128 5.112 4.523 4.887 4.484 4.349 4.531 4.326 4.388 5.050 5.125 4.384 4.717 4.092 3.930 4.229 4.683 4.369 4.364 4.832 4.451 4.198 3.901 4.511 4.569 5.248 5.326 5.569 6.507 6.356 4.847 6.177 6.561 7.439 5.043 4.967 4.921 3.967 3.843 3.006 4.024 2.923 5.704 3.615 7.048 4.824 6.878 5.311 6.371 5.471 4.841 4.529 5.333 5.179 4.806 5.189 5.206 6.111 5.006 6.059 7.147 5.776 6.723 7.100 7.973 8.306 7.680
1.698 1.233 0.790 0.512 0.000 0.522 0.736 1.182 1.619 2.394 2.959 3.155 2.909 2.725 3.597 3.697 6.739 8.732 7.310 5.127 9.115 6.722 6.147 5.707 5.793 5.779 4.485 4.574 4.043 4.032 4.491 3.758 4.024 4.180 3.739 4.051 3.857 3.240 4.086 3.624 3.687 3.540 4.323 4.049 3.640 5.046 3.345 3.706 3.807 4.509 3.573 3.993 4.250 5.161 4.731 4.810 3.844 4.753 4.826 5.474 4.694 3.831 3.187 3.491 3.465 3.598 3.125 3.172 5.313 4.567 5.291 4.545 2.694 7.906 6.139 4.479 6.310 5.078 3.823 4.734 3.990 3.937 4.240 5.044 4.969 5.171 5.664 5.357 4.034 5.415 5.790 6.134 6.115
2.357 1.522 1.037 0.685 0.514 0.000 0.515 0.794 1.194 2.243 3.015 3.331 3.161 3.311 5.007 3.350 5.490 7.472 4.185 7.353 5.499 6.189 5.538 5.654 6.301 6.410 5.363 6.250 4.109 4.118 3.800 4.269 3.975 4.518 4.243 4.244 3.914 3.483 4.526 3.467 3.445 3.712 4.638 4.588 3.633 4.577 3.464 3.490 4.058 3.703 4.074 4.387 4.469 5.398 5.156 5.461 4.001 5.048 4.534 5.380 4.483 3.403 3.864 2.998 3.848 3.471 3.393 3.071 4.181 6.250 3.817 6.652 4.477 5.575 6.394 4.880 4.614 5.658 4.051 4.341 4.881 5.301 4.286 6.096 5.362 6.055 7.025 5.010 6.097 7.020 7.210 6.116 7.846
2.921 2.056 1.364 1.083 0.773 0.534 0.000 0.511 0.880 1.811 2.820 2.805 2.424 2.036 3.325 3.766 5.259 7.390 6.075 5.137 5.928 6.934 6.552 6.952 6.077 6.956 6.438 5.517 4.760 4.507 5.155 4.101 3.648 3.983 3.919 3.931 4.055 3.496 3.546 3.076 3.055 3.213 3.879 3.624 3.764 4.967 3.415 4.025 4.359 4.500 3.727 5.031 5.084 5.350 6.228 5.254 4.784 5.085 5.423 5.261 4.508 3.683 3.652 3.867 3.299 3.521 1.755 2.738 6.763 2.544 4.122 4.028 5.574 6.329 6.602 4.937 4.502 4.483 4.157 4.658 4.172 4.528 4.498 6.003 5.724 6.029 5.811 5.666 5.906 7.191 5.698 6.149 6.724
4.385 3.588 2.299 1.997 1.361 1.087 0.549 0.000 0.569 1.344 2.416 2.790 2.194 1.803 3.823 2.657 4.387 4.692 4.117 4.948 5.908 5.895 6.464 6.194 6.278 5.841 5.309 5.649 4.242 5.563 3.940 4.414 4.476 4.553 4.312 4.290 4.471 4.294 4.182 3.858 4.063 4.022 3.298 3.940 2.874 4.086 3.346 3.194 4.259 5.097 4.395 5.296 5.530 5.784 5.725 4.822 4.618 5.356 5.135 5.520 5.349 3.762 3.241 3.175 3.602 3.294 2.106 2.089 2.585 2.670 3.700 3.989 4.471 4.543 5.764 4.322 4.794 3.751 3.928 4.919 4.448 4.357 4.805 5.322 4.592 5.428 4.591 5.533 4.648 5.607 5.261 5.169 6.108
8.220 7.417 6.301 4.886 3.519 2.680 1.842 0.647 0.000 0.951 2.191 3.022 2.549 2.266 2.729 4.176 5.734 6.435 7.402 8.565 8.835 9.100 9.914 10.429 9.690 8.658 8.174 7.683 7.304 7.034 6.128 6.384 6.077 7.091 7.256 7.835 7.356 6.937 6.172 5.638 6.101 6.759 5.957 6.467 5.087 5.170 4.738 5.280 5.619 6.122 5.968 7.735 7.960 8.676 8.385 7.963 7.091 7.428 7.894 7.762 6.927 5.006 4.729 3.376 4.192 3.597 2.445 3.069 4.379 4.163 5.141 6.676 6.081 5.641 6.408 5.495 6.808 5.538 5.938 7.079 7.262 7.851 7.579 7.708 7.365 7.684 7.874 7.442 7.648 8.203 8.510 7.755 8.943
9.844 9.194 7.940 7.746 5.033 5.157 3.417 2.636 0.832 0.000 1.764 3.435 3.874 4.174 5.225 5.634 7.996 7.448 8.931 8.445 9.691 10.302 10.713 11.570 11.468 10.314 8.613 9.212 7.878 8.421 7.474 8.866 9.277 10.017 11.013 12.010 11.640 9.836 9.675 8.741 9.772 9.714 8.813 9.198 7.495 7.210 6.165 5.758 7.463 8.384 8.464 10.454 10.712 11.535 10.663 9.180 8.336 9.222 10.255 8.532 8.453 6.652 5.133 5.229 5.937 4.794 3.489 4.638 5.411 6.933 7.841 8.007 9.184 10.120 10.717 10.171 9.264 9.446 10.050 10.895 11.958 11.024 12.011 11.607 9.805 10.588 11.380 10.079 9.096 10.776 11.306 9.796 10.418
16.447 15.944 14.864 13.602 10.840 8.978 6.390 4.800 3.106 1.314 0.000 1.050 3.621 4.882 7.541 7.814 10.520 11.337 13.529 14.288 15.000 15.533 16.406 16.970 16.518 14.891 14.139 13.957 12.228 11.135 9.196 9.553 9.371 10.087 11.839 13.008 12.165 10.837 9.613 8.656 10.916 11.643 9.213 9.855 7.008 7.299 6.495 7.131 9.149 11.144 11.728 14.344 15.257 16.024 15.253 14.493 13.291 14.177 14.752 13.693 12.722 10.213 8.890 7.161 7.572 5.799 5.132 4.996 6.540 7.781 9.709 11.099 13.125 13.374 12.512 11.214 9.472 9.176 10.434 10.935 11.736 10.958 12.548 12.047 10.696 11.728 12.645 11.901 11.912 13.497 13.987 14.068 15.034
12.189 12.465 11.822 11.161 9.200 7.798 5.368 3.545 2.692 2.273 1.178 0.000 0.815 1.849 2.896 4.232 5.796 6.906 8.401 9.374 10.527 10.986 11.996 12.791 12.567 11.213 9.910 10.109 8.879 8.783 7.552 7.933 7.759 8.272 9.258 9.408 9.253 8.627 7.514 7.533 7.780 8.244 7.037 7.498 6.290 6.528 5.939 6.333 7.112 8.755 8.588 10.149 11.168 12.048 11.365 10.407 9.216 10.215 10.633 9.108 9.143 7.191 6.251 5.630 6.123 5.063 4.361 4.456 5.422 5.288 6.775 7.578 8.298 8.422 8.510 7.675 7.397 7.077 8.246 8.596 9.425 9.127 10.072 9.624 8.776 9.717 9.920 9.348 8.952 10.351 10.670 10.343 11.182
11.502 11.915 10.416 11.580 8.210 7.732 4.919 3.220 2.591 2.197 2.084 0.697 0.000 0.838 1.599 2.515 3.364 4.593 6.001 7.134 8.170 9.195 9.859 10.470 10.378 9.164 8.137 8.145 6.998 7.276 6.300 6.615 6.154 6.692 7.325 8.429 7.910 6.461 5.998 5.321 5.527 6.346 5.350 5.904 5.098 5.329 5.078 5.414 5.916 6.943 6.879 8.206 8.841 9.438 8.749 8.169 6.863 7.697 7.954 6.526 6.366 5.024 4.735 4.565 4.944 4.168 3.428 3.707 4.683 4.593 5.502 6.110 6.850 6.890 7.408 6.259 6.077 5.476 6.567 7.544 8.366 8.104 8.996 9.044 7.247 8.493 8.853 8.404 8.045 9.178 9.661 8.920 9.889
6.685 6.880 6.990 5.210 5.495 4.313 3.982 2.284 1.684 1.951 2.095 1.745 0.666 0.000 0.634 1.062 1.471 2.106 2.614 3.302 4.073 4.434 5.228 5.796 5.634 4.598 4.101 4.300 4.048 4.001 3.830 4.071 4.021 4.246 4.693 5.309 5.252 4.618 4.336 3.990 4.432 4.681 3.884 3.927 3.217 3.159 2.931 3.028 3.722 4.131 4.157 4.763 5.137 5.429 4.872 4.389 3.968 4.357 4.665 3.805 3.693 2.868 2.601 2.747 3.030 2.620 2.255 2.060 2.136 2.071 2.337 2.499 2.584 2.807 2.938 2.863 3.055 3.139 3.846 4.108 4.701 4.567 4.840 4.453 3.791 4.285 4.117 3.606 3.685 4.322 4.294 3.926 4.793
5.545 6.136 4.888 4.939 4.186 4.366 3.342 2.052 1.747 1.937 2.213 1.898 1.150 0.550 0.000 0.556 0.841 1.098 1.378 1.676 2.014 2.315 2.857 3.118 3.023 2.466 2.191 2.334 2.056 2.142 1.891 2.142 2.056 2.152 2.373 2.646 2.626 2.391 2.394 2.438 2.702 2.566 2.107 2.038 1.676 1.617 1.606 1.714 2.017 2.254 2.230 2.545 2.700 2.745 2.497 2.209 1.960 2.289 2.334 1.953 2.006 1.579 1.541 1.722 1.831 1.659 1.409 1.203 1.310 1.247 1.470 1.658 1.859 1.925 1.943 1.731 1.737 1.714 2.111 2.269 2.415 2.384 2.596 2.463 2.109 2.348 2.510 2.254 2.179 2.429 2.735 2.681 3.431
5.466 5.253 5.780 5.942 5.471 5.116 4.794 1.337 1.757 2.142 2.528 2.206 1.400 0.903 0.516 0.000 0.517 0.796 1.037 1.386 1.671 2.039 2.534 2.841 2.933 2.342 1.966 2.230 2.147 2.366 2.205 2.541 2.486 2.676 2.914 3.238 3.164 2.879 2.804 2.672 2.976 2.905 2.365 2.485 2.010 1.873 1.855 1.876 2.294 2.465 2.355 2.710 2.953 2.886 2.488 2.090 1.977 2.287 2.310 1.881 2.183 1.657 1.525 1.860 2.087 1.866 1.442 1.326 1.308 1.306 1.460 1.495 1.579 1.886 1.966 1.898 1.918 2.026 2.429 2.691 2.886 2.812 2.948 2.671 2.287 2.555 2.537 2.233 2.020 2.363 2.562 2.524 3.227
5.535 6.160 6.366 7.499 7.464 5.195 3.321 2.058 2.031 2.633 2.930 2.688 1.855 1.280 0.826 0.518 0.000 0.525 0.755 1.011 1.413 1.696 2.262 2.481 2.587 1.986 1.610 1.819 1.732 1.994 1.839 2.150 2.175 2.106 2.354 2.620 2.713 2.573 2.522 2.634 2.921 2.665 2.298 2.112 1.815 1.662 1.705 1.677 2.053 2.189 1.916 2.253 2.369 2.325 1.968 1.630 1.489 1.837 1.813 1.532 1.672 1.347 1.363 1.677 1.965 1.909 1.511 1.398 1.209 1.217 1.233 1.245 1.321 1.550 1.599 1.527 1.558 1.708 2.023 2.048 2.301 2.341 2.375 2.175 1.866 2.089 2.068 1.826 1.733 2.034 2.196 2.135 3.146
3.702 6.499 6.054 5.958 3.503 2.841 2.778 1.877 1.972 2.441 2.838 2.699 1.905 1.315 0.945 0.708 0.513 0.000 0.524 0.716 1.045 1.310 1.780 2.170 2.215 1.686 1.371 1.577 1.579 1.758 1.738 2.075 2.144 2.259 2.517 2.719 2.760 2.562 2.491 2.593 2.769 2.654 2.218 2.196 1.820 1.649 1.641 1.604 1.899 1.885 1.747 1.939 2.117 2.035 1.725 1.407 1.266 1.620 1.610 1.341 1.525 1.275 1.181 1.503 1.782 1.765 1.395 1.395 1.240 1.139 1.206 1.185 1.336 1.615 1.537 1.544 1.572 1.760 2.002 2.180 2.450 2.307 2.403 2.204 1.899 1.995 1.980 1.720 1.586 1.859 2.080 2.049 2.949
4.911 7.834 14.132 8.619 6.034 2.732 3.119 2.448 2.206 2.718 3.016 2.929 2.114 1.610 1.267 0.990 0.755 0.511 0.000 0.524 0.766 1.107 1.615 2.000 2.028 1.455 1.228 1.388 1.494 1.761 1.774 2.077 2.210 2.257 2.463 2.677 2.648 2.601 2.551 2.733 3.019 2.896 2.508 2.277 2.002 1.761 1.831 1.667 1.932 1.928 1.650 1.797 1.939 1.825 1.516 1.178 1.188 1.433 1.424 1.246 1.368 1.299 1.259 1.632 1.834 1.947 1.600 1.602 1.404 1.516 1.399 1.334 1.335 1.540 1.568 1.613 1.679 1.918 2.152 2.127 2.371 2.294 2.270 2.114 1.922 1.951 1.919 1.689 1.528 1.723 2.020 1.861 2.922
4.523 5.972 10.549 6.444 4.802 4.436 4.297 3.100 2.529 2.966 3.239 3.147 2.328 1.796 1.496 1.252 0.949 0.731 0.507 0.000 0.526 0.859 1.372 1.757 1.777 1.309 1.010 1.266 1.335 1.578 1.686 2.045 2.214 2.303 2.602 2.775 2.729 2.619 2.531 2.670 2.892 2.818 2.470 2.353 2.012 1.775 1.797 1.572 1.773 1.709 1.507 1.654 1.786 1.737 1.412 1.038 1.060 1.376 1.425 1.214 1.442 1.405 1.314 1.620 1.780 1.885 1.597 1.681 1.412 1.645 1.490 1.209 1.388 1.601 1.658 1.794 1.769 2.051 2.284 2.302 2.440 2.223 2.300 2.149 1.938 1.823 1.872 1.672 1.491 1.659 1.875 1.970 2.897
10.038 9.294 8.503 7.247 5.970 4.448 4.698 3.906 3.303 3.606 3.852 3.741 3.073 2.502 2.165 1.818 1.584 1.170 0.884 0.529 0.000 0.569 1.061 1.570 1.791 1.306 1.241 1.522 1.853 2.190 2.482 2.996 3.254 3.479 3.870 4.113 3.993 3.934 3.745 3.980 4.287 4.160 3.868 3.605 3.159 2.899 2.713 2.301 2.601 2.462 1.972 2.088 2.286 2.132 1.628 1.195 1.373 1.724 1.744 1.530 1.830 1.800 1.786 2.166 2.538 2.687 2.310 2.496 2.150 2.476 2.319 1.951 2.096 2.391 2.573 2.839 2.791 3.110 3.379 3.525 3.609 3.392 3.342 3.290 2.742 2.667 2.786 2.487 2.074 2.121 2.414 2.256 2.988
6.190 8.215 8.999 8.714 6.244 6.456 5.492 5.632 5.109 5.411 5.728 5.627 5.009 4.154 3.760 3.086 2.468 1.965 1.440 0.960 0.551 0.000 0.627 1.247 1.597 1.327 1.365 2.010 2.449 2.858 3.692 4.008 4.316 4.630 5.436 5.527 5.068 5.371 4.986 5.291 5.848 6.053 5.490 5.275 4.660 4.336 4.146 3.572 3.712 3.519 2.974 2.900 3.188 2.818 2.092 1.754 2.156 2.552 2.388 2.240 2.784 2.718 3.061 3.597 3.859 4.237 4.043 4.099 3.744 4.007 3.365 2.874 2.816 3.347 3.795 4.157 3.912 4.697 5.094 4.599 4.770 4.105 3.902 4.092 3.879 3.385 3.470 3.571 2.497 2.473 2.831 2.974 3.589
4.903 6.128 7.739 6.112 6.355 7.520 7.015 6.900 6.936 7.409 8.158 8.483 7.440 7.115 5.540 5.244 3.672 3.100 2.412 1.887 1.418 0.813 0.000 0.765 1.465 1.707 2.135 3.120 3.818 4.578 5.200 6.123 6.694 6.755 7.419 7.554 7.546 7.675 7.377 7.999 8.482 8.462 7.845 7.188 6.474 5.872 5.827 5.416 5.633 6.029 4.642 4.596 5.146 4.540 3.254 2.569 3.351 4.179 4.232 3.920 5.017 4.665 4.553 5.669 6.128 7.054 5.674 5.791 5.267 4.979 4.316 3.858 3.521 4.846 5.050 5.561 5.324 6.099 6.846 6.833 6.750 6.295 5.873 5.933 5.173 5.146 4.818 4.472 3.462 3.514 4.043 3.625 4.216
5.694 6.731 8.194 9.973 8.739 10.292 8.861 8.728 8.558 9.131 9.652 9.860 9.073 8.463 7.818 7.188 6.228 5.115 4.171 2.938 2.293 1.477 0.656 0.000 0.814 1.723 2.582 2.982 3.792 4.642 5.345 6.178 7.143 7.607 8.194 8.387 8.202 8.236 7.968 8.747 9.561 9.549 9.075 8.300 7.689 6.695 6.600 5.984 6.017 5.782 4.909 4.319 4.809 4.238 3.463 2.830 3.739 4.564 4.336 4.312 5.577 5.776 5.459 6.606 6.691 7.536 6.893 6.968 6.277 7.085 6.595 5.619 5.704 6.814 6.823 7.462 6.815 7.728 8.071 7.704 7.402 6.727 6.279 6.555 5.957 5.281 5.620 5.467 4.403 4.234 4.954 4.585 5.034
7.229 8.008 8.708 9.447 8.159 9.133 7.236 7.280 7.127 7.132 7.636 8.045 7.464 7.400 6.830 6.537 6.090 5.030 4.848 3.474 3.025 2.138 1.457 0.676 0.000 0.846 1.679 2.360 2.683 3.045 3.395 4.121 4.750 4.883 5.688 5.722 5.511 5.445 5.404 6.076 6.315 6.478 6.001 5.471 4.895 4.366 4.249 3.973 4.362 4.132 3.680 3.414 3.994 3.922 2.946 2.917 3.347 3.997 4.250 4.117 4.928 5.259 4.399 5.151 4.839 5.433 4.860 4.987 4.325 5.338 5.208 4.401 5.055 6.209 5.521 5.965 4.958 5.476 5.685 5.331 5.239 4.572 4.760 4.918 4.134 3.639 4.210 4.247 3.148 3.445 4.478 4.156 4.867
5.421 6.560 6.957 6.073 6.057 6.760 5.230 4.462 4.104 4.628 4.907 4.885 4.309 3.401 3.127 2.611 2.509 2.101 2.115 1.485 1.699 1.400 1.577 1.353 0.825 0.000 0.592 1.286 1.679 2.322 2.931 3.787 4.173 4.429 4.998 5.202 4.836 4.783 4.620 4.758 5.515 5.608 4.893 4.859 4.187 3.516 3.420 2.751 3.202 2.787 2.144 2.143 2.448 2.391 1.679 1.373 1.515 2.110 2.163 2.104 2.373 2.366 2.215 2.747 3.147 3.530 3.160 3.316 2.754 3.287 3.158 2.711 2.858 3.563 3.685 3.953 3.792 4.150 4.666 4.579 4.472 4.162 4.119 4.123 3.436 3.032 3.480 3.214 2.348 2.330 3.116 2.829 3.596
5.863 4.492 7.223 4.880 5.656 4.557 3.482 3.302 2.956 3.266 3.534 3.657 2.915 2.419 2.229 2.068 1.922 1.593 1.529 1.229 1.294 1.197 1.485 1.506 1.196 0.536 0.000 0.522 0.672 1.048 1.337 1.709 2.023 2.161 2.518 2.642 2.541 2.582 2.446 2.592 3.064 3.064 2.627 2.417 2.074 1.737 1.641 1.232 1.390 1.166 0.900 1.022 1.213 1.283 0.976 0.900 0.824 0.999 1.348 1.465 1.502 1.552 1.283 1.449 1.431 1.713 1.648 1.695 1.543 1.880 1.803 1.533 1.778 2.118 1.948 2.052 1.893 2.191 2.484 2.248 2.236 2.032 2.051 2.008 1.700 1.499 1.676 1.609 1.275 1.409 1.751 1.789 2.803
5.566 5.133 5.685 4.535 4.652 4.346 4.358 3.090 2.867 2.982 3.191 3.389 2.755 2.424 2.290 2.201 2.073 1.826 1.786 1.400 1.432 1.241 1.676 1.712 1.494 0.773 0.523 0.000 0.520 0.767 1.203 1.505 1.915 2.194 2.425 2.495 2.416 2.356 2.084 2.293 2.572 2.697 2.415 2.308 2.024 1.696 1.424 1.028 1.008 0.817 0.674 0.824 1.101 1.262 0.946 0.949 0.858 1.026 1.275 1.400 1.431 1.536 1.206 1.234 1.116 1.378 1.512 1.590 1.597 1.958 1.914 1.721 1.861 2.254 2.113 2.256 2.102 2.406 2.565 2.362 2.282 2.165 2.116 2.094 1.884 1.574 1.826 1.805 1.392 1.452 1.853 1.892 2.814
5.045 6.345 7.929 4.418 4.578 3.578 3.645 2.386 2.064 2.397 2.713 2.706 2.054 1.669 1.563 1.444 1.466 1.265 1.280 1.183 1.238 1.232 1.593 1.710 1.493 0.951 0.644 0.503 0.000 0.496 0.610 0.769 0.965 1.112 1.375 1.386 1.331 1.311 1.234 1.469 1.659 1.608 1.419 1.302 1.108 0.934 0.848 0.650 0.652 0.608 0.613 0.701 0.978 1.059 0.807 0.838 0.732 0.827 1.023 1.082 1.170 1.170 0.945 1.054 0.901 1.042 1.008 1.030 0.975 1.183 1.249 1.149 1.424 1.690 1.509 1.406 1.215 1.416 1.484 1.382 1.339 1.199 1.310 1.338 1.121 1.095 1.269 1.177 1.053 1.205 1.567 1.637 2.665
4.509 6.302 5.262 5.348 4.156 4.225 3.374 2.694 2.162 2.556 2.978 3.006 2.299 1.940 1.821 1.756 1.775 1.617 1.633 1.513 1.595 1.588 1.908 2.036 1.789 1.242 0.995 0.668 0.498 0.000 0.496 0.604 0.812 0.962 1.148 1.254 1.191 1.160 1.102 1.402 1.637 1.451 1.246 1.097 0.996 0.809 0.721 0.616 0.615 0.678 0.671 0.804 1.055 1.163 0.969 1.078 0.927 0.998 1.238 1.312 1.347 1.381 1.143 1.135 0.972 1.069 1.078 1.019 1.060 1.322 1.508 1.466 1.777 1.993 1.729 1.628 1.314 1.383 1.351 1.302 1.198 1.056 1.245 1.336 1.109 1.122 1.399 1.404 1.249 1.418 1.895 1.975 3.066
4.793 6.413 6.526 6.148 5.927 4.101 3.841 2.286 2.038 2.397 2.712 2.620 1.975 1.654 1.533 1.526 1.494 1.402 1.442 1.366 1.524 1.544 1.892 1.923 1.707 1.256 1.013 0.820 0.621 0.507 0.000 0.496 0.611 0.835 1.037 1.095 1.023 0.965 0.942 1.206 1.441 1.306 1.067 1.000 0.876 0.691 0.630 0.598 0.621 0.742 0.778 0.938 1.180 1.300 1.091 1.141 0.964 1.097 1.309 1.302 1.369 1.288 1.047 1.064 0.923 0.962 0.926 0.879 0.893 1.114 1.240 1.224 1.496 1.728 1.437 1.358 1.154 1.240 1.273 1.167 1.080 0.913 1.085 1.135 0.966 0.972 1.200 1.243 1.088 1.246 1.609 1.759 2.768
4.738 5.324 5.765 5.730 4.784 3.729 3.470 2.753 2.174 2.497 2.886 2.965 2.315 1.901 1.830 1.754 1.762 1.598 1.718 1.604 1.752 1.740 2.079 2.110 1.908 1.460 1.178 1.021 0.827 0.641 0.498 0.000 0.497 0.683 0.856 0.985 0.874 0.856 0.843 1.144 1.357 1.190 1.019 0.854 0.813 0.649 0.646 0.653 0.694 0.827 0.931 1.104 1.367 1.516 1.312 1.378 1.166 1.305 1.526 1.532 1.590 1.485 1.198 1.211 1.016 1.030 1.026 1.010 1.045 1.247 1.390 1.426 1.705 1.884 1.628 1.490 1.214 1.258 1.200 1.093 1.027 0.914 1.171 1.260 1.104 1.133 1.427 1.385 1.332 1.500 1.912 1.982 3.046
4.890 5.593 7.022 5.785 5.953 4.750 4.837 3.911 2.993 2.908 3.266 3.445 2.660 2.386 2.333 2.293 2.392 2.294 2.523 2.511 2.675 2.561 2.804 2.857 2.543 2.059 1.824 1.682 1.339 1.023 0.823 0.529 0.000 0.515 0.662 0.872 0.946 0.961 1.027 1.359 1.541 1.325 1.160 0.890 0.952 0.805 0.901 1.030 0.955 1.104 1.380 1.573 1.801 2.144 1.981 2.220 1.888 1.950 2.291 2.389 2.281 2.209 1.844 1.724 1.332 1.297 1.466 1.211 1.240 1.484 1.681 1.775 2.064 2.258 1.797 1.565 1.259 1.248 1.056 0.953 0.898 0.857 1.158 1.209 1.156 1.306 1.543 1.595 1.676 1.915 2.242 2.433 3.461
5.054 5.906 6.803 6.429 5.670 4.216 4.068 2.906 2.511 2.806 3.137 3.155 2.524 2.296 2.203 2.315 2.336 2.223 2.390 2.333 2.627 2.503 2.902 2.915 2.654 2.149 1.880 1.776 1.463 1.232 1.001 0.687 0.541 0.000 0.505 0.689 0.782 0.887 0.986 1.280 1.501 1.289 1.071 0.846 0.901 0.860 0.928 1.124 1.110 1.364 1.551 1.834 2.073 2.320 2.151 2.182 1.879 2.038 2.368 2.324 2.234 2.137 1.740 1.728 1.437 1.356 1.396 1.226 1.214 1.488 1.698 1.797 2.134 2.215 1.830 1.650 1.270 1.261 1.056 0.970 0.797 0.819 1.103 1.203 1.128 1.270 1.552 1.627 1.670 1.865 2.145 2.357 3.457
4.266 5.071 5.384 5.039 3.791 4.101 3.375 2.688 2.528 2.867 3.348 3.352 2.584 2.288 2.147 2.128 2.067 2.016 2.163 2.064 2.347 2.312 2.655 2.828 2.608 2.070 1.795 1.797 1.532 1.420 1.100 0.970 0.710 0.502 0.000 0.525 0.796 0.914 1.087 1.353 1.422 1.198 1.074 0.854 0.905 0.884 1.071 1.260 1.404 1.618 1.802 2.011 2.336 2.428 2.211 2.056 1.886 2.148 2.302 2.187 2.249 2.086 1.803 1.879 1.685 1.554 1.457 1.259 1.131 1.296 1.418 1.408 1.715 1.839 1.555 1.384 1.031 1.132 0.931 0.759 0.681 0.855 1.054 1.083 1.003 1.200 1.394 1.408 1.424 1.688 1.998 2.045 3.117
5.598 6.567 6.088 6.147 4.618 4.769 3.994 3.350 3.333 3.335 3.998 4.044 3.158 2.982 2.854 3.019 3.073 3.206 3.564 3.446 3.891 3.724 4.115 4.437 3.909 3.392 2.946 2.909 2.572 2.213 1.854 1.451 1.084 0.698 0.544 0.000 0.579 1.031 1.358 1.678 1.742 1.443 1.397 1.020 1.222 1.360 1.720 2.038 2.115 2.645 3.077 3.293 3.578 3.960 3.689 3.450 3.196 3.570 3.920 3.540 3.678 3.470 3.029 3.131 2.751 2.424 2.266 1.887 1.789 1.756 1.949 2.079 2.538 2.537 2.133 1.709 1.431 1.272 1.122 1.015 0.878 1.148 1.592 1.643 1.567 2.014 2.200 2.251 2.250 2.664 3.045 3.189 4.431
6.164 7.332 7.408 7.957 6.045 5.664 4.670 3.648 3.329 3.348 3.776 3.871 3.314 3.292 3.441 3.621 3.763 3.991 4.146 4.170 4.357 4.329 4.646 4.915 4.410 3.873 3.336 3.213 2.678 2.090 1.759 1.180 0.926 0.896 0.814 0.562 0.000 0.539 0.809 1.159 1.488 1.347 1.313 1.158 1.318 1.560 1.373 1.819 1.666 2.194 2.701 3.107 3.380 3.891 3.776 3.675 3.354 3.462 3.820 3.750 3.521 3.365 2.896 2.612 2.097 1.859 2.065 2.030 2.222 2.429 2.880 3.078 3.408 3.471 3.095 2.612 2.173 1.998 1.686 1.503 1.172 1.272 1.662 1.827 2.043 2.261 2.533 2.676 2.776 3.294 3.608 3.768 4.902
6.130 7.468 6.946 6.822 5.356 5.043 4.256 3.623 3.131 3.161 3.614 3.774 3.151 3.037 3.279 3.444 3.729 3.748 3.980 3.832 4.093 4.052 4.262 4.213 3.854 3.405 3.066 3.011 2.381 2.138 1.611 1.227 0.916 0.956 0.978 0.789 0.515 0.000 0.535 0.972 1.268 1.204 1.190 1.066 1.325 1.467 1.419 1.806 1.733 2.195 2.546 2.900 3.228 3.675 3.599 3.527 3.126 3.320 3.725 3.571 3.528 3.230 2.815 2.414 2.087 1.798 1.971 1.881 2.193 2.287 2.832 2.841 3.287 3.322 2.965 2.679 2.055 2.030 1.726 1.598 1.292 1.386 1.665 1.890 1.842 2.163 2.384 2.527 2.631 2.980 3.245 3.649 4.597
6.213 6.956 6.703 7.244 6.326 6.140 4.610 3.546 3.500 3.245 3.805 3.890 3.287 3.185 3.322 3.498 3.765 3.731 4.070 3.663 4.316 4.001 4.292 4.434 3.982 3.391 3.158 2.927 2.435 2.016 1.682 1.281 0.950 1.081 1.128 1.193 0.932 0.554 0.000 0.655 1.102 1.121 0.990 0.969 1.190 1.334 1.394 1.699 1.588 2.172 2.536 3.038 3.240 3.626 3.397 3.412 3.156 3.300 3.670 3.606 3.405 3.187 2.781 2.539 2.090 1.801 1.936 1.977 2.020 2.280 2.809 2.940 3.389 3.888 3.089 2.682 2.191 1.987 1.742 1.798 1.492 1.546 2.147 2.146 2.074 2.452 2.792 2.726 2.775 3.315 3.597 3.714 4.834
6.226 7.689 7.557 7.353 7.039 6.301 5.016 4.141 3.854 3.763 4.177 4.367 3.668 3.727 3.818 3.973 4.110 4.218 4.408 4.159 4.510 4.125 4.479 4.272 3.859 3.256 3.302 3.105 2.691 2.091 1.669 1.364 1.190 1.453 1.719 1.792 1.440 1.010 0.575 0.000 0.547 0.947 1.166 1.385 1.484 1.588 1.529 2.122 2.005 2.387 2.853 3.146 3.683 4.061 3.656 3.709 3.493 3.804 4.283 4.172 4.122 3.862 3.314 3.168 2.635 2.296 2.549 2.161 2.520 2.706 3.263 3.440 3.821 4.067 3.508 3.090 2.517 2.410 2.199 2.170 2.141 1.785 2.271 2.515 2.237 2.375 2.822 3.016 2.881 3.149 3.701 3.854 4.630
7.980 9.206 9.274 9.106 7.359 6.720 5.605 4.595 4.212 4.232 4.798 4.986 4.236 4.254 4.349 4.766 5.302 5.295 5.586 5.745 6.022 6.094 6.285 6.161 5.926 5.372 4.952 4.670 3.941 3.348 2.832 2.299 2.116 2.334 1.937 2.495 2.086 1.292 1.277 0.682 0.000 0.629 1.113 1.671 2.196 2.439 2.337 2.629 2.664 3.020 3.593 4.089 4.393 5.305 5.187 4.946 4.856 4.681 5.316 5.187 5.069 4.782 4.020 3.635 2.913 2.687 2.869 2.790 3.151 3.494 4.041 4.637 4.786 5.031 4.595 4.046 3.217 3.098 2.788 2.744 3.117 3.345 3.795 3.711 3.606 4.181 4.629 4.485 4.724 5.268 5.455 5.776 6.451
6.053 6.638 6.275 7.074 4.490 5.290 3.916 3.380 3.357 3.525 4.025 4.217 3.232 3.322 3.076 3.404 3.273 3.696 3.983 4.229 4.724 4.652 5.195 5.249 4.845 4.295 4.001 3.953 3.440 2.968 2.437 1.998 1.439 1.372 1.325 1.565 1.504 1.191 1.278 0.937 0.560 0.000 0.565 0.800 1.035 1.555 1.921 2.522 2.595 3.318 3.765 4.267 4.837 5.080 4.794 4.519 4.107 4.628 4.886 4.608 4.631 4.226 3.562 3.567 3.131 2.545 2.538 1.973 2.076 1.869 2.161 2.611 2.939 2.801 2.391 2.000 1.827 1.472 1.463 1.708 1.868 2.069 2.509 2.375 2.186 2.812 3.033 2.739 3.033 3.646 3.734 3.766 4.712
5.067 6.036 6.863 6.174 5.007 4.512 4.105 3.473 2.666 2.885 3.177 3.141 2.405 2.265 2.248 2.283 2.369 2.419 2.606 2.628 2.830 2.843 3.159 3.248 3.036 2.461 2.269 2.291 1.922 1.727 1.350 1.193 0.885 0.885 0.977 1.204 1.138 0.861 1.028 0.990 0.735 0.535 0.000 0.500 0.635 0.895 1.142 1.433 1.531 2.002 2.214 2.553 2.886 3.084 2.822 2.661 2.419 2.707 2.912 2.769 2.772 2.443 2.168 2.065 1.849 1.548 1.518 1.228 1.251 1.413 1.666 1.710 2.048 2.097 1.773 1.551 1.225 1.196 1.157 1.186 1.190 1.290 1.437 1.412 1.258 1.523 1.627 1.649 1.759 1.961 2.276 2.457 3.360
4.790 5.519 5.310 4.558 3.899 3.936 3.550 2.630 2.444 2.633 3.121 3.122 2.418 2.160 2.036 2.070 2.073 2.018 2.103 2.136 2.323 2.336 2.773 2.912 2.748 2.178 1.903 2.029 1.760 1.624 1.256 1.170 0.853 0.803 0.874 1.107 1.126 0.931 1.115 1.118 1.007 0.720 0.493 0.000 0.521 0.668 0.959 1.317 1.510 1.890 2.040 2.369 2.669 2.756 2.399 2.181 2.085 2.464 2.567 2.345 2.590 2.237 1.935 1.995 1.826 1.522 1.481 1.062 1.037 1.184 1.349 1.414 1.669 1.848 1.546 1.411 1.075 1.090 1.043 1.047 1.082 1.143 1.389 1.285 1.118 1.391 1.573 1.458 1.514 1.735 2.007 2.062 3.153
5.049 5.807 6.354 4.978 4.416 3.681 3.342 3.167 2.143 2.436 2.784 2.818 2.157 1.859 1.742 1.757 1.649 1.636 1.749 1.652 1.858 1.859 2.182 2.226 2.090 1.629 1.326 1.319 1.106 0.986 0.759 0.752 0.643 0.704 0.874 1.059 1.025 0.887 1.024 1.107 1.110 0.879 0.595 0.501 0.000 0.494 0.627 0.820 0.989 1.199 1.352 1.489 1.807 1.919 1.670 1.641 1.437 1.727 1.890 1.854 1.927 1.723 1.418 1.445 1.284 1.151 1.063 0.832 0.752 0.993 1.170 1.225 1.498 1.689 1.429 1.264 0.971 1.017 0.989 0.959 1.011 0.990 1.195 1.168 0.990 1.111 1.312 1.269 1.195 1.406 1.742 1.762 2.844
4.829 4.392 5.519 3.927 4.474 2.960 2.994 2.122 1.717 2.099 2.409 2.343 1.740 1.331 1.189 1.192 1.171 1.157 1.236 1.269 1.453 1.497 1.923 2.055 1.841 1.401 1.070 1.052 0.835 0.757 0.601 0.587 0.568 0.614 0.786 0.922 0.879 0.838 0.893 1.061 1.249 1.100 0.782 0.611 0.496 0.000 0.497 0.553 0.718 0.844 0.915 1.142 1.296 1.492 1.282 1.222 1.053 1.183 1.357 1.291 1.288 1.174 0.944 0.958 0.844 0.820 0.680 0.585 0.596 0.720 0.852 0.908 1.126 1.271 1.070 0.942 0.753 0.854 0.876 0.845 0.817 0.793 0.937 0.911 0.767 0.897 1.046 1.019 0.983 1.205 1.497 1.547 2.631
4.827 6.372 5.921 4.683 6.242 3.644 3.883 2.761 1.953 2.162 2.443 2.403 1.698 1.314 1.257 1.226 1.215 1.255 1.330 1.357 1.491 1.581 1.931 1.992 1.849 1.353 1.057 0.938 0.721 0.649 0.564 0.575 0.596 0.674 0.848 0.985 0.968 0.907 0.904 1.167 1.328 1.155 0.910 0.744 0.573 0.492 0.000 0.491 0.555 0.679 0.761 0.952 1.126 1.291 1.149 1.152 0.963 1.029 1.242 1.201 1.146 1.055 0.860 0.837 0.688 0.674 0.611 0.587 0.645 0.819 0.939 1.015 1.254 1.387 1.162 1.032 0.880 0.936 0.943 0.894 0.912 0.882 1.032 0.996 0.864 0.967 1.114 1.104 1.112 1.265 1.592 1.669 2.809
5.462 5.361 6.078 4.367 4.689 3.928 3.412 2.074 1.824 2.092 2.408 2.464 1.714 1.318 1.213 1.180 1.221 1.165 1.310 1.287 1.406 1.478 1.867 1.942 1.697 1.253 0.949 0.829 0.630 0.568 0.550 0.593 0.727 0.868 1.057 1.182 1.164 1.092 1.000 1.200 1.477 1.345 1.063 0.955 0.739 0.562 0.490 0.000 0.493 0.538 0.654 0.869 1.068 1.254 1.069 1.089 0.906 1.026 1.219 1.195 1.149 1.027 0.834 0.705 0.588 0.626 0.595 0.591 0.651 0.825 0.942 0.980 1.227 1.391 1.193 1.063 0.941 1.019 1.109 1.061 1.063 1.016 1.111 1.102 0.944 0.971 1.147 1.103 1.014 1.202 1.510 1.618 2.701
4.566 5.788 4.753 4.756 3.435 3.348 2.841 2.058 1.839 2.405 2.780 2.768 2.095 1.647 1.495 1.496 1.538 1.552 1.624 1.661 1.898 1.845 2.266 2.368 2.090 1.570 1.238 1.084 0.751 0.603 0.631 0.766 1.005 1.218 1.458 1.641 1.550 1.456 1.240 1.497 1.862 1.774 1.453 1.283 1.017 0.777 0.601 0.496 0.000 0.506 0.776 1.043 1.281 1.586 1.435 1.474 1.234 1.385 1.716 1.605 1.593 1.376 1.052 0.986 0.693 0.790 0.800 0.816 0.840 1.066 1.104 1.199 1.407 1.631 1.407 1.291 1.134 1.222 1.377 1.337 1.413 1.293 1.457 1.363 1.149 1.244 1.444 1.304 1.244 1.498 1.839 1.832 2.964
4.574 5.457 5.514 4.932 4.294 4.105 3.518 2.791 2.365 2.608 3.019 3.185 2.487 2.128 2.096 2.011 2.039 1.811 1.828 1.618 1.712 1.775 2.074 2.166 1.912 1.369 1.103 0.803 0.665 0.668 0.790 0.856 1.121 1.413 1.626 1.700 1.552 1.380 1.230 1.465 1.723 1.643 1.480 1.461 1.323 1.104 0.843 0.637 0.506 0.000 0.497 0.681 0.895 1.132 0.939 1.058 0.905 0.877 1.109 1.238 1.247 1.336 1.086 1.027 0.769 1.000 1.091 1.208 1.317 1.691 1.863 1.732 2.036 2.444 2.172 2.110 1.721 1.822 1.852 1.818 1.709 1.512 1.765 1.869 1.577 1.535 1.901 1.893 1.580 1.830 2.282 2.400 3.373
4.279 4.785 4.178 4.523 4.014 3.671 3.137 2.351 1.906 2.435 2.809 2.921 2.156 1.782 1.657 1.518 1.500 1.315 1.392 1.220 1.401 1.383 1.801 1.873 1.644 1.165 0.869 0.661 0.577 0.700 0.873 1.070 1.299 1.488 1.746 1.810 1.711 1.594 1.460 1.657 1.954 1.904 1.654 1.591 1.368 1.127 0.952 0.721 0.675 0.498 0.000 0.502 0.649 0.876 0.759 0.837 0.708 0.681 0.931 0.983 0.989 1.020 0.863 0.906 0.762 0.980 0.973 1.104 1.132 1.381 1.475 1.344 1.570 1.866 1.771 1.679 1.492 1.637 1.813 1.681 1.761 1.527 1.643 1.717 1.442 1.400 1.646 1.533 1.326 1.481 1.874 1.881 2.856
4.907 5.874 5.877 5.233 4.459 3.695 3.581 2.619 2.272 2.668 3.023 3.090 2.399 2.112 1.997 1.890 1.831 1.638 1.649 1.436 1.625 1.553 1.928 2.000 1.802 1.256 0.928 0.697 0.675 0.911 1.112 1.393 1.597 1.831 2.075 2.146 2.100 1.932 1.835 2.030 2.345 2.301 1.971 1.890 1.616 1.390 1.180 0.915 0.967 0.720 0.506 0.000 0.502 0.635 0.683 0.849 0.781 0.755 0.969 1.124 1.207 1.235 1.043 1.104 1.033 1.272 1.218 1.305 1.378 1.595 1.720 1.665 1.845 2.196 2.077 1.949 1.773 1.878 2.013 2.020 2.046 1.822 2.030 2.020 1.709 1.704 1.962 1.839 1.609 1.740 2.171 2.230 3.123
4.892 6.172 5.738 6.508 4.498 5.150 3.797 3.179 2.919 3.406 3.679 3.897 3.189 2.922 2.874 2.599 2.582 2.173 2.216 1.836 1.961 1.932 2.269 2.325 2.040 1.599 1.291 0.932 0.946 1.154 1.506 1.737 2.084 2.403 2.715 2.735 2.586 2.476 2.322 2.481 2.838 2.986 2.630 2.558 2.264 1.963 1.773 1.327 1.288 0.982 0.759 0.499 0.000 0.564 0.703 1.002 1.004 0.818 1.097 1.372 1.418 1.673 1.429 1.562 1.446 1.827 1.764 1.991 1.949 2.402 2.514 2.233 2.570 3.043 2.836 2.816 2.481 2.676 2.850 2.725 2.666 2.333 2.512 2.611 2.259 2.128 2.476 2.451 2.091 2.288 2.718 2.704 3.541
4.514 5.138 6.314 5.442 5.574 5.302 4.121 3.883 3.424 3.834 4.099 4.338 3.856 3.459 3.429 2.966 2.797 2.397 2.236 1.791 1.748 1.780 2.011 2.153 1.962 1.547 1.333 1.073 1.381 1.676 2.109 2.508 2.917 3.306 3.644 3.706 3.575 3.381 3.098 3.275 3.761 3.949 3.584 3.482 3.081 2.730 2.427 1.928 1.809 1.463 1.096 0.732 0.546 0.000 0.575 0.824 1.094 0.917 1.110 1.434 1.640 1.861 1.768 1.854 1.774 2.268 2.326 2.609 2.596 3.002 2.921 2.620 2.615 3.261 3.165 3.359 3.224 3.391 3.632 3.541 3.496 3.105 3.195 3.206 2.887 2.630 2.770 2.732 2.311 2.424 2.741 2.800 3.451
5.113 5.704 5.351 5.202 3.849 4.298 4.227 3.056 2.862 3.330 3.584 3.670 3.028 2.432 2.304 1.952 1.761 1.515 1.438 1.085 1.260 1.390 1.768 1.990 1.819 1.300 0.934 0.860 0.996 1.322 1.655 1.961 2.281 2.494 2.653 2.801 2.766 2.621 2.504 2.675 3.076 3.112 2.754 2.599 2.337 1.992 1.801 1.498 1.516 1.288 0.967 0.827 0.656 0.547 0.000 0.500 0.611 0.697 0.765 0.824 1.176 1.319 1.262 1.466 1.597 1.903 1.735 1.910 1.768 2.039 1.922 1.694 1.766 2.125 2.125 2.275 2.264 2.476 2.651 2.580 2.576 2.371 2.444 2.381 2.139 1.970 2.157 2.016 1.707 1.827 2.165 2.153 2.897
4.131 4.445 4.432 4.287 3.836 3.576 3.400 2.473 2.234 2.675 2.908 2.934 2.320 1.799 1.644 1.456 1.425 1.162 1.196 0.956 1.160 1.224 1.641 1.752 1.582 1.145 0.797 0.717 0.833 1.115 1.333 1.575 1.849 1.986 2.223 2.319 2.254 2.237 2.066 2.260 2.573 2.540 2.268 2.127 1.843 1.596 1.406 1.229 1.247 1.109 0.857 0.827 0.835 0.720 0.495 0.000 0.489 0.551 0.607 0.603 0.747 0.855 0.873 1.100 1.234 1.437 1.335 1.452 1.423 1.573 1.568 1.466 1.633 1.941 1.869 1.907 1.798 1.972 2.194 2.067 2.150 1.929 1.978 2.003 1.692 1.610 1.813 1.693 1.442 1.567 1.872 1.917 2.740
4.280 5.437 4.984 4.230 3.396 3.673 3.064 2.395 2.109 2.555 2.863 2.863 2.201 1.747 1.659 1.487 1.504 1.198 1.274 0.996 1.226 1.219 1.570 1.765 1.639 1.041 0.749 0.688 0.752 0.978 1.112 1.380 1.604 1.789 1.991 2.048 2.041 1.950 1.885 2.039 2.312 2.264 1.964 1.869 1.611 1.383 1.274 0.995 1.098 0.911 0.686 0.764 0.794 0.770 0.555 0.488 0.000 0.490 0.552 0.613 0.638 0.818 0.813 0.952 1.049 1.262 1.170 1.305 1.240 1.493 1.502 1.345 1.529 1.876 1.717 1.796 1.623 1.775 1.962 1.853 1.864 1.724 1.799 1.777 1.497 1.433 1.600 1.510 1.250 1.397 1.731 1.718 2.617
4.501 5.227 4.360 4.872 3.897 4.042 3.253 2.415 2.240 2.690 2.980 3.028 2.299 1.849 1.779 1.553 1.573 1.306 1.396 1.200 1.345 1.362 1.729 1.878 1.677 1.146 0.780 0.706 0.750 0.991 1.107 1.408 1.576 1.692 1.952 2.010 1.973 1.963 1.880 2.024 2.281 2.286 1.955 1.854 1.628 1.398 1.278 1.052 1.103 0.949 0.700 0.758 0.739 0.749 0.574 0.536 0.487 0.000 0.494 0.567 0.700 0.852 0.854 1.041 1.113 1.319 1.188 1.358 1.323 1.493 1.583 1.447 1.622 1.917 1.797 1.774 1.654 1.816 1.972 1.811 1.858 1.650 1.766 1.767 1.516 1.461 1.677 1.557 1.355 1.487 1.849 1.851 2.790
5.320 6.209 5.568 5.292 4.440 4.447 3.890 2.875 2.670 3.046 3.300 3.444 2.726 2.261 2.077 1.874 1.839 1.476 1.564 1.292 1.521 1.535 1.847 2.025 1.798 1.347 0.971 0.879 0.930 1.153 1.414 1.685 2.028 2.199 2.533 2.538 2.407 2.371 2.206 2.400 2.743 2.763 2.498 2.419 2.141 1.870 1.678 1.347 1.299 1.097 0.866 0.866 0.893 0.859 0.658 0.625 0.567 0.493 0.000 0.513 0.671 0.930 1.018 1.277 1.348 1.618 1.614 1.833 1.715 2.005 2.061 1.856 2.019 2.425 2.308 2.415 2.166 2.409 2.634 2.412 2.433 2.097 2.215 2.325 1.979 1.809 2.118 2.043 1.709 1.859 2.392 2.254 3.158
4.173 4.481 5.501 5.212 3.917 4.842 3.372 2.954 2.373 2.799 3.099 3.063 2.335 1.859 1.779 1.583 1.568 1.205 1.375 1.191 1.479 1.521 1.868 2.075 1.965 1.506 1.169 1.010 1.191 1.324 1.554 1.852 2.100 2.220 2.472 2.528 2.508 2.439 2.369 2.498 2.845 2.752 2.467 2.293 2.077 1.810 1.635 1.379 1.380 1.258 1.084 1.055 1.058 1.021 0.766 0.691 0.629 0.603 0.507 0.000 0.580 0.702 0.840 1.195 1.318 1.498 1.395 1.555 1.555 1.810 1.787 1.644 1.802 2.207 2.127 2.140 2.052 2.172 2.407 2.369 2.360 2.239 2.286 2.268 2.021 1.887 2.118 1.981 1.736 1.832 2.239 2.147 2.931
4.396 5.512 5.231 5.631 5.075 5.223 4.076 3.030 2.439 2.702 3.059 2.990 2.288 1.940 2.014 1.729 1.784 1.542 1.745 1.551 1.661 1.858 2.134 2.245 2.302 1.813 1.516 1.444 1.662 1.892 2.168 2.475 2.691 3.018 3.218 3.424 3.217 3.047 2.842 2.808 3.220 3.363 2.867 2.897 2.596 2.331 2.136 1.771 1.871 1.702 1.359 1.498 1.446 1.349 1.168 0.944 0.835 0.801 0.699 0.545 0.000 0.546 0.723 1.191 1.518 1.719 1.551 1.923 2.005 2.415 2.484 2.211 2.436 2.954 2.855 2.905 2.791 2.768 3.177 3.129 3.278 3.038 3.245 3.189 2.722 2.629 2.915 2.754 2.359 2.571 2.897 2.802 3.507
4.916 5.786 5.625 6.561 6.137 4.471 3.427 2.421 1.957 2.330 2.814 2.881 1.998 1.667 1.558 1.418 1.527 1.159 1.651 1.536 1.696 1.867 2.274 2.514 2.322 1.823 1.471 1.387 1.306 1.500 1.505 1.667 1.805 1.985 2.180 2.431 2.287 2.087 1.943 2.034 2.326 2.301 1.920 1.874 1.592 1.524 1.307 1.131 1.343 1.357 1.132 1.363 1.422 1.391 1.285 1.138 0.857 0.865 0.878 0.627 0.517 0.000 0.531 0.817 1.114 1.180 0.948 1.134 1.287 1.489 1.629 1.667 1.937 2.182 2.123 1.988 1.849 1.773 2.045 2.131 2.272 2.092 2.354 2.266 1.938 2.029 2.270 2.101 1.891 2.192 2.528 2.435 3.251
4.654 5.664 6.654 6.129 5.055 4.869 4.267 2.192 1.728 2.276 2.614 2.657 1.932 1.552 1.443 1.436 1.384 1.206 1.418 1.349 1.572 1.681 2.036 2.255 2.049 1.562 1.194 1.069 0.932 1.107 1.151 1.376 1.525 1.692 1.884 2.050 1.973 1.805 1.717 1.787 2.045 2.034 1.765 1.707 1.434 1.260 1.055 0.860 1.002 0.968 0.843 1.119 1.250 1.341 1.168 1.058 0.816 0.898 1.023 0.775 0.693 0.509 0.000 0.509 0.671 0.880 0.744 1.000 1.082 1.312 1.418 1.398 1.642 1.877 1.737 1.700 1.561 1.638 1.836 1.856 1.900 1.772 1.930 1.920 1.558 1.639 1.893 1.681 1.507 1.739 2.060 1.968 2.871
4.604 6.033 5.329 5.498 5.005 4.843 3.957 2.609 1.671 2.405 2.702 2.759 2.066 1.705 1.588 1.697 1.490 1.670 1.574 1.845 1.879 2.192 2.481 2.649 2.534 2.050 1.593 1.474 1.230 1.251 1.242 1.304 1.456 1.842 2.084 2.180 1.981 1.822 1.557 1.687 2.011 2.076 1.777 1.827 1.528 1.319 0.982 0.784 0.838 0.931 1.016 1.401 1.583 1.789 1.626 1.498 1.179 1.227 1.409 1.166 0.982 0.751 0.515 0.000 0.497 0.678 0.683 1.016 1.228 1.520 1.645 1.674 1.951 2.266 2.156 2.070 1.879 1.925 2.112 2.135 2.191 2.009 2.203 2.303 1.865 2.001 2.244 2.147 1.889 2.242 2.568 2.505 3.406
4.991 6.247 6.079 6.626 4.575 4.731 3.305 2.651 1.743 2.268 2.615 2.700 1.988 1.616 1.574 1.524 1.641 1.628 1.749 1.842 1.962 2.127 2.388 2.469 2.286 1.773 1.450 1.285 1.019 0.996 0.994 1.086 1.262 1.496 1.701 1.815 1.744 1.595 1.420 1.592 1.878 1.809 1.512 1.485 1.248 1.076 0.843 0.674 0.708 0.793 0.873 1.170 1.360 1.611 1.471 1.454 1.149 1.193 1.418 1.325 1.191 1.023 0.725 0.507 0.000 0.543 0.607 0.857 1.057 1.316 1.550 1.557 1.840 2.048 1.968 1.846 1.586 1.664 1.742 1.789 1.852 1.634 1.825 1.912 1.587 1.663 1.934 1.893 1.708 1.940 2.263 2.336 3.337
5.213 5.971 6.534 6.198 4.961 4.796 3.114 1.840 1.561 2.238 2.575 2.639 1.883 1.570 1.557 1.587 1.865 1.864 2.211 2.213 2.583 2.589 2.986 3.025 2.732 2.322 1.923 1.651 1.269 1.261 1.262 1.401 1.559 1.857 2.124 2.338 2.264 2.068 1.844 1.950 2.253 2.170 1.777 1.730 1.360 1.238 0.904 0.753 0.801 0.873 1.016 1.348 1.538 1.895 1.802 1.910 1.516 1.516 1.913 1.823 1.668 1.429 1.001 0.768 0.529 0.000 0.530 0.719 1.033 1.259 1.687 1.914 2.176 2.451 2.257 1.965 1.818 1.596 1.876 2.142 2.265 2.186 2.430 2.494 2.023 2.213 2.565 2.444 2.228 2.519 2.946 2.895 3.956
4.940 6.646 6.702 5.796 5.562 3.453 2.509 2.724 1.485 2.160 2.460 2.453 1.676 1.257 1.236 1.273 1.392 1.420 1.585 1.665 1.827 2.023 2.400 2.570 2.309 1.766 1.423 1.265 1.044 0.994 0.924 0.986 1.032 1.161 1.366 1.536 1.538 1.455 1.300 1.481 1.733 1.610 1.294 1.205 0.912 0.770 0.622 0.690 0.790 0.894 0.969 1.230 1.430 1.676 1.491 1.446 1.203 1.266 1.506 1.353 1.274 1.104 0.808 0.665 0.613 0.509 0.000 0.504 0.632 0.816 1.065 1.200 1.474 1.579 1.525 1.198 1.079 1.053 1.235 1.267 1.363 1.384 1.471 1.439 1.265 1.389 1.553 1.488 1.406 1.694 2.010 2.102 3.014
4.843 5.445 5.180 4.162 4.825 3.927 2.912 1.550 1.276 1.951 2.308 2.368 1.592 1.211 1.087 1.215 1.238 1.331 1.558 1.656 1.894 2.043 2.480 2.556 2.449 1.876 1.569 1.559 1.281 1.227 0.998 1.085 1.129 1.229 1.521 1.687 1.688 1.567 1.372 1.534 1.857 1.814 1.405 1.291 0.940 0.780 0.686 0.756 0.994 1.196 1.286 1.655 1.844 2.068 1.803 1.739 1.450 1.653 1.831 1.670 1.636 1.327 1.013 0.906 0.852 0.699 0.510 0.000 0.510 0.636 0.771 0.916 1.168 1.294 1.130 1.026 0.891 1.026 1.282 1.291 1.424 1.370 1.471 1.347 1.095 1.299 1.439 1.251 1.274 1.564 1.734 1.804 2.900
5.209 4.875 8.245 7.095 8.157 9.017 6.537 2.137 1.680 2.146 2.340 2.425 1.578 1.140 0.955 0.940 0.898 1.025 1.156 1.234 1.324 1.463 1.957 2.117 1.931 1.393 1.085 1.118 0.939 0.909 0.767 0.832 0.822 0.847 0.988 1.151 1.197 1.117 1.138 1.276 1.469 1.339 1.068 0.937 0.704 0.587 0.580 0.643 0.820 0.947 0.986 1.221 1.397 1.557 1.348 1.242 1.050 1.211 1.372 1.274 1.269 1.095 0.867 0.892 0.842 0.791 0.591 0.494 0.000 0.492 0.539 0.643 0.837 0.943 0.805 0.671 0.623 0.751 0.920 0.858 0.980 1.023 1.056 0.962 0.829 0.964 1.018 0.909 0.876 1.124 1.331 1.396 2.469
5.413 6.354 7.626 7.116 3.893 3.240 2.471 1.608 1.800 2.071 2.449 2.324 1.611 1.128 1.049 0.969 1.003 1.114 1.235 1.398 1.473 1.681 2.060 2.167 2.007 1.556 1.307 1.251 1.054 1.039 0.936 1.005 1.003 0.989 1.121 1.326 1.329 1.324 1.305 1.490 1.685 1.532 1.198 1.083 0.865 0.767 0.765 0.795 0.984 1.054 1.099 1.297 1.484 1.618 1.411 1.358 1.185 1.258 1.412 1.324 1.293 1.139 0.921 0.979 0.970 0.908 0.735 0.586 0.490 0.000 0.496 0.591 0.810 0.898 0.699 0.597 0.637 0.756 0.924 0.949 1.100 1.132 1.168 1.052 0.917 1.052 1.133 0.978 1.027 1.217 1.428 1.548 2.694
4.772 5.718 9.231 8.728 4.984 4.150 2.638 1.843 1.831 2.115 2.485 2.378 1.688 1.191 1.037 1.011 1.080 1.072 1.156 1.360 1.374 1.564 1.933 2.088 1.924 1.434 1.230 1.323 1.231 1.214 1.091 1.148 1.120 1.081 1.176 1.368 1.428 1.365 1.418 1.529 1.734 1.514 1.241 1.120 0.943 0.859 0.921 1.015 1.221 1.283 1.316 1.478 1.669 1.714 1.477 1.325 1.219 1.392 1.484 1.368 1.438 1.261 1.125 1.206 1.207 1.138 0.918 0.721 0.558 0.493 0.000 0.490 0.579 0.733 0.614 0.585 0.618 0.764 0.968 0.932 1.077 1.127 1.174 0.982 0.870 0.994 1.007 0.792 0.885 1.023 1.196 1.223 2.514
5.862 6.116 7.779 12.512 6.992 3.467 3.154 2.432 2.227 2.436 2.761 2.684 1.944 1.483 1.277 1.157 1.045 0.970 1.072 1.087 1.280 1.352 1.811 1.940 1.833 1.352 1.104 1.227 1.224 1.172 1.078 1.231 1.197 1.128 1.250 1.420 1.545 1.517 1.565 1.738 1.914 1.708 1.434 1.233 1.038 0.916 1.011 1.017 1.244 1.309 1.243 1.428 1.607 1.649 1.407 1.281 1.158 1.365 1.470 1.353 1.428 1.326 1.126 1.283 1.302 1.276 1.061 0.882 0.673 0.593 0.495 0.000 0.504 0.719 0.572 0.583 0.635 0.823 1.013 0.944 1.154 1.171 1.216 1.004 0.873 0.985 0.982 0.827 0.749 0.981 1.180 1.088 2.408
3.557 4.343 5.438 6.252 2.550 2.475 2.449 2.602 2.536 3.033 3.402 3.450 2.700 2.205 1.972 1.729 1.470 1.388 1.356 1.512 1.582 1.849 2.258 2.580 2.459 1.815 1.602 1.674 1.668 1.662 1.637 1.767 1.861 1.780 1.990 2.268 2.346 2.346 2.276 2.481 2.801 2.588 2.205 2.010 1.685 1.480 1.494 1.568 1.714 1.878 1.788 1.982 2.159 2.329 1.958 1.750 1.690 1.929 2.075 1.956 2.139 1.939 1.754 1.928 1.951 1.896 1.634 1.452 1.140 1.196 0.864 0.534 0.000 1.024 0.708 0.963 1.101 1.467 1.688 1.530 1.803 1.742 1.848 1.534 1.323 1.517 1.507 1.175 1.178 1.507 1.558 1.383 2.719
3.904 5.390 6.337 5.478 4.849 3.563 3.701 3.279 3.447 3.933 4.458 4.448 3.412 2.987 2.533 2.336 1.938 1.778 1.604 1.741 1.802 2.059 2.751 3.011 3.027 2.412 2.112 2.548 2.411 2.692 2.499 2.823 2.729 2.356 2.255 2.749 3.181 3.059 3.307 3.327 3.650 3.197 2.805 2.479 2.273 2.164 2.604 2.504 3.002 3.109 2.832 3.089 3.392 3.143 2.726 2.305 2.296 2.786 2.680 2.376 2.862 2.593 2.411 2.899 3.101 3.012 2.585 2.316 1.849 1.493 1.021 0.749 0.563 0.000 0.558 0.833 1.171 1.553 1.646 1.647 2.125 2.384 2.392 1.862 1.760 2.171 1.925 1.403 1.674 2.033 1.921 1.641 2.685
5.423 5.360 8.743 5.076 4.213 3.763 2.698 2.807 2.522 2.805 3.120 3.051 2.365 1.844 1.625 1.574 1.424 1.398 1.485 1.536 1.700 1.867 2.344 2.494 2.470 1.817 1.612 1.805 1.655 1.617 1.419 1.428 1.367 1.208 1.267 1.483 1.604 1.588 1.706 1.865 1.961 1.726 1.456 1.238 1.129 1.054 1.266 1.352 1.635 1.832 1.882 2.082 2.304 2.324 2.092 1.882 1.676 2.013 2.113 2.001 2.074 1.906 1.573 1.835 1.806 1.669 1.402 1.166 0.894 0.781 0.614 0.613 0.624 0.522 0.000 0.498 0.571 0.738 0.955 0.962 1.209 1.299 1.375 1.087 0.987 1.232 1.216 0.949 1.041 1.332 1.460 1.489 2.603
4.659 5.364 5.310 6.695 4.883 5.636 2.839 2.189 2.128 2.473 2.818 2.782 2.035 1.585 1.400 1.406 1.405 1.486 1.620 1.665 1.907 1.999 2.415 2.520 2.382 1.848 1.595 1.682 1.531 1.442 1.214 1.228 1.100 0.987 1.094 1.300 1.378 1.393 1.474 1.633 1.783 1.590 1.273 1.105 0.964 0.904 1.099 1.196 1.395 1.669 1.636 1.920 2.159 2.242 1.989 1.847 1.596 1.933 2.019 1.892 1.924 1.680 1.458 1.580 1.564 1.388 1.146 0.995 0.779 0.651 0.634 0.658 0.818 0.702 0.496 0.000 0.498 0.560 0.819 0.785 1.011 1.097 1.201 0.997 0.912 1.139 1.153 0.961 1.074 1.340 1.526 1.489 2.706
4.612 5.207 8.641 8.572 6.960 5.408 3.466 2.329 2.210 2.561 2.908 2.848 2.197 1.803 1.617 1.592 1.500 1.637 1.650 1.803 1.958 2.088 2.617 2.723 2.576 1.975 1.758 1.821 1.635 1.466 1.226 1.203 1.062 0.906 1.006 1.249 1.361 1.300 1.447 1.601 1.718 1.505 1.238 0.992 0.893 0.830 1.098 1.270 1.464 1.646 1.785 2.054 2.285 2.474 2.193 1.995 1.810 2.056 2.212 2.066 2.183 1.887 1.636 1.703 1.613 1.441 1.298 1.004 0.910 0.701 0.663 0.795 0.983 0.933 0.619 0.501 0.000 0.532 0.746 0.740 0.903 1.038 1.171 0.990 0.863 1.172 1.190 0.968 1.162 1.457 1.586 1.620 2.732
4.781 5.189 5.583 4.861 5.265 4.468 3.938 2.927 2.765 3.042 3.468 3.377 2.568 2.339 2.071 2.211 2.041 2.183 2.227 2.327 2.510 2.443 3.000 3.046 2.939 2.402 2.216 2.451 2.280 2.169 1.828 1.821 1.578 1.191 1.248 1.553 1.803 1.794 2.061 2.224 2.210 1.812 1.573 1.154 1.141 1.181 1.684 1.918 2.292 2.464 2.546 2.790 3.094 3.322 2.807 2.575 2.401 2.916 2.944 2.714 2.932 2.547 2.367 2.455 2.433 2.220 2.004 1.465 1.151 0.947 0.922 1.074 1.333 1.349 0.957 0.688 0.512 0.000 0.641 0.870 1.215 1.551 1.644 1.367 1.211 1.560 1.559 1.294 1.476 1.715 1.808 1.910 2.983
5.590 5.639 5.307 5.649 3.887 3.875 3.122 2.540 2.502 3.123 3.597 3.414 2.563 2.149 1.970 2.093 2.117 2.452 2.821 3.007 3.555 3.689 4.020 4.134 3.880 3.369 2.944 3.217 2.741 2.595 2.070 2.018 1.625 1.126 1.075 1.319 1.812 1.826 2.200 2.334 2.462 2.086 1.706 1.236 1.305 1.372 1.850 2.120 2.511 2.994 3.073 3.423 3.800 3.988 3.645 3.461 3.125 3.479 3.691 3.268 3.364 2.811 2.594 2.596 2.604 2.314 2.067 1.578 1.431 1.101 1.299 1.656 2.061 1.966 1.564 1.119 0.865 0.558 0.000 0.640 0.934 1.462 1.556 1.392 1.399 1.910 1.923 1.815 2.005 2.475 2.623 2.697 3.957
4.710 4.840 6.134 5.760 4.310 4.428 3.479 2.810 2.373 2.757 3.132 3.067 2.412 2.048 1.871 1.956 1.964 2.079 2.123 2.193 2.357 2.386 2.788 2.825 2.613 2.094 1.897 2.027 1.783 1.534 1.278 1.183 0.970 0.651 0.694 0.852 1.047 1.173 1.390 1.673 1.740 1.532 1.254 0.922 0.945 0.940 1.328 1.454 1.608 1.877 2.023 2.185 2.462 2.681 2.367 2.178 2.046 2.319 2.461 2.340 2.450 2.166 1.954 2.055 1.872 1.772 1.581 1.285 1.147 1.028 1.067 1.223 1.502 1.513 1.118 0.898 0.737 0.736 0.523 0.000 0.500 0.648 0.774 0.707 0.721 0.993 1.057 1.056 1.243 1.446 1.647 1.831 2.907
5.161 5.517 5.739 5.257 3.905 3.859 3.204 2.580 2.327 2.625 3.006 2.958 2.292 2.036 1.940 1.995 2.004 1.970 2.089 2.021 2.153 2.042 2.355 2.346 2.160 1.706 1.480 1.502 1.287 1.101 1.008 0.863 0.784 0.605 0.653 0.739 0.843 0.970 1.132 1.342 1.487 1.338 1.088 0.879 0.901 0.884 1.048 1.130 1.188 1.313 1.450 1.557 1.805 2.013 1.798 1.714 1.582 1.773 1.926 1.964 2.005 1.838 1.544 1.652 1.452 1.393 1.310 1.193 1.083 1.053 1.086 1.151 1.359 1.411 1.106 0.947 0.777 0.817 0.710 0.494 0.000 0.491 0.543 0.555 0.553 0.646 0.790 0.851 0.953 1.067 1.349 1.465 2.793
5.095 5.984 6.629 5.761 4.419 4.458 3.113 2.717 2.509 2.702 2.988 3.118 2.341 2.072 2.152 2.156 2.297 2.130 2.309 2.059 2.273 1.986 2.256 2.300 2.076 1.622 1.385 1.414 1.209 1.079 1.020 0.882 0.700 0.661 0.695 0.757 0.913 0.950 1.086 1.344 1.434 1.278 1.144 0.904 0.952 0.837 1.112 1.158 1.199 1.343 1.472 1.637 1.855 2.044 1.732 1.677 1.559 1.795 1.965 2.028 1.935 1.919 1.640 1.766 1.478 1.374 1.327 1.287 1.191 1.149 1.188 1.258 1.406 1.498 1.176 1.059 0.887 1.005 0.872 0.584 0.489 0.000 0.490 0.523 0.531 0.544 0.659 0.762 0.791 0.904 1.222 1.381 2.685
5.262 5.328 5.700 5.161 3.886 3.512 3.521 2.917 2.686 2.857 3.329 3.352 2.752 2.383 2.355 2.310 2.302 2.156 2.246 2.122 2.204 2.092 2.439 2.525 2.383 1.822 1.736 1.788 1.653 1.324 1.246 1.035 0.927 0.788 0.838 0.889 0.944 1.085 1.193 1.449 1.592 1.440 1.326 1.110 1.140 1.093 1.344 1.442 1.470 1.681 1.836 2.045 2.245 2.403 2.153 2.056 1.969 2.176 2.314 2.310 2.301 2.246 1.942 2.002 1.799 1.715 1.686 1.443 1.343 1.409 1.344 1.250 1.381 1.476 1.227 1.251 1.019 1.174 1.074 0.751 0.541 0.490 0.000 0.492 0.563 0.596 0.594 0.690 0.863 0.903 1.139 1.351 2.602
4.796 4.656 5.778 5.045 4.118 3.642 3.083 2.837 2.425 2.654 2.984 3.004 2.314 1.891 1.723 1.662 1.627 1.575 1.725 1.667 1.796 1.762 2.174 2.217 2.121 1.561 1.357 1.498 1.352 1.184 1.016 1.002 0.891 0.763 0.845 0.868 0.973 1.141 1.248 1.481 1.591 1.457 1.225 1.017 1.031 0.932 1.082 1.165 1.231 1.422 1.515 1.668 1.967 2.014 1.794 1.601 1.519 1.806 1.864 1.807 1.864 1.694 1.504 1.602 1.530 1.430 1.340 1.197 0.991 1.028 0.950 0.886 1.044 1.177 0.913 0.913 0.764 0.931 0.875 0.629 0.536 0.516 0.489 0.000 0.488 0.522 0.545 0.537 0.635 0.753 0.993 1.127 2.484
4.308 5.579 6.862 3.947 4.956 4.152 2.780 2.523 2.262 2.553 2.964 2.931 2.203 1.828 1.604 1.565 1.458 1.463 1.472 1.415 1.508 1.488 1.896 2.036 1.886 1.341 1.131 1.182 1.094 0.975 0.859 0.894 0.853 0.740 0.808 0.859 0.967 1.068 1.155 1.444 1.603 1.417 1.219 0.993 0.948 0.790 0.937 0.979 1.122 1.230 1.253 1.414 1.670 1.710 1.447 1.337 1.225 1.488 1.579 1.526 1.633 1.511 1.309 1.385 1.331 1.305 1.222 1.059 0.920 0.936 0.907 0.861 1.071 1.216 0.988 0.896 0.771 0.911 0.850 0.614 0.555 0.519 0.509 0.487 0.000 0.489 0.520 0.539 0.553 0.666 0.935 1.069 2.434
5.761 6.078 8.037 4.605 4.903 3.765 3.282 2.804 2.605 2.691 3.014 3.054 2.368 2.002 1.963 1.875 1.841 1.748 1.796 1.720 1.698 1.695 2.002 2.051 1.942 1.396 1.313 1.362 1.245 1.081 0.994 0.918 0.860 0.776 0.869 0.957 1.056 1.149 1.230 1.463 1.599 1.427 1.215 1.062 0.961 0.833 1.009 1.103 1.233 1.412 1.452 1.599 1.857 1.924 1.621 1.569 1.496 1.755 1.833 1.839 1.825 1.775 1.520 1.623 1.520 1.434 1.319 1.125 1.006 1.049 1.013 1.011 1.167 1.300 1.090 1.009 0.828 0.995 0.940 0.679 0.622 0.538 0.530 0.515 0.488 0.000 0.490 0.526 0.556 0.599 0.828 1.085 2.487
5.725 6.162 7.873 5.575 4.661 4.161 3.683 2.894 2.774 2.909 3.310 3.359 2.737 2.304 2.232 2.099 2.064 1.940 2.071 1.922 1.947 1.837 2.224 2.333 2.207 1.584 1.539 1.591 1.500 1.243 1.133 1.118 1.057 0.974 1.128 1.100 1.169 1.327 1.410 1.747 1.915 1.733 1.624 1.312 1.260 1.108 1.275 1.362 1.420 1.630 1.769 1.960 2.196 2.308 2.005 1.917 1.816 2.110 2.234 2.206 2.289 2.162 1.889 1.955 1.822 1.707 1.678 1.402 1.295 1.265 1.198 1.046 1.179 1.305 1.047 1.134 0.983 1.221 1.225 0.900 0.778 0.643 0.573 0.568 0.541 0.491 0.000 0.493 0.569 0.638 0.809 1.046 2.375
5.235 5.474 7.471 5.457 4.661 3.323 2.896 2.366 2.363 2.635 2.967 2.986 2.273 1.810 1.621 1.541 1.495 1.414 1.474 1.486 1.443 1.490 1.930 2.065 1.954 1.360 1.171 1.291 1.195 1.097 0.987 1.052 1.028 0.914 1.046 1.113 1.178 1.316 1.371 1.670 1.825 1.616 1.422 1.210 1.093 0.955 1.075 1.094 1.211 1.353 1.354 1.532 1.794 1.809 1.533 1.395 1.297 1.568 1.638 1.559 1.677 1.539 1.309 1.491 1.461 1.423 1.276 1.155 0.930 0.991 0.884 0.739 1.004 1.122 0.891 0.950 0.820 1.033 1.069 0.824 0.748 0.709 0.600 0.541 0.524 0.508 0.489 0.000 0.490 0.555 0.755 0.872 2.169
6.828 5.602 8.370 6.142 4.586 4.683 3.011 2.591 2.418 2.693 3.030 3.058 2.308 1.895 1.721 1.592 1.524 1.452 1.539 1.364 1.442 1.620 1.775 1.941 1.824 1.316 1.081 1.172 1.140 1.091 0.988 1.083 1.093 0.998 1.123 1.242 1.316 1.381 1.514 1.744 1.939 1.749 1.475 1.238 1.135 0.972 1.121 1.057 1.238 1.329 1.301 1.481 1.674 1.707 1.439 1.312 1.236 1.464 1.588 1.555 1.641 1.546 1.357 1.480 1.429 1.425 1.296 1.123 0.961 1.022 0.927 0.812 1.004 1.154 0.938 0.934 0.851 1.065 1.111 0.865 0.848 0.789 0.731 0.619 0.555 0.558 0.526 0.491 0.000 0.498 0.746 0.892 2.252
6.179 7.169 7.301 6.499 5.149 4.484 3.628 2.821 2.754 2.890 3.335 3.407 2.677 2.439 2.261 2.227 2.202 2.091 2.163 2.053 2.020 1.898 2.204 2.316 2.282 1.655 1.558 1.738 1.644 1.490 1.354 1.480 1.463 1.384 1.634 1.750 1.827 1.874 1.917 2.160 2.403 2.262 1.893 1.657 1.428 1.221 1.482 1.514 1.798 2.033 2.007 2.242 2.542 2.612 2.167 2.013 1.961 2.389 2.507 2.489 2.526 2.324 2.017 2.084 2.065 1.913 1.783 1.465 1.245 1.360 1.300 1.128 1.407 1.635 1.356 1.445 1.136 1.423 1.523 1.255 1.246 1.156 1.067 0.939 0.735 0.705 0.669 0.623 0.505 0.000 0.558 0.899 2.240
5.859 7.864 6.306 8.794 5.977 7.283 5.992 5.539 5.494 5.639 6.328 6.468 5.854 5.451 5.539 5.167 5.110 4.494 4.583 3.769 3.846 3.116 3.700 3.765 3.555 2.685 2.708 3.138 2.921 2.435 2.388 2.467 2.511 2.615 3.228 3.073 3.051 3.274 3.430 3.863 4.257 4.182 3.899 3.433 3.196 2.890 2.945 3.067 3.125 3.346 3.764 3.929 4.620 4.802 4.083 3.964 4.127 4.572 5.045 5.111 5.466 5.068 4.285 4.440 4.045 3.968 3.996 3.554 3.199 3.251 3.129 2.237 2.418 2.823 2.522 3.096 2.647 3.261 3.410 2.800 2.408 2.022 1.817 1.835 1.537 1.154 1.137 1.207 0.969 0.603 0.000 0.799 2.127
6.002 6.362 5.744 8.104 6.290 7.230 6.758 7.339 7.577 8.067 9.007 9.299 8.187 7.490 6.588 6.591 5.390 5.150 4.405 4.233 4.225 4.053 5.228 5.533 5.251 4.122 3.803 4.853 5.089 5.202 4.861 5.635 5.850 5.414 6.223 6.256 6.671 7.210 7.065 8.033 8.626 8.253 7.522 6.530 6.132 5.165 5.878 5.625 6.224 6.375 6.106 6.602 7.164 6.828 5.772 5.165 5.228 6.349 6.554 5.950 6.439 6.328 5.886 6.577 6.801 6.970 6.119 5.748 4.823 4.895 3.959 2.938 2.763 3.743 3.448 4.170 4.089 5.267 5.568 4.705 4.558 4.419 3.493 3.456 3.358 2.925 2.204 2.064 1.918 1.724 0.694 0.000 1.526
7.993 11.353 9.028 13.123 11.360 13.857 13.701 16.366 17.578 18.584 20.064 20.397 18.781 18.204 16.498 15.988 13.994 13.176 12.444 10.978 10.699 8.753 12.116 12.672 12.942 11.299 10.479 13.337 12.946 13.551 11.880 13.506 12.336 10.521 10.458 11.921 13.666 13.605 15.490 17.012 17.449 14.632 14.544 10.990 11.361 10.391 13.850 13.865 16.130 17.125 16.339 16.643 17.744 17.597 15.126 13.477 14.147 16.445 16.502 15.627 17.198 16.987 15.504 17.565 17.979 17.262 16.150 13.486 10.846 9.733 8.066 5.576 5.949 7.603 5.353 7.509 6.300 8.867 8.391 7.502 8.922 9.760 9.735 6.622 6.295 7.821 6.092 3.430 4.428 5.410 2.999 1.406 0.001
