54.216
65.486
53.303
50.691
58.304
80.734
88.644
90.238
92.622
94.100
95.533
95.744
95.507
95.674
95.474
95.537
94.790
94.359
92.703
89.878
89.099
92.647
93.098
94.619
94.960
95.863
95.168
95.224
94.974
94.644
93.690
91.188
90.051
87.377
87.723
87.990
90.672
91.105
89.888
89.993
91.613
92.746
93.456
93.284
93.315
92.411
94.257
94.840
95.664
95.353
95.113
94.329
92.055
90.838
93.977
95.209
95.625
94.704
94.654
96.186
96.145
95.791
95.439
95.662
95.672
94.222
93.722
93.889
93.176
90.186
89.170
87.893
81.386
82.098
85.605
88.262
91.553
94.045
93.892
94.265
92.791
90.535
82.954
78.941
74.149
74.858
76.813
80.453
81.000
82.224
83.104
86.262
82.694
