72.801
78.694
83.309
84.822
84.082
78.257
85.889
84.534
88.716
88.623
87.705
87.597
88.079
85.737
81.768
76.342
61.337
51.652
49.992
58.276
69.194
78.205
84.361
86.239
88.506
89.281
89.625
87.739
84.535
76.990
77.763
77.361
84.294
89.363
90.840
92.146
93.724
93.133
92.642
89.523
88.264
88.861
89.257
90.130
87.672
87.050
87.527
86.533
87.487
87.217
88.385
88.966
90.377
91.419
92.338
93.436
94.554
93.564
92.581
91.187
87.957
88.791
89.053
90.557
91.603
90.698
89.300
89.844
90.207
90.054
89.598
91.283
89.277
88.964
89.321
89.378
86.873
86.767
86.907
85.043
75.778
78.072
79.018
74.120
75.739
73.839
74.987
77.884
74.049
70.004
75.256
69.052
74.352
