30.947
36.034
38.916
40.769
45.957
43.037
43.055
43.292
49.571
54.245
62.322
66.993
75.214
79.882
80.015
82.391
80.895
83.270
84.985
86.238
86.727
84.474
85.130
85.108
84.608
87.518
90.336
87.077
85.895
88.298
85.743
82.762
81.910
78.909
82.060
82.804
84.314
86.251
88.201
87.489
87.605
85.466
88.278
87.538
83.104
81.374
79.397
79.447
79.824
79.024
82.179
83.874
83.120
82.257
85.674
85.331
85.078
84.571
86.681
83.047
79.275
80.578
85.280
84.341
87.906
85.985
87.278
84.303
80.781
74.802
63.150
49.760
49.055
50.215
55.661
64.053
69.458
79.709
80.717
84.136
81.707
81.667
81.268
76.716
68.395
65.541
79.591
76.439
70.823
74.869
71.189
76.182
70.078
