61.846
79.763
87.995
88.340
90.202
87.756
89.668
91.284
90.604
89.796
88.226
89.301
89.226
90.875
91.777
92.010
90.506
90.412
91.108
89.959
88.650
87.991
85.304
88.544
89.707
91.605
91.390
92.734
92.953
91.670
89.808
92.315
92.370
90.642
89.667
88.076
89.120
88.244
87.429
89.464
91.086
91.069
90.839
92.114
92.540
92.624
90.437
90.137
88.504
85.118
87.842
90.591
91.283
92.440
92.318
91.534
90.547
88.419
83.233
69.366
63.559
58.822
68.629
79.607
84.490
87.081
88.284
89.084
90.280
89.535
90.161
87.716
80.710
74.669
74.513
85.461
89.032
89.342
88.957
88.345
88.178
84.513
81.879
81.949
79.626
73.395
64.320
54.318
49.035
48.786
39.298
37.691
31.457
