52.579
57.702
58.481
63.938
66.773
75.544
76.932
80.651
82.658
84.327
84.981
81.732
81.163
75.129
74.764
74.814
74.625
80.474
85.539
87.911
89.001
89.662
89.406
88.963
87.051
83.493
76.574
79.632
79.766
84.926
90.772
91.169
92.353
94.038
94.054
94.372
92.949
92.435
92.840
93.044
91.977
90.842
90.028
89.873
88.556
90.897
90.746
92.472
92.334
93.537
93.597
93.988
94.321
94.758
93.745
92.394
90.769
87.695
88.715
89.025
90.662
91.369
90.313
88.324
90.133
90.975
91.208
91.464
92.876
90.968
91.203
91.886
92.429
91.655
91.135
91.142
88.834
86.141
88.562
90.311
89.534
89.683
90.100
91.084
92.533
91.724
92.503
91.309
91.486
91.662
91.110
90.135
84.730
