0.001 1.880 4.167 7.423 10.383 13.022 15.752 19.482 21.600 22.555 23.531 24.310 24.773 23.719 23.279 21.759 20.640 17.792 16.736 14.906 13.151 9.542 9.223 12.771 13.307 16.052 15.056 15.938 18.383 20.176 21.370 22.325 23.447 24.104 23.763 24.449 24.967 25.042 24.785 24.564 24.907 25.759 25.750 25.094 24.236 23.669 22.486 23.281 22.340 23.006 22.934 21.777 20.909 21.753 20.496 18.394 16.537 17.879 20.175 18.536 18.818 21.066 20.946 22.010 22.622 23.266 23.465 22.833 22.657 21.147 20.745 18.343 17.445 15.521 16.905 19.503 20.823 21.169 22.817 23.526 23.088 23.361 23.131 22.608 21.557 20.823 20.377 19.895 18.698 16.601 16.057 14.522 14.241
0.844 0.000 1.259 2.519 3.981 4.449 8.219 8.638 9.594 9.218 9.602 9.694 9.762 11.013 9.634 11.353 10.062 10.127 9.699 11.919 10.827 10.006 8.802 10.025 12.127 13.468 13.622 13.371 13.839 14.090 14.978 16.029 15.429 15.758 16.473 16.598 16.932 16.920 16.293 15.840 16.233 15.909 16.204 16.160 16.441 15.101 15.196 14.789 14.386 15.113 15.426 14.853 16.211 16.626 16.683 13.700 12.816 12.177 14.515 14.012 11.551 11.897 9.575 10.601 11.161 13.792 13.155 12.173 12.986 13.320 14.144 13.209 13.772 10.830 15.350 17.511 15.641 15.967 15.951 16.278 16.447 17.099 16.457 16.536 16.335 16.609 16.289 15.990 15.070 13.990 13.504 12.073 12.342
2.955 0.652 0.000 0.590 1.039 1.357 2.100 2.539 3.120 4.482 4.693 5.572 6.332 6.421 6.213 8.602 8.009 9.119 9.073 9.842 15.931 7.364 7.672 8.534 8.962 9.821 9.974 10.280 7.738 7.318 7.970 8.486 7.897 8.214 9.024 9.281 9.776 9.217 7.646 8.026 6.902 6.897 7.536 8.385 8.645 8.248 8.703 7.707 8.974 8.185 9.268 8.921 10.364 10.280 10.663 8.293 10.040 8.534 11.146 10.616 10.985 9.700 8.562 8.319 7.171 8.303 8.065 7.385 6.841 7.121 7.891 8.209 10.806 9.106 7.689 10.293 10.456 7.715 8.546 8.896 9.658 8.724 8.460 9.090 9.675 9.927 9.171 9.853 9.109 8.524 9.475 8.925 9.568
3.346 1.065 0.530 0.000 0.535 0.716 1.088 1.297 1.761 2.420 3.366 4.196 4.574 5.172 4.769 7.191 7.327 9.156 10.042 9.645 14.888 11.973 9.177 8.111 9.167 10.190 9.265 15.224 8.859 7.068 6.980 7.677 8.066 7.942 8.509 7.509 8.314 8.021 6.823 6.897 6.732 6.581 6.949 7.207 7.482 7.926 8.178 7.505 8.215 7.097 8.032 7.304 8.070 8.099 10.695 8.301 8.630 7.533 8.625 10.084 9.491 8.622 8.199 7.778 7.690 7.234 6.084 6.830 6.203 8.263 7.022 8.103 9.358 12.701 12.302 10.231 8.196 7.659 8.637 7.492 9.296 8.518 8.941 8.811 10.403 9.343 10.001 11.987 10.796 13.033 11.443 10.302 7.362
3.907 1.479 0.875 0.516 0.000 0.535 0.763 1.023 1.315 1.768 2.825 3.604 4.242 5.167 6.096 8.337 8.369 9.840 14.437 11.042 11.288 8.327 11.615 8.653 11.069 11.045 8.546 10.995 8.020 7.783 8.738 7.588 7.395 7.478 7.744 7.890 8.407 8.086 7.038 7.080 5.835 5.558 6.109 7.205 7.246 7.430 8.085 7.505 6.835 6.581 7.717 7.923 9.731 9.419 9.929 10.124 10.635 8.166 11.323 11.341 12.678 9.043 8.900 8.436 7.360 6.812 5.241 7.083 5.151 9.624 6.400 11.696 8.566 12.542 9.751 12.457 9.823 8.139 7.841 9.034 8.450 8.563 8.888 9.011 10.812 8.305 10.217 12.253 10.660 12.135 11.121 13.024 14.139
3.921 1.662 1.176 0.799 0.515 0.000 0.535 0.832 1.326 1.702 2.756 3.391 3.591 4.538 4.411 6.430 6.925 11.413 14.148 12.002 9.635 12.829 11.290 10.242 9.843 9.702 10.811 8.388 9.189 6.655 7.243 7.505 6.203 7.062 7.679 6.368 7.138 6.310 5.208 6.307 5.456 5.413 5.419 6.948 7.032 6.334 8.420 5.291 6.323 6.512 7.560 6.474 7.237 8.038 9.644 9.307 9.097 7.172 9.311 9.142 9.726 9.550 7.930 6.297 6.452 6.177 5.986 5.201 5.756 10.367 7.159 9.468 9.434 5.124 15.230 11.483 9.103 9.902 8.991 6.318 8.193 6.980 7.205 7.338 8.838 9.079 9.604 10.012 10.395 7.391 9.243 9.895 10.547
4.907 2.276 1.522 1.023 0.705 0.520 0.000 0.526 0.885 1.288 2.531 3.482 3.954 4.943 5.543 8.787 6.581 8.712 10.921 6.535 11.925 8.381 9.888 8.992 9.146 10.739 10.982 9.925 10.586 7.127 7.112 6.401 7.466 6.939 7.882 7.516 7.165 6.700 5.575 7.282 5.238 5.173 5.841 7.352 7.843 6.614 7.662 6.181 6.450 7.018 6.556 6.976 7.998 8.121 9.714 9.481 9.675 6.865 9.503 8.966 9.544 8.654 6.700 6.678 6.220 7.060 6.322 6.462 5.946 7.945 10.604 8.882 13.374 8.822 10.502 12.189 9.037 8.079 9.580 7.329 7.943 8.661 8.775 7.975 10.339 9.042 10.478 12.357 9.770 10.794 11.482 10.455 10.394
6.558 2.781 1.982 1.351 1.072 0.809 0.542 0.000 0.520 0.922 2.094 3.225 3.234 3.595 3.153 6.030 8.507 9.408 13.329 9.534 9.229 9.170 10.995 10.720 10.663 10.051 11.017 10.542 9.576 8.061 7.614 8.453 6.740 6.106 6.392 6.744 6.688 6.666 5.427 5.819 4.517 4.268 4.761 6.342 6.004 6.559 8.270 6.110 6.907 7.123 7.699 6.069 8.836 9.000 9.341 10.136 9.234 8.432 9.137 9.501 9.931 8.228 8.126 7.891 6.598 5.481 6.123 3.327 5.926 12.678 4.676 7.745 6.619 9.451 11.093 11.156 8.927 7.285 7.855 7.078 7.850 6.981 8.083 7.487 9.916 9.125 10.284 9.842 9.510 10.584 11.181 8.639 10.413
7.461 4.601 4.000 2.406 2.089 1.473 1.172 0.563 0.000 0.584 1.532 2.867 3.424 3.661 3.032 8.140 5.187 7.981 8.986 7.563 8.948 10.193 9.971 11.252 10.253 10.582 10.567 8.747 9.563 6.885 9.168 6.775 7.611 7.784 7.775 7.697 6.957 7.207 6.759 6.850 6.066 6.161 6.274 5.835 7.024 5.504 7.192 6.243 5.577 7.272 8.474 7.227 9.612 8.996 10.286 10.017 8.986 8.184 9.749 9.293 9.946 9.463 7.674 5.948 6.211 6.692 5.780 4.906 5.300 5.737 7.962 7.908 7.672 8.642 8.537 11.597 8.910 8.585 7.643 7.348 8.852 8.078 7.752 8.368 9.631 8.269 9.775 8.820 10.351 8.412 10.093 8.860 9.671
11.673 10.202 8.979 7.557 5.569 4.230 3.082 2.194 0.700 0.000 1.178 3.056 3.990 3.732 3.977 5.181 7.601 10.069 10.924 12.044 12.711 13.144 12.477 14.197 14.101 13.507 12.443 12.203 11.338 11.387 10.790 9.338 9.641 9.764 11.029 10.610 11.186 10.582 9.775 9.672 8.189 8.784 9.365 9.102 9.599 8.819 8.824 8.058 8.910 9.006 9.667 9.218 11.137 11.369 12.895 12.347 11.638 11.239 11.333 11.859 12.179 11.504 8.308 8.038 5.916 7.470 5.953 4.858 4.978 8.685 8.019 8.970 10.772 10.327 9.183 11.913 10.126 11.598 9.021 9.323 10.962 10.170 11.668 11.035 11.639 11.817 10.949 11.613 11.672 11.524 11.143 11.773 11.815
12.914 12.323 11.059 9.031 9.457 6.037 6.994 4.301 3.812 1.040 0.000 1.767 3.893 5.857 6.057 8.464 8.847 11.866 11.368 12.303 11.390 13.242 12.881 14.250 14.944 15.422 12.932 10.730 12.905 10.332 11.559 10.350 13.260 13.551 15.038 17.267 18.082 17.351 15.236 14.589 13.604 15.510 15.538 13.749 14.037 12.454 10.835 9.516 8.208 11.230 12.299 12.470 14.912 16.429 17.258 15.126 12.873 11.699 13.853 15.699 13.460 13.037 10.724 7.352 7.915 8.926 7.506 5.323 6.817 6.996 10.592 12.020 10.762 13.195 15.542 15.636 15.992 13.687 14.871 15.686 16.368 17.566 16.200 17.203 17.027 14.356 14.380 15.776 14.177 11.404 13.507 14.485 13.381
20.860 20.002 19.556 17.297 16.464 13.396 11.516 8.749 6.703 3.848 1.938 0.000 1.671 4.744 6.393 9.546 10.489 12.855 13.924 16.737 17.241 18.461 18.239 19.606 19.996 19.197 17.000 15.766 16.277 13.452 12.541 10.677 11.942 12.333 13.439 15.279 15.966 14.647 13.540 11.801 10.282 13.217 14.457 11.956 13.318 10.620 10.413 8.773 8.927 9.935 12.465 13.856 15.590 17.413 18.620 17.873 17.284 15.293 16.466 17.624 16.328 14.956 12.123 10.765 8.902 8.722 6.832 7.000 6.821 9.136 10.767 12.950 14.051 16.382 16.668 15.959 14.792 12.858 12.935 14.179 14.427 15.239 14.127 16.195 15.683 13.874 14.299 16.101 15.221 14.206 15.960 17.422 17.329
13.534 13.021 14.178 14.066 13.050 11.115 9.583 6.793 4.324 2.877 2.513 1.298 0.000 0.807 1.879 2.758 3.899 5.340 6.294 7.827 8.500 9.799 10.189 11.114 11.993 11.745 10.319 8.980 9.490 8.269 8.532 7.534 7.925 7.940 8.635 9.586 9.871 9.477 8.633 7.599 7.399 7.767 8.496 7.110 7.672 6.428 6.738 6.025 6.370 7.153 8.487 8.499 9.730 10.887 11.553 10.608 9.584 8.685 9.718 9.965 8.573 8.587 6.647 6.081 5.418 6.136 5.140 4.405 4.578 5.212 5.087 6.570 7.205 7.985 8.431 8.470 7.904 7.446 7.110 8.613 8.889 9.872 9.559 10.262 9.844 8.790 9.526 9.755 9.145 8.624 9.830 10.264 9.743
12.985 12.264 14.253 12.739 14.781 10.130 10.098 7.248 4.411 3.270 2.586 2.258 0.697 0.000 0.741 1.400 2.214 3.014 4.146 5.394 6.703 7.575 8.493 9.032 9.744 9.757 8.579 7.595 7.674 6.706 7.043 6.110 6.479 5.978 6.489 6.936 8.026 7.558 6.200 5.937 5.159 5.364 6.034 4.940 5.615 4.817 5.252 4.994 5.347 5.866 6.823 6.650 7.823 8.375 8.826 8.314 7.714 6.477 7.299 7.478 6.110 6.011 4.702 4.567 4.429 4.945 4.169 3.414 3.564 4.375 4.222 5.003 5.653 6.431 6.366 6.855 5.775 5.945 5.235 6.222 7.161 7.982 7.858 8.665 8.585 7.137 8.202 8.410 8.054 7.721 8.742 9.281 8.747
9.471 9.136 9.562 10.846 8.058 7.895 6.107 7.211 4.606 2.523 2.387 2.357 1.616 0.619 0.000 0.613 1.001 1.375 1.933 2.380 2.960 3.673 3.998 4.757 5.339 5.175 4.231 3.720 3.904 3.637 3.667 3.524 3.758 3.717 3.923 4.340 4.947 4.885 4.279 4.043 3.705 4.133 4.355 3.551 3.624 2.981 2.938 2.701 2.784 3.408 3.772 3.755 4.331 4.654 4.896 4.420 3.999 3.573 3.949 4.246 3.447 3.351 2.620 2.390 2.527 2.802 2.470 2.103 1.945 1.991 1.968 2.217 2.350 2.522 2.720 2.836 2.714 2.903 3.045 3.731 3.843 4.475 4.366 4.670 4.246 3.631 4.092 4.009 3.538 3.572 4.176 4.268 4.150
7.862 7.170 8.539 7.038 7.830 6.879 7.337 6.683 4.179 2.646 2.523 2.389 1.772 1.046 0.540 0.000 0.555 0.836 1.094 1.365 1.645 1.983 2.255 2.788 3.098 2.996 2.437 2.160 2.326 2.023 2.167 1.897 2.158 2.067 2.185 2.413 2.716 2.676 2.424 2.441 2.456 2.739 2.597 2.116 2.053 1.696 1.626 1.637 1.749 2.034 2.275 2.216 2.543 2.678 2.728 2.481 2.182 1.947 2.270 2.315 1.948 1.994 1.598 1.573 1.756 1.855 1.694 1.468 1.247 1.302 1.254 1.451 1.621 1.859 1.936 1.939 1.725 1.762 1.776 2.229 2.367 2.522 2.541 2.779 2.609 2.216 2.475 2.632 2.415 2.289 2.551 2.994 3.078
9.431 7.467 7.781 8.484 9.642 10.086 9.682 9.392 2.409 2.416 2.568 2.628 2.056 1.292 0.886 0.516 0.000 0.518 0.795 1.039 1.373 1.675 2.005 2.521 2.877 2.954 2.346 1.941 2.207 2.110 2.339 2.179 2.560 2.509 2.710 2.956 3.290 3.230 2.935 2.838 2.714 3.014 2.932 2.370 2.507 2.004 1.865 1.840 1.880 2.290 2.460 2.333 2.686 2.946 2.891 2.469 2.072 1.954 2.276 2.308 1.881 2.176 1.653 1.521 1.874 2.082 1.879 1.461 1.325 1.285 1.297 1.445 1.481 1.586 1.900 1.969 1.904 1.945 2.103 2.545 2.764 3.057 2.966 3.145 2.762 2.431 2.703 2.652 2.367 2.172 2.497 2.799 3.137
9.616 7.223 10.020 10.624 12.494 13.389 10.341 6.058 3.769 3.004 3.316 3.165 2.555 1.774 1.277 0.828 0.520 0.000 0.530 0.772 1.025 1.426 1.700 2.260 2.539 2.642 2.029 1.630 1.843 1.747 2.018 1.844 2.179 2.218 2.149 2.399 2.682 2.774 2.620 2.586 2.705 2.990 2.720 2.344 2.157 1.828 1.672 1.708 1.694 2.075 2.220 1.920 2.280 2.406 2.377 1.994 1.644 1.503 1.858 1.837 1.550 1.691 1.351 1.386 1.701 1.998 1.941 1.543 1.431 1.221 1.229 1.231 1.259 1.370 1.593 1.634 1.548 1.596 1.816 2.164 2.160 2.461 2.485 2.595 2.307 1.987 2.247 2.240 2.021 1.894 2.209 2.529 2.737
9.868 5.850 9.929 9.524 9.252 8.050 5.900 5.653 3.101 2.820 3.026 3.065 2.563 1.857 1.331 0.953 0.719 0.516 0.000 0.527 0.729 1.053 1.320 1.808 2.245 2.270 1.722 1.395 1.596 1.599 1.780 1.758 2.116 2.198 2.329 2.611 2.835 2.864 2.652 2.580 2.677 2.861 2.743 2.280 2.263 1.857 1.688 1.668 1.637 1.935 1.922 1.758 1.982 2.147 2.081 1.743 1.433 1.284 1.649 1.644 1.363 1.548 1.287 1.191 1.533 1.835 1.810 1.437 1.437 1.258 1.168 1.228 1.223 1.412 1.667 1.593 1.613 1.658 1.927 2.164 2.378 2.681 2.508 2.653 2.402 2.099 2.211 2.189 1.931 1.797 2.140 2.459 2.650
9.662 7.717 11.901 20.217 13.326 10.780 4.729 5.434 4.059 3.212 3.255 3.236 2.825 2.123 1.646 1.289 1.008 0.779 0.513 0.000 0.528 0.785 1.126 1.631 2.066 2.103 1.511 1.271 1.425 1.526 1.812 1.814 2.143 2.297 2.349 2.573 2.798 2.764 2.696 2.670 2.846 3.129 2.991 2.583 2.359 2.048 1.813 1.881 1.706 1.996 1.991 1.678 1.860 1.998 1.883 1.547 1.204 1.215 1.465 1.451 1.279 1.402 1.335 1.288 1.694 1.910 2.019 1.650 1.671 1.431 1.584 1.430 1.441 1.439 1.614 1.632 1.693 1.779 2.101 2.328 2.291 2.631 2.554 2.580 2.348 2.193 2.203 2.212 2.021 1.786 1.995 2.465 2.459
9.116 5.528 10.544 16.132 9.883 8.765 6.926 6.928 4.896 3.662 3.624 3.488 3.055 2.304 1.838 1.510 1.275 0.967 0.741 0.509 0.000 0.527 0.861 1.401 1.822 1.822 1.341 1.024 1.283 1.345 1.609 1.705 2.074 2.249 2.355 2.678 2.874 2.807 2.698 2.624 2.739 2.987 2.895 2.521 2.406 2.032 1.797 1.814 1.581 1.812 1.748 1.523 1.693 1.829 1.789 1.441 1.041 1.068 1.395 1.458 1.235 1.469 1.449 1.339 1.665 1.835 1.929 1.644 1.718 1.410 1.676 1.474 1.239 1.438 1.627 1.698 1.863 1.845 2.254 2.469 2.435 2.663 2.441 2.556 2.336 2.121 2.034 2.117 1.885 1.698 1.872 2.227 2.451
9.652 13.452 13.546 13.271 10.986 8.959 6.605 7.253 5.730 4.619 4.250 4.139 3.755 3.136 2.552 2.183 1.852 1.590 1.171 0.889 0.531 0.000 0.558 1.054 1.622 1.834 1.328 1.238 1.525 1.830 2.188 2.447 2.976 3.256 3.493 3.908 4.176 4.045 3.941 3.799 4.013 4.333 4.187 3.869 3.605 3.116 2.897 2.705 2.267 2.626 2.481 1.961 2.115 2.284 2.139 1.629 1.193 1.362 1.722 1.733 1.538 1.851 1.836 1.804 2.209 2.571 2.722 2.330 2.524 2.131 2.435 2.281 1.950 2.156 2.376 2.564 2.877 2.827 3.192 3.543 3.600 3.810 3.568 3.533 3.425 2.881 2.811 2.971 2.686 2.194 2.242 2.708 2.773
6.582 10.637 12.773 13.420 11.571 9.236 8.950 7.501 7.245 6.549 6.130 6.148 5.788 5.092 4.277 3.729 3.078 2.479 1.956 1.454 0.959 0.557 0.000 0.649 1.291 1.640 1.335 1.360 2.019 2.399 2.821 3.575 3.950 4.309 4.595 5.398 5.576 5.085 5.304 5.025 5.328 5.930 6.101 5.493 5.222 4.605 4.195 4.118 3.528 3.730 3.536 2.887 2.915 3.201 2.860 2.116 1.746 2.121 2.548 2.388 2.231 2.796 2.727 3.014 3.648 3.896 4.264 4.018 4.096 3.594 3.950 3.294 2.821 2.747 3.170 3.610 4.076 3.825 4.665 5.123 4.655 4.910 4.249 4.040 4.169 3.933 3.450 3.476 3.813 2.573 2.580 3.131 3.828
7.361 7.514 9.726 11.384 8.215 9.340 10.428 9.309 8.645 8.231 8.224 8.738 8.655 7.523 7.348 5.568 5.246 3.705 3.172 2.402 1.884 1.432 0.820 0.000 0.791 1.473 1.682 2.049 3.073 3.801 4.579 5.213 6.189 6.774 6.699 7.490 7.711 7.644 7.757 7.448 8.112 8.649 8.654 7.951 7.213 6.476 5.851 6.026 5.336 5.756 6.005 4.592 4.553 5.190 4.534 3.285 2.548 3.379 4.179 4.269 3.933 5.026 4.748 4.586 5.707 6.101 7.130 5.714 5.925 5.180 4.937 4.319 3.872 3.608 4.687 4.919 5.484 5.303 6.160 6.951 6.741 6.819 6.394 5.947 5.854 5.197 5.106 4.864 4.528 3.548 3.666 4.167 4.344
7.860 8.030 10.088 11.804 14.180 11.817 12.784 10.931 9.960 9.533 9.806 10.005 10.018 9.150 8.456 7.753 7.104 6.068 5.030 4.095 2.887 2.322 1.492 0.659 0.000 0.822 1.702 2.511 2.994 3.726 4.608 5.256 6.088 7.066 7.571 8.189 8.445 8.205 8.213 7.987 8.750 9.548 9.511 8.970 8.242 7.549 6.556 6.483 5.850 6.008 5.708 4.800 4.321 4.752 4.248 3.469 2.828 3.709 4.551 4.343 4.315 5.523 5.717 5.382 6.595 6.630 7.507 6.801 6.936 6.135 6.864 6.381 5.487 5.605 6.544 6.549 7.266 6.597 7.644 8.044 7.564 7.411 6.731 6.333 6.433 5.952 5.226 5.565 5.418 4.397 4.172 4.958 5.049
9.773 9.945 11.450 13.350 13.912 11.335 11.812 9.422 9.205 8.464 8.108 8.291 8.611 7.818 7.633 7.034 6.684 6.289 5.110 4.957 3.564 3.106 2.193 1.475 0.698 0.000 0.865 1.728 2.451 2.727 3.150 3.503 4.321 4.967 5.124 6.040 6.021 5.796 5.742 5.676 6.322 6.614 6.776 6.238 5.733 5.100 4.507 4.380 4.071 4.534 4.296 3.737 3.532 4.107 4.050 3.058 3.023 3.444 4.092 4.377 4.250 5.047 5.372 4.510 5.314 4.994 5.592 4.981 5.137 4.465 5.581 5.428 4.597 5.216 6.377 5.733 6.203 5.182 5.743 6.108 5.641 5.503 4.922 5.004 5.110 4.404 3.811 4.418 4.474 3.306 3.619 4.767 4.800
8.965 7.058 10.033 10.763 8.847 9.939 10.114 7.943 6.195 5.577 5.678 5.525 5.331 4.603 3.651 3.348 2.738 2.657 2.214 2.220 1.572 1.784 1.436 1.646 1.437 0.871 0.000 0.606 1.351 1.755 2.416 3.075 4.053 4.430 4.683 5.296 5.492 5.109 5.049 4.916 4.994 5.850 5.962 5.151 5.120 4.395 3.735 3.645 2.868 3.379 2.934 2.253 2.257 2.569 2.536 1.778 1.453 1.582 2.219 2.244 2.207 2.516 2.496 2.328 2.912 3.349 3.759 3.355 3.559 2.924 3.519 3.377 2.889 3.097 3.805 3.962 4.197 4.047 4.456 5.038 4.873 4.782 4.579 4.459 4.434 3.733 3.282 3.839 3.548 2.533 2.558 3.548 3.407
9.066 8.623 7.215 10.145 7.431 10.334 6.955 5.611 5.431 4.448 4.155 3.983 3.825 3.050 2.584 2.359 2.194 2.003 1.677 1.582 1.281 1.368 1.210 1.568 1.574 1.232 0.541 0.000 0.527 0.692 1.103 1.420 1.815 2.153 2.285 2.693 2.828 2.718 2.779 2.659 2.788 3.313 3.300 2.794 2.585 2.197 1.844 1.751 1.296 1.477 1.226 0.939 1.064 1.267 1.347 1.023 0.942 0.859 1.041 1.428 1.551 1.606 1.655 1.356 1.557 1.536 1.846 1.773 1.820 1.623 1.987 1.886 1.616 1.869 2.198 2.033 2.169 2.005 2.400 2.709 2.413 2.461 2.298 2.298 2.181 1.838 1.673 1.821 1.807 1.371 1.599 2.023 2.374
8.464 7.129 7.445 9.201 7.078 8.436 6.670 7.037 5.127 4.561 3.713 3.558 3.521 2.842 2.520 2.358 2.282 2.126 1.893 1.831 1.459 1.496 1.287 1.746 1.804 1.580 0.801 0.528 0.000 0.523 0.789 1.250 1.563 1.990 2.289 2.517 2.610 2.537 2.456 2.214 2.401 2.674 2.808 2.485 2.384 2.086 1.751 1.474 1.062 1.049 0.840 0.687 0.857 1.141 1.316 0.980 0.996 0.889 1.078 1.338 1.465 1.492 1.609 1.261 1.302 1.175 1.433 1.582 1.660 1.649 2.021 1.982 1.817 1.965 2.341 2.222 2.345 2.228 2.582 2.802 2.523 2.510 2.529 2.400 2.297 2.095 1.776 2.101 2.066 1.523 1.675 2.122 2.425
8.842 6.392 9.376 13.252 6.708 8.642 5.781 6.080 4.295 3.044 2.947 2.977 2.645 2.035 1.691 1.579 1.458 1.485 1.282 1.279 1.200 1.263 1.241 1.641 1.786 1.553 0.988 0.654 0.506 0.000 0.497 0.614 0.782 0.976 1.129 1.400 1.421 1.367 1.354 1.284 1.514 1.710 1.653 1.448 1.328 1.128 0.947 0.861 0.658 0.663 0.618 0.621 0.720 0.999 1.094 0.826 0.863 0.745 0.847 1.045 1.114 1.203 1.197 0.961 1.097 0.938 1.075 1.043 1.048 0.989 1.201 1.254 1.176 1.486 1.734 1.558 1.450 1.249 1.542 1.611 1.482 1.517 1.395 1.474 1.462 1.223 1.220 1.347 1.258 1.129 1.314 1.747 1.980
8.596 6.191 9.571 7.749 8.026 7.219 6.874 5.542 4.794 3.412 3.102 3.279 2.992 2.299 1.962 1.845 1.774 1.787 1.631 1.648 1.528 1.610 1.587 1.939 2.100 1.844 1.276 1.006 0.672 0.498 0.000 0.497 0.609 0.823 0.973 1.162 1.287 1.228 1.199 1.146 1.449 1.696 1.494 1.269 1.114 1.007 0.819 0.731 0.623 0.625 0.689 0.679 0.820 1.070 1.191 0.992 1.096 0.938 1.015 1.255 1.330 1.364 1.397 1.158 1.159 1.005 1.100 1.095 1.040 1.070 1.338 1.525 1.492 1.811 2.026 1.746 1.638 1.339 1.445 1.410 1.367 1.288 1.235 1.397 1.403 1.212 1.216 1.453 1.473 1.315 1.500 2.026 2.330
8.329 5.947 9.050 10.086 9.013 9.885 6.102 6.602 3.798 3.356 2.964 2.950 2.515 1.952 1.668 1.540 1.529 1.496 1.422 1.448 1.374 1.522 1.533 1.889 1.984 1.763 1.297 1.024 0.831 0.624 0.508 0.000 0.498 0.613 0.850 1.053 1.123 1.056 1.002 0.986 1.253 1.500 1.350 1.090 1.026 0.887 0.698 0.638 0.607 0.627 0.753 0.787 0.956 1.200 1.322 1.114 1.163 0.976 1.119 1.324 1.321 1.384 1.308 1.056 1.084 0.947 0.983 0.949 0.897 0.902 1.124 1.246 1.240 1.522 1.738 1.450 1.372 1.179 1.370 1.383 1.265 1.177 1.037 1.206 1.210 1.055 1.040 1.273 1.338 1.151 1.322 1.762 2.042
7.664 6.632 8.155 8.688 9.499 8.193 6.105 5.614 4.832 3.330 3.082 3.204 2.939 2.350 1.960 1.880 1.804 1.792 1.628 1.749 1.618 1.773 1.735 2.108 2.171 1.961 1.491 1.190 1.028 0.836 0.647 0.499 0.000 0.499 0.696 0.879 1.026 0.908 0.899 0.872 1.190 1.431 1.246 1.054 0.888 0.834 0.669 0.665 0.669 0.709 0.844 0.946 1.128 1.393 1.548 1.340 1.401 1.183 1.331 1.553 1.557 1.618 1.521 1.225 1.239 1.053 1.055 1.059 1.059 1.075 1.288 1.432 1.472 1.773 1.943 1.682 1.544 1.273 1.407 1.352 1.203 1.199 1.071 1.379 1.402 1.235 1.242 1.599 1.523 1.494 1.662 2.128 2.285
7.694 6.131 8.334 10.865 9.612 9.657 7.397 7.322 6.262 4.723 3.870 3.532 3.398 2.687 2.463 2.401 2.367 2.431 2.355 2.555 2.554 2.720 2.546 2.823 2.914 2.598 2.089 1.848 1.705 1.360 1.034 0.830 0.531 0.000 0.520 0.672 0.905 1.011 1.000 1.058 1.410 1.604 1.378 1.199 0.911 0.987 0.817 0.913 1.043 0.974 1.119 1.402 1.604 1.828 2.187 2.025 2.267 1.927 1.989 2.329 2.435 2.334 2.257 1.895 1.772 1.379 1.332 1.523 1.242 1.260 1.517 1.707 1.826 2.106 2.297 1.839 1.605 1.305 1.339 1.140 1.053 1.085 0.964 1.292 1.333 1.278 1.450 1.671 1.734 1.846 2.083 2.423 2.887
8.022 7.221 9.356 11.218 10.972 9.391 6.549 6.889 4.763 3.646 3.400 3.385 3.120 2.532 2.345 2.255 2.379 2.375 2.297 2.444 2.389 2.707 2.528 2.957 3.006 2.741 2.209 1.922 1.820 1.496 1.261 1.023 0.697 0.543 0.000 0.506 0.702 0.810 0.917 1.021 1.320 1.557 1.335 1.099 0.867 0.917 0.874 0.954 1.149 1.135 1.396 1.587 1.889 2.126 2.381 2.213 2.254 1.921 2.098 2.427 2.382 2.287 2.190 1.782 1.781 1.485 1.393 1.438 1.265 1.234 1.535 1.747 1.851 2.197 2.267 1.873 1.709 1.325 1.365 1.139 1.077 0.915 0.888 1.238 1.319 1.242 1.391 1.676 1.772 1.814 1.986 2.339 2.707
7.134 5.915 7.975 8.870 8.461 6.384 7.047 5.650 4.472 3.807 3.689 3.846 3.423 2.675 2.412 2.263 2.255 2.169 2.126 2.261 2.165 2.453 2.406 2.726 2.952 2.713 2.148 1.862 1.862 1.577 1.484 1.132 1.010 0.723 0.503 0.000 0.532 0.825 0.945 1.136 1.403 1.490 1.248 1.109 0.885 0.938 0.919 1.119 1.323 1.469 1.684 1.866 2.093 2.428 2.513 2.309 2.143 1.968 2.247 2.400 2.293 2.345 2.195 1.887 1.974 1.772 1.632 1.522 1.335 1.183 1.371 1.486 1.470 1.796 1.916 1.642 1.452 1.095 1.248 1.006 0.864 0.776 0.960 1.176 1.218 1.112 1.334 1.515 1.582 1.553 1.855 2.240 2.532
8.204 7.267 9.268 9.044 9.605 7.320 7.606 6.430 5.087 4.572 4.252 4.505 4.235 3.334 3.205 3.068 3.303 3.332 3.535 3.905 3.740 4.215 3.976 4.386 4.778 4.235 3.666 3.166 3.139 2.752 2.415 1.978 1.573 1.160 0.730 0.554 0.000 0.601 1.091 1.442 1.800 1.853 1.540 1.492 1.082 1.303 1.459 1.877 2.210 2.307 2.892 3.341 3.590 3.866 4.257 4.012 3.749 3.464 3.885 4.244 3.857 3.991 3.806 3.269 3.431 3.016 2.664 2.454 2.070 1.931 1.924 2.110 2.257 2.730 2.699 2.310 1.855 1.552 1.418 1.252 1.120 0.998 1.318 1.815 1.866 1.720 2.250 2.440 2.508 2.447 2.980 3.370 3.794
9.227 7.553 10.165 10.660 12.354 8.872 8.235 6.787 5.462 4.702 4.212 4.217 4.103 3.529 3.544 3.714 3.925 4.035 4.299 4.415 4.445 4.608 4.611 4.864 5.223 4.713 4.146 3.536 3.416 2.849 2.248 1.874 1.268 0.986 0.945 0.852 0.577 0.000 0.549 0.844 1.228 1.585 1.436 1.386 1.233 1.390 1.699 1.492 1.981 1.821 2.382 2.878 3.322 3.591 4.126 4.051 3.943 3.544 3.683 4.056 4.017 3.727 3.628 3.087 2.807 2.275 2.038 2.205 2.240 2.423 2.659 3.098 3.358 3.653 3.690 3.331 2.812 2.393 2.225 1.899 1.636 1.406 1.417 1.959 2.017 2.274 2.519 2.814 2.903 3.035 3.606 4.014 4.286
9.168 7.732 10.493 10.504 10.317 8.110 7.401 6.048 5.466 4.298 4.113 4.018 3.954 3.396 3.271 3.567 3.761 4.058 4.060 4.255 4.094 4.355 4.294 4.469 4.455 4.095 3.639 3.247 3.220 2.527 2.316 1.703 1.346 0.980 1.024 1.034 0.829 0.519 0.000 0.546 1.030 1.360 1.301 1.271 1.133 1.413 1.579 1.573 1.961 1.905 2.387 2.700 3.093 3.432 3.920 3.841 3.767 3.346 3.546 3.956 3.827 3.816 3.522 3.010 2.597 2.302 1.970 2.129 2.078 2.440 2.483 3.060 3.083 3.533 3.553 3.248 2.931 2.263 2.300 1.937 1.764 1.533 1.680 1.951 2.124 2.034 2.411 2.660 2.795 2.873 3.253 3.682 4.226
9.250 7.739 10.582 9.910 11.047 9.772 9.078 6.844 5.209 4.986 4.217 4.190 4.047 3.497 3.425 3.576 3.800 4.052 4.011 4.361 3.903 4.679 4.229 4.576 4.756 4.288 3.622 3.367 3.106 2.572 2.175 1.786 1.416 1.020 1.154 1.185 1.258 0.980 0.561 0.000 0.682 1.179 1.207 1.063 1.021 1.283 1.431 1.529 1.860 1.734 2.358 2.740 3.279 3.439 3.857 3.634 3.625 3.357 3.520 3.921 3.875 3.601 3.434 2.978 2.778 2.328 1.997 2.118 2.213 2.186 2.450 3.034 3.184 3.635 4.209 3.326 2.889 2.413 2.215 1.968 2.018 1.729 1.797 2.419 2.407 2.329 2.777 3.123 2.998 3.060 3.593 3.987 4.144
8.997 8.352 10.899 11.534 10.535 10.397 9.168 7.265 5.857 5.164 4.835 4.521 4.476 3.816 4.001 4.122 4.302 4.435 4.535 4.696 4.476 4.812 4.348 4.701 4.503 4.085 3.438 3.524 3.308 2.862 2.224 1.769 1.457 1.268 1.557 1.851 1.931 1.529 1.086 0.586 0.000 0.560 1.004 1.247 1.487 1.596 1.709 1.646 2.295 2.207 2.572 3.059 3.352 3.905 4.298 3.884 3.956 3.738 4.060 4.565 4.466 4.383 4.152 3.564 3.400 2.888 2.515 2.778 2.374 2.721 2.895 3.516 3.714 4.108 4.339 3.800 3.346 2.752 2.692 2.438 2.422 2.468 2.022 2.522 2.769 2.441 2.611 3.076 3.323 3.103 3.375 4.030 4.280
10.769 9.757 11.994 12.127 12.395 10.014 9.284 7.588 6.005 5.348 5.273 5.362 5.338 4.627 4.667 4.685 5.222 5.815 5.786 6.023 6.197 6.451 6.464 6.647 6.531 6.341 5.756 5.314 5.008 4.213 3.640 2.999 2.489 2.328 2.551 2.128 2.770 2.285 1.400 1.366 0.699 0.000 0.646 1.194 1.811 2.401 2.643 2.562 2.788 2.876 3.240 3.834 4.347 4.660 5.588 5.574 5.312 5.253 5.041 5.724 5.658 5.457 5.215 4.347 3.950 3.181 2.963 3.087 3.081 3.437 3.820 4.398 5.062 5.163 5.417 5.072 4.481 3.537 3.517 3.209 3.074 3.659 3.817 4.276 4.179 4.010 4.662 5.166 5.006 5.217 5.732 6.074 6.242
8.825 7.435 9.315 8.775 11.012 6.854 8.560 5.691 5.053 4.432 4.375 4.414 4.337 3.372 3.495 3.231 3.591 3.435 3.941 4.234 4.527 5.013 4.898 5.456 5.551 5.129 4.545 4.247 4.203 3.639 3.166 2.564 2.124 1.513 1.440 1.394 1.676 1.606 1.269 1.352 0.982 0.569 0.000 0.574 0.827 1.053 1.627 2.052 2.670 2.786 3.555 3.999 4.546 5.165 5.373 5.092 4.799 4.380 4.923 5.190 4.916 4.929 4.516 3.757 3.809 3.373 2.756 2.680 2.082 2.181 1.958 2.249 2.757 3.089 2.934 2.495 2.093 1.930 1.552 1.567 1.846 2.106 2.351 2.778 2.600 2.386 3.099 3.304 2.969 3.294 3.958 4.119 4.354
7.868 7.333 9.655 10.994 10.427 8.442 7.111 6.290 5.567 3.943 4.221 3.503 3.169 2.446 2.375 2.373 2.393 2.480 2.522 2.722 2.739 2.924 2.922 3.229 3.343 3.140 2.540 2.341 2.368 1.989 1.792 1.393 1.225 0.910 0.905 1.010 1.275 1.191 0.899 1.070 1.036 0.763 0.539 0.000 0.502 0.644 0.915 1.206 1.481 1.592 2.096 2.287 2.643 2.981 3.198 2.922 2.757 2.509 2.815 3.015 2.879 2.879 2.551 2.280 2.174 1.962 1.623 1.614 1.288 1.285 1.466 1.724 1.771 2.127 2.172 1.843 1.628 1.273 1.269 1.240 1.260 1.345 1.441 1.562 1.522 1.336 1.676 1.702 1.772 1.867 2.076 2.487 2.859
7.271 6.936 8.915 8.980 7.983 6.952 6.613 5.662 4.666 3.699 3.411 3.390 3.191 2.454 2.254 2.100 2.138 2.123 2.084 2.158 2.191 2.389 2.372 2.823 3.004 2.826 2.243 1.955 2.092 1.795 1.676 1.286 1.201 0.869 0.833 0.891 1.152 1.172 0.968 1.161 1.160 1.040 0.737 0.494 0.000 0.525 0.680 0.979 1.351 1.552 1.957 2.107 2.442 2.749 2.829 2.472 2.246 2.146 2.535 2.642 2.416 2.661 2.309 1.998 2.073 1.908 1.588 1.527 1.092 1.057 1.223 1.378 1.448 1.715 1.900 1.591 1.446 1.133 1.164 1.085 1.125 1.239 1.303 1.543 1.388 1.222 1.511 1.667 1.579 1.613 1.867 2.233 2.519
7.526 7.587 8.795 10.334 8.865 7.494 5.790 5.653 5.497 3.137 3.527 3.069 2.807 2.199 1.934 1.818 1.828 1.701 1.707 1.801 1.695 1.908 1.887 2.200 2.288 2.151 1.680 1.356 1.342 1.118 0.994 0.762 0.760 0.656 0.720 0.892 1.108 1.071 0.922 1.072 1.149 1.151 0.900 0.599 0.501 0.000 0.495 0.632 0.829 1.004 1.221 1.376 1.520 1.842 1.959 1.711 1.683 1.473 1.776 1.936 1.914 1.987 1.786 1.467 1.493 1.330 1.181 1.099 0.850 0.767 1.019 1.210 1.263 1.552 1.740 1.479 1.304 1.018 1.113 1.077 1.029 1.197 1.175 1.403 1.319 1.076 1.265 1.400 1.402 1.299 1.513 1.930 2.151
9.412 5.951 7.168 8.894 6.602 8.079 4.570 5.117 3.981 2.751 2.762 2.686 2.330 1.732 1.356 1.216 1.212 1.193 1.189 1.262 1.294 1.481 1.502 1.959 2.123 1.915 1.456 1.097 1.074 0.848 0.771 0.611 0.602 0.594 0.636 0.816 0.968 0.918 0.865 0.945 1.098 1.308 1.147 0.797 0.617 0.497 0.000 0.498 0.558 0.728 0.858 0.931 1.172 1.325 1.528 1.318 1.254 1.080 1.211 1.388 1.324 1.317 1.210 0.962 0.980 0.877 0.847 0.700 0.593 0.616 0.737 0.871 0.946 1.180 1.313 1.105 0.970 0.796 0.939 0.957 0.966 0.932 0.951 1.106 1.061 0.843 1.041 1.204 1.199 1.135 1.355 1.738 1.962
7.876 6.943 9.583 8.781 7.886 11.243 6.011 6.858 5.110 3.179 3.239 2.717 2.322 1.670 1.338 1.299 1.247 1.224 1.277 1.333 1.372 1.500 1.562 1.946 2.042 1.897 1.388 1.067 0.944 0.727 0.650 0.567 0.589 0.616 0.686 0.868 1.033 1.022 0.943 0.949 1.209 1.385 1.193 0.933 0.749 0.572 0.492 0.000 0.491 0.558 0.685 0.767 0.963 1.136 1.311 1.164 1.164 0.974 1.039 1.255 1.214 1.160 1.072 0.874 0.861 0.717 0.693 0.640 0.603 0.662 0.849 0.957 1.041 1.294 1.423 1.193 1.067 0.921 1.053 1.027 1.007 1.060 1.105 1.251 1.151 0.983 1.149 1.241 1.275 1.303 1.437 1.843 2.065
9.640 6.670 8.078 9.569 7.196 8.457 6.774 6.540 4.092 3.109 2.643 2.620 2.321 1.655 1.338 1.232 1.199 1.237 1.185 1.317 1.307 1.416 1.472 1.863 1.998 1.762 1.301 0.966 0.843 0.638 0.574 0.560 0.604 0.743 0.891 1.086 1.228 1.213 1.131 1.050 1.240 1.532 1.385 1.088 0.979 0.750 0.567 0.491 0.000 0.494 0.543 0.662 0.883 1.085 1.279 1.095 1.110 0.926 1.047 1.234 1.217 1.171 1.044 0.850 0.726 0.611 0.637 0.607 0.597 0.663 0.836 0.964 1.009 1.272 1.433 1.235 1.094 0.979 1.124 1.181 1.165 1.198 1.268 1.306 1.217 1.071 1.117 1.248 1.231 1.106 1.338 1.748 2.035
8.018 5.947 8.308 7.001 7.679 5.968 5.586 4.921 3.872 3.175 3.097 3.101 2.707 2.102 1.692 1.537 1.537 1.571 1.591 1.656 1.705 1.926 1.843 2.270 2.442 2.159 1.615 1.274 1.116 0.769 0.611 0.643 0.788 1.033 1.255 1.507 1.699 1.612 1.513 1.292 1.556 1.943 1.845 1.497 1.324 1.035 0.794 0.608 0.497 0.000 0.509 0.787 1.070 1.308 1.623 1.478 1.514 1.265 1.420 1.752 1.641 1.627 1.413 1.074 1.015 0.718 0.809 0.823 0.836 0.854 1.085 1.126 1.232 1.458 1.693 1.446 1.324 1.173 1.281 1.453 1.402 1.498 1.406 1.555 1.425 1.238 1.345 1.520 1.382 1.344 1.600 1.990 2.128
8.131 5.965 8.579 8.283 7.652 6.945 6.522 5.719 4.953 3.774 3.190 3.360 3.133 2.525 2.199 2.145 2.069 2.079 1.860 1.859 1.668 1.738 1.777 2.095 2.251 1.973 1.406 1.122 0.822 0.675 0.678 0.802 0.876 1.146 1.446 1.657 1.748 1.597 1.425 1.281 1.521 1.781 1.689 1.514 1.490 1.339 1.118 0.857 0.651 0.510 0.000 0.498 0.693 0.914 1.164 0.963 1.080 0.924 0.895 1.131 1.268 1.274 1.365 1.108 1.059 0.796 1.026 1.117 1.240 1.337 1.728 1.895 1.774 2.091 2.508 2.224 2.151 1.772 1.894 1.956 1.884 1.801 1.630 1.889 1.955 1.655 1.626 1.999 1.987 1.673 1.986 2.477 2.760
8.293 5.761 7.419 6.856 7.325 7.738 6.032 5.643 4.283 2.894 3.011 3.089 2.894 2.173 1.830 1.690 1.549 1.518 1.340 1.399 1.241 1.420 1.395 1.805 1.942 1.711 1.213 0.887 0.676 0.584 0.719 0.887 1.100 1.333 1.534 1.798 1.864 1.779 1.640 1.529 1.705 2.026 1.964 1.693 1.633 1.400 1.147 0.971 0.736 0.690 0.499 0.000 0.504 0.659 0.901 0.779 0.858 0.723 0.699 0.953 1.009 1.010 1.038 0.880 0.927 0.787 1.005 0.994 1.128 1.152 1.416 1.503 1.378 1.628 1.922 1.825 1.735 1.556 1.735 1.951 1.767 1.889 1.655 1.783 1.812 1.536 1.504 1.745 1.664 1.421 1.596 2.150 2.341
8.246 6.895 9.389 9.427 8.404 7.275 5.978 5.998 4.555 3.523 3.262 3.276 3.072 2.430 2.164 2.061 1.938 1.874 1.676 1.687 1.481 1.656 1.581 1.971 2.077 1.878 1.315 0.950 0.715 0.694 0.935 1.134 1.437 1.643 1.882 2.148 2.231 2.175 1.990 1.916 2.098 2.418 2.371 2.027 1.942 1.659 1.423 1.204 0.935 0.985 0.734 0.509 0.000 0.504 0.648 0.706 0.877 0.798 0.769 0.993 1.155 1.235 1.266 1.067 1.131 1.068 1.310 1.258 1.338 1.419 1.637 1.760 1.713 1.909 2.273 2.139 2.017 1.846 1.993 2.152 2.110 2.176 1.956 2.144 2.110 1.804 1.793 2.059 1.947 1.706 1.838 2.345 2.578
8.137 6.264 9.593 8.813 10.077 7.357 8.316 5.900 4.789 3.902 4.040 4.002 3.912 3.302 3.043 2.977 2.695 2.653 2.256 2.279 1.899 2.030 1.970 2.316 2.419 2.128 1.671 1.332 0.966 0.973 1.194 1.557 1.814 2.167 2.508 2.839 2.856 2.710 2.578 2.431 2.580 2.972 3.117 2.727 2.665 2.347 2.034 1.838 1.372 1.335 1.019 0.777 0.501 0.000 0.580 0.725 1.036 1.032 0.842 1.139 1.418 1.466 1.728 1.472 1.633 1.512 1.896 1.830 2.072 2.014 2.477 2.597 2.294 2.661 3.134 2.929 2.916 2.589 2.818 3.035 2.853 2.839 2.511 2.681 2.754 2.391 2.288 2.615 2.594 2.196 2.472 2.930 3.049
7.754 6.347 7.960 9.349 8.514 9.065 8.110 6.228 5.871 4.591 4.497 4.554 4.551 4.083 3.621 3.578 3.077 2.902 2.497 2.322 1.868 1.814 1.832 2.087 2.252 2.060 1.620 1.387 1.115 1.436 1.739 2.187 2.603 3.030 3.477 3.830 3.889 3.732 3.543 3.234 3.412 3.937 4.133 3.755 3.641 3.211 2.833 2.520 2.000 1.876 1.538 1.138 0.757 0.555 0.000 0.587 0.855 1.127 0.945 1.147 1.483 1.690 1.921 1.822 1.936 1.853 2.353 2.415 2.728 2.694 3.128 3.034 2.733 2.722 3.412 3.325 3.555 3.393 3.628 3.880 3.738 3.751 3.310 3.392 3.394 3.065 2.799 2.940 2.925 2.439 2.624 2.997 3.226
9.355 7.549 8.585 8.252 7.956 6.267 6.981 6.815 4.717 4.310 4.142 4.040 3.788 3.138 2.530 2.393 2.008 1.808 1.560 1.474 1.124 1.302 1.437 1.840 2.080 1.923 1.384 0.970 0.893 1.037 1.388 1.732 2.056 2.399 2.620 2.810 2.948 2.916 2.760 2.645 2.805 3.243 3.264 2.878 2.719 2.443 2.075 1.886 1.560 1.584 1.355 1.006 0.869 0.674 0.557 0.000 0.502 0.621 0.716 0.793 0.844 1.215 1.371 1.302 1.532 1.671 1.988 1.802 1.996 1.834 2.120 1.989 1.767 1.842 2.202 2.220 2.376 2.385 2.658 2.855 2.739 2.780 2.607 2.642 2.540 2.311 2.117 2.306 2.200 1.826 1.967 2.404 2.637
7.031 6.163 7.122 7.008 7.114 6.516 5.648 5.335 4.147 3.432 3.373 3.241 2.947 2.372 1.839 1.677 1.486 1.453 1.187 1.222 0.970 1.181 1.246 1.682 1.821 1.652 1.202 0.820 0.740 0.857 1.162 1.363 1.616 1.904 2.039 2.305 2.399 2.322 2.313 2.133 2.323 2.657 2.615 2.318 2.182 1.883 1.627 1.448 1.263 1.285 1.146 0.883 0.854 0.855 0.738 0.497 0.000 0.490 0.555 0.619 0.614 0.764 0.874 0.887 1.129 1.276 1.475 1.371 1.491 1.451 1.618 1.589 1.504 1.676 1.983 1.904 1.956 1.846 2.076 2.317 2.132 2.289 2.053 2.105 2.097 1.769 1.693 1.905 1.790 1.526 1.657 2.004 2.235
8.495 6.152 8.050 8.229 6.736 6.568 5.711 5.156 4.293 3.233 3.183 3.221 2.897 2.231 1.780 1.684 1.520 1.524 1.224 1.293 1.016 1.271 1.240 1.645 1.856 1.718 1.084 0.772 0.707 0.767 1.001 1.133 1.413 1.639 1.827 2.045 2.117 2.100 2.005 1.958 2.099 2.391 2.324 2.000 1.901 1.641 1.407 1.307 1.014 1.128 0.933 0.700 0.782 0.807 0.789 0.561 0.489 0.000 0.491 0.557 0.623 0.650 0.833 0.822 0.973 1.083 1.298 1.194 1.334 1.255 1.524 1.518 1.372 1.564 1.907 1.751 1.825 1.658 1.837 2.055 1.912 1.965 1.855 1.918 1.851 1.549 1.494 1.676 1.585 1.308 1.471 1.868 1.954
8.398 6.430 7.645 6.619 7.082 6.491 6.135 5.193 3.982 3.328 3.492 3.409 3.101 2.389 1.928 1.849 1.614 1.609 1.347 1.434 1.260 1.407 1.404 1.801 1.969 1.752 1.206 0.807 0.737 0.773 1.030 1.144 1.468 1.651 1.762 2.046 2.116 2.065 2.060 1.987 2.122 2.397 2.402 2.029 1.926 1.685 1.448 1.331 1.092 1.153 0.986 0.724 0.788 0.763 0.780 0.587 0.545 0.488 0.000 0.495 0.576 0.724 0.877 0.877 1.083 1.166 1.373 1.237 1.421 1.372 1.543 1.620 1.481 1.684 1.975 1.849 1.823 1.724 1.946 2.127 1.918 2.033 1.849 1.949 1.897 1.633 1.583 1.822 1.691 1.468 1.621 2.079 2.239
8.472 7.553 9.659 8.631 8.009 7.148 7.173 6.390 4.690 4.034 4.068 3.760 3.523 2.832 2.309 2.148 1.932 1.891 1.508 1.606 1.346 1.587 1.596 1.933 2.116 1.876 1.407 1.010 0.918 0.961 1.199 1.460 1.747 2.102 2.283 2.646 2.656 2.515 2.475 2.314 2.493 2.850 2.871 2.583 2.506 2.205 1.934 1.747 1.393 1.353 1.143 0.891 0.895 0.919 0.892 0.679 0.641 0.575 0.495 0.000 0.517 0.683 0.947 1.031 1.320 1.399 1.674 1.659 1.900 1.761 2.056 2.113 1.907 2.088 2.491 2.379 2.494 2.242 2.547 2.804 2.541 2.616 2.297 2.420 2.484 2.095 1.949 2.254 2.182 1.833 2.030 2.663 2.772
7.080 6.449 7.385 8.647 8.182 6.933 7.255 5.680 5.282 3.634 3.439 3.445 3.024 2.346 1.910 1.830 1.616 1.590 1.219 1.398 1.218 1.527 1.551 1.933 2.149 2.028 1.550 1.188 1.036 1.195 1.351 1.573 1.886 2.133 2.258 2.524 2.604 2.564 2.479 2.428 2.552 2.908 2.804 2.490 2.321 2.095 1.833 1.670 1.395 1.407 1.282 1.103 1.080 1.077 1.048 0.782 0.706 0.639 0.609 0.509 0.000 0.579 0.719 0.844 1.215 1.348 1.530 1.409 1.587 1.562 1.832 1.788 1.653 1.819 2.217 2.131 2.160 2.098 2.251 2.513 2.436 2.477 2.393 2.425 2.349 2.089 1.980 2.217 2.092 1.820 1.923 2.412 2.521
8.036 6.226 8.626 8.151 8.713 9.035 8.149 7.091 4.979 3.861 3.310 3.472 3.019 2.344 2.008 2.059 1.790 1.812 1.602 1.774 1.623 1.735 1.921 2.229 2.362 2.413 1.891 1.569 1.508 1.730 1.985 2.241 2.584 2.803 3.166 3.385 3.585 3.378 3.178 2.979 2.924 3.371 3.506 2.953 3.005 2.691 2.400 2.223 1.832 1.939 1.778 1.405 1.562 1.492 1.411 1.210 0.975 0.863 0.829 0.716 0.552 0.000 0.553 0.733 1.232 1.568 1.779 1.604 1.986 2.059 2.501 2.568 2.271 2.516 3.021 2.941 3.001 2.909 2.948 3.408 3.297 3.542 3.243 3.506 3.367 2.889 2.775 3.127 2.973 2.523 2.729 3.145 3.249
8.644 6.733 8.535 8.657 10.622 9.722 7.229 6.080 4.324 3.104 2.923 3.149 2.820 2.005 1.744 1.618 1.463 1.550 1.196 1.694 1.595 1.771 1.913 2.338 2.641 2.419 1.886 1.508 1.438 1.333 1.536 1.531 1.704 1.853 2.032 2.251 2.530 2.369 2.158 2.011 2.100 2.408 2.374 1.958 1.924 1.633 1.552 1.326 1.153 1.367 1.386 1.158 1.402 1.459 1.432 1.333 1.170 0.878 0.879 0.894 0.640 0.521 0.000 0.537 0.830 1.134 1.196 0.959 1.148 1.304 1.526 1.658 1.702 1.996 2.212 2.158 2.029 1.910 1.867 2.165 2.220 2.406 2.228 2.527 2.382 2.026 2.132 2.402 2.242 2.023 2.309 2.737 2.856
8.188 6.332 8.706 11.006 10.660 8.363 8.527 7.742 4.177 2.753 3.209 2.917 2.638 1.945 1.605 1.485 1.502 1.408 1.261 1.434 1.396 1.597 1.696 2.070 2.319 2.106 1.603 1.213 1.092 0.945 1.121 1.160 1.408 1.557 1.739 1.936 2.119 2.048 1.857 1.797 1.825 2.111 2.085 1.795 1.737 1.457 1.274 1.057 0.876 1.011 0.980 0.858 1.136 1.264 1.366 1.183 1.074 0.826 0.909 1.035 0.787 0.704 0.510 0.000 0.511 0.679 0.891 0.758 1.000 1.092 1.339 1.438 1.407 1.670 1.905 1.757 1.735 1.607 1.722 1.932 1.936 1.999 1.936 2.086 2.015 1.622 1.747 1.994 1.781 1.581 1.830 2.217 2.287
7.879 6.617 9.632 8.059 8.903 9.198 8.012 6.789 4.867 2.687 3.696 3.069 2.800 2.119 1.830 1.645 1.889 1.546 1.831 1.622 1.950 1.952 2.235 2.546 2.754 2.621 2.117 1.634 1.521 1.263 1.297 1.284 1.354 1.497 1.909 2.144 2.277 2.082 1.887 1.633 1.745 2.089 2.146 1.810 1.872 1.574 1.362 1.015 0.809 0.857 0.951 1.039 1.440 1.613 1.833 1.658 1.531 1.213 1.251 1.428 1.189 0.999 0.754 0.517 0.000 0.499 0.681 0.686 1.024 1.255 1.569 1.694 1.726 2.020 2.346 2.223 2.140 1.958 2.027 2.223 2.249 2.326 2.166 2.368 2.423 1.980 2.131 2.360 2.275 2.012 2.361 2.747 2.926
8.011 6.843 9.512 9.442 10.505 7.828 7.706 6.104 4.863 2.818 2.847 2.976 2.683 2.019 1.689 1.659 1.597 1.714 1.733 1.837 1.977 2.063 2.226 2.485 2.598 2.396 1.852 1.516 1.332 1.052 1.037 1.039 1.155 1.339 1.597 1.811 1.943 1.885 1.701 1.529 1.689 1.987 1.904 1.585 1.561 1.306 1.135 0.881 0.705 0.736 0.813 0.901 1.213 1.409 1.677 1.521 1.497 1.182 1.225 1.452 1.357 1.215 1.032 0.732 0.508 0.000 0.555 0.618 0.877 1.093 1.362 1.635 1.645 1.931 2.137 2.079 1.952 1.718 1.851 1.931 1.948 2.112 1.854 2.086 2.110 1.761 1.888 2.136 2.096 1.889 2.119 2.551 2.745
8.355 7.134 8.743 9.713 9.598 8.347 7.198 5.542 3.714 2.566 3.000 2.867 2.598 1.891 1.604 1.609 1.609 1.897 1.894 2.232 2.256 2.609 2.587 3.025 3.103 2.796 2.381 1.944 1.683 1.284 1.293 1.284 1.430 1.588 1.883 2.191 2.402 2.324 2.115 1.936 1.981 2.297 2.203 1.801 1.758 1.378 1.262 0.908 0.782 0.815 0.894 1.033 1.370 1.564 1.934 1.820 1.914 1.517 1.530 1.926 1.825 1.681 1.426 0.995 0.769 0.532 0.000 0.535 0.718 1.030 1.267 1.701 1.920 2.194 2.480 2.281 2.004 1.864 1.654 1.970 2.207 2.388 2.330 2.568 2.604 2.095 2.327 2.678 2.557 2.297 2.580 3.079 3.251
7.799 6.380 9.507 9.828 8.915 9.640 5.469 5.244 6.019 2.552 2.783 2.708 2.389 1.672 1.305 1.289 1.331 1.430 1.490 1.636 1.760 1.863 2.045 2.443 2.623 2.379 1.808 1.453 1.277 1.052 1.012 0.934 1.012 1.054 1.190 1.417 1.598 1.613 1.515 1.363 1.515 1.798 1.664 1.317 1.249 0.930 0.786 0.631 0.739 0.799 0.903 0.987 1.249 1.452 1.709 1.516 1.468 1.214 1.285 1.518 1.366 1.287 1.113 0.818 0.682 0.626 0.512 0.000 0.506 0.635 0.824 1.083 1.221 1.512 1.613 1.574 1.223 1.103 1.109 1.318 1.336 1.488 1.570 1.598 1.549 1.382 1.503 1.667 1.614 1.515 1.795 2.214 2.614
7.718 6.594 8.472 7.615 6.626 9.297 6.841 7.097 3.597 2.204 2.545 2.566 2.281 1.571 1.214 1.113 1.253 1.265 1.386 1.608 1.710 1.917 2.058 2.504 2.614 2.501 1.903 1.587 1.560 1.288 1.242 1.012 1.094 1.151 1.248 1.562 1.726 1.734 1.606 1.431 1.572 1.904 1.849 1.435 1.312 0.948 0.792 0.694 0.767 0.998 1.207 1.295 1.669 1.850 2.090 1.810 1.747 1.461 1.643 1.834 1.664 1.632 1.340 1.015 0.913 0.861 0.701 0.510 0.000 0.511 0.638 0.778 0.930 1.196 1.323 1.146 1.044 0.913 1.074 1.334 1.372 1.536 1.515 1.587 1.410 1.161 1.396 1.516 1.347 1.346 1.622 1.876 2.138
8.711 6.589 7.059 12.631 11.216 12.510 13.688 12.693 4.344 2.938 2.780 2.638 2.297 1.535 1.161 0.979 0.961 0.917 1.093 1.206 1.272 1.371 1.475 1.983 2.176 1.989 1.432 1.114 1.153 0.958 0.931 0.784 0.871 0.860 0.882 1.030 1.209 1.267 1.176 1.230 1.325 1.540 1.400 1.102 0.981 0.720 0.603 0.594 0.656 0.837 0.968 1.007 1.251 1.421 1.600 1.381 1.271 1.075 1.238 1.405 1.313 1.302 1.127 0.883 0.912 0.869 0.802 0.598 0.495 0.000 0.493 0.544 0.659 0.869 0.977 0.827 0.686 0.654 0.833 0.986 0.946 1.131 1.223 1.235 1.059 0.932 1.101 1.124 1.045 0.968 1.244 1.530 1.757
8.661 7.705 10.171 10.989 11.440 7.523 7.357 5.814 3.441 3.250 2.759 2.694 2.230 1.592 1.148 1.070 1.024 1.074 1.230 1.313 1.507 1.532 1.760 2.107 2.250 2.091 1.622 1.364 1.296 1.086 1.063 0.973 1.049 1.063 1.040 1.178 1.403 1.402 1.400 1.387 1.543 1.766 1.606 1.244 1.152 0.899 0.816 0.795 0.816 1.007 1.073 1.124 1.331 1.521 1.675 1.454 1.408 1.228 1.292 1.451 1.369 1.329 1.169 0.937 0.997 0.990 0.914 0.750 0.587 0.490 0.000 0.498 0.598 0.844 0.932 0.721 0.610 0.670 0.807 0.991 1.058 1.273 1.345 1.308 1.170 1.018 1.173 1.208 1.077 1.132 1.318 1.613 2.072
9.658 6.459 8.508 13.175 12.375 11.033 7.339 4.639 4.029 3.079 2.765 2.782 2.293 1.655 1.219 1.070 1.061 1.148 1.142 1.219 1.503 1.475 1.640 1.961 2.209 2.031 1.510 1.320 1.436 1.309 1.283 1.160 1.220 1.200 1.174 1.255 1.477 1.537 1.445 1.519 1.598 1.837 1.595 1.297 1.193 1.007 0.919 0.965 1.099 1.286 1.338 1.393 1.556 1.740 1.801 1.559 1.393 1.288 1.454 1.549 1.437 1.499 1.298 1.193 1.255 1.264 1.171 0.953 0.734 0.567 0.494 0.000 0.491 0.597 0.765 0.643 0.614 0.656 0.873 1.132 1.061 1.237 1.297 1.344 1.101 0.970 1.114 1.122 0.882 1.000 1.114 1.369 1.581
8.532 7.981 10.813 12.789 16.909 15.285 6.843 5.859 4.459 3.943 3.189 3.085 2.681 1.985 1.549 1.344 1.211 1.089 1.029 1.125 1.172 1.339 1.391 1.858 2.034 1.924 1.423 1.161 1.305 1.325 1.243 1.154 1.322 1.295 1.215 1.348 1.532 1.682 1.651 1.703 1.853 2.056 1.833 1.534 1.331 1.104 0.983 1.082 1.094 1.333 1.389 1.316 1.510 1.691 1.736 1.475 1.344 1.230 1.441 1.533 1.426 1.499 1.396 1.192 1.354 1.386 1.344 1.120 0.921 0.702 0.607 0.497 0.000 0.511 0.779 0.593 0.607 0.667 0.899 1.120 1.039 1.311 1.370 1.379 1.109 0.959 1.098 1.096 0.907 0.817 1.081 1.416 1.410
6.389 6.277 7.265 9.990 11.637 5.951 4.399 3.892 4.188 3.545 3.599 3.769 3.529 2.818 2.353 2.108 1.864 1.585 1.503 1.451 1.655 1.671 1.959 2.356 2.756 2.614 1.945 1.705 1.781 1.777 1.767 1.750 1.894 2.020 1.919 2.164 2.430 2.531 2.543 2.465 2.636 3.016 2.785 2.374 2.171 1.794 1.580 1.592 1.673 1.837 1.994 1.898 2.110 2.289 2.487 2.085 1.873 1.811 2.050 2.202 2.093 2.286 2.087 1.896 2.073 2.088 2.029 1.738 1.549 1.218 1.282 0.944 0.551 0.000 1.178 0.752 1.034 1.166 1.630 1.837 1.655 1.976 1.889 2.014 1.655 1.436 1.676 1.630 1.291 1.291 1.634 1.737 1.754
7.473 5.408 8.870 10.772 7.674 7.755 5.843 5.887 4.841 4.627 4.777 5.042 4.651 3.551 3.194 2.679 2.507 2.106 1.926 1.733 1.891 1.911 2.171 2.892 3.203 3.188 2.577 2.263 2.766 2.572 2.867 2.627 3.022 2.921 2.510 2.446 2.984 3.422 3.262 3.557 3.541 3.897 3.431 2.975 2.672 2.418 2.279 2.799 2.650 3.218 3.344 2.987 3.266 3.593 3.345 2.884 2.435 2.466 2.946 2.830 2.517 3.053 2.744 2.554 3.109 3.320 3.224 2.738 2.476 1.922 1.567 1.083 0.804 0.593 0.000 0.577 0.876 1.229 1.663 1.773 1.762 2.333 2.588 2.592 2.012 1.881 2.348 2.084 1.518 1.796 2.191 2.110 1.927
8.592 7.891 8.195 13.587 8.310 7.868 6.432 4.237 5.019 3.951 3.690 3.595 3.119 2.428 1.930 1.736 1.710 1.545 1.531 1.645 1.698 1.847 1.959 2.419 2.657 2.628 1.948 1.732 1.966 1.799 1.775 1.549 1.547 1.494 1.312 1.369 1.608 1.730 1.718 1.859 1.986 2.099 1.840 1.536 1.334 1.209 1.135 1.375 1.471 1.779 1.978 2.036 2.241 2.473 2.486 2.239 2.019 1.808 2.166 2.248 2.133 2.213 2.047 1.695 1.988 1.967 1.797 1.500 1.252 0.945 0.812 0.636 0.648 0.663 0.532 0.000 0.500 0.588 0.768 1.013 1.046 1.354 1.496 1.567 1.201 1.091 1.389 1.377 1.041 1.149 1.468 1.670 1.890
7.432 6.699 8.444 8.071 10.285 8.886 8.467 4.651 3.768 3.270 3.348 3.239 2.800 2.074 1.663 1.501 1.518 1.526 1.671 1.763 1.842 2.050 2.109 2.496 2.654 2.496 1.949 1.703 1.778 1.643 1.535 1.300 1.306 1.177 1.048 1.173 1.394 1.473 1.490 1.590 1.730 1.903 1.687 1.340 1.174 1.034 0.974 1.192 1.298 1.485 1.773 1.734 2.029 2.259 2.355 2.080 1.959 1.709 2.049 2.113 2.003 2.033 1.815 1.556 1.713 1.665 1.471 1.222 1.072 0.827 0.682 0.665 0.694 0.862 0.727 0.498 0.000 0.500 0.568 0.861 0.825 1.104 1.204 1.299 1.083 0.976 1.241 1.244 1.044 1.163 1.449 1.705 1.788
8.111 6.798 8.171 13.221 13.507 12.038 9.062 6.160 4.101 3.483 3.310 3.307 2.863 2.229 1.876 1.723 1.712 1.617 1.865 1.789 1.980 2.053 2.157 2.688 2.875 2.701 2.052 1.850 1.895 1.713 1.543 1.288 1.281 1.144 0.974 1.057 1.347 1.483 1.386 1.562 1.674 1.814 1.583 1.291 1.057 0.953 0.884 1.189 1.343 1.561 1.722 1.849 2.145 2.375 2.587 2.279 2.075 1.898 2.137 2.317 2.164 2.288 1.972 1.734 1.798 1.686 1.521 1.358 1.077 1.023 0.746 0.691 0.843 1.037 0.969 0.636 0.504 0.000 0.537 0.754 0.777 0.961 1.152 1.282 1.049 0.908 1.276 1.274 1.046 1.258 1.545 1.726 1.867
6.898 6.164 8.596 8.958 8.314 9.387 6.954 6.909 4.949 4.001 4.016 3.810 3.364 2.651 2.571 2.256 2.405 2.220 2.382 2.452 2.549 2.682 2.575 3.106 3.142 3.016 2.521 2.342 2.558 2.376 2.280 1.977 1.898 1.675 1.244 1.327 1.627 1.908 1.870 2.181 2.323 2.359 1.921 1.660 1.254 1.187 1.291 1.793 2.029 2.420 2.576 2.644 2.879 3.160 3.399 2.901 2.687 2.536 3.019 3.044 2.840 3.046 2.675 2.506 2.594 2.600 2.373 2.138 1.594 1.222 0.996 0.961 1.123 1.386 1.375 0.979 0.696 0.514 0.000 0.656 0.885 1.252 1.597 1.683 1.396 1.236 1.623 1.577 1.328 1.517 1.755 1.917 2.190
7.930 7.056 8.189 8.427 9.348 6.495 6.363 5.198 4.242 3.430 3.972 4.060 3.425 2.691 2.293 2.189 2.274 2.340 2.690 3.084 3.283 3.849 3.958 4.232 4.358 4.126 3.562 3.124 3.401 2.917 2.762 2.183 2.200 1.749 1.203 1.173 1.410 1.968 1.970 2.404 2.444 2.607 2.225 1.815 1.323 1.425 1.482 2.044 2.278 2.638 3.144 3.209 3.601 4.000 4.151 3.847 3.652 3.264 3.647 3.883 3.453 3.513 2.951 2.732 2.705 2.706 2.424 2.175 1.719 1.503 1.157 1.362 1.711 2.156 2.033 1.614 1.153 0.885 0.563 0.000 0.662 0.966 1.522 1.628 1.461 1.438 1.985 2.002 1.872 2.052 2.534 2.777 3.147
7.519 6.785 7.538 9.845 9.371 7.226 6.696 5.721 4.789 3.504 3.447 3.549 3.189 2.552 2.259 2.188 2.258 2.337 2.458 2.453 2.540 2.669 2.667 3.065 3.109 2.888 2.340 2.145 2.255 1.996 1.745 1.427 1.356 1.107 0.709 0.744 0.994 1.213 1.281 1.527 1.794 1.867 1.692 1.366 0.969 1.022 1.053 1.567 1.628 1.788 2.032 2.163 2.360 2.618 2.893 2.585 2.339 2.207 2.483 2.641 2.537 2.657 2.339 2.172 2.233 2.039 1.943 1.758 1.438 1.289 1.122 1.165 1.404 1.704 1.636 1.203 0.943 0.769 0.760 0.526 0.000 0.504 0.667 0.827 0.737 0.749 1.079 1.130 1.139 1.339 1.569 1.861 2.298
7.826 6.733 8.176 8.691 8.381 6.201 6.217 4.929 4.221 3.657 3.612 3.644 3.223 2.591 2.344 2.355 2.450 2.496 2.469 2.519 2.562 2.578 2.470 2.692 2.781 2.543 2.008 1.847 1.811 1.568 1.351 1.319 1.093 1.052 0.729 0.791 0.948 1.068 1.104 1.441 1.552 1.779 1.632 1.291 1.095 1.098 1.138 1.355 1.397 1.455 1.614 1.719 1.873 2.092 2.344 2.201 2.008 1.864 2.047 2.199 2.299 2.367 2.107 1.797 1.947 1.787 1.684 1.533 1.589 1.348 1.233 1.224 1.403 1.524 1.540 1.226 1.006 0.845 0.852 0.737 0.496 0.000 0.494 0.560 0.577 0.565 0.679 0.842 0.914 1.012 1.157 1.504 1.866
8.613 6.800 9.073 9.867 8.692 7.928 7.132 5.256 4.516 4.061 3.701 3.510 3.341 2.686 2.422 2.622 2.700 2.830 2.643 2.884 2.532 2.829 2.342 2.679 2.669 2.368 1.878 1.649 1.648 1.442 1.304 1.363 1.136 0.878 0.786 0.824 0.976 1.148 1.117 1.343 1.609 1.658 1.490 1.390 1.118 1.198 1.057 1.531 1.472 1.513 1.625 1.719 1.966 2.135 2.230 2.008 1.938 1.833 2.123 2.259 2.481 2.314 2.317 1.986 2.118 1.793 1.675 1.652 1.792 1.581 1.357 1.428 1.585 1.664 1.676 1.329 1.162 1.002 1.143 0.925 0.611 0.490 0.000 0.491 0.531 0.544 0.562 0.681 0.800 0.855 0.962 1.334 1.683
8.453 6.751 8.136 8.681 8.004 6.162 5.730 5.684 4.805 4.110 3.857 3.932 3.642 3.092 2.672 2.722 2.735 2.723 2.630 2.647 2.568 2.602 2.521 2.813 2.953 2.724 2.074 2.080 2.093 1.976 1.598 1.653 1.347 1.180 0.972 0.953 1.137 1.178 1.313 1.418 1.624 1.801 1.640 1.602 1.372 1.379 1.370 1.803 1.803 1.784 1.970 2.069 2.292 2.455 2.694 2.453 2.314 2.217 2.427 2.564 2.613 2.549 2.511 2.223 2.269 2.085 2.010 1.918 1.758 1.661 1.632 1.587 1.530 1.605 1.646 1.403 1.360 1.112 1.279 1.155 0.806 0.550 0.491 0.000 0.495 0.567 0.610 0.605 0.713 0.900 0.953 1.267 1.715
8.384 6.456 7.296 9.018 8.087 6.960 5.879 4.992 4.943 4.093 3.728 3.582 3.246 2.675 2.210 2.125 2.058 2.050 1.992 2.165 2.141 2.164 2.088 2.438 2.524 2.419 1.789 1.641 1.781 1.666 1.485 1.231 1.271 1.131 0.917 1.008 1.063 1.190 1.353 1.467 1.687 1.785 1.652 1.417 1.200 1.294 1.176 1.386 1.422 1.440 1.664 1.728 1.913 2.207 2.227 2.086 1.820 1.731 2.091 2.103 2.154 2.133 1.983 1.745 1.868 1.827 1.650 1.591 1.501 1.229 1.215 1.116 1.071 1.190 1.304 1.025 1.000 0.832 1.033 0.945 0.678 0.553 0.525 0.489 0.000 0.489 0.529 0.556 0.551 0.659 0.795 1.120 1.465
9.117 5.829 8.807 11.379 6.573 9.685 6.807 4.921 4.378 3.601 3.378 3.407 3.023 2.341 2.011 1.765 1.802 1.695 1.799 1.799 1.738 1.739 1.700 2.054 2.233 2.045 1.471 1.285 1.315 1.275 1.097 1.011 1.053 1.053 0.888 0.926 0.963 1.120 1.172 1.295 1.565 1.771 1.552 1.351 1.105 1.042 0.879 1.110 1.129 1.283 1.372 1.368 1.547 1.802 1.866 1.584 1.458 1.326 1.613 1.710 1.656 1.777 1.636 1.469 1.524 1.468 1.416 1.408 1.208 1.105 1.013 0.983 0.995 1.182 1.301 1.083 0.949 0.823 0.979 0.898 0.640 0.579 0.526 0.513 0.488 0.000 0.490 0.527 0.552 0.570 0.705 1.042 1.326
9.296 7.673 9.633 12.012 7.064 8.272 6.076 5.468 4.667 4.417 3.924 3.609 3.314 2.712 2.326 2.447 2.265 2.291 2.227 2.158 2.210 2.120 2.044 2.258 2.300 2.156 1.575 1.614 1.559 1.497 1.225 1.316 1.105 1.035 0.945 1.012 1.122 1.289 1.343 1.465 1.633 1.768 1.589 1.401 1.259 1.108 1.022 1.277 1.365 1.463 1.616 1.616 1.778 2.020 2.119 1.781 1.771 1.680 1.955 2.048 2.082 2.051 2.028 1.761 1.861 1.748 1.650 1.551 1.380 1.260 1.182 1.131 1.256 1.319 1.409 1.217 1.087 0.904 1.086 1.007 0.721 0.660 0.555 0.545 0.522 0.488 0.000 0.492 0.537 0.576 0.635 0.958 1.416
9.141 7.794 9.760 11.578 8.338 7.637 6.510 6.077 4.765 4.472 4.009 3.860 3.575 3.076 2.569 2.612 2.414 2.506 2.385 2.528 2.429 2.332 2.121 2.452 2.579 2.431 1.743 1.816 1.812 1.744 1.401 1.306 1.346 1.250 1.121 1.291 1.261 1.368 1.489 1.586 1.905 2.097 1.890 1.764 1.478 1.383 1.244 1.517 1.583 1.609 1.831 1.965 2.180 2.382 2.513 2.200 2.122 2.013 2.329 2.438 2.460 2.517 2.377 2.079 2.143 2.038 1.873 1.861 1.608 1.511 1.402 1.370 1.255 1.348 1.442 1.184 1.228 1.067 1.322 1.324 0.969 0.823 0.667 0.590 0.587 0.551 0.492 0.000 0.496 0.586 0.675 0.896 1.310
7.435 7.536 7.837 12.030 8.833 8.496 5.669 4.759 4.170 3.799 3.550 3.435 3.106 2.478 2.046 1.876 1.866 1.780 1.797 1.803 1.990 1.742 1.740 2.079 2.260 2.125 1.480 1.374 1.495 1.442 1.263 1.158 1.203 1.224 1.049 1.201 1.261 1.337 1.475 1.523 1.810 2.005 1.771 1.580 1.367 1.240 1.116 1.245 1.271 1.348 1.513 1.505 1.674 1.933 1.961 1.673 1.541 1.436 1.702 1.799 1.762 1.837 1.694 1.448 1.638 1.606 1.567 1.443 1.324 1.042 1.077 0.946 0.804 1.136 1.225 0.954 1.014 0.872 1.107 1.153 0.883 0.800 0.758 0.627 0.556 0.534 0.513 0.490 0.000 0.492 0.579 0.835 1.141
8.701 8.938 8.512 12.875 9.639 8.196 7.900 5.254 4.422 3.880 3.541 3.468 3.222 2.510 2.126 1.962 1.868 1.777 1.778 1.934 1.683 1.737 2.046 1.907 2.127 2.000 1.456 1.216 1.317 1.298 1.242 1.140 1.211 1.259 1.140 1.282 1.426 1.500 1.546 1.710 1.909 2.147 1.952 1.652 1.405 1.268 1.116 1.317 1.180 1.405 1.475 1.402 1.611 1.794 1.847 1.557 1.425 1.347 1.586 1.716 1.701 1.778 1.701 1.517 1.657 1.561 1.563 1.478 1.270 1.113 1.130 1.009 0.933 1.137 1.267 1.056 1.014 0.931 1.163 1.209 0.936 0.921 0.858 0.796 0.664 0.579 0.582 0.540 0.494 0.000 0.508 0.848 1.159
8.738 8.998 10.946 12.139 9.839 8.888 7.412 6.363 4.710 4.317 3.836 3.885 3.717 3.033 2.890 2.728 2.741 2.869 2.749 2.819 2.901 2.692 2.378 2.643 2.742 2.669 1.975 2.067 2.198 2.191 1.856 1.741 1.850 1.816 1.763 2.050 2.220 2.328 2.304 2.371 2.548 2.914 2.779 2.250 2.010 1.687 1.515 1.865 1.956 2.247 2.543 2.488 2.783 3.163 3.181 2.615 2.443 2.419 2.950 3.063 3.106 3.081 2.828 2.476 2.472 2.517 2.268 2.156 1.753 1.496 1.576 1.549 1.410 1.675 1.889 1.583 1.695 1.292 1.626 1.803 1.481 1.535 1.386 1.270 1.115 0.831 0.816 0.774 0.697 0.521 0.000 0.625 1.154
8.346 8.665 13.077 11.029 13.740 9.791 11.009 9.278 8.597 8.098 8.203 8.676 8.599 7.961 7.418 7.760 7.203 7.208 6.478 6.731 5.782 5.640 4.623 5.264 5.615 4.992 3.711 3.775 4.291 3.834 3.187 3.036 3.073 3.336 3.732 4.689 4.541 4.378 4.434 4.647 5.186 5.772 5.925 5.582 4.886 4.535 4.053 4.035 3.984 4.017 4.342 4.968 5.273 6.186 6.540 5.909 5.547 5.773 6.320 7.215 7.188 7.253 6.849 5.781 5.899 5.242 5.335 5.455 5.067 4.741 4.690 4.850 3.233 3.658 4.090 3.457 4.648 3.715 4.957 5.097 4.216 3.577 2.624 2.519 2.455 2.055 1.429 1.527 1.627 1.246 0.636 0.000 0.907
9.491 11.344 12.268 13.859 13.019 11.712 11.183 9.796 10.753 10.937 11.155 12.263 12.478 10.826 10.712 9.472 9.655 8.030 8.050 7.151 6.859 6.391 6.236 7.842 8.277 7.739 6.365 6.040 7.382 7.474 7.130 6.901 7.928 8.677 8.284 8.639 8.321 8.990 9.671 10.316 10.795 12.074 11.721 10.588 9.495 9.242 7.373 8.897 7.349 9.088 9.272 9.635 9.506 10.929 10.457 9.390 8.007 8.517 9.792 9.875 9.182 9.582 9.056 8.319 9.217 9.833 9.666 9.142 8.567 7.155 7.210 6.455 4.671 3.921 5.401 5.099 6.549 6.550 7.946 8.455 7.307 6.277 6.111 4.393 4.498 4.744 3.705 2.690 2.944 2.824 1.973 0.765 0.001
