0.001 1.954 4.704 6.761 8.994 11.570 14.046 17.947 18.130 21.333 23.480 24.852 25.276 26.048 26.586 26.286 26.439 26.105 26.595 27.950 27.670 26.603 26.315 25.348 23.733 24.066 21.883 22.696 21.252 20.611 16.654 19.153 17.273 14.817 14.216 18.679 19.640 19.616 21.284 22.892 23.924 23.136 24.089 23.896 24.907 24.113 24.247 23.032 24.081 23.548 21.541 22.538 24.235 23.727 24.688 23.763 25.297 26.042 25.092 24.991 23.569 22.632 23.037 21.375 18.478 19.388 20.257 17.232 14.370 17.429 17.212 15.789 14.848 17.907 18.219 21.980 21.617 23.355 23.259 25.493 25.957 26.752 27.513 28.051 28.216 28.820 28.865 29.169 29.228 29.416 29.515 29.590 29.826
1.424 0.000 1.930 4.294 6.423 10.259 11.097 13.065 14.385 17.270 19.650 21.748 22.650 23.957 23.969 23.668 23.923 23.435 24.615 25.736 25.636 24.812 24.298 23.120 21.030 21.036 18.930 18.929 17.962 17.087 13.349 16.571 15.430 12.619 12.989 15.540 17.010 17.695 19.192 20.553 21.354 20.160 21.483 20.899 22.143 21.980 21.995 20.709 22.047 21.452 18.834 20.147 22.506 21.526 22.589 21.559 23.042 23.789 22.819 22.074 20.132 18.718 19.904 18.744 15.406 16.679 17.347 13.535 11.832 15.705 15.756 14.637 14.342 17.082 16.181 19.816 19.064 21.637 21.978 23.525 23.652 25.129 26.100 26.509 27.204 27.668 27.765 28.460 28.724 29.257 29.383 29.733 29.686
4.259 1.333 0.000 1.647 4.255 8.313 8.528 10.108 11.893 14.127 17.113 19.303 20.796 22.798 22.950 22.330 22.410 21.342 22.849 24.158 24.175 22.870 22.535 21.138 18.520 18.202 15.957 16.137 14.914 13.662 11.511 14.236 13.470 10.599 11.478 12.945 14.402 16.404 17.096 18.032 19.496 16.902 18.613 17.707 19.821 19.716 19.550 18.591 20.987 20.843 18.360 20.221 22.471 21.353 22.050 20.243 21.756 22.455 21.993 21.469 18.680 18.354 19.373 17.353 14.339 16.802 17.053 12.943 12.053 16.101 14.948 14.428 14.624 17.071 15.375 19.098 17.946 20.670 20.486 21.587 22.025 23.183 24.482 25.232 25.713 26.542 26.872 27.612 27.929 28.406 28.804 28.992 29.294
7.649 4.431 1.346 0.000 1.824 4.325 6.127 7.490 10.407 11.298 15.311 16.638 17.644 19.599 20.559 20.194 19.714 19.253 19.919 21.542 21.808 19.589 18.894 16.418 14.599 14.075 11.997 14.212 13.332 10.927 10.788 13.305 12.607 9.586 9.223 9.466 12.679 13.652 13.480 15.103 15.484 11.865 14.776 15.046 16.113 14.652 13.778 11.672 13.480 12.695 10.661 13.112 15.629 15.048 15.593 14.505 16.135 17.942 17.932 18.127 16.605 16.298 15.761 13.034 11.874 13.139 11.743 7.904 9.362 12.160 9.764 11.354 11.859 13.032 9.466 11.819 9.917 13.009 13.381 15.333 17.067 18.833 20.710 21.724 23.082 24.016 24.527 26.048 26.537 27.547 27.913 28.326 28.535
8.233 6.199 3.988 1.492 0.000 1.300 3.495 4.950 7.734 9.117 11.184 13.249 13.361 15.266 15.573 14.652 15.120 14.112 15.355 16.631 17.044 15.715 15.257 13.137 10.917 10.989 8.461 9.602 9.136 6.583 6.818 8.021 7.243 4.607 3.173 3.490 5.414 5.327 4.289 5.767 5.441 5.657 8.319 9.659 11.697 8.989 10.878 9.285 10.931 9.962 8.509 9.031 11.165 11.227 12.395 11.574 12.653 14.270 13.170 14.024 12.609 12.295 12.285 10.080 8.902 10.182 9.350 6.337 6.554 8.484 6.940 7.249 6.616 6.633 5.854 6.076 6.261 7.684 8.832 10.610 10.415 13.093 12.687 14.134 15.439 15.774 16.372 18.013 18.833 20.014 21.068 22.561 23.775
8.825 7.041 4.823 2.839 0.725 0.000 0.584 0.876 1.691 2.282 2.937 3.500 3.756 4.410 4.536 4.401 4.411 4.352 4.457 5.341 5.458 4.697 4.256 3.634 3.005 2.886 2.046 2.405 1.778 1.230 1.329 1.587 1.657 1.284 1.244 1.131 1.379 1.934 2.115 2.320 2.405 1.937 2.365 2.393 3.030 2.817 2.965 2.605 3.210 3.023 2.332 2.548 3.324 3.090 3.414 3.190 3.647 4.256 3.684 3.789 3.380 3.345 3.183 2.739 2.363 2.487 2.383 1.773 1.884 2.212 2.079 2.405 2.388 2.332 1.956 2.394 2.223 2.994 2.956 3.644 3.735 4.354 4.921 5.286 6.316 7.111 8.217 9.546 10.659 12.555 13.389 15.087 16.327
8.870 7.217 5.266 3.099 1.147 0.549 0.000 0.532 0.855 1.368 1.725 2.202 2.516 2.856 2.955 2.750 2.660 2.361 2.587 2.878 3.070 2.807 2.711 2.277 1.941 1.646 1.157 1.132 0.881 0.724 0.910 1.229 1.388 1.054 1.046 0.972 1.156 1.406 1.531 1.585 1.708 1.307 1.349 1.220 1.509 1.707 1.759 1.852 2.222 2.167 1.910 2.065 2.562 2.381 2.557 2.370 2.714 2.920 2.702 2.584 2.386 2.335 2.389 2.067 1.720 1.984 1.973 1.504 1.529 1.904 1.879 2.032 1.948 1.997 1.687 1.996 1.797 2.090 2.071 2.184 2.255 2.615 3.078 3.663 4.500 5.327 6.431 8.107 9.171 10.784 11.818 13.961 15.175
8.873 7.340 5.409 3.248 1.342 0.738 0.517 0.000 0.498 0.626 0.789 1.014 1.172 1.432 1.444 1.387 1.334 1.259 1.511 1.698 1.664 1.466 1.362 1.159 0.980 0.880 0.667 0.680 0.631 0.626 0.731 1.005 1.085 0.841 0.879 0.768 0.859 1.028 1.101 1.190 1.153 0.956 1.047 0.907 1.056 1.028 1.072 1.015 1.247 1.296 1.214 1.433 1.720 1.581 1.486 1.304 1.443 1.524 1.449 1.348 1.174 1.323 1.398 1.139 1.104 1.316 1.223 1.108 1.226 1.543 1.535 1.858 1.870 1.663 1.356 1.360 1.160 1.303 1.225 1.359 1.434 1.928 2.353 3.088 3.912 4.613 5.656 7.253 8.674 10.174 11.380 12.833 14.000
9.209 7.178 5.382 3.522 1.639 1.080 0.713 0.501 0.000 0.497 0.611 0.829 0.970 1.162 1.273 1.216 1.149 1.101 1.395 1.641 1.439 1.251 1.114 1.006 0.826 0.722 0.621 0.634 0.686 0.684 0.824 1.074 1.181 1.000 1.130 0.978 1.013 1.225 1.331 1.381 1.410 1.135 1.123 0.974 1.072 1.080 1.024 1.092 1.352 1.543 1.460 1.778 1.992 1.749 1.663 1.347 1.396 1.351 1.305 1.180 1.015 1.237 1.339 1.095 1.096 1.407 1.418 1.252 1.408 1.793 1.840 2.219 2.190 1.989 1.722 1.710 1.449 1.558 1.348 1.467 1.541 2.068 2.561 3.413 4.147 4.775 5.953 7.417 8.750 10.171 11.697 13.468 14.783
9.122 6.956 5.223 3.514 1.671 1.072 0.839 0.616 0.505 0.000 0.495 0.597 0.832 1.012 1.083 1.015 0.925 0.910 1.175 1.402 1.267 1.038 0.978 0.858 0.672 0.606 0.575 0.619 0.739 0.763 0.940 1.181 1.294 1.087 1.163 0.968 1.050 1.243 1.238 1.305 1.231 1.000 0.999 0.886 0.916 0.887 0.845 0.859 1.084 1.201 1.195 1.427 1.654 1.408 1.332 1.149 1.182 1.216 1.109 1.022 0.848 1.024 1.090 0.920 0.925 1.158 1.189 1.055 1.209 1.483 1.589 1.973 1.959 1.738 1.441 1.389 1.165 1.232 1.088 1.180 1.283 1.834 2.235 3.054 3.771 4.486 5.596 7.244 8.638 9.672 11.246 12.494 13.456
8.695 6.965 5.304 3.631 1.836 1.272 1.072 0.853 0.654 0.498 0.000 0.498 0.691 0.858 0.978 0.883 0.834 0.838 1.129 1.333 1.174 1.011 0.856 0.820 0.650 0.646 0.653 0.702 0.830 0.926 1.125 1.370 1.529 1.334 1.403 1.183 1.278 1.476 1.480 1.517 1.442 1.153 1.157 1.004 1.023 1.017 0.974 1.025 1.235 1.361 1.371 1.642 1.814 1.592 1.469 1.211 1.212 1.158 1.073 0.982 0.871 1.111 1.227 1.076 1.097 1.375 1.344 1.286 1.458 1.759 1.772 2.205 2.155 1.948 1.672 1.622 1.350 1.438 1.264 1.414 1.510 1.993 2.513 3.311 3.992 4.521 5.783 7.029 8.382 9.894 11.272 12.885 14.077
9.626 7.677 5.901 4.234 2.397 1.901 1.745 1.364 1.048 0.838 0.531 0.000 0.514 0.665 0.867 0.931 0.931 1.021 1.351 1.520 1.316 1.148 0.890 0.951 0.819 0.900 1.036 0.963 1.131 1.410 1.620 1.857 2.218 2.045 2.247 1.899 1.963 2.300 2.373 2.276 2.271 1.765 1.681 1.349 1.304 1.444 1.207 1.232 1.451 1.638 1.696 2.036 2.206 1.752 1.553 1.253 1.213 1.031 0.927 0.836 0.817 1.122 1.178 1.085 1.252 1.509 1.544 1.595 1.828 2.139 2.239 2.730 2.886 2.733 2.254 2.255 1.847 1.893 1.750 1.841 1.968 2.349 2.924 3.707 4.357 5.230 6.245 7.767 9.039 10.424 11.917 13.476 14.869
9.266 7.511 5.870 4.274 2.508 1.942 1.814 1.466 1.236 0.994 0.679 0.542 0.000 0.505 0.687 0.788 0.858 0.966 1.273 1.472 1.270 1.059 0.846 0.907 0.860 0.919 1.119 1.113 1.377 1.560 1.843 2.106 2.320 2.145 2.196 1.879 2.041 2.325 2.283 2.197 2.120 1.689 1.682 1.413 1.345 1.365 1.192 1.206 1.406 1.618 1.716 2.066 2.160 1.782 1.595 1.238 1.212 1.021 0.928 0.766 0.784 1.046 1.155 1.073 1.205 1.482 1.547 1.577 1.769 2.021 2.187 2.685 2.811 2.623 2.216 2.197 1.852 1.817 1.617 1.664 1.819 2.217 2.731 3.482 4.139 4.789 6.000 7.227 8.344 9.951 11.269 12.981 14.094
9.106 7.392 5.661 4.147 2.392 1.801 1.788 1.520 1.391 1.086 0.953 0.703 0.502 0.000 0.525 0.798 0.879 1.058 1.329 1.384 1.167 1.053 0.842 0.894 0.876 1.043 1.226 1.386 1.599 1.764 1.966 2.286 2.384 2.137 2.044 1.834 2.051 2.182 2.069 2.127 1.983 1.720 1.785 1.638 1.503 1.418 1.214 1.102 1.237 1.350 1.348 1.627 1.760 1.487 1.350 1.013 1.086 0.892 0.722 0.660 0.802 1.003 1.039 0.959 1.139 1.345 1.332 1.357 1.573 1.813 1.826 2.327 2.409 2.147 1.801 1.763 1.504 1.540 1.495 1.643 1.833 2.289 2.814 3.613 4.286 5.021 6.170 7.564 8.658 10.097 11.814 12.868 14.418
9.666 8.079 6.502 5.049 3.439 2.827 2.797 2.521 2.141 1.816 1.407 1.053 0.696 0.538 0.000 0.590 1.019 1.365 1.665 1.715 1.432 1.382 1.010 1.198 1.329 1.674 2.001 2.126 2.600 2.998 3.192 3.495 3.867 3.534 3.388 3.061 3.376 3.713 3.325 3.470 3.289 2.922 2.972 2.684 2.377 2.200 1.805 1.756 1.646 1.838 1.997 2.394 2.380 2.024 1.648 1.398 1.241 1.074 0.985 0.849 1.076 1.460 1.571 1.502 1.916 2.115 2.101 2.147 2.501 2.787 2.891 3.641 3.733 3.437 2.895 2.777 2.424 2.228 2.249 2.270 2.621 2.951 3.610 4.405 5.162 5.705 6.996 8.026 9.181 10.893 12.398 13.774 14.743
9.967 8.699 7.067 5.633 4.046 3.427 3.263 2.730 2.204 1.851 1.258 0.972 0.927 0.840 0.576 0.000 0.545 0.849 1.198 1.534 1.389 1.356 1.203 1.385 1.608 1.412 1.864 1.774 2.275 2.796 3.238 3.486 4.010 3.928 3.862 3.425 3.489 3.855 3.756 3.603 3.431 2.921 2.620 2.133 1.857 2.091 1.962 2.212 2.452 2.882 3.056 3.409 3.600 3.101 2.695 2.220 1.999 1.695 1.557 1.170 1.299 1.681 1.910 2.160 2.332 2.601 2.759 2.909 3.391 3.600 3.669 4.381 4.707 4.389 3.912 3.764 3.270 3.155 2.793 2.682 2.680 2.983 3.408 4.158 4.797 5.424 6.618 7.824 9.168 10.504 11.989 12.974 14.599
9.752 8.028 6.343 4.933 3.246 2.793 2.747 2.186 1.959 1.523 1.142 0.872 0.902 0.925 0.779 0.513 0.000 0.535 0.951 1.189 1.137 1.112 1.006 1.211 1.330 1.283 1.643 1.619 2.054 2.378 2.753 3.074 3.396 3.282 3.244 2.853 3.048 3.353 3.211 3.131 2.899 2.469 2.220 1.906 1.666 1.766 1.606 1.838 1.986 2.339 2.399 2.802 2.880 2.532 2.294 1.827 1.776 1.536 1.460 1.195 1.245 1.547 1.767 1.698 1.973 2.169 2.277 2.356 2.601 2.875 3.090 3.546 3.808 3.525 3.173 3.113 2.610 2.506 2.225 2.168 2.220 2.534 2.982 3.785 4.406 5.151 6.415 7.589 8.819 10.202 11.831 13.060 14.571
10.273 8.675 6.812 5.407 3.627 3.229 3.017 2.449 2.037 1.725 1.270 0.952 1.085 1.121 1.208 0.938 0.557 0.000 0.657 1.113 1.132 0.988 0.967 1.169 1.317 1.328 1.670 1.615 2.170 2.595 3.134 3.356 3.802 3.522 3.457 3.226 3.334 3.746 3.603 3.477 3.210 2.716 2.535 2.112 1.745 1.859 1.799 1.952 2.207 2.654 2.778 3.257 3.660 2.971 2.602 2.099 1.896 1.649 1.704 1.466 1.526 2.151 2.139 2.087 2.423 2.806 2.727 2.733 3.334 3.505 3.512 4.287 4.390 4.119 3.582 3.414 2.964 2.979 2.482 2.386 2.657 2.724 3.257 4.047 4.588 5.331 6.370 7.694 8.909 10.357 11.637 12.611 14.539
10.102 8.455 6.589 5.244 3.459 3.342 3.178 2.704 2.163 1.787 1.398 1.215 1.510 1.751 1.850 1.495 1.006 0.590 0.000 0.546 0.977 1.169 1.403 1.475 1.624 1.548 2.152 2.065 2.494 2.928 3.190 3.817 4.252 3.799 3.842 3.537 3.860 4.401 4.210 4.220 3.988 3.303 3.207 2.687 2.292 2.469 2.072 2.515 2.631 3.137 3.277 3.654 4.058 3.474 3.082 2.502 2.371 2.162 2.188 2.131 1.803 2.302 2.580 2.312 2.368 2.857 3.057 2.928 3.150 3.620 3.657 4.376 4.528 4.377 3.911 4.048 3.476 3.501 2.998 2.894 3.133 3.124 3.716 4.577 5.169 5.780 6.931 8.021 9.569 10.888 12.311 13.602 14.992
10.973 9.857 8.179 6.935 5.431 4.929 4.758 3.970 3.487 2.889 2.316 2.104 2.369 1.963 2.479 2.113 1.286 1.272 0.694 0.000 0.648 1.133 1.672 2.112 2.437 2.336 2.643 2.716 3.062 3.696 4.242 4.556 5.356 5.368 5.010 4.969 4.786 5.369 5.192 5.031 4.633 3.970 3.569 2.921 2.718 2.811 2.610 3.041 3.457 3.868 4.392 4.672 4.955 4.528 3.971 3.225 2.915 2.622 2.709 3.000 3.252 3.756 3.673 3.623 4.163 4.613 4.405 4.645 5.283 5.357 5.557 5.972 6.116 5.918 5.512 5.027 4.466 4.008 3.692 3.158 3.345 3.438 4.264 5.047 5.813 6.307 7.677 8.450 10.006 11.118 12.806 14.345 15.856
10.172 8.864 7.226 5.807 4.358 4.011 3.926 3.378 2.929 2.407 1.964 1.442 1.391 1.333 1.589 1.491 1.179 1.245 0.947 0.565 0.001 0.573 0.816 1.055 1.569 1.898 2.526 2.610 3.304 3.799 4.237 4.851 5.113 4.721 4.440 4.050 4.493 4.784 4.493 4.463 4.007 3.513 3.465 3.087 2.493 2.513 1.945 2.045 1.832 2.113 2.520 2.799 2.685 2.363 2.007 1.830 1.482 1.453 1.698 1.860 2.023 2.465 2.393 2.212 2.720 3.008 2.682 2.942 3.566 3.566 3.583 4.242 4.480 4.063 3.622 3.246 2.902 2.454 2.543 2.407 2.754 3.049 3.754 4.538 5.100 5.878 7.058 8.404 9.600 10.973 12.582 14.082 15.527
9.179 7.541 5.856 4.476 2.699 2.209 2.242 1.870 1.685 1.335 1.158 0.871 0.877 0.962 1.188 1.127 0.822 0.991 0.964 0.723 0.536 0.000 0.499 0.642 0.886 1.073 1.383 1.484 1.938 2.150 2.469 2.828 2.979 2.721 2.562 2.335 2.595 2.766 2.620 2.622 2.324 2.021 1.944 1.778 1.502 1.433 1.170 1.212 1.344 1.558 1.634 1.962 2.014 1.699 1.508 1.207 1.164 1.108 1.144 1.147 1.213 1.378 1.381 1.222 1.456 1.579 1.588 1.705 1.875 2.093 2.204 2.599 2.700 2.541 2.236 2.115 1.848 1.760 1.586 1.666 1.878 2.224 2.750 3.460 4.120 4.940 6.080 7.305 8.434 9.855 11.359 12.709 15.161
8.996 7.369 5.756 4.206 2.482 1.921 2.022 1.737 1.586 1.245 1.146 0.854 0.795 0.872 1.096 1.124 0.900 1.101 1.102 1.001 0.722 0.494 0.000 0.520 0.675 0.956 1.297 1.486 1.877 2.016 2.347 2.648 2.710 2.365 2.155 2.041 2.405 2.447 2.232 2.508 2.190 1.855 1.926 1.777 1.507 1.441 1.055 1.015 1.151 1.317 1.379 1.628 1.797 1.521 1.379 1.047 1.065 1.014 1.013 1.050 1.077 1.334 1.245 1.076 1.331 1.524 1.399 1.459 1.670 1.858 1.864 2.372 2.417 2.175 1.838 1.789 1.530 1.531 1.450 1.455 1.756 2.157 2.767 3.609 4.252 4.977 6.107 7.475 8.624 10.068 11.352 12.834 14.371
9.116 7.260 5.414 3.776 2.020 1.378 1.333 1.098 0.974 0.751 0.743 0.640 0.701 0.862 1.045 1.025 0.853 0.997 1.091 1.091 0.876 0.592 0.501 0.000 0.493 0.620 0.804 0.967 1.166 1.305 1.476 1.776 1.878 1.643 1.616 1.401 1.667 1.793 1.748 1.801 1.644 1.333 1.360 1.239 1.119 1.004 0.822 0.744 0.965 1.103 1.162 1.428 1.615 1.388 1.228 0.950 0.979 0.947 0.938 0.967 0.931 1.147 1.146 0.967 1.062 1.299 1.237 1.168 1.375 1.623 1.614 2.069 2.070 1.881 1.535 1.461 1.205 1.240 1.115 1.238 1.477 1.916 2.456 3.253 3.915 4.599 5.611 7.118 8.244 9.686 11.076 12.698 14.076
8.938 7.104 5.265 3.535 1.816 1.119 1.062 0.832 0.751 0.591 0.580 0.556 0.611 0.773 0.907 0.879 0.809 0.861 1.038 1.208 1.068 0.770 0.606 0.496 0.000 0.496 0.544 0.701 0.824 0.893 1.136 1.280 1.463 1.276 1.226 1.042 1.141 1.300 1.213 1.221 1.096 0.896 0.901 0.802 0.792 0.652 0.589 0.580 0.712 0.825 0.882 1.070 1.225 1.045 0.929 0.740 0.819 0.839 0.810 0.779 0.747 0.895 0.885 0.744 0.866 1.001 0.968 0.942 1.132 1.362 1.355 1.765 1.760 1.503 1.227 1.105 0.904 0.885 0.781 0.869 1.039 1.572 2.108 2.879 3.542 4.095 5.191 6.725 7.966 9.407 10.691 12.218 13.373
8.960 7.166 5.288 3.587 1.727 1.085 0.947 0.714 0.646 0.560 0.561 0.580 0.664 0.824 0.950 0.952 0.860 0.866 1.119 1.267 1.109 0.871 0.726 0.561 0.491 0.000 0.490 0.548 0.667 0.738 0.939 1.107 1.272 1.134 1.136 0.942 0.997 1.173 1.120 1.081 0.992 0.810 0.771 0.651 0.644 0.586 0.562 0.607 0.763 0.876 0.939 1.144 1.274 1.106 0.983 0.840 0.877 0.898 0.844 0.846 0.787 0.942 0.937 0.814 0.892 1.056 1.021 1.013 1.168 1.396 1.409 1.821 1.791 1.572 1.267 1.161 0.943 0.923 0.791 0.844 0.984 1.479 2.005 2.852 3.554 4.315 5.574 7.048 8.433 9.630 11.186 12.615 14.308
9.067 7.036 5.138 3.429 1.646 0.993 0.845 0.630 0.568 0.546 0.585 0.709 0.844 1.027 1.156 1.150 1.038 0.967 1.173 1.431 1.307 1.026 0.927 0.723 0.556 0.489 0.000 0.493 0.538 0.650 0.858 1.056 1.230 1.060 1.091 0.896 0.987 1.158 1.122 1.077 0.961 0.779 0.668 0.571 0.601 0.577 0.586 0.634 0.811 0.918 0.958 1.188 1.320 1.157 1.044 0.920 0.980 1.073 1.019 1.008 0.905 1.042 1.055 0.878 0.903 1.104 1.053 0.976 1.158 1.365 1.422 1.789 1.769 1.580 1.266 1.178 0.937 0.938 0.815 0.869 0.963 1.516 1.953 2.847 3.531 4.088 5.477 7.092 8.576 10.140 11.400 12.986 13.967
9.068 7.158 5.393 3.771 1.966 1.331 1.122 0.773 0.627 0.631 0.763 0.992 1.201 1.435 1.622 1.523 1.422 1.224 1.489 1.821 1.725 1.434 1.263 1.009 0.778 0.602 0.495 0.000 0.508 0.771 1.048 1.287 1.575 1.425 1.480 1.240 1.367 1.639 1.519 1.526 1.342 1.015 0.945 0.692 0.772 0.779 0.810 0.842 1.066 1.099 1.180 1.363 1.552 1.381 1.288 1.145 1.216 1.356 1.322 1.380 1.245 1.428 1.360 1.128 1.209 1.419 1.278 1.223 1.456 1.681 1.680 2.149 2.137 1.868 1.549 1.405 1.169 1.174 1.030 1.187 1.275 1.856 2.330 3.185 3.924 4.665 5.892 7.329 8.558 10.236 11.486 12.730 14.377
9.152 7.368 5.527 3.886 1.890 1.281 0.898 0.709 0.728 0.840 0.896 1.181 1.511 1.738 1.815 1.631 1.413 1.261 1.500 1.741 1.688 1.541 1.554 1.388 1.184 0.873 0.661 0.512 0.000 0.499 0.722 0.935 1.179 0.993 1.130 0.973 0.909 1.122 1.286 1.288 1.393 1.115 1.027 0.788 1.021 1.130 1.234 1.384 1.793 1.988 1.817 2.139 2.546 2.328 2.255 1.858 1.947 1.961 1.957 1.811 1.566 1.864 2.026 1.680 1.622 2.025 2.017 1.676 1.910 2.303 2.295 2.641 2.469 2.290 1.961 2.027 1.739 1.880 1.605 1.724 1.677 2.105 2.651 3.516 4.119 4.954 6.075 7.659 9.167 10.425 12.269 13.327 14.569
8.926 6.876 5.222 3.542 1.585 0.928 0.696 0.582 0.710 0.897 1.100 1.337 1.533 1.804 1.890 1.754 1.624 1.464 1.667 1.964 1.939 1.687 1.641 1.387 1.151 0.953 0.724 0.682 0.498 0.000 0.501 0.646 0.867 0.768 0.852 0.719 0.674 0.898 0.957 0.961 0.999 0.840 0.868 0.740 0.968 0.978 1.107 1.131 1.407 1.485 1.341 1.535 1.826 1.797 1.714 1.521 1.661 1.831 1.721 1.799 1.531 1.680 1.760 1.456 1.405 1.670 1.532 1.324 1.458 1.760 1.703 1.992 1.876 1.667 1.440 1.389 1.233 1.365 1.245 1.417 1.362 1.921 2.317 3.174 3.934 4.708 5.803 7.581 8.895 10.384 11.984 13.181 14.747
8.797 7.029 5.212 3.555 1.602 0.992 0.710 0.677 0.926 1.148 1.407 1.624 1.860 2.106 2.211 2.132 1.938 1.832 2.039 2.335 2.323 1.982 1.913 1.613 1.391 1.168 0.896 0.949 0.708 0.502 0.000 0.502 0.635 0.683 0.867 0.794 0.736 0.926 1.103 1.181 1.217 1.012 1.069 0.997 1.234 1.205 1.287 1.381 1.605 1.694 1.615 1.769 2.119 2.004 1.941 1.793 1.880 2.017 2.027 2.060 1.807 2.058 2.050 1.726 1.692 1.947 1.796 1.585 1.716 2.039 2.024 2.298 2.155 1.938 1.726 1.658 1.492 1.605 1.496 1.625 1.657 2.166 2.638 3.486 4.233 5.055 6.201 7.616 9.217 10.203 12.049 13.475 14.860
9.006 7.151 5.448 3.828 1.983 1.397 0.958 0.963 1.175 1.546 1.783 2.141 2.487 2.818 2.843 2.677 2.547 2.389 2.537 2.929 3.112 2.720 2.659 2.315 2.009 1.795 1.355 1.320 0.990 0.756 0.499 0.000 0.561 0.714 1.012 1.026 0.826 1.062 1.367 1.401 1.687 1.430 1.522 1.427 1.794 1.768 1.999 1.955 2.395 2.453 2.179 2.442 2.932 2.809 2.816 2.521 2.736 2.913 2.775 2.716 2.308 2.506 2.639 2.278 2.113 2.476 2.433 2.083 2.234 2.586 2.512 2.793 2.587 2.376 2.199 2.208 2.075 2.329 2.226 2.455 2.400 2.900 3.339 4.154 4.793 5.732 6.648 8.164 9.815 10.767 12.801 13.731 15.386
8.555 6.926 5.450 3.716 1.975 1.423 1.112 1.445 1.712 2.143 2.576 3.015 3.460 3.776 3.843 3.743 3.482 3.228 3.409 3.898 4.132 3.754 3.640 3.164 2.798 2.473 1.970 1.836 1.490 1.091 0.738 0.555 0.000 0.588 0.872 1.158 0.959 1.125 1.496 1.654 1.899 1.817 1.848 1.778 2.265 2.336 2.594 2.583 2.967 2.848 2.609 2.563 3.137 3.118 3.350 3.291 3.463 3.703 3.597 3.505 3.186 3.189 3.179 2.886 2.638 2.769 2.688 2.297 2.365 2.602 2.528 2.608 2.287 2.268 2.180 2.333 2.466 2.657 2.743 3.030 2.891 3.381 3.779 4.440 5.025 5.903 6.753 8.166 9.661 10.705 12.471 13.907 15.499
8.998 7.296 5.758 3.611 1.736 1.012 0.859 0.988 1.293 1.632 1.930 2.285 2.451 2.609 2.776 2.762 2.541 2.473 2.629 2.997 3.034 2.695 2.558 2.295 1.950 1.751 1.445 1.497 1.251 0.930 0.806 0.647 0.542 0.000 0.502 0.605 0.688 0.724 0.786 1.130 1.283 1.209 1.397 1.552 1.834 1.661 1.858 1.693 1.980 1.859 1.603 1.692 1.997 2.070 2.197 2.190 2.377 2.565 2.511 2.505 2.262 2.372 2.328 2.058 1.883 2.095 1.946 1.630 1.752 2.035 1.917 2.129 1.882 1.654 1.428 1.413 1.470 1.695 1.773 2.066 2.099 2.655 3.072 3.844 4.657 5.280 6.326 7.721 8.850 10.401 11.832 13.498 15.384
8.797 6.969 5.477 3.356 1.512 0.883 0.739 0.856 1.158 1.390 1.591 1.898 2.038 2.245 2.359 2.338 2.263 2.115 2.314 2.623 2.595 2.317 2.159 1.863 1.616 1.421 1.213 1.268 1.126 0.848 0.833 0.819 0.716 0.495 0.000 0.490 0.554 0.596 0.582 0.729 0.816 0.848 1.064 1.231 1.421 1.329 1.454 1.422 1.572 1.541 1.444 1.568 1.877 1.848 1.883 1.792 1.948 2.182 2.092 2.126 1.926 1.992 2.003 1.683 1.611 1.805 1.681 1.424 1.557 1.827 1.720 1.989 1.857 1.607 1.371 1.294 1.197 1.340 1.388 1.540 1.593 2.068 2.451 3.235 3.992 4.707 5.757 7.330 8.515 10.049 10.993 12.475 13.987
8.923 6.985 5.250 3.416 1.464 0.845 0.720 0.763 1.000 1.166 1.440 1.669 1.855 2.057 2.116 2.130 2.015 1.946 2.106 2.343 2.329 2.051 1.943 1.654 1.451 1.328 1.008 1.134 0.940 0.696 0.770 0.800 0.774 0.555 0.489 0.000 0.490 0.543 0.597 0.627 0.793 0.801 0.929 1.055 1.296 1.170 1.358 1.253 1.531 1.509 1.348 1.502 1.831 1.744 1.817 1.677 1.837 2.020 1.910 1.888 1.747 1.828 1.807 1.526 1.456 1.615 1.529 1.276 1.413 1.674 1.587 1.838 1.769 1.551 1.327 1.304 1.183 1.401 1.288 1.497 1.482 2.025 2.373 3.217 3.991 4.675 5.809 7.402 8.634 10.212 11.388 12.638 14.371
8.848 7.139 5.424 3.602 1.473 0.859 0.718 0.747 0.985 1.110 1.390 1.583 1.683 1.935 1.999 1.975 1.930 1.856 1.987 2.235 2.249 1.927 1.844 1.617 1.390 1.247 1.016 1.094 0.926 0.682 0.748 0.729 0.733 0.568 0.535 0.487 0.000 0.492 0.548 0.663 0.818 0.818 0.976 1.056 1.266 1.147 1.307 1.257 1.461 1.498 1.321 1.479 1.764 1.716 1.720 1.617 1.751 1.923 1.788 1.805 1.584 1.707 1.736 1.483 1.410 1.630 1.498 1.295 1.426 1.678 1.590 1.879 1.750 1.534 1.306 1.295 1.172 1.353 1.316 1.500 1.500 2.006 2.402 3.264 3.978 4.715 5.935 7.603 8.730 10.309 11.635 13.079 14.736
9.203 7.302 5.445 3.732 1.672 1.038 0.874 0.915 1.139 1.396 1.662 1.989 2.162 2.446 2.480 2.374 2.329 2.150 2.352 2.674 2.714 2.443 2.352 2.067 1.831 1.623 1.298 1.265 1.065 0.828 0.843 0.865 0.823 0.657 0.610 0.559 0.493 0.000 0.510 0.637 0.862 0.967 1.188 1.295 1.544 1.524 1.736 1.604 1.884 1.892 1.679 1.781 2.143 2.083 2.217 2.015 2.245 2.478 2.284 2.285 1.973 2.109 2.179 1.876 1.709 2.006 1.896 1.596 1.750 2.045 1.929 2.173 1.957 1.727 1.544 1.519 1.479 1.704 1.653 1.871 1.879 2.331 2.738 3.515 4.192 4.918 5.890 7.640 9.006 10.291 11.949 13.079 14.350
9.093 7.245 5.414 3.751 1.818 1.170 1.000 1.139 1.355 1.570 1.831 2.086 2.215 2.417 2.484 2.466 2.388 2.307 2.428 2.771 2.701 2.405 2.255 2.009 1.766 1.608 1.340 1.407 1.275 1.032 1.065 1.047 0.990 0.763 0.664 0.613 0.591 0.504 0.000 0.573 0.673 0.820 1.127 1.300 1.476 1.331 1.525 1.486 1.734 1.679 1.564 1.692 2.020 1.978 2.036 1.964 2.082 2.327 2.263 2.293 2.137 2.220 2.205 1.923 1.822 2.072 1.907 1.628 1.779 2.048 1.903 2.185 1.979 1.673 1.524 1.355 1.305 1.410 1.438 1.630 1.622 2.113 2.449 3.401 4.221 4.808 6.132 7.821 8.865 10.396 11.391 12.808 13.827
9.174 7.548 5.606 4.016 2.219 1.512 1.407 1.568 1.891 2.099 2.443 2.669 2.978 3.176 3.339 3.188 2.994 2.747 2.784 3.243 3.316 2.852 2.880 2.504 2.247 2.040 1.670 1.863 1.712 1.301 1.448 1.405 1.278 1.129 0.913 0.823 0.776 0.669 0.536 0.000 0.544 0.730 1.120 1.460 1.684 1.462 1.811 1.877 2.155 2.205 2.000 2.128 2.684 2.620 2.771 2.624 2.679 3.100 3.077 3.156 3.007 3.064 3.086 2.608 2.523 2.764 2.570 2.194 2.374 2.601 2.404 2.586 2.202 1.976 1.782 1.763 1.638 1.792 1.646 1.714 1.583 2.058 2.339 3.271 4.002 4.468 5.659 7.260 8.653 10.105 11.650 12.926 14.020
9.386 7.904 5.671 4.072 2.226 1.503 1.436 1.295 1.506 1.538 1.656 1.812 1.960 2.137 2.381 2.262 2.044 1.919 1.995 2.298 2.259 1.874 1.838 1.541 1.493 1.291 1.088 1.359 1.361 1.110 1.386 1.413 1.379 1.289 1.115 0.836 0.831 0.835 0.620 0.516 0.000 0.522 0.779 1.035 1.124 0.915 1.096 1.232 1.376 1.509 1.580 1.738 2.045 1.958 1.876 1.733 1.718 2.008 2.021 2.176 2.043 2.240 2.181 1.885 1.981 2.194 2.000 1.815 2.116 2.306 2.117 2.456 2.310 1.970 1.600 1.485 1.161 1.226 1.085 1.191 1.251 1.797 2.320 3.295 4.084 4.579 5.833 7.437 9.030 10.075 11.969 12.375 14.544
9.333 7.301 5.452 3.764 1.848 1.176 1.036 0.896 1.058 1.099 1.308 1.427 1.598 1.762 1.930 1.862 1.701 1.601 1.690 1.936 1.913 1.659 1.589 1.328 1.181 0.980 0.784 0.946 0.917 0.805 1.069 1.192 1.279 1.116 1.026 0.780 0.842 0.956 0.759 0.649 0.506 0.000 0.502 0.624 0.812 0.692 0.927 0.984 1.190 1.255 1.248 1.404 1.653 1.564 1.518 1.429 1.517 1.714 1.699 1.752 1.634 1.785 1.779 1.450 1.489 1.754 1.512 1.357 1.601 1.817 1.686 2.074 1.979 1.633 1.355 1.186 1.001 1.059 0.955 1.068 1.086 1.647 2.103 2.994 3.743 4.362 5.465 7.197 8.650 10.074 11.374 12.404 13.525
9.251 7.560 5.541 3.989 2.161 1.453 1.300 1.039 1.077 1.065 1.133 1.260 1.548 1.764 1.871 1.703 1.563 1.376 1.529 1.794 1.828 1.552 1.543 1.305 1.110 0.849 0.675 0.751 0.828 0.871 1.224 1.376 1.571 1.418 1.309 1.005 1.042 1.206 1.013 0.841 0.663 0.505 0.000 0.492 0.624 0.603 0.873 1.013 1.231 1.343 1.358 1.571 1.813 1.764 1.689 1.531 1.617 1.772 1.752 1.812 1.617 1.815 1.888 1.519 1.634 1.883 1.756 1.568 1.864 2.078 1.927 2.304 2.186 1.834 1.550 1.349 1.154 1.130 0.979 1.042 1.066 1.600 2.044 2.926 3.643 4.350 5.553 7.260 8.477 10.084 11.651 13.115 14.451
9.099 7.179 5.419 3.809 1.952 1.361 1.173 0.928 0.908 0.903 0.970 1.122 1.322 1.518 1.638 1.544 1.399 1.275 1.457 1.709 1.639 1.368 1.338 1.130 0.963 0.762 0.614 0.658 0.729 0.786 1.054 1.230 1.458 1.332 1.331 1.039 1.053 1.246 1.146 1.048 0.890 0.659 0.497 0.000 0.517 0.567 0.787 0.935 1.176 1.317 1.316 1.559 1.774 1.692 1.590 1.369 1.449 1.546 1.570 1.576 1.390 1.568 1.650 1.364 1.391 1.688 1.595 1.449 1.666 1.906 1.842 2.199 2.130 1.851 1.609 1.493 1.215 1.208 0.999 1.039 1.036 1.586 1.994 2.922 3.718 4.441 5.669 7.158 8.486 9.966 11.958 12.727 14.536
9.218 7.606 5.716 4.171 2.431 1.785 1.511 1.151 1.146 1.133 1.256 1.415 1.686 1.914 2.131 2.042 1.850 1.654 1.781 2.083 1.988 1.618 1.572 1.243 1.122 0.833 0.681 0.744 0.810 0.929 1.230 1.426 1.724 1.634 1.728 1.366 1.391 1.707 1.593 1.454 1.249 0.887 0.685 0.515 0.000 0.521 0.685 0.956 1.157 1.497 1.688 1.914 2.138 2.017 1.767 1.642 1.459 1.704 1.895 1.998 1.877 2.119 2.183 1.781 1.897 2.229 2.118 1.916 2.192 2.520 2.394 2.826 2.738 2.413 2.028 1.839 1.469 1.323 0.980 0.900 0.998 1.557 2.085 3.061 3.905 4.692 5.855 7.306 8.719 9.944 11.646 12.993 14.644
9.549 7.471 5.584 3.892 2.021 1.342 1.181 0.966 0.931 0.869 0.913 0.966 1.085 1.273 1.436 1.418 1.317 1.215 1.419 1.609 1.507 1.209 1.112 0.849 0.719 0.587 0.624 0.737 0.840 0.882 1.148 1.322 1.531 1.376 1.336 1.071 1.133 1.328 1.163 1.116 0.951 0.717 0.592 0.571 0.503 0.000 0.500 0.603 0.770 0.967 1.091 1.312 1.432 1.328 1.117 1.013 0.991 1.160 1.183 1.251 1.230 1.340 1.325 1.138 1.255 1.414 1.334 1.266 1.519 1.684 1.721 2.088 2.074 1.798 1.428 1.251 0.987 0.926 0.720 0.719 0.846 1.408 1.980 2.814 3.607 4.179 5.385 6.930 8.435 9.755 11.040 12.394 13.852
9.139 7.276 5.625 4.068 2.271 1.630 1.595 1.289 1.237 1.022 1.081 1.132 1.228 1.507 1.667 1.686 1.576 1.370 1.541 1.835 1.803 1.385 1.301 0.936 0.802 0.684 0.756 0.991 1.189 1.269 1.643 1.836 2.076 1.836 1.764 1.439 1.627 1.826 1.589 1.581 1.301 0.977 0.856 0.835 0.687 0.510 0.000 0.512 0.647 0.774 0.912 1.178 1.289 1.135 1.007 0.902 1.030 1.268 1.278 1.413 1.349 1.475 1.368 1.108 1.313 1.470 1.250 1.277 1.566 1.685 1.675 2.146 2.206 1.936 1.464 1.255 0.925 0.840 0.668 0.686 0.785 1.405 1.912 2.850 3.606 4.273 5.384 6.945 8.225 9.479 10.860 12.352 13.923
9.298 7.374 5.305 3.687 1.821 1.153 1.117 0.935 0.906 0.760 0.817 0.813 0.844 0.975 1.146 1.195 1.070 1.104 1.269 1.450 1.319 1.041 0.924 0.708 0.583 0.569 0.636 0.821 0.941 0.965 1.215 1.381 1.542 1.349 1.249 1.037 1.178 1.301 1.189 1.205 1.026 0.833 0.845 0.819 0.775 0.582 0.497 0.000 0.493 0.536 0.638 0.813 0.901 0.792 0.661 0.609 0.723 0.888 0.843 0.932 0.938 1.024 0.947 0.811 0.933 1.002 0.883 0.872 1.089 1.227 1.221 1.636 1.642 1.325 1.043 0.875 0.656 0.592 0.558 0.650 0.892 1.468 1.951 2.815 3.525 4.256 5.398 7.349 8.639 10.251 11.247 12.817 13.832
9.018 7.259 5.279 3.724 2.002 1.338 1.259 1.065 1.046 0.921 0.997 0.986 0.984 1.112 1.311 1.323 1.288 1.272 1.487 1.663 1.509 1.182 1.054 0.852 0.731 0.744 0.776 0.978 1.065 1.092 1.322 1.511 1.625 1.434 1.355 1.161 1.251 1.389 1.234 1.245 1.093 0.882 0.955 0.958 0.895 0.721 0.597 0.490 0.000 0.493 0.589 0.772 0.850 0.686 0.581 0.618 0.737 0.905 0.924 1.064 1.062 1.132 1.038 0.888 1.022 1.119 0.945 0.974 1.191 1.293 1.286 1.744 1.719 1.438 1.075 0.893 0.666 0.575 0.582 0.727 0.973 1.515 2.046 2.923 3.580 4.277 5.736 7.338 8.649 9.837 11.056 12.330 14.017
9.184 7.415 5.421 3.661 1.798 1.162 1.221 1.144 1.171 1.022 1.102 1.055 1.001 1.093 1.284 1.359 1.273 1.334 1.477 1.644 1.444 1.169 1.041 0.882 0.815 0.878 0.914 1.170 1.238 1.237 1.417 1.593 1.627 1.396 1.240 1.102 1.291 1.366 1.202 1.297 1.145 0.982 1.120 1.145 1.099 0.874 0.713 0.546 0.492 0.000 0.489 0.564 0.672 0.579 0.541 0.576 0.697 0.870 0.861 1.006 1.039 1.089 0.927 0.809 0.926 0.949 0.755 0.788 0.970 1.056 0.981 1.440 1.396 1.192 0.804 0.700 0.564 0.585 0.671 0.798 1.037 1.583 2.107 2.968 3.737 4.427 5.623 7.235 8.444 9.995 11.224 12.694 13.850
8.995 7.326 5.250 3.530 1.704 1.119 1.175 1.120 1.126 1.030 1.156 1.127 1.053 1.160 1.329 1.453 1.384 1.469 1.662 1.802 1.603 1.327 1.145 0.973 0.876 0.961 0.941 1.191 1.249 1.173 1.373 1.546 1.574 1.358 1.219 1.076 1.264 1.322 1.187 1.271 1.160 1.003 1.144 1.202 1.186 0.975 0.853 0.630 0.582 0.493 0.000 0.499 0.648 0.551 0.559 0.603 0.772 0.941 0.891 1.041 1.061 1.125 0.955 0.828 0.925 0.944 0.779 0.713 0.930 0.994 0.921 1.386 1.417 1.133 0.795 0.664 0.567 0.630 0.762 0.958 1.195 1.782 2.207 3.103 3.824 4.578 5.836 7.165 8.748 9.961 11.086 12.647 14.224
8.824 7.495 5.430 3.816 2.063 1.489 1.552 1.504 1.543 1.490 1.619 1.666 1.614 1.791 2.048 2.108 2.083 2.076 2.267 2.549 2.380 2.008 1.770 1.514 1.324 1.353 1.411 1.601 1.738 1.662 1.824 2.008 2.120 1.824 1.611 1.469 1.726 1.824 1.641 1.829 1.631 1.487 1.668 1.744 1.740 1.457 1.319 1.005 1.056 0.734 0.521 0.000 0.724 0.644 0.860 0.982 1.284 1.506 1.379 1.580 1.561 1.670 1.394 1.172 1.357 1.372 1.074 1.048 1.380 1.393 1.179 1.657 1.649 1.337 0.905 0.782 0.725 0.971 1.223 1.493 1.785 2.295 2.822 3.572 4.327 5.055 6.033 7.469 8.282 9.724 10.782 12.432 14.268
8.976 7.690 5.727 4.297 2.702 1.998 2.328 2.241 2.571 2.354 2.656 2.554 2.238 2.130 2.562 2.987 2.856 3.119 3.143 3.482 3.057 2.667 2.334 2.112 2.055 2.388 2.302 2.826 2.919 2.600 2.883 3.115 2.934 2.557 2.120 2.070 2.496 2.415 2.099 2.516 2.323 2.173 2.574 2.869 2.788 2.389 2.115 1.677 1.412 0.961 0.728 0.545 0.000 0.548 0.799 1.137 1.460 1.552 1.565 1.991 2.222 2.256 1.762 1.659 2.032 1.828 1.341 1.542 1.914 1.740 1.452 1.891 1.879 1.480 1.149 1.013 1.169 1.463 1.793 2.229 2.591 3.194 3.786 4.564 5.397 6.138 7.052 8.731 9.695 10.993 12.483 13.658 15.392
9.220 7.714 5.598 3.971 2.176 1.610 1.739 1.593 1.568 1.370 1.398 1.321 1.152 1.214 1.423 1.553 1.500 1.643 1.805 1.897 1.660 1.397 1.181 1.084 1.021 1.226 1.289 1.608 1.799 1.817 2.016 2.264 2.242 2.041 1.807 1.601 1.936 1.991 1.842 1.951 1.779 1.487 1.731 1.728 1.609 1.315 1.111 0.856 0.754 0.598 0.593 0.602 0.516 0.000 0.497 0.565 0.718 0.912 0.922 1.139 1.218 1.310 1.061 0.939 1.178 1.172 0.913 0.993 1.270 1.295 1.228 1.665 1.720 1.448 1.061 0.936 0.852 0.948 1.096 1.312 1.617 2.113 2.583 3.458 4.211 4.925 6.127 7.773 8.735 10.300 11.403 12.970 14.315
8.933 7.240 5.454 3.868 2.180 1.539 1.619 1.419 1.395 1.171 1.197 1.073 0.958 1.048 1.258 1.338 1.310 1.406 1.592 1.720 1.542 1.233 1.066 0.927 0.877 1.048 1.117 1.354 1.611 1.574 1.848 2.082 2.133 1.911 1.718 1.458 1.823 1.856 1.654 1.750 1.525 1.295 1.434 1.488 1.320 1.083 0.941 0.734 0.607 0.586 0.626 0.777 0.678 0.495 0.000 0.496 0.560 0.794 0.766 0.961 1.039 1.152 0.961 0.881 1.077 1.103 0.919 1.014 1.264 1.384 1.301 1.838 1.872 1.609 1.202 1.052 0.863 0.894 0.942 1.095 1.320 1.877 2.355 3.228 4.002 4.778 5.760 7.265 8.467 9.782 11.314 12.483 14.264
9.424 7.580 5.588 3.955 2.257 1.665 1.702 1.530 1.404 1.169 1.154 1.022 0.877 0.970 1.198 1.309 1.221 1.384 1.551 1.652 1.439 1.188 0.953 0.861 0.806 1.029 1.184 1.400 1.564 1.675 1.925 2.154 2.297 2.057 1.865 1.681 1.907 1.977 1.843 1.944 1.691 1.458 1.546 1.517 1.357 1.201 0.945 0.806 0.658 0.622 0.731 0.923 0.875 0.594 0.498 0.000 0.523 0.716 0.707 0.859 0.963 1.093 0.940 0.817 1.073 1.105 0.895 1.068 1.332 1.401 1.446 1.911 2.047 1.718 1.328 1.128 0.991 0.976 1.000 1.173 1.434 1.975 2.436 3.291 3.979 4.651 6.013 7.245 8.778 10.455 11.717 13.328 14.253
9.354 7.552 5.739 4.218 2.646 2.087 2.309 2.129 2.074 1.716 1.749 1.489 1.156 1.186 1.491 1.721 1.660 1.943 2.104 2.106 1.718 1.468 1.088 1.101 1.130 1.568 1.778 2.160 2.337 2.376 2.620 2.918 3.061 2.621 2.384 2.199 2.698 2.674 2.513 2.662 2.397 2.110 2.238 2.266 2.043 1.828 1.353 1.076 0.887 0.886 1.023 1.257 1.273 0.915 0.672 0.510 0.000 0.624 0.867 1.171 1.443 1.559 1.326 1.161 1.460 1.499 1.238 1.391 1.640 1.679 1.753 2.208 2.282 2.132 1.694 1.652 1.387 1.398 1.436 1.578 2.001 2.453 2.889 3.808 4.540 5.169 6.401 7.768 9.299 10.272 11.947 13.020 14.611
9.621 8.251 6.279 4.951 3.348 2.776 3.009 2.549 2.408 1.940 1.868 1.514 1.088 1.012 1.272 1.674 1.682 2.034 2.220 2.321 1.949 1.580 1.170 1.227 1.326 1.698 1.965 2.383 2.834 2.888 3.187 3.607 3.773 3.456 3.282 2.892 3.222 3.361 3.016 3.050 2.580 2.364 2.412 2.478 2.205 1.918 1.484 1.363 1.063 1.253 1.600 1.944 1.856 1.479 1.062 0.850 0.552 0.000 0.647 0.904 1.383 1.480 1.327 1.350 1.812 1.811 1.727 1.905 2.333 2.448 2.501 3.304 3.268 2.931 2.443 2.155 1.776 1.523 1.590 1.601 1.954 2.580 3.071 3.946 4.736 5.403 6.746 8.344 9.732 11.148 12.623 13.962 15.393
9.155 7.343 5.578 4.035 2.361 1.794 1.873 1.653 1.443 1.211 1.112 0.923 0.640 0.671 0.828 1.024 1.106 1.336 1.613 1.678 1.452 1.182 0.894 0.914 0.906 1.217 1.366 1.548 1.815 1.937 2.104 2.349 2.497 2.216 2.086 1.934 2.199 2.254 2.173 2.263 2.031 1.781 1.925 1.789 1.655 1.471 1.208 1.072 0.954 0.992 1.136 1.367 1.408 1.045 0.861 0.718 0.710 0.518 0.000 0.497 0.635 0.749 0.702 0.704 0.928 1.004 0.994 1.165 1.337 1.497 1.644 2.099 2.238 2.046 1.675 1.575 1.351 1.315 1.342 1.443 1.707 2.219 2.666 3.442 4.180 4.813 5.900 7.327 8.498 9.925 11.279 13.013 13.695
9.076 7.171 5.465 3.842 2.022 1.403 1.373 1.180 1.012 0.860 0.789 0.710 0.582 0.624 0.695 0.824 0.919 1.036 1.284 1.417 1.259 1.033 0.832 0.855 0.790 0.947 1.022 1.099 1.210 1.337 1.462 1.693 1.842 1.642 1.597 1.466 1.632 1.747 1.728 1.779 1.691 1.414 1.503 1.322 1.293 1.231 1.071 0.986 0.980 1.037 1.052 1.275 1.335 1.061 0.921 0.755 0.807 0.688 0.493 0.000 0.489 0.534 0.545 0.549 0.628 0.761 0.828 0.923 1.014 1.244 1.336 1.885 1.966 1.797 1.445 1.440 1.228 1.298 1.262 1.370 1.543 2.000 2.427 3.253 3.949 4.624 5.729 7.133 8.296 9.746 11.338 12.728 14.082
9.067 7.128 5.335 3.647 1.876 1.265 1.258 1.076 0.962 0.815 0.745 0.637 0.613 0.644 0.682 0.844 0.866 0.982 1.251 1.347 1.184 1.027 0.832 0.848 0.749 0.875 0.976 1.039 1.179 1.282 1.418 1.659 1.824 1.537 1.484 1.348 1.530 1.680 1.609 1.662 1.581 1.328 1.434 1.266 1.219 1.142 1.017 0.937 0.995 1.022 0.979 1.200 1.290 1.057 0.975 0.811 0.912 0.826 0.566 0.488 0.000 0.488 0.516 0.523 0.530 0.629 0.724 0.745 0.843 1.079 1.198 1.671 1.780 1.609 1.328 1.348 1.152 1.231 1.180 1.299 1.473 1.943 2.404 3.269 3.851 4.657 5.569 7.210 8.368 9.495 11.362 12.295 14.263
8.949 7.398 5.516 3.898 2.140 1.590 1.672 1.500 1.230 1.065 0.921 0.857 0.737 0.808 0.844 0.913 0.999 1.140 1.398 1.511 1.376 1.255 1.042 1.087 0.984 1.172 1.297 1.368 1.570 1.735 1.949 2.160 2.256 2.015 1.907 1.846 2.034 2.116 2.114 2.138 2.126 1.795 1.868 1.691 1.587 1.600 1.337 1.231 1.296 1.228 1.133 1.280 1.381 1.139 1.212 0.981 1.143 1.036 0.725 0.535 0.489 0.000 0.491 0.559 0.590 0.582 0.678 0.843 0.868 1.022 1.218 1.762 1.934 1.790 1.486 1.568 1.427 1.587 1.629 1.745 1.933 2.331 2.760 3.553 4.175 4.855 5.925 7.446 8.597 9.908 11.794 13.191 15.258
9.083 7.397 5.443 3.754 1.938 1.310 1.380 1.234 1.116 0.931 0.931 0.830 0.733 0.803 0.828 0.962 1.074 1.199 1.440 1.543 1.409 1.185 0.980 0.972 0.847 1.007 1.074 1.188 1.365 1.441 1.602 1.900 1.926 1.677 1.516 1.411 1.653 1.684 1.584 1.694 1.540 1.359 1.478 1.438 1.363 1.238 1.096 0.905 0.948 0.881 0.822 0.987 1.137 0.890 0.897 0.751 0.902 0.858 0.617 0.532 0.514 0.488 0.000 0.488 0.520 0.540 0.533 0.623 0.732 0.917 1.018 1.534 1.674 1.473 1.146 1.124 1.010 1.108 1.142 1.319 1.506 1.977 2.394 3.218 4.012 4.752 5.906 7.638 8.649 10.262 11.564 13.193 14.715
9.014 7.274 5.396 3.692 1.776 1.128 1.171 1.052 0.964 0.840 0.863 0.817 0.720 0.788 0.856 0.965 1.031 1.133 1.436 1.575 1.399 1.204 0.972 0.942 0.791 0.928 0.946 1.107 1.220 1.220 1.395 1.627 1.650 1.417 1.292 1.186 1.403 1.453 1.415 1.543 1.433 1.242 1.313 1.302 1.291 1.179 1.043 0.876 0.923 0.890 0.827 1.019 1.183 0.959 0.892 0.767 0.892 0.836 0.615 0.548 0.517 0.507 0.487 0.000 0.488 0.518 0.536 0.547 0.651 0.862 0.976 1.520 1.606 1.441 1.106 1.123 0.982 1.101 1.131 1.322 1.473 2.009 2.483 3.345 4.023 4.809 5.781 7.437 8.716 9.950 11.608 12.786 14.582
8.834 7.098 5.252 3.553 1.760 1.222 1.275 1.137 1.025 0.881 0.864 0.812 0.735 0.833 0.912 1.016 1.066 1.153 1.394 1.510 1.346 1.151 1.003 0.911 0.776 0.926 1.005 1.153 1.339 1.359 1.510 1.749 1.783 1.505 1.437 1.371 1.571 1.641 1.608 1.665 1.591 1.366 1.441 1.386 1.308 1.200 1.037 0.894 0.987 0.954 0.867 1.069 1.221 1.019 0.977 0.794 0.944 0.914 0.666 0.609 0.531 0.526 0.513 0.487 0.000 0.490 0.521 0.549 0.592 0.744 0.944 1.479 1.559 1.472 1.175 1.182 1.066 1.154 1.188 1.316 1.501 1.943 2.407 3.209 3.919 4.728 5.877 7.378 8.715 10.203 11.758 13.351 14.646
9.060 7.542 5.459 3.753 1.955 1.456 1.535 1.416 1.202 1.072 1.064 1.034 0.949 1.103 1.078 1.162 1.280 1.377 1.713 1.874 1.698 1.577 1.283 1.226 1.075 1.221 1.289 1.375 1.582 1.689 1.858 2.135 2.224 1.891 1.785 1.669 1.973 2.044 1.991 2.138 1.969 1.725 1.844 1.723 1.645 1.584 1.335 1.189 1.210 1.113 0.947 1.078 1.218 0.994 1.103 0.960 1.187 1.204 0.884 0.777 0.637 0.572 0.573 0.540 0.490 0.000 0.491 0.559 0.617 0.715 0.924 1.443 1.635 1.525 1.239 1.292 1.229 1.382 1.488 1.717 1.922 2.332 2.845 3.592 4.193 4.878 5.933 7.537 8.511 10.000 11.610 12.975 14.799
8.978 7.403 5.413 3.679 1.749 1.155 1.241 1.132 1.067 0.939 1.021 0.999 0.891 1.015 1.084 1.182 1.259 1.332 1.628 1.792 1.588 1.388 1.178 1.070 0.926 1.048 1.045 1.190 1.315 1.310 1.481 1.745 1.764 1.490 1.358 1.247 1.489 1.520 1.411 1.564 1.426 1.236 1.387 1.384 1.372 1.194 1.108 0.894 0.966 0.851 0.714 0.930 1.065 0.866 0.928 0.810 1.011 1.042 0.805 0.727 0.678 0.589 0.533 0.520 0.504 0.488 0.000 0.489 0.539 0.670 0.737 1.345 1.471 1.296 1.002 1.003 0.912 1.053 1.120 1.325 1.507 1.990 2.401 3.223 3.956 4.646 5.724 7.523 8.707 10.217 11.726 13.099 14.879
8.927 7.120 5.175 3.524 1.791 1.101 1.181 1.082 1.070 0.944 1.058 1.064 0.968 1.087 1.202 1.314 1.323 1.455 1.710 1.877 1.695 1.442 1.203 1.108 0.941 1.072 1.026 1.226 1.334 1.298 1.489 1.662 1.683 1.437 1.304 1.211 1.418 1.508 1.465 1.558 1.487 1.284 1.414 1.402 1.388 1.240 1.098 0.901 0.987 0.895 0.745 0.938 1.089 0.888 0.907 0.828 1.031 1.074 0.844 0.813 0.759 0.707 0.611 0.546 0.549 0.519 0.489 0.000 0.495 0.644 0.743 1.384 1.462 1.313 1.043 1.048 0.933 1.058 1.119 1.341 1.554 2.063 2.485 3.411 4.119 5.009 6.212 7.580 9.101 10.631 11.903 13.310 14.521
8.870 7.384 5.572 3.906 1.974 1.431 1.597 1.464 1.415 1.235 1.395 1.380 1.279 1.519 1.626 1.723 1.719 1.780 2.023 2.225 2.115 1.790 1.541 1.341 1.154 1.356 1.373 1.690 1.889 1.837 2.064 2.348 2.373 1.967 1.818 1.748 2.130 2.194 2.091 2.246 2.098 1.795 1.881 1.855 1.782 1.636 1.382 1.151 1.288 1.231 1.034 1.260 1.518 1.265 1.364 1.100 1.352 1.449 1.188 1.164 1.062 0.999 0.903 0.701 0.661 0.624 0.586 0.496 0.000 0.533 0.751 1.425 1.645 1.637 1.311 1.411 1.247 1.465 1.505 1.711 1.915 2.364 2.858 3.629 4.302 5.019 6.030 7.611 8.995 10.422 11.924 13.707 15.231
9.307 7.839 5.836 4.309 2.603 2.168 2.566 2.438 2.090 1.995 2.132 2.174 2.168 2.686 2.487 2.567 2.775 2.896 3.283 3.620 3.608 3.304 2.879 2.616 2.274 2.432 2.440 2.643 2.864 3.025 3.212 3.729 3.745 3.147 3.014 2.914 3.445 3.680 3.550 3.915 3.640 3.097 3.524 3.233 3.255 3.052 2.765 2.382 2.562 2.271 1.688 1.749 2.088 1.996 2.382 2.115 2.635 2.726 2.264 1.985 1.695 1.495 1.574 1.296 0.972 0.991 1.036 0.848 0.574 0.000 0.697 1.539 1.926 2.012 1.711 2.088 2.180 2.724 2.963 3.338 3.686 4.199 4.849 5.492 6.150 6.891 7.937 9.631 10.605 12.224 13.669 15.295 16.798
9.575 8.293 6.363 5.014 3.216 2.578 3.449 3.356 3.555 3.212 3.711 3.994 3.674 4.387 4.205 4.282 4.891 4.763 5.195 5.760 5.686 5.354 4.475 3.961 3.386 3.781 3.558 4.080 4.284 4.133 4.468 4.888 4.774 4.037 3.368 3.414 4.081 3.915 3.426 4.054 3.602 3.539 4.138 4.394 4.563 3.781 3.662 3.082 3.428 2.800 2.037 1.970 2.716 2.635 3.097 2.980 3.758 4.037 3.446 3.430 3.229 2.493 2.595 2.516 2.155 1.661 1.635 1.422 1.143 0.583 0.000 1.200 1.751 1.920 1.645 2.076 2.455 2.942 3.316 4.071 4.492 5.091 5.534 6.109 7.129 7.753 8.983 10.397 11.434 12.921 13.873 15.226 17.136
9.491 8.835 7.157 5.798 4.017 3.324 4.361 4.668 5.252 5.082 5.686 5.772 4.896 4.859 5.548 6.297 6.092 6.977 6.996 7.456 6.831 6.646 5.158 5.268 4.552 5.441 5.383 6.274 6.432 6.096 6.120 6.514 6.144 4.929 3.820 4.235 5.413 4.731 4.345 5.655 5.464 5.117 6.004 6.624 6.777 5.749 5.042 4.125 4.143 3.499 2.500 2.707 3.594 2.948 3.660 3.165 4.273 4.438 3.497 3.896 4.515 3.909 2.910 3.077 3.298 2.412 1.974 2.161 2.173 1.387 0.888 0.000 0.692 1.391 1.955 2.677 3.348 4.051 4.852 5.593 6.477 7.015 7.822 8.630 9.472 10.182 11.066 12.694 13.622 14.845 16.840 18.126 20.187
9.135 8.511 6.821 5.603 3.747 3.282 4.103 4.324 5.129 5.275 5.943 6.270 6.069 6.608 6.801 6.975 6.934 7.239 7.318 8.137 7.827 7.298 6.566 5.924 5.426 5.585 5.386 6.078 5.933 5.425 5.503 5.636 5.225 4.359 3.317 3.541 4.381 3.916 3.368 4.084 3.926 4.159 4.974 5.831 6.164 5.453 5.054 4.310 4.496 3.784 2.801 2.505 3.495 3.510 4.404 4.272 5.186 5.855 5.326 5.321 5.136 4.850 4.304 3.975 3.933 3.175 2.752 2.583 2.653 1.937 1.429 0.613 0.000 0.789 1.531 2.106 2.893 3.664 4.241 5.214 5.535 6.423 6.956 7.450 8.423 8.889 9.932 11.603 12.759 13.820 15.622 16.635 18.117
9.196 7.844 6.249 4.804 2.991 2.362 2.983 3.149 3.759 3.656 4.258 4.463 4.326 4.504 5.008 5.138 4.920 5.042 5.138 5.601 5.414 4.908 4.359 3.816 3.490 3.812 3.553 4.310 4.340 3.829 4.072 4.374 3.979 3.332 2.547 2.678 3.414 3.144 2.728 3.342 3.051 3.012 3.678 4.178 4.348 3.380 3.228 2.701 2.487 2.202 1.672 1.543 2.176 2.450 2.708 2.778 3.141 3.824 3.665 4.095 4.018 3.982 3.391 2.990 3.103 2.836 2.339 2.057 2.407 2.166 1.578 1.226 0.590 0.000 0.620 1.109 1.469 2.082 2.653 3.141 3.785 4.410 5.061 5.693 6.344 7.156 8.190 9.700 10.489 11.483 12.946 14.450 15.836
9.443 7.699 5.790 4.120 2.461 1.867 2.156 2.336 2.686 2.696 3.132 3.194 3.118 3.465 3.809 3.803 3.658 3.625 3.744 3.922 3.857 3.440 3.158 2.648 2.475 2.593 2.472 2.985 3.111 2.648 2.952 3.195 2.976 2.389 1.921 1.950 2.359 2.279 1.840 2.239 1.954 1.930 2.321 2.738 2.613 2.143 2.117 1.711 1.677 1.407 1.146 1.113 1.563 1.802 1.941 2.089 2.324 2.747 2.733 3.084 2.980 2.995 2.571 2.225 2.316 2.197 1.791 1.622 1.803 1.697 1.389 1.366 1.047 0.568 0.000 0.543 0.867 1.159 1.479 1.817 2.163 2.757 3.153 4.010 4.734 5.386 6.538 7.895 9.069 10.526 11.937 12.957 14.902
9.211 7.826 5.635 3.989 2.202 1.480 1.697 1.595 1.785 1.661 1.855 1.811 1.763 1.908 2.196 2.255 2.098 2.145 2.194 2.420 2.265 1.889 1.735 1.423 1.367 1.449 1.452 1.815 1.943 1.752 2.074 2.209 2.147 1.901 1.568 1.380 1.709 1.731 1.444 1.649 1.388 1.290 1.517 1.748 1.609 1.319 1.156 0.961 0.940 0.836 0.697 0.717 1.049 1.085 1.164 1.157 1.333 1.612 1.603 1.803 1.841 1.882 1.663 1.447 1.594 1.594 1.272 1.210 1.496 1.465 1.244 1.485 1.339 0.949 0.519 0.000 0.519 0.748 0.927 1.159 1.443 1.979 2.517 3.394 4.149 4.850 5.895 7.969 8.848 10.272 11.481 12.763 14.561
9.214 7.485 5.442 3.802 1.838 1.184 1.265 1.182 1.235 1.146 1.317 1.315 1.262 1.359 1.569 1.664 1.565 1.629 1.787 1.950 1.772 1.477 1.294 1.101 0.992 1.082 1.071 1.289 1.372 1.299 1.519 1.721 1.773 1.483 1.276 1.127 1.326 1.382 1.196 1.276 1.087 1.007 1.153 1.245 1.245 0.967 0.891 0.671 0.714 0.618 0.594 0.686 0.949 0.855 0.856 0.893 1.000 1.176 1.145 1.214 1.250 1.305 1.180 1.014 1.115 1.167 0.994 0.914 1.141 1.263 1.154 1.492 1.476 1.120 0.745 0.503 0.000 0.506 0.642 0.899 1.125 1.699 2.179 3.000 3.810 4.351 5.529 7.633 8.952 10.193 11.587 12.832 13.915
9.535 7.583 5.442 3.876 2.113 1.429 1.510 1.335 1.413 1.213 1.384 1.335 1.316 1.498 1.675 1.716 1.637 1.651 1.769 1.964 1.831 1.494 1.358 1.109 1.011 1.069 1.063 1.407 1.524 1.475 1.776 1.982 2.007 1.761 1.523 1.291 1.551 1.631 1.347 1.418 1.127 1.021 1.182 1.312 1.202 0.888 0.751 0.607 0.609 0.620 0.659 0.853 1.026 0.950 0.907 0.897 1.032 1.249 1.208 1.377 1.356 1.444 1.329 1.109 1.258 1.285 1.085 1.052 1.297 1.400 1.268 1.712 1.709 1.393 0.957 0.719 0.505 0.000 0.508 0.666 0.974 1.572 2.079 3.012 3.697 4.396 5.640 7.288 8.434 9.754 11.191 12.412 14.035
9.464 7.334 5.649 4.058 2.306 1.603 1.698 1.568 1.575 1.336 1.492 1.400 1.469 1.624 1.899 1.860 1.662 1.626 1.713 1.911 1.857 1.492 1.442 1.144 1.069 1.080 1.118 1.446 1.599 1.706 1.970 2.228 2.275 1.997 1.700 1.491 1.744 1.822 1.544 1.593 1.243 1.069 1.184 1.276 1.119 0.841 0.740 0.663 0.702 0.789 0.878 0.984 1.222 1.148 1.096 1.110 1.186 1.458 1.448 1.577 1.539 1.764 1.556 1.283 1.500 1.599 1.314 1.312 1.596 1.692 1.501 1.975 1.988 1.589 1.175 0.911 0.673 0.517 0.000 0.508 0.850 1.357 1.926 2.824 3.438 4.008 5.343 6.703 8.619 9.853 11.358 12.669 14.181
9.485 8.179 5.975 4.440 2.639 2.033 2.097 1.792 1.829 1.607 1.811 1.768 1.856 2.195 2.454 2.398 2.234 2.143 2.205 2.494 2.469 1.918 1.857 1.417 1.241 1.222 1.282 1.671 1.877 1.844 2.369 2.672 2.736 2.492 2.316 1.874 2.248 2.363 2.041 1.986 1.571 1.284 1.289 1.422 1.235 0.847 0.746 0.774 0.902 1.104 1.221 1.435 1.645 1.567 1.475 1.379 1.466 1.854 1.853 2.075 1.915 2.102 2.006 1.644 1.814 1.932 1.692 1.646 1.941 2.050 1.953 2.450 2.465 2.182 1.687 1.503 1.077 0.904 0.528 0.000 0.533 1.092 1.785 2.863 3.500 4.196 5.379 7.159 8.593 9.927 11.486 12.604 14.481
10.479 9.275 7.652 6.139 4.531 3.752 3.670 2.958 3.158 2.694 3.104 2.995 3.217 3.521 4.140 3.832 3.575 3.193 3.139 3.749 3.680 3.026 3.008 2.230 2.209 1.991 2.053 2.616 2.862 2.901 3.803 4.018 4.370 4.107 3.990 3.060 3.325 3.825 3.100 2.933 2.339 1.986 1.664 1.974 1.670 1.178 1.234 1.617 1.516 1.906 2.422 2.730 2.760 2.767 2.276 2.421 2.239 2.876 3.207 3.531 3.556 3.937 3.655 3.047 3.560 3.875 3.384 3.299 4.087 4.186 3.789 4.586 4.773 4.183 3.332 2.738 2.018 1.597 1.184 0.569 0.000 0.649 1.391 2.377 3.108 3.854 5.083 6.563 8.363 9.858 11.022 12.365 14.254
11.452 10.682 9.010 7.695 5.836 4.961 5.459 4.703 4.896 4.363 5.042 4.973 5.298 6.044 7.209 6.582 5.819 5.195 5.027 5.592 5.910 4.889 5.083 3.719 3.598 3.147 3.069 4.150 4.875 4.935 5.894 6.597 7.069 6.180 5.406 4.685 5.437 5.972 4.977 4.676 3.620 2.709 2.883 3.161 2.612 1.850 2.132 2.644 2.989 3.533 3.531 4.088 4.757 4.586 4.600 4.237 4.295 5.070 5.391 6.204 5.662 6.426 6.144 4.894 5.433 5.752 5.088 4.755 5.565 5.740 5.050 5.966 5.903 5.280 4.282 4.130 2.893 2.789 1.895 1.365 0.651 0.000 0.674 1.544 2.475 3.176 4.288 5.592 7.289 8.749 10.150 11.609 13.462
14.265 14.245 12.351 11.442 9.436 8.083 8.916 7.559 7.613 6.254 6.634 6.304 6.212 6.600 8.151 8.157 6.982 6.608 6.081 6.978 7.183 5.714 5.508 4.175 4.418 4.595 4.992 6.198 7.402 7.539 9.397 9.955 10.738 9.948 8.892 7.823 8.902 9.445 7.878 7.664 6.486 5.260 4.796 5.119 4.140 3.310 3.061 3.736 3.837 4.567 5.249 6.080 6.796 5.874 5.238 4.888 4.551 5.417 5.523 6.710 6.921 7.841 6.935 6.117 7.367 7.500 6.733 6.891 8.231 8.413 7.938 9.352 9.649 9.028 7.340 6.803 5.376 4.396 3.257 2.384 1.651 0.673 0.000 0.658 1.353 2.147 3.403 4.918 6.242 7.445 9.316 10.716 12.259
15.336 15.423 14.094 13.153 11.234 9.542 10.282 9.064 9.072 8.185 8.251 8.373 8.560 9.189 10.423 10.015 8.672 7.959 7.432 8.322 8.773 7.185 7.674 6.242 6.491 5.960 6.478 7.857 9.058 9.099 10.805 11.356 12.418 11.246 10.197 9.050 9.951 10.724 8.921 8.489 6.642 5.940 5.325 6.027 4.606 3.945 4.168 5.072 5.604 6.137 6.850 7.261 8.015 7.755 7.166 7.150 6.577 7.623 8.373 9.507 9.192 10.303 9.468 8.566 9.460 9.629 8.747 8.708 10.003 10.044 9.392 10.577 10.687 9.767 8.351 7.295 6.209 5.053 3.745 3.123 2.377 1.349 0.621 0.001 0.617 1.302 2.241 3.477 5.158 5.931 7.725 9.277 10.761
16.026 15.791 14.317 13.274 11.650 10.363 10.630 9.439 9.539 8.619 9.030 8.893 9.638 10.695 11.732 11.126 9.542 9.109 8.083 9.307 9.849 8.291 8.819 7.158 7.422 6.638 7.371 8.133 9.079 9.378 10.867 11.589 12.362 11.464 10.641 9.423 10.088 10.934 9.505 9.186 7.562 6.728 6.076 6.373 5.059 5.120 5.318 6.707 7.200 8.028 8.594 9.040 9.946 9.633 9.037 8.654 8.074 9.187 10.090 10.990 10.339 11.641 11.232 9.793 10.484 10.870 10.487 9.832 10.960 11.329 10.684 11.764 11.526 10.869 9.582 8.885 7.606 6.821 5.236 4.486 3.437 2.308 1.330 0.602 0.000 0.722 1.519 2.576 3.937 4.904 6.427 7.945 9.304
17.199 17.390 16.115 15.123 13.516 12.203 12.457 10.891 11.226 10.005 10.248 10.159 10.390 11.390 12.154 11.896 10.358 9.555 8.496 9.598 10.354 8.966 9.685 8.200 8.653 7.999 8.291 9.376 10.467 10.663 12.578 12.959 14.151 13.236 12.754 11.100 11.875 12.879 11.179 10.819 9.313 8.293 7.867 7.839 6.663 6.613 6.877 7.728 8.480 9.575 10.226 10.968 11.658 11.373 10.383 9.959 9.492 10.345 10.797 11.701 11.619 12.347 12.198 11.042 12.061 12.476 11.876 11.520 12.889 13.039 12.553 13.532 13.505 12.729 11.505 10.871 9.283 8.665 7.154 5.951 4.551 3.416 2.706 1.798 0.751 0.000 0.933 2.068 3.002 3.904 4.920 5.853 7.234
17.977 18.123 17.067 16.333 14.915 13.819 13.727 12.642 13.114 12.362 12.553 12.620 13.221 14.047 15.186 14.147 13.240 12.142 11.006 12.020 12.887 11.540 12.293 10.624 10.657 9.797 10.115 11.193 12.285 12.458 14.003 14.876 15.144 14.420 13.574 12.097 12.780 13.248 11.898 11.104 9.663 9.165 8.636 9.218 8.020 7.878 8.370 9.565 9.977 10.500 11.484 11.629 12.405 12.448 12.216 11.806 11.835 12.782 13.487 14.215 14.064 14.887 14.649 13.447 14.391 14.649 13.703 13.543 14.467 14.558 13.572 14.513 14.074 13.137 12.320 11.338 10.359 9.101 7.824 6.500 5.487 4.224 3.163 2.658 1.920 0.740 0.001 0.754 1.731 2.196 3.118 3.970 5.096
19.591 19.738 18.631 17.925 16.269 14.780 15.044 13.710 13.862 12.856 13.168 12.995 13.659 14.750 15.339 14.597 13.362 12.217 10.898 11.927 13.193 11.812 13.003 11.372 11.415 11.000 10.700 12.012 12.956 13.508 15.028 15.265 16.663 16.019 15.275 13.784 14.180 15.233 13.919 13.149 12.097 10.886 10.458 10.451 8.771 9.185 9.869 10.446 11.653 12.885 13.354 13.971 15.124 14.737 14.082 13.445 13.197 14.295 14.414 15.087 14.828 15.486 15.606 14.389 15.132 15.855 15.171 14.633 16.126 16.516 15.506 16.812 16.639 15.562 14.427 13.947 12.252 11.658 9.896 8.895 7.100 5.798 4.386 3.556 2.666 1.653 0.740 0.000 0.746 1.429 2.060 2.754 3.800
20.910 20.971 20.347 19.504 18.297 16.579 16.713 15.318 15.919 15.254 15.578 15.337 16.167 16.857 17.742 16.922 15.917 14.883 13.358 14.191 15.349 13.931 15.140 13.672 13.800 12.980 12.906 14.450 15.679 15.205 17.290 18.061 18.400 17.870 16.789 15.159 16.137 16.785 14.980 14.755 13.300 12.456 11.966 12.405 11.254 10.946 11.792 12.560 13.557 14.273 15.006 15.212 16.097 15.923 15.629 15.128 15.142 16.100 16.740 17.337 16.959 17.815 17.835 16.398 17.523 17.858 16.976 16.346 18.360 18.288 16.690 18.022 17.813 16.759 15.968 15.117 14.051 13.344 11.973 10.667 9.048 7.538 5.991 5.175 3.856 2.661 1.628 0.718 0.000 0.718 1.458 1.906 2.874
20.962 20.810 19.660 18.962 17.843 16.225 16.193 14.678 15.566 14.751 15.117 15.279 15.931 16.924 17.746 16.907 15.511 14.372 13.518 14.688 15.678 14.238 15.653 14.049 14.068 13.506 12.941 14.084 15.004 14.596 16.554 16.936 18.261 17.317 16.680 15.173 15.490 16.693 15.258 14.965 13.566 12.763 12.117 12.077 11.450 11.326 12.339 13.202 14.293 15.339 15.751 16.428 17.685 17.646 16.681 15.923 15.451 16.938 16.864 17.531 16.649 17.770 17.781 16.331 16.849 18.109 17.155 16.336 17.832 18.522 17.297 18.634 18.597 17.523 16.305 15.668 14.669 14.229 12.336 11.371 9.832 8.027 6.344 5.185 4.220 3.146 2.252 1.338 0.667 0.000 0.721 1.568 2.366
22.227 22.136 20.944 20.367 19.339 17.517 17.699 16.449 17.072 16.477 16.674 16.060 16.712 17.390 18.247 17.275 16.483 15.487 14.140 14.938 16.023 14.905 15.732 14.494 14.975 14.546 14.214 15.463 16.778 16.150 18.224 18.824 19.360 19.086 18.171 16.679 17.485 17.655 16.257 15.790 14.704 13.798 13.335 13.878 12.758 12.603 13.074 13.569 14.661 15.036 15.871 16.463 17.561 17.470 16.848 16.078 16.039 17.117 17.430 18.343 17.845 18.751 18.701 17.096 18.614 18.828 18.179 17.517 19.339 19.257 18.662 18.960 19.034 17.809 16.892 15.960 14.583 14.056 13.290 12.549 10.635 8.943 7.527 6.603 5.386 4.116 2.875 1.964 1.426 0.678 0.001 0.729 1.803
24.383 23.426 22.452 21.967 21.020 19.707 19.335 17.829 17.989 17.397 17.811 18.339 19.260 20.177 20.980 19.697 18.600 17.290 16.391 17.362 18.266 16.923 18.336 16.725 17.353 16.265 15.818 16.680 17.839 17.737 19.239 19.886 20.576 20.590 20.172 18.582 18.725 20.119 18.599 17.937 16.534 16.158 14.530 14.881 14.086 14.393 15.096 16.135 17.288 18.101 18.342 19.575 20.594 20.417 19.962 18.671 18.516 19.869 20.082 20.597 19.912 21.116 21.192 19.633 20.313 21.126 20.043 19.628 20.657 21.720 21.024 21.520 21.582 20.905 19.768 18.550 17.061 17.135 15.232 14.307 12.857 10.154 8.795 7.519 6.374 5.335 3.597 2.973 2.145 1.421 0.771 0.000 1.197
26.072 25.985 25.450 25.078 24.521 23.160 23.504 22.255 22.786 21.813 22.149 21.633 22.026 22.863 23.419 22.656 22.104 20.591 19.862 20.264 20.866 20.165 21.372 19.591 20.853 19.981 19.899 21.244 22.520 21.887 23.863 23.817 24.392 24.368 23.630 22.969 23.087 22.832 22.933 21.745 20.924 20.381 19.348 20.066 18.503 17.868 18.526 19.269 20.005 20.495 21.911 21.852 22.235 22.784 22.040 21.685 20.856 22.029 22.416 22.946 22.702 23.631 23.485 22.192 23.121 23.464 23.144 22.733 23.653 23.681 23.784 23.882 23.972 23.038 22.452 21.049 20.425 20.363 18.694 18.445 16.630 15.476 14.442 13.284 11.543 10.382 8.155 6.800 5.819 3.609 2.892 1.176 0.016
