78.976
82.401
84.316
87.769
89.088
90.399
88.130
85.387
88.399
86.086
81.649
77.321
57.730
61.585
58.764
72.535
81.991
85.454
87.610
90.030
91.267
92.509
92.710
91.987
89.466
86.864
85.844
85.393
89.414
93.707
94.004
95.039
95.479
95.593
95.270
94.525
94.343
94.481
94.845
94.093
92.239
91.133
89.479
88.891
91.651
91.823
93.221
93.587
94.389
93.985
94.468
94.851
95.409
94.941
94.587
93.258
91.487
92.465
92.579
93.570
93.895
92.902
91.587
91.462
91.500
91.892
90.978
92.051
90.884
91.638
92.436
93.808
92.529
93.122
93.249
90.367
86.150
91.752
93.168
93.278
92.452
92.473
94.247
95.211
95.034
95.260
94.731
94.914
94.590
94.217
93.459
93.320
87.165
