62.277
70.787
68.902
74.875
75.282
70.197
74.285
76.565
72.949
75.917
78.293
81.757
82.619
83.654
86.361
83.331
81.608
83.883
83.851
80.876
81.602
82.817
81.840
78.369
74.030
80.306
82.309
80.264
80.679
79.761
80.851
78.687
78.885
75.827
73.093
72.789
72.400
73.605
79.199
82.799
84.552
86.277
86.206
87.328
86.419
84.470
80.524
75.167
79.419
78.955
83.049
87.201
87.380
89.335
91.394
91.695
91.963
89.134
88.934
89.901
90.510
91.616
89.182
85.502
84.360
83.835
82.147
82.408
86.511
86.076
89.085
89.622
89.858
90.472
91.585
89.720
88.954
87.075
82.225
84.570
86.387
85.859
87.437
87.677
85.697
85.158
86.562
86.140
84.523
82.961
80.130
79.106
76.780
