72.092
84.933
88.305
91.036
91.124
92.804
92.895
91.494
88.457
91.765
92.479
91.890
90.849
91.133
91.863
92.365
92.307
93.983
93.275
92.857
93.335
93.667
92.571
92.820
92.119
90.776
88.475
81.873
86.473
89.395
90.940
91.608
92.410
90.997
90.281
88.314
85.585
80.119
78.285
76.923
79.252
83.546
86.753
88.700
90.313
90.919
91.404
91.328
89.451
86.159
81.142
84.279
84.421
87.479
91.622
91.275
93.205
94.346
94.590
94.202
92.061
92.035
92.289
92.491
93.682
92.203
90.414
89.380
87.246
86.801
86.086
89.529
89.857
92.912
92.481
93.658
93.612
94.268
93.145
91.659
89.776
86.171
88.711
90.767
91.048
91.057
90.311
89.304
89.068
90.777
90.543
87.593
84.007
