0.001 1.242 3.304 5.033 6.347 8.654 10.125 11.350 12.719 14.315 14.840 15.607 12.908 11.559 14.248 14.947 14.158 14.108 14.339 13.598 13.822 15.165 15.165 15.804 15.427 15.937 14.430 16.345 16.661 14.208 14.835 12.346 10.760 11.326 12.170 13.881 15.100 15.061 15.869 16.692 16.407 15.722 13.743 13.553 15.011 15.699 13.473 13.366 10.209 9.594 9.127 13.163 10.238 7.700 7.340 5.684 5.282 4.912 4.490 4.913 6.428 5.946 7.039 7.841 9.140 11.943 11.964 13.143 13.710 11.771 10.724 9.522 10.750 8.409 7.156 7.595 8.758 7.077 6.253 8.067 9.636 9.515 6.040 5.553 4.069 3.617 2.754 3.430 4.350 6.514 8.861 11.433 14.172
0.752 0.000 0.609 0.963 1.294 1.739 2.098 2.459 2.858 3.344 3.815 3.708 3.192 2.742 2.930 2.626 2.649 2.465 2.788 2.668 2.802 2.940 3.450 3.384 2.976 3.092 3.136 3.497 3.360 2.725 2.601 2.110 2.066 2.022 2.148 2.590 2.749 2.838 3.128 3.357 3.437 3.144 2.744 2.398 2.736 2.723 2.186 2.338 1.804 1.828 2.190 2.334 2.125 1.753 1.464 1.635 1.540 1.835 2.028 2.264 2.562 2.553 2.280 2.272 2.118 2.693 2.882 3.057 3.067 3.366 3.112 2.784 3.020 3.193 2.971 2.745 3.136 3.228 2.964 3.264 2.903 2.567 2.279 1.770 1.552 1.189 0.958 0.933 1.483 2.435 3.604 5.647 7.110
1.140 0.529 0.000 0.517 0.758 1.002 1.299 1.628 1.896 2.278 2.600 2.703 2.213 1.862 2.150 2.028 2.209 2.057 2.389 2.343 2.480 2.706 3.003 2.911 2.747 2.655 2.663 2.943 2.855 2.328 2.342 1.888 1.755 1.771 1.792 2.164 2.340 2.241 2.529 2.832 2.757 2.425 2.033 1.865 2.194 2.217 1.766 2.015 1.479 1.407 1.733 1.980 1.796 1.361 1.282 1.197 1.204 1.303 1.274 1.323 1.697 1.770 1.761 1.743 1.859 2.246 2.415 2.570 2.524 2.639 2.420 2.018 2.231 2.300 1.970 1.758 2.082 2.113 1.765 1.857 1.672 1.451 1.226 1.020 0.910 0.730 0.746 0.826 1.272 2.106 3.176 5.314 6.832
1.549 0.835 0.516 0.000 0.513 0.706 0.912 1.241 1.458 1.838 2.125 2.237 1.750 1.423 1.647 1.560 1.794 1.640 1.917 1.931 1.863 2.099 2.349 2.415 2.302 2.253 2.404 2.684 2.455 2.094 1.920 1.598 1.494 1.528 1.499 1.855 1.972 1.737 2.020 2.165 2.101 1.799 1.474 1.324 1.655 1.613 1.300 1.498 1.158 1.189 1.500 1.769 1.708 1.339 1.243 1.053 1.064 1.052 1.057 1.131 1.389 1.455 1.386 1.380 1.515 1.786 1.795 1.986 2.021 2.006 1.876 1.583 1.737 1.742 1.511 1.404 1.677 1.684 1.454 1.615 1.501 1.277 1.007 0.812 0.710 0.681 0.805 1.061 1.421 2.229 3.218 5.371 6.620
1.500 0.929 0.662 0.503 0.000 0.505 0.615 0.850 1.030 1.359 1.706 1.728 1.363 1.092 1.301 1.294 1.414 1.441 1.677 1.734 1.775 1.975 2.141 2.202 2.077 2.035 2.172 2.311 2.197 1.821 1.761 1.480 1.357 1.351 1.327 1.528 1.519 1.415 1.567 1.733 1.653 1.424 1.134 1.021 1.284 1.288 1.030 1.153 0.997 0.969 1.214 1.451 1.434 1.135 1.129 1.019 0.971 0.983 0.917 1.014 1.335 1.284 1.285 1.275 1.415 1.637 1.662 1.844 1.787 1.826 1.685 1.446 1.530 1.565 1.319 1.218 1.394 1.429 1.196 1.220 1.042 0.845 0.704 0.624 0.602 0.641 0.783 0.982 1.312 2.043 3.077 5.161 6.589
1.664 1.111 0.855 0.651 0.497 0.000 0.498 0.621 0.813 1.107 1.482 1.512 1.119 0.929 1.098 1.161 1.385 1.367 1.622 1.727 1.721 1.873 2.035 2.087 2.025 1.992 2.186 2.462 2.310 1.952 1.792 1.560 1.352 1.416 1.317 1.516 1.503 1.307 1.417 1.544 1.439 1.209 0.942 0.940 1.136 1.138 0.951 1.091 0.998 1.000 1.281 1.436 1.530 1.283 1.227 1.062 1.087 0.996 0.873 0.886 1.159 1.183 1.214 1.250 1.419 1.656 1.558 1.718 1.662 1.628 1.505 1.304 1.346 1.341 1.158 1.041 1.160 1.201 0.975 0.997 0.855 0.654 0.584 0.589 0.669 0.811 0.954 1.179 1.468 2.151 3.112 5.169 6.597
1.743 1.238 1.015 0.787 0.604 0.496 0.000 0.501 0.668 0.950 1.326 1.368 1.000 0.783 0.978 1.023 1.195 1.278 1.536 1.659 1.676 1.858 1.980 2.007 1.952 1.929 2.082 2.280 2.177 1.843 1.730 1.489 1.316 1.342 1.187 1.356 1.306 1.158 1.267 1.399 1.336 1.102 0.814 0.827 1.024 1.080 0.916 1.084 1.026 0.987 1.199 1.337 1.444 1.197 1.226 1.033 1.094 0.974 0.849 0.897 1.181 1.183 1.234 1.243 1.428 1.630 1.608 1.674 1.575 1.591 1.479 1.289 1.259 1.279 1.113 0.980 1.116 1.149 0.931 0.935 0.765 0.606 0.565 0.585 0.677 0.843 0.986 1.238 1.508 2.246 3.203 5.338 6.959
2.086 1.607 1.354 1.140 0.884 0.689 0.502 0.000 0.505 0.734 1.158 1.298 0.962 0.872 1.114 1.297 1.532 1.706 2.029 2.211 2.282 2.498 2.640 2.654 2.617 2.540 2.753 3.054 2.887 2.575 2.406 2.110 1.895 1.880 1.607 1.823 1.719 1.443 1.485 1.647 1.504 1.195 0.890 0.998 1.213 1.224 1.118 1.301 1.281 1.298 1.580 1.802 1.932 1.671 1.705 1.448 1.589 1.395 1.247 1.231 1.535 1.563 1.736 1.727 1.997 2.178 2.188 2.266 2.122 2.053 1.977 1.707 1.651 1.667 1.414 1.240 1.284 1.322 1.118 0.966 0.702 0.655 0.756 0.905 1.038 1.241 1.369 1.669 1.920 2.563 3.489 5.428 6.829
2.831 2.367 1.926 1.583 1.331 1.004 0.731 0.511 0.000 0.529 0.898 1.126 0.900 0.876 1.253 1.413 1.710 2.016 2.403 2.554 2.744 3.130 3.202 3.035 3.097 2.956 3.138 3.576 3.602 3.180 3.045 2.735 2.372 2.355 1.972 2.205 2.038 1.774 1.741 1.927 1.715 1.312 1.079 1.294 1.562 1.491 1.425 1.762 1.749 1.819 2.157 2.304 2.546 2.336 2.361 2.012 2.267 1.902 1.647 1.582 1.961 2.108 2.380 2.271 2.714 2.916 2.798 2.780 2.386 2.344 2.401 2.117 1.933 2.042 1.925 1.497 1.449 1.592 1.322 1.110 0.788 0.817 0.990 1.231 1.440 1.749 1.959 2.513 2.611 3.297 4.185 6.055 7.581
4.135 3.382 3.018 2.313 2.015 1.597 1.256 0.942 0.652 0.000 0.591 0.952 1.012 1.212 1.712 2.053 2.570 3.041 3.462 3.873 3.927 4.356 4.514 4.417 4.459 4.318 4.741 5.125 5.190 4.539 4.192 3.718 3.305 3.242 3.043 3.322 3.336 2.540 2.530 2.831 2.537 1.871 1.400 1.958 2.343 2.366 2.306 2.971 2.821 2.630 3.291 3.454 3.949 3.241 3.265 2.824 2.947 2.483 2.187 2.099 2.742 2.844 3.173 3.089 3.553 3.901 3.940 3.899 3.652 3.376 3.347 2.913 2.884 2.821 2.504 2.097 2.085 2.310 1.943 1.776 1.266 1.317 1.376 1.681 1.982 2.309 2.697 3.425 3.841 4.416 5.548 7.157 8.450
5.823 5.350 4.808 3.928 3.270 2.666 1.983 1.527 1.070 0.568 0.000 0.656 1.264 1.790 2.073 2.693 3.351 4.001 4.578 5.118 5.421 5.870 6.037 6.005 5.849 5.733 6.340 6.921 6.999 6.500 5.917 5.374 4.777 4.729 4.245 4.393 4.037 3.488 3.022 3.331 2.822 2.313 1.843 2.543 3.078 2.762 2.785 3.660 3.847 3.670 4.534 4.606 5.309 4.817 4.801 4.326 4.681 4.245 3.621 3.582 4.349 4.460 4.945 4.721 5.256 5.606 5.419 5.262 4.859 4.431 4.523 4.105 3.686 3.872 3.703 2.955 2.838 3.161 2.810 2.628 1.909 2.094 2.419 3.031 3.250 4.221 4.413 5.130 5.486 6.227 7.074 8.274 9.363
5.543 5.157 4.810 4.462 3.585 3.450 2.484 2.202 1.552 1.076 0.598 0.000 0.731 1.301 1.825 2.059 2.289 2.683 3.165 3.606 3.798 4.277 4.311 4.174 4.093 4.079 4.536 4.836 5.009 4.494 4.187 3.809 3.420 3.322 3.034 3.231 3.026 2.756 2.531 2.905 2.803 2.214 2.096 2.462 2.883 2.977 3.012 3.616 3.811 3.294 3.855 3.662 4.120 3.765 3.864 3.388 3.980 3.838 3.283 3.720 4.544 4.107 4.312 3.798 4.134 4.314 4.080 3.973 3.457 3.564 3.677 3.176 2.842 3.287 3.212 2.409 2.564 3.230 2.813 2.880 2.396 2.840 2.618 3.326 3.182 4.145 3.925 4.607 4.904 5.297 6.143 7.427 8.561
3.031 2.466 2.082 1.886 1.619 1.561 1.140 1.302 1.002 1.086 0.964 0.644 0.000 0.540 1.042 1.319 1.886 2.339 2.941 3.320 3.514 3.952 4.174 3.866 3.792 3.677 3.823 4.429 4.499 3.873 3.866 3.276 2.770 2.697 2.167 2.511 2.164 1.714 1.683 1.977 1.878 1.320 1.081 1.190 1.675 1.721 1.658 1.907 1.919 1.764 2.179 2.431 2.728 2.471 2.537 2.150 2.470 2.332 1.993 2.067 2.642 2.817 3.012 2.943 3.188 3.623 3.654 3.599 3.277 3.270 3.276 2.668 2.430 2.694 2.432 1.821 1.832 2.247 1.843 1.816 1.524 1.556 1.440 1.630 1.650 1.978 2.199 2.567 2.748 3.462 4.420 6.137 7.642
2.351 1.867 1.648 1.525 1.222 1.158 0.936 0.961 0.840 0.945 1.117 0.954 0.510 0.000 0.507 0.600 0.895 1.110 1.420 1.662 1.768 2.031 2.156 2.109 2.085 2.006 2.150 2.518 2.471 2.123 1.967 1.691 1.402 1.335 1.038 1.171 0.989 0.784 0.883 1.042 1.084 0.819 0.740 0.693 0.831 1.074 1.162 1.198 1.253 1.063 1.190 1.204 1.417 1.332 1.384 1.259 1.502 1.426 1.227 1.365 1.751 1.574 1.660 1.536 1.775 1.971 1.830 1.798 1.600 1.671 1.624 1.371 1.226 1.373 1.276 1.015 1.107 1.262 1.093 1.136 1.064 1.100 1.017 1.170 1.121 1.385 1.363 1.603 1.782 2.447 3.407 5.382 6.911
2.493 2.080 1.860 1.764 1.457 1.421 1.071 1.112 0.893 1.150 1.332 1.213 0.672 0.509 0.000 0.510 0.712 1.080 1.353 1.745 1.971 2.199 2.256 2.180 2.131 1.887 2.116 2.399 2.476 2.209 2.100 1.830 1.531 1.295 0.944 0.927 0.761 0.638 0.746 0.985 1.103 0.841 0.823 0.760 0.879 1.090 1.174 1.230 1.315 1.057 1.091 1.019 1.270 1.362 1.417 1.414 1.748 1.682 1.436 1.554 1.938 1.820 2.002 1.832 2.113 2.239 2.088 1.994 1.824 1.811 1.816 1.612 1.364 1.557 1.506 1.180 1.189 1.423 1.264 1.233 1.127 1.266 1.138 1.458 1.342 1.583 1.576 1.716 1.819 2.406 3.276 5.183 6.657
1.854 1.507 1.350 1.321 1.114 1.129 0.948 1.046 0.986 1.151 1.380 1.258 0.829 0.599 0.500 0.000 0.492 0.591 0.735 0.930 1.073 1.310 1.328 1.286 1.241 1.178 1.421 1.610 1.543 1.354 1.240 1.069 0.901 0.809 0.628 0.628 0.591 0.591 0.661 0.916 0.968 0.750 0.766 0.686 0.759 0.932 0.977 1.048 1.069 0.881 0.977 0.846 0.982 0.963 0.987 0.928 1.134 1.175 1.074 1.269 1.548 1.409 1.333 1.155 1.300 1.368 1.294 1.229 1.078 1.205 1.239 1.029 0.999 1.182 1.081 0.961 1.078 1.322 1.195 1.306 1.235 1.215 1.038 1.154 1.011 1.145 1.094 1.213 1.410 2.119 3.100 4.986 6.672
2.177 1.765 1.677 1.683 1.515 1.549 1.397 1.466 1.381 1.453 1.701 1.518 1.137 0.943 0.650 0.495 0.000 0.493 0.593 0.785 0.929 1.113 1.216 1.167 1.120 1.063 1.375 1.608 1.411 1.220 1.065 0.972 0.782 0.696 0.602 0.603 0.656 0.649 0.770 1.005 1.096 0.916 1.027 0.887 0.940 1.153 1.235 1.279 1.319 1.086 1.076 0.927 1.032 1.054 0.988 1.035 1.282 1.469 1.420 1.712 1.918 1.691 1.581 1.273 1.321 1.287 1.250 1.137 0.967 1.189 1.292 1.047 1.051 1.379 1.350 1.195 1.346 1.677 1.635 1.786 1.666 1.713 1.517 1.577 1.346 1.477 1.274 1.396 1.549 2.277 3.240 5.296 6.860
1.838 1.457 1.383 1.356 1.229 1.291 1.186 1.329 1.257 1.421 1.592 1.439 1.107 0.949 0.780 0.598 0.502 0.000 0.493 0.591 0.798 0.990 1.056 0.992 0.916 0.892 1.166 1.408 1.261 1.023 0.954 0.838 0.659 0.596 0.572 0.600 0.710 0.740 0.888 1.117 1.216 1.022 1.054 0.912 1.011 1.204 1.175 1.251 1.180 0.971 0.983 0.865 0.905 0.884 0.834 0.837 1.049 1.152 1.139 1.376 1.603 1.346 1.290 1.090 1.133 1.171 1.074 0.998 0.831 0.995 1.052 0.884 0.890 1.105 1.132 0.991 1.129 1.383 1.350 1.511 1.463 1.449 1.256 1.296 1.101 1.163 1.045 1.147 1.348 2.086 3.110 5.160 6.739
2.103 1.718 1.593 1.582 1.437 1.534 1.443 1.545 1.505 1.683 1.810 1.662 1.342 1.109 0.988 0.804 0.625 0.494 0.000 0.495 0.665 0.828 0.947 0.847 0.810 0.813 1.115 1.321 1.162 0.982 0.823 0.782 0.626 0.623 0.633 0.674 0.797 0.895 1.058 1.298 1.424 1.240 1.298 1.109 1.219 1.417 1.414 1.448 1.372 1.123 1.130 0.975 0.996 0.990 0.957 0.980 1.177 1.302 1.317 1.569 1.752 1.521 1.402 1.148 1.154 1.101 1.021 0.938 0.830 1.064 1.166 1.019 1.047 1.328 1.271 1.204 1.367 1.635 1.560 1.769 1.708 1.676 1.502 1.536 1.279 1.368 1.198 1.364 1.512 2.176 3.172 5.101 6.773
2.529 2.210 2.099 2.191 2.081 2.257 2.249 2.357 2.261 2.449 2.596 2.278 1.919 1.742 1.658 1.304 0.994 0.798 0.523 0.000 0.510 0.651 0.848 0.908 0.908 0.990 1.315 1.509 1.295 1.106 0.863 0.902 0.783 0.866 1.004 0.925 1.077 1.342 1.520 1.744 2.063 1.906 2.120 1.820 1.844 2.172 2.265 2.140 2.070 1.738 1.623 1.277 1.259 1.401 1.169 1.207 1.413 1.595 1.638 1.967 2.121 1.711 1.505 1.205 1.159 0.999 0.900 0.819 0.791 1.094 1.142 1.048 1.204 1.475 1.480 1.524 1.757 2.004 2.001 2.312 2.448 2.381 2.065 2.085 1.808 1.807 1.665 1.782 1.969 2.488 3.565 5.648 7.172
2.481 2.101 2.125 2.125 2.032 2.169 2.123 2.364 2.193 2.452 2.595 2.352 1.986 1.780 1.694 1.405 1.181 0.958 0.671 0.536 0.000 0.502 0.670 0.764 0.836 0.944 1.255 1.452 1.247 1.029 0.819 0.873 0.826 0.892 1.085 1.075 1.327 1.493 1.735 1.980 2.202 2.042 2.049 1.785 1.937 2.219 2.197 2.105 2.023 1.642 1.641 1.382 1.319 1.340 1.171 1.165 1.376 1.578 1.663 1.993 2.088 1.721 1.553 1.183 1.175 0.988 0.889 0.744 0.762 1.021 1.116 1.035 1.175 1.453 1.498 1.518 1.703 1.924 1.987 2.275 2.370 2.323 2.034 2.061 1.772 1.747 1.554 1.641 1.891 2.447 3.379 5.562 7.053
2.344 1.969 1.915 1.796 1.762 1.826 1.819 2.013 1.947 2.207 2.462 2.289 1.887 1.674 1.697 1.462 1.349 1.056 0.931 0.690 0.500 0.000 0.519 0.773 0.867 1.042 1.318 1.379 1.165 1.029 0.820 0.872 0.848 1.021 1.201 1.346 1.540 1.718 1.889 2.204 2.281 2.062 1.918 1.775 2.009 2.126 2.019 2.070 1.936 1.685 1.757 1.595 1.475 1.406 1.194 1.073 1.199 1.309 1.306 1.565 1.680 1.423 1.293 0.973 1.045 0.864 0.700 0.642 0.782 0.981 0.999 0.922 1.109 1.304 1.280 1.302 1.497 1.695 1.622 1.919 2.001 1.925 1.685 1.659 1.458 1.477 1.445 1.584 1.858 2.513 3.513 5.494 6.977
2.914 2.542 2.676 2.563 2.693 2.866 2.926 3.274 3.161 3.492 3.861 3.419 3.067 2.688 2.674 2.382 2.043 1.740 1.365 1.026 0.678 0.532 0.000 0.567 0.974 1.305 1.614 1.671 1.393 1.326 0.974 1.162 1.280 1.602 1.896 1.990 2.445 2.837 3.014 3.314 3.661 3.344 3.101 2.915 3.226 3.585 3.196 3.353 3.132 2.789 2.845 2.525 2.261 2.135 1.743 1.664 1.605 1.762 1.890 2.304 2.281 1.913 1.571 1.343 1.183 1.035 0.951 0.811 1.031 1.418 1.483 1.440 1.844 2.047 2.027 2.023 2.402 2.605 2.678 3.172 3.324 3.110 2.706 2.549 2.271 2.141 2.142 2.175 2.611 3.095 4.077 6.068 7.129
3.351 3.177 3.366 3.447 3.681 3.787 3.865 4.091 4.057 4.225 4.621 4.210 3.766 3.281 3.148 2.601 2.060 1.758 1.171 0.921 0.889 0.804 0.561 0.000 0.536 0.808 1.165 1.480 1.323 1.293 1.135 1.302 1.500 1.325 1.755 1.636 2.127 2.646 3.029 3.300 3.806 3.688 3.585 3.283 3.332 3.689 3.618 3.396 3.240 2.797 2.470 2.003 1.753 2.008 1.870 2.105 2.314 2.759 2.965 3.295 3.395 2.981 2.546 2.101 1.889 1.597 1.469 1.113 1.243 1.595 1.795 2.019 2.213 2.482 2.651 2.777 3.268 3.428 3.483 4.075 4.213 4.152 3.796 3.538 3.172 3.023 2.687 2.570 2.660 2.979 3.918 5.771 7.049
2.966 2.805 2.886 3.047 3.110 3.279 3.248 3.525 3.423 3.621 3.706 3.436 3.081 2.799 2.770 2.187 1.966 1.516 1.135 0.869 0.895 0.915 0.765 0.512 0.000 0.531 0.946 1.203 1.130 1.092 0.998 1.203 1.323 1.271 1.667 1.591 2.029 2.364 2.704 3.001 3.371 3.292 3.214 2.862 3.025 3.391 3.234 3.148 2.877 2.520 2.191 1.883 1.653 1.800 1.640 1.880 2.005 2.413 2.473 2.874 2.953 2.601 2.345 1.842 1.780 1.539 1.481 1.186 1.231 1.535 1.761 1.711 1.980 2.181 2.303 2.381 2.667 2.894 3.061 3.306 3.593 3.532 3.160 3.145 2.717 2.567 2.279 2.207 2.352 2.713 3.623 5.537 7.157
3.274 3.065 3.211 3.354 3.383 3.627 3.425 3.969 3.742 3.899 4.187 3.766 3.308 3.103 2.920 2.405 1.991 1.715 1.251 0.934 1.069 1.119 1.203 0.932 0.554 0.000 0.651 1.133 1.106 0.977 0.947 1.151 1.297 1.316 1.646 1.545 2.123 2.490 2.967 3.243 3.609 3.368 3.377 3.139 3.227 3.601 3.547 3.316 3.069 2.697 2.439 2.010 1.695 1.877 1.767 1.928 2.187 2.648 2.750 3.244 3.606 2.958 2.593 2.093 1.881 1.622 1.728 1.465 1.523 2.163 2.115 2.043 2.387 2.784 2.707 2.705 3.276 3.458 3.371 3.944 4.078 4.030 3.487 3.365 3.021 2.857 2.455 2.402 2.673 2.808 3.734 5.563 7.009
4.004 3.701 3.788 3.924 4.004 4.122 3.959 4.326 3.862 4.237 4.204 3.721 3.309 3.320 3.176 2.708 2.160 1.762 1.391 1.231 1.530 1.774 1.858 1.498 1.031 0.581 0.000 0.546 0.977 1.199 1.456 1.533 1.675 1.538 2.181 2.062 2.484 2.923 3.180 3.847 4.194 3.727 3.773 3.543 3.874 4.350 4.229 4.219 3.900 3.353 3.232 2.654 2.270 2.546 2.131 2.537 2.676 3.161 3.295 3.715 4.070 3.482 3.117 2.522 2.400 2.204 2.201 2.151 1.794 2.308 2.595 2.307 2.398 2.863 3.064 2.932 3.197 3.661 3.620 4.253 4.245 4.334 3.848 3.936 3.571 3.492 3.039 2.976 3.235 3.287 4.143 5.855 7.382
4.404 4.207 4.572 4.921 5.139 5.331 5.589 5.942 5.863 6.009 6.069 5.880 5.439 5.024 4.794 4.058 3.552 2.929 2.418 2.185 2.430 2.006 2.605 2.159 1.311 1.314 0.694 0.000 0.637 1.179 1.730 2.214 2.522 2.435 2.726 2.766 3.096 3.683 4.142 4.502 5.417 5.323 5.029 4.978 4.739 5.367 5.237 5.124 4.766 4.160 3.688 2.936 2.738 2.940 2.728 3.176 3.510 4.003 4.513 4.688 5.064 4.589 4.026 3.271 3.058 2.681 2.803 3.102 3.421 3.899 3.760 3.648 4.264 4.683 4.493 4.776 5.322 5.378 5.610 5.822 5.932 6.057 5.633 5.099 4.590 4.127 3.860 3.406 3.694 3.857 4.726 6.239 7.626
3.535 2.983 3.306 3.067 3.486 3.671 3.944 4.507 4.349 4.906 5.141 4.718 4.267 3.961 3.956 3.450 3.009 2.469 2.027 1.463 1.393 1.333 1.616 1.530 1.197 1.295 0.981 0.568 0.000 0.572 0.811 1.044 1.575 1.927 2.558 2.673 3.366 3.829 4.275 4.918 5.202 4.784 4.466 4.047 4.575 4.896 4.545 4.602 4.136 3.564 3.507 3.134 2.551 2.572 1.970 2.066 1.847 2.136 2.534 2.829 2.694 2.351 1.982 1.837 1.461 1.428 1.713 1.893 2.050 2.515 2.395 2.211 2.769 3.040 2.688 2.960 3.614 3.590 3.519 4.080 4.323 4.044 3.580 3.159 2.901 2.510 2.616 2.459 2.973 3.366 4.267 5.976 7.390
2.495 2.114 2.152 2.200 2.240 2.346 2.396 2.594 2.525 2.786 3.001 2.812 2.370 2.209 2.241 1.894 1.691 1.347 1.168 0.878 0.876 0.955 1.192 1.126 0.833 1.017 0.986 0.745 0.536 0.000 0.500 0.639 0.896 1.101 1.414 1.511 1.967 2.172 2.476 2.838 2.992 2.751 2.576 2.380 2.634 2.816 2.683 2.693 2.366 2.109 2.001 1.816 1.531 1.490 1.216 1.248 1.378 1.594 1.655 1.970 2.005 1.703 1.514 1.202 1.145 1.088 1.144 1.151 1.228 1.389 1.384 1.228 1.469 1.579 1.593 1.712 1.890 2.050 2.100 2.338 2.415 2.435 2.190 2.103 1.871 1.827 1.645 1.731 2.023 2.499 3.438 5.300 6.937
2.375 1.961 1.957 1.908 1.863 1.901 1.930 2.046 2.022 2.376 2.609 2.489 2.048 1.816 1.963 1.714 1.579 1.228 1.141 0.838 0.780 0.847 1.083 1.108 0.895 1.095 1.111 1.003 0.715 0.493 0.000 0.518 0.658 0.943 1.297 1.480 1.839 1.983 2.280 2.567 2.632 2.298 2.079 2.001 2.354 2.414 2.203 2.478 2.129 1.845 1.918 1.755 1.483 1.452 1.045 1.008 1.135 1.291 1.362 1.585 1.742 1.483 1.353 1.018 1.024 0.974 0.995 1.033 1.069 1.323 1.236 1.055 1.333 1.509 1.378 1.437 1.618 1.772 1.694 2.044 2.035 1.935 1.712 1.692 1.487 1.493 1.431 1.453 1.845 2.415 3.317 5.402 6.872
2.078 1.666 1.633 1.546 1.481 1.587 1.498 1.650 1.603 1.819 1.989 1.875 1.513 1.275 1.282 1.082 0.963 0.739 0.735 0.630 0.689 0.845 1.033 1.009 0.849 0.989 1.090 1.104 0.869 0.592 0.500 0.000 0.493 0.616 0.805 0.964 1.163 1.304 1.437 1.745 1.846 1.610 1.577 1.377 1.648 1.781 1.747 1.802 1.634 1.347 1.371 1.232 1.120 1.022 0.818 0.726 0.949 1.087 1.143 1.402 1.586 1.352 1.206 0.920 0.950 0.925 0.915 0.953 0.915 1.130 1.115 0.945 1.047 1.272 1.197 1.132 1.323 1.546 1.444 1.695 1.648 1.637 1.408 1.385 1.185 1.227 1.096 1.232 1.579 2.156 3.167 5.184 6.794
1.656 1.159 1.109 1.068 1.021 1.113 1.122 1.282 1.284 1.549 1.765 1.601 1.269 1.002 1.006 0.807 0.728 0.579 0.571 0.548 0.596 0.762 0.897 0.865 0.804 0.850 1.037 1.226 1.079 0.763 0.602 0.495 0.000 0.495 0.545 0.698 0.814 0.883 1.089 1.233 1.412 1.212 1.161 0.992 1.101 1.265 1.187 1.202 1.098 0.890 0.904 0.802 0.795 0.665 0.583 0.567 0.696 0.805 0.848 1.042 1.194 1.012 0.899 0.707 0.786 0.815 0.787 0.764 0.727 0.873 0.855 0.719 0.832 0.972 0.923 0.881 1.080 1.266 1.157 1.351 1.367 1.260 1.082 1.032 0.868 0.867 0.760 0.856 1.119 1.877 2.936 5.029 6.673
1.614 1.154 1.118 1.095 1.061 1.178 1.151 1.294 1.286 1.499 1.689 1.578 1.231 0.989 0.903 0.700 0.629 0.551 0.557 0.578 0.657 0.819 0.953 0.941 0.868 0.865 1.129 1.305 1.135 0.880 0.724 0.564 0.491 0.000 0.490 0.545 0.660 0.734 0.914 1.080 1.232 1.096 1.096 0.916 0.980 1.159 1.114 1.080 0.994 0.818 0.793 0.660 0.663 0.592 0.574 0.611 0.766 0.888 0.945 1.152 1.277 1.100 0.979 0.829 0.854 0.883 0.835 0.843 0.783 0.941 0.935 0.808 0.883 1.051 1.011 0.990 1.130 1.321 1.241 1.436 1.388 1.349 1.159 1.117 0.935 0.921 0.786 0.856 1.075 1.860 2.876 5.040 6.801
1.639 1.183 1.107 1.141 1.061 1.186 1.127 1.270 1.227 1.418 1.630 1.450 1.122 0.889 0.799 0.614 0.557 0.536 0.580 0.706 0.839 1.031 1.152 1.145 1.051 0.960 1.185 1.458 1.328 1.042 0.931 0.723 0.554 0.489 0.000 0.491 0.535 0.638 0.834 1.030 1.202 1.021 1.044 0.864 0.970 1.160 1.115 1.071 0.970 0.783 0.672 0.566 0.615 0.586 0.589 0.629 0.805 0.908 0.942 1.153 1.314 1.131 1.028 0.901 0.956 1.056 1.007 1.011 0.901 1.033 1.043 0.877 0.889 1.088 1.027 0.937 1.105 1.269 1.230 1.377 1.346 1.316 1.102 1.121 0.906 0.908 0.794 0.854 1.053 1.845 2.866 4.977 6.789
1.827 1.421 1.360 1.368 1.339 1.431 1.445 1.659 1.567 1.834 2.034 1.823 1.463 1.170 1.033 0.724 0.591 0.607 0.734 0.958 1.158 1.386 1.569 1.474 1.383 1.186 1.461 1.808 1.700 1.398 1.231 0.984 0.753 0.588 0.494 0.000 0.503 0.757 0.990 1.231 1.496 1.346 1.395 1.168 1.304 1.575 1.479 1.484 1.267 0.992 0.928 0.665 0.768 0.774 0.793 0.808 1.027 1.053 1.130 1.301 1.482 1.319 1.233 1.088 1.161 1.299 1.277 1.328 1.206 1.363 1.301 1.080 1.157 1.353 1.220 1.144 1.367 1.550 1.448 1.682 1.705 1.627 1.357 1.285 1.096 1.092 0.990 1.137 1.313 2.108 3.002 5.112 6.863
2.359 2.027 1.906 1.931 1.657 1.697 1.454 1.535 1.506 1.584 1.831 1.684 1.300 1.072 0.784 0.660 0.656 0.778 0.842 1.094 1.381 1.598 1.664 1.517 1.327 1.188 1.435 1.682 1.599 1.449 1.437 1.303 1.092 0.831 0.625 0.504 0.000 0.495 0.668 0.870 1.083 0.904 1.017 0.875 0.837 1.049 1.179 1.179 1.275 1.044 0.980 0.744 0.978 1.086 1.181 1.309 1.671 1.837 1.694 1.992 2.348 2.123 2.061 1.693 1.782 1.785 1.782 1.642 1.446 1.698 1.823 1.545 1.491 1.849 1.813 1.537 1.747 2.052 1.972 2.079 1.858 1.884 1.725 1.855 1.625 1.759 1.526 1.615 1.626 2.260 3.242 5.211 6.812
1.951 1.548 1.380 1.347 1.143 1.189 1.027 1.186 1.123 1.298 1.522 1.364 1.019 0.801 0.623 0.552 0.654 0.823 1.005 1.221 1.398 1.645 1.717 1.627 1.509 1.371 1.589 1.877 1.825 1.577 1.510 1.285 1.066 0.893 0.686 0.644 0.494 0.000 0.497 0.613 0.812 0.704 0.777 0.655 0.626 0.854 0.895 0.900 0.932 0.786 0.845 0.710 0.931 0.933 1.044 1.049 1.276 1.353 1.222 1.404 1.665 1.594 1.557 1.373 1.498 1.663 1.549 1.629 1.402 1.514 1.579 1.322 1.275 1.505 1.385 1.177 1.321 1.558 1.408 1.503 1.352 1.315 1.200 1.249 1.115 1.232 1.122 1.299 1.360 2.091 3.010 5.002 6.676
2.150 1.776 1.642 1.589 1.375 1.409 1.214 1.381 1.260 1.428 1.636 1.505 1.096 0.861 0.651 0.632 0.856 1.045 1.284 1.474 1.683 1.891 1.966 1.929 1.780 1.692 1.909 2.204 2.160 1.830 1.743 1.498 1.289 1.100 0.869 0.909 0.679 0.502 0.000 0.498 0.603 0.632 0.793 0.734 0.693 0.877 1.022 1.081 1.114 0.959 1.011 0.962 1.179 1.142 1.223 1.261 1.457 1.543 1.488 1.638 1.936 1.839 1.739 1.610 1.693 1.821 1.821 1.840 1.640 1.834 1.820 1.553 1.523 1.751 1.639 1.415 1.539 1.789 1.703 1.809 1.598 1.572 1.443 1.480 1.355 1.442 1.370 1.484 1.589 2.212 3.211 5.120 6.737
2.902 2.576 2.304 2.219 1.858 1.868 1.569 1.637 1.572 1.673 1.897 1.718 1.427 1.184 0.862 0.887 1.073 1.391 1.597 1.929 2.210 2.493 2.526 2.382 2.271 2.139 2.302 2.645 2.783 2.414 2.354 2.090 1.815 1.643 1.241 1.208 0.916 0.712 0.495 0.000 0.538 0.664 0.923 0.941 0.759 0.981 1.237 1.281 1.527 1.319 1.421 1.331 1.670 1.641 1.846 1.792 2.182 2.234 2.042 2.270 2.698 2.530 2.552 2.264 2.435 2.579 2.473 2.416 2.092 2.262 2.355 2.063 1.900 2.237 2.221 1.898 2.005 2.321 2.170 2.272 1.969 1.980 1.930 2.012 1.916 2.105 1.992 2.211 2.238 2.836 3.698 5.475 6.992
3.471 3.050 2.660 2.487 2.053 1.915 1.508 1.458 1.372 1.419 1.720 1.641 1.344 1.200 0.980 1.277 1.553 1.953 2.365 2.735 3.097 3.416 3.457 3.336 3.155 2.919 3.091 3.561 3.772 3.380 3.280 2.897 2.559 2.307 1.810 1.692 1.351 1.004 0.676 0.528 0.000 0.556 0.754 1.013 0.857 1.007 1.307 1.478 1.673 1.642 1.703 1.641 2.102 2.168 2.408 2.406 2.708 2.632 2.364 2.372 2.877 2.798 3.050 2.947 3.110 3.353 3.234 3.171 2.841 2.881 2.880 2.634 2.351 2.465 2.435 2.038 2.080 2.269 2.154 2.002 1.697 1.837 1.826 2.099 2.192 2.463 2.501 2.738 2.630 3.155 3.942 5.721 7.097
2.464 2.030 1.714 1.496 1.240 1.139 0.912 1.009 1.051 1.178 1.572 1.469 1.080 0.805 0.775 0.896 1.191 1.480 1.767 2.058 2.246 2.371 2.530 2.508 2.363 2.288 2.466 2.816 2.854 2.486 2.354 2.116 1.793 1.622 1.359 1.375 1.158 0.874 0.739 0.613 0.527 0.000 0.496 0.580 0.641 0.682 0.744 1.034 1.162 1.136 1.307 1.440 1.712 1.561 1.721 1.574 1.811 1.691 1.468 1.514 1.846 1.859 1.991 1.993 2.171 2.335 2.281 2.275 2.085 2.149 2.086 1.871 1.727 1.899 1.741 1.468 1.566 1.755 1.560 1.554 1.334 1.251 1.188 1.262 1.320 1.530 1.617 1.889 1.987 2.682 3.543 5.421 7.027
1.954 1.500 1.286 1.226 0.971 1.001 0.808 0.947 0.944 1.091 1.365 1.287 0.971 0.676 0.652 0.755 0.995 1.192 1.417 1.647 1.790 1.977 2.089 2.038 1.998 1.878 2.068 2.374 2.346 2.041 1.898 1.669 1.430 1.265 1.100 1.127 1.001 0.773 0.753 0.764 0.669 0.492 0.000 0.488 0.529 0.565 0.564 0.677 0.770 0.789 0.994 1.116 1.299 1.212 1.305 1.252 1.398 1.391 1.294 1.412 1.702 1.656 1.671 1.600 1.722 1.913 1.848 1.872 1.682 1.727 1.756 1.469 1.411 1.587 1.470 1.230 1.317 1.527 1.391 1.444 1.260 1.194 1.087 1.150 1.093 1.253 1.245 1.378 1.511 2.235 3.145 5.004 6.633
1.914 1.515 1.299 1.274 1.003 1.015 0.835 0.935 0.901 1.037 1.370 1.329 0.881 0.645 0.630 0.693 0.902 1.028 1.275 1.478 1.640 1.812 1.876 1.877 1.798 1.740 1.915 2.161 2.121 1.825 1.725 1.484 1.282 1.180 0.929 1.019 0.852 0.642 0.715 0.743 0.724 0.534 0.487 0.000 0.488 0.533 0.568 0.590 0.737 0.753 0.880 0.968 1.168 1.100 1.202 1.128 1.356 1.334 1.185 1.328 1.649 1.516 1.599 1.478 1.619 1.768 1.676 1.681 1.535 1.585 1.581 1.344 1.273 1.404 1.318 1.084 1.213 1.380 1.226 1.256 1.147 1.107 1.016 1.123 1.063 1.234 1.154 1.325 1.444 2.164 3.159 4.946 6.667
1.952 1.544 1.322 1.252 1.023 1.042 0.882 1.011 0.990 1.182 1.461 1.350 0.965 0.690 0.636 0.681 0.884 0.995 1.238 1.404 1.496 1.713 1.771 1.755 1.739 1.671 1.834 2.084 2.065 1.759 1.652 1.470 1.247 1.140 0.952 0.997 0.863 0.642 0.687 0.672 0.687 0.546 0.520 0.486 0.000 0.490 0.539 0.622 0.769 0.772 0.936 1.002 1.192 1.076 1.204 1.141 1.316 1.337 1.201 1.313 1.586 1.527 1.541 1.420 1.574 1.707 1.578 1.590 1.407 1.501 1.511 1.296 1.249 1.425 1.318 1.127 1.248 1.430 1.257 1.317 1.211 1.160 1.044 1.131 1.061 1.220 1.186 1.369 1.449 2.145 3.120 4.985 6.610
2.281 1.812 1.591 1.495 1.179 1.163 0.986 1.161 1.162 1.275 1.590 1.467 1.155 0.849 0.780 0.839 1.032 1.260 1.507 1.824 1.971 2.244 2.266 2.144 2.131 1.988 2.189 2.546 2.539 2.253 2.173 1.928 1.675 1.488 1.202 1.176 0.993 0.784 0.788 0.813 0.779 0.609 0.581 0.543 0.491 0.000 0.502 0.616 0.827 0.923 1.131 1.212 1.450 1.447 1.638 1.493 1.765 1.767 1.552 1.667 2.002 1.948 2.061 1.868 2.096 2.281 2.091 2.070 1.785 1.860 1.965 1.728 1.525 1.793 1.739 1.431 1.516 1.804 1.610 1.645 1.465 1.399 1.286 1.385 1.359 1.583 1.528 1.744 1.794 2.461 3.335 5.319 6.766
1.916 1.493 1.258 1.227 0.943 1.037 0.934 1.113 1.132 1.301 1.605 1.582 1.235 0.963 0.876 1.022 1.164 1.340 1.592 1.823 1.914 2.111 2.176 2.183 2.111 2.042 2.207 2.512 2.425 2.135 1.980 1.785 1.531 1.389 1.200 1.227 1.125 0.943 0.943 0.944 0.910 0.690 0.613 0.577 0.562 0.498 0.000 0.541 0.614 0.763 1.027 1.160 1.311 1.230 1.345 1.312 1.500 1.467 1.364 1.474 1.827 1.776 1.808 1.719 1.843 2.023 1.995 1.996 1.868 1.910 1.871 1.686 1.575 1.754 1.630 1.421 1.504 1.697 1.531 1.587 1.379 1.263 1.194 1.183 1.170 1.249 1.285 1.422 1.548 2.223 3.204 5.289 6.835
2.019 1.688 1.369 1.479 1.190 1.314 1.150 1.261 1.381 1.474 1.773 1.844 1.479 1.263 1.218 1.381 1.629 1.900 2.167 2.379 2.635 2.844 3.010 2.816 2.697 2.507 2.521 2.901 3.005 2.564 2.586 2.273 2.049 1.856 1.559 1.674 1.489 1.190 1.291 1.253 1.153 1.000 0.819 0.730 0.690 0.629 0.524 0.000 0.529 0.674 1.035 1.335 1.516 1.385 1.690 1.742 1.992 2.012 1.841 1.956 2.437 2.419 2.477 2.389 2.397 2.753 2.752 2.809 2.650 2.701 2.736 2.328 2.251 2.435 2.284 1.945 2.059 2.285 2.015 1.981 1.632 1.602 1.543 1.647 1.564 1.663 1.550 1.606 1.575 2.246 3.159 5.177 6.769
1.712 1.254 1.076 1.096 0.869 1.108 1.087 1.280 1.388 1.640 1.957 1.856 1.535 1.205 1.170 1.116 1.290 1.322 1.450 1.579 1.737 1.895 2.099 2.012 1.844 1.731 1.841 2.114 2.064 1.700 1.647 1.381 1.314 1.166 1.001 1.197 1.174 0.980 1.169 1.219 1.194 1.099 0.975 0.736 0.749 0.775 0.568 0.505 0.000 0.515 0.715 0.980 1.051 0.862 1.014 1.080 1.213 1.322 1.334 1.514 1.745 1.703 1.632 1.510 1.504 1.735 1.820 1.898 1.770 1.906 1.860 1.603 1.686 1.846 1.680 1.496 1.750 1.882 1.656 1.811 1.663 1.480 1.310 1.278 1.101 1.076 0.964 1.074 1.250 1.979 3.035 5.222 6.793
1.742 1.266 1.142 1.113 0.923 1.055 1.053 1.254 1.311 1.530 1.870 1.735 1.382 1.056 0.974 0.852 1.017 1.060 1.263 1.410 1.531 1.714 1.879 1.806 1.656 1.583 1.683 1.926 1.898 1.637 1.559 1.311 1.159 0.983 0.797 0.942 0.904 0.776 1.035 1.158 1.234 1.071 0.966 0.739 0.816 0.927 0.677 0.632 0.500 0.000 0.502 0.634 0.830 0.696 0.928 0.969 1.152 1.239 1.230 1.414 1.650 1.547 1.505 1.393 1.463 1.656 1.660 1.704 1.578 1.712 1.710 1.404 1.447 1.677 1.480 1.302 1.520 1.687 1.489 1.647 1.540 1.384 1.212 1.161 1.008 1.049 0.939 1.061 1.151 1.874 2.890 4.909 6.526
1.818 1.415 1.262 1.219 1.083 1.215 1.333 1.535 1.719 1.948 2.232 2.152 1.825 1.435 1.335 1.098 1.119 1.130 1.192 1.346 1.673 1.907 2.010 1.809 1.657 1.440 1.602 1.891 1.964 1.667 1.658 1.407 1.203 0.893 0.712 0.775 0.860 0.927 1.286 1.452 1.643 1.495 1.350 1.048 1.105 1.275 1.036 0.884 0.688 0.506 0.000 0.493 0.665 0.636 0.941 1.102 1.343 1.451 1.451 1.644 1.939 1.896 1.816 1.664 1.726 1.904 1.896 1.955 1.752 1.948 2.041 1.662 1.753 2.005 1.875 1.671 1.961 2.136 1.885 2.059 1.899 1.659 1.512 1.362 1.219 1.212 1.010 1.118 1.153 1.974 2.887 4.843 6.469
1.822 1.393 1.339 1.386 1.303 1.453 1.499 1.667 1.667 1.860 2.068 1.937 1.570 1.312 1.185 0.949 0.914 0.917 0.992 1.168 1.376 1.578 1.677 1.595 1.462 1.314 1.509 1.776 1.711 1.436 1.397 1.175 1.000 0.795 0.633 0.663 0.742 0.811 1.084 1.261 1.491 1.367 1.348 1.060 1.095 1.307 1.209 1.085 0.930 0.679 0.501 0.000 0.531 0.591 0.818 0.980 1.225 1.370 1.371 1.607 1.830 1.728 1.658 1.409 1.496 1.588 1.630 1.622 1.437 1.593 1.682 1.404 1.432 1.715 1.627 1.493 1.684 1.858 1.760 1.879 1.824 1.705 1.522 1.497 1.258 1.232 1.019 1.068 1.167 1.895 2.781 4.803 6.680
1.805 1.447 1.494 1.711 1.726 2.047 2.046 2.439 2.339 2.605 2.770 2.488 2.198 1.856 1.608 1.272 1.213 1.249 1.387 1.563 1.882 2.112 2.333 2.245 2.043 1.795 1.935 2.252 2.153 1.746 1.737 1.345 1.229 0.889 0.722 0.784 0.850 1.001 1.308 1.508 1.854 1.760 1.893 1.515 1.499 1.872 1.790 1.621 1.399 0.998 0.752 0.529 0.000 0.530 0.713 1.025 1.271 1.677 1.888 2.139 2.378 2.202 1.937 1.818 1.565 1.847 2.122 2.223 2.122 2.377 2.445 2.023 2.113 2.485 2.361 2.145 2.445 2.758 2.514 2.837 2.725 2.584 2.193 2.042 1.642 1.467 1.068 0.951 1.140 1.870 3.060 5.412 7.063
1.620 1.191 1.151 1.251 1.191 1.376 1.418 1.662 1.710 2.037 2.289 2.055 1.656 1.368 1.243 1.032 0.985 0.937 0.981 1.038 1.166 1.356 1.542 1.536 1.446 1.295 1.514 1.759 1.631 1.319 1.199 0.906 0.765 0.621 0.668 0.784 0.888 0.953 1.216 1.393 1.646 1.469 1.405 1.185 1.223 1.454 1.283 1.206 1.049 0.784 0.644 0.611 0.507 0.000 0.504 0.633 0.824 1.054 1.191 1.426 1.550 1.482 1.198 1.069 1.031 1.220 1.249 1.340 1.332 1.438 1.408 1.238 1.337 1.513 1.432 1.372 1.615 1.753 1.686 1.895 1.883 1.762 1.476 1.374 1.063 1.005 0.779 0.785 0.999 1.861 2.863 4.904 6.577
1.622 1.134 1.164 1.221 1.238 1.437 1.529 1.839 1.878 2.201 2.438 2.320 1.858 1.574 1.597 1.323 1.257 1.040 1.136 1.166 1.269 1.553 1.722 1.718 1.633 1.399 1.556 1.872 1.844 1.411 1.332 0.951 0.800 0.698 0.778 1.008 1.218 1.314 1.661 1.886 2.101 1.842 1.776 1.469 1.680 1.880 1.685 1.659 1.351 1.028 0.895 0.858 0.707 0.514 0.000 0.510 0.645 0.784 0.921 1.163 1.279 1.134 1.031 0.907 1.028 1.301 1.314 1.446 1.383 1.510 1.385 1.122 1.329 1.467 1.238 1.265 1.547 1.605 1.502 1.759 1.854 1.734 1.395 1.221 0.949 0.845 0.662 0.702 0.892 1.744 2.840 4.807 6.563
1.463 0.898 0.850 0.793 0.821 0.907 0.967 1.142 1.190 1.493 1.767 1.645 1.258 1.004 1.034 0.885 0.858 0.727 0.791 0.787 0.808 0.941 1.100 1.145 1.048 1.068 1.239 1.425 1.289 1.021 0.897 0.681 0.567 0.563 0.630 0.795 0.906 0.922 1.138 1.310 1.436 1.258 1.153 0.976 1.122 1.240 1.126 1.146 0.978 0.812 0.835 0.807 0.771 0.586 0.495 0.000 0.492 0.529 0.609 0.767 0.872 0.760 0.643 0.587 0.686 0.856 0.807 0.904 0.904 0.986 0.909 0.768 0.891 0.959 0.833 0.807 1.020 1.119 1.006 1.189 1.195 1.078 0.882 0.788 0.622 0.576 0.544 0.649 0.991 1.820 2.856 5.036 6.601
1.441 1.016 0.866 0.830 0.844 0.957 1.043 1.229 1.302 1.629 1.844 1.743 1.385 1.179 1.173 1.008 0.995 0.884 0.959 0.949 0.945 1.060 1.247 1.270 1.239 1.229 1.444 1.620 1.462 1.144 1.011 0.821 0.701 0.729 0.768 0.954 1.021 1.049 1.237 1.409 1.522 1.334 1.249 1.099 1.170 1.316 1.190 1.176 1.053 0.859 0.935 0.938 0.887 0.722 0.585 0.489 0.000 0.492 0.577 0.733 0.819 0.652 0.564 0.598 0.695 0.859 0.877 1.011 1.019 1.085 0.983 0.852 0.982 1.066 0.898 0.921 1.108 1.173 1.062 1.250 1.261 1.151 0.936 0.813 0.631 0.566 0.567 0.719 1.054 1.806 2.890 5.108 6.512
1.458 0.963 0.876 0.810 0.798 0.822 0.859 0.997 1.059 1.351 1.606 1.555 1.197 0.993 1.115 1.055 1.095 0.971 1.050 1.011 0.960 1.061 1.226 1.305 1.241 1.294 1.434 1.617 1.407 1.142 1.005 0.850 0.776 0.850 0.882 1.115 1.171 1.166 1.318 1.493 1.510 1.288 1.136 1.031 1.217 1.277 1.153 1.234 1.104 0.947 1.093 1.099 1.068 0.853 0.694 0.534 0.490 0.000 0.488 0.538 0.654 0.558 0.534 0.560 0.666 0.834 0.820 0.959 0.988 1.033 0.876 0.766 0.879 0.903 0.703 0.729 0.889 0.941 0.751 0.946 0.973 0.889 0.667 0.630 0.547 0.566 0.642 0.766 1.116 1.877 2.925 5.087 6.724
1.626 1.127 0.987 0.844 0.780 0.765 0.803 0.954 1.011 1.304 1.545 1.498 1.122 0.929 1.046 1.021 1.030 0.943 1.073 1.041 0.977 1.092 1.247 1.356 1.301 1.376 1.572 1.732 1.536 1.265 1.083 0.917 0.815 0.899 0.890 1.097 1.150 1.088 1.250 1.407 1.419 1.216 1.087 0.982 1.153 1.229 1.103 1.191 1.090 0.952 1.113 1.133 1.132 0.944 0.808 0.599 0.558 0.490 0.000 0.495 0.637 0.536 0.546 0.576 0.730 0.886 0.835 0.977 0.991 1.049 0.886 0.769 0.857 0.872 0.716 0.649 0.838 0.870 0.680 0.871 0.924 0.833 0.635 0.585 0.550 0.620 0.712 0.902 1.253 2.038 2.971 5.100 6.644
2.106 1.598 1.380 1.135 1.093 1.024 1.120 1.236 1.365 1.671 2.018 1.942 1.475 1.280 1.397 1.381 1.417 1.362 1.498 1.532 1.489 1.664 1.907 1.952 1.931 1.917 2.105 2.398 2.205 1.853 1.661 1.415 1.218 1.275 1.310 1.484 1.613 1.515 1.667 1.843 1.913 1.638 1.434 1.374 1.588 1.671 1.556 1.709 1.552 1.388 1.589 1.651 1.617 1.379 1.238 0.951 0.989 0.701 0.510 0.000 0.651 0.610 0.809 0.927 1.203 1.393 1.291 1.468 1.447 1.534 1.292 1.092 1.241 1.267 0.980 0.955 1.218 1.215 0.891 1.139 1.192 1.016 0.763 0.710 0.682 0.912 1.138 1.396 1.750 2.458 3.360 5.303 6.759
2.917 2.269 2.032 1.632 1.489 1.282 1.427 1.472 1.664 2.166 2.527 2.607 2.065 1.819 2.200 2.121 2.419 2.268 2.529 2.455 2.158 2.058 2.478 2.856 2.757 2.971 3.025 3.351 2.900 2.565 2.249 2.053 1.982 2.306 2.230 2.695 2.744 2.517 2.712 2.932 2.723 2.391 1.968 1.948 2.442 2.268 2.023 2.415 2.199 2.069 2.522 2.749 2.673 2.323 2.048 1.652 1.372 0.920 0.684 0.531 0.000 0.538 0.767 1.092 1.415 1.507 1.509 1.907 2.139 2.152 1.700 1.591 1.949 1.738 1.267 1.478 1.802 1.610 1.215 1.422 1.435 1.200 1.048 0.916 1.136 1.387 1.724 2.129 2.595 3.199 4.366 6.007 7.189
1.996 1.472 1.357 1.192 1.166 1.115 1.197 1.345 1.431 1.792 2.043 2.018 1.568 1.386 1.571 1.438 1.437 1.270 1.307 1.244 1.091 1.161 1.364 1.479 1.441 1.565 1.738 1.821 1.600 1.349 1.134 1.039 0.972 1.167 1.223 1.479 1.636 1.651 1.826 2.032 2.036 1.835 1.632 1.433 1.753 1.830 1.698 1.813 1.629 1.371 1.620 1.602 1.501 1.276 1.062 0.810 0.722 0.580 0.571 0.570 0.512 0.000 0.495 0.549 0.689 0.871 0.879 1.085 1.153 1.239 0.998 0.881 1.101 1.099 0.853 0.919 1.159 1.173 0.982 1.174 1.264 1.110 0.896 0.841 0.805 0.904 1.020 1.237 1.625 2.369 3.334 5.314 6.706
1.802 1.275 1.200 1.143 1.124 1.190 1.239 1.471 1.499 1.877 2.094 2.026 1.584 1.382 1.506 1.335 1.323 1.111 1.144 1.029 0.920 1.008 1.212 1.291 1.280 1.359 1.543 1.678 1.499 1.195 1.023 0.890 0.840 1.010 1.087 1.296 1.535 1.496 1.736 1.966 2.017 1.804 1.611 1.371 1.723 1.780 1.614 1.688 1.425 1.275 1.386 1.428 1.283 1.060 0.906 0.704 0.593 0.577 0.605 0.732 0.656 0.492 0.000 0.496 0.548 0.759 0.737 0.925 0.995 1.106 0.916 0.843 1.036 1.055 0.873 0.955 1.193 1.239 1.070 1.346 1.424 1.309 1.068 0.959 0.834 0.863 0.905 1.050 1.371 2.075 3.088 5.059 6.512
1.988 1.451 1.349 1.248 1.272 1.294 1.412 1.616 1.655 2.025 2.225 2.123 1.710 1.504 1.600 1.439 1.313 1.103 1.091 0.966 0.828 0.928 1.140 1.243 1.176 1.317 1.497 1.602 1.385 1.144 0.907 0.820 0.767 0.985 1.132 1.315 1.486 1.602 1.807 2.022 2.179 1.925 1.744 1.576 1.794 1.904 1.772 1.892 1.647 1.406 1.507 1.455 1.303 1.171 0.912 0.770 0.641 0.607 0.704 0.885 0.850 0.579 0.496 0.000 0.515 0.685 0.684 0.826 0.925 1.048 0.899 0.787 1.034 1.068 0.851 1.005 1.248 1.281 1.183 1.435 1.592 1.415 1.176 1.032 0.955 0.933 0.973 1.143 1.500 2.209 3.168 5.212 6.661
2.422 1.901 1.919 1.746 1.847 1.806 1.904 2.050 2.037 2.410 2.618 2.545 2.105 1.935 2.187 2.023 1.955 1.628 1.643 1.410 1.086 1.103 1.417 1.628 1.593 1.859 2.030 2.036 1.656 1.398 1.021 1.044 1.055 1.491 1.697 2.047 2.204 2.283 2.501 2.779 2.921 2.502 2.282 2.131 2.605 2.601 2.425 2.604 2.288 2.078 2.195 2.192 1.960 1.786 1.300 1.025 0.852 0.845 0.967 1.177 1.223 0.863 0.651 0.504 0.000 0.582 0.806 1.095 1.377 1.480 1.241 1.094 1.392 1.422 1.172 1.313 1.527 1.539 1.497 1.749 1.876 1.853 1.556 1.518 1.336 1.363 1.393 1.526 2.056 2.670 3.614 5.731 7.262
2.251 1.753 1.887 1.851 2.122 2.347 2.602 2.936 3.071 3.369 3.621 3.396 2.968 2.647 2.905 2.463 2.347 1.892 1.812 1.480 1.041 0.969 1.239 1.637 1.633 1.972 2.159 2.250 1.887 1.517 1.127 1.174 1.274 1.636 1.906 2.284 2.691 2.808 3.070 3.449 3.635 3.291 3.095 2.815 3.120 3.297 2.938 3.020 2.554 2.331 2.375 2.386 2.126 1.887 1.438 1.325 1.027 1.216 1.555 1.852 1.800 1.430 1.022 0.808 0.538 0.000 0.633 0.873 1.362 1.467 1.302 1.317 1.786 1.796 1.688 1.872 2.273 2.354 2.267 2.941 2.942 2.697 2.318 2.069 1.721 1.451 1.566 1.543 2.037 2.735 3.712 5.672 7.196
2.045 1.605 1.652 1.583 1.657 1.693 1.787 1.913 1.909 2.189 2.343 2.190 1.799 1.642 1.781 1.573 1.367 1.151 1.067 0.889 0.614 0.652 0.800 0.982 1.072 1.290 1.563 1.623 1.410 1.134 0.860 0.872 0.861 1.165 1.304 1.465 1.707 1.833 1.991 2.211 2.367 2.096 1.958 1.834 2.071 2.177 2.092 2.174 1.941 1.716 1.827 1.698 1.581 1.431 1.151 1.019 0.922 0.953 1.080 1.300 1.336 0.997 0.827 0.687 0.685 0.513 0.000 0.495 0.618 0.731 0.676 0.679 0.892 0.975 0.954 1.106 1.286 1.407 1.417 1.690 1.806 1.746 1.523 1.463 1.281 1.237 1.267 1.380 1.737 2.428 3.390 5.482 6.935
1.966 1.582 1.605 1.526 1.505 1.524 1.481 1.571 1.461 1.697 1.812 1.711 1.387 1.243 1.277 1.110 0.969 0.827 0.756 0.685 0.563 0.604 0.668 0.779 0.887 1.000 1.254 1.381 1.228 0.993 0.801 0.824 0.764 0.911 0.988 1.051 1.149 1.272 1.366 1.566 1.707 1.527 1.477 1.387 1.535 1.669 1.660 1.697 1.615 1.365 1.443 1.269 1.253 1.193 1.032 0.952 0.940 0.992 1.009 1.207 1.269 1.003 0.880 0.721 0.768 0.669 0.492 0.000 0.488 0.527 0.533 0.538 0.606 0.736 0.788 0.869 0.956 1.134 1.153 1.414 1.497 1.502 1.287 1.326 1.189 1.231 1.200 1.319 1.569 2.209 3.106 5.113 6.563
1.988 1.602 1.542 1.474 1.417 1.406 1.354 1.447 1.323 1.577 1.746 1.627 1.289 1.134 1.187 1.022 0.928 0.787 0.733 0.624 0.596 0.629 0.659 0.816 0.843 0.962 1.236 1.328 1.169 1.001 0.811 0.828 0.726 0.857 0.961 1.008 1.141 1.256 1.347 1.580 1.705 1.455 1.402 1.290 1.483 1.628 1.580 1.602 1.542 1.319 1.410 1.255 1.206 1.141 1.004 0.912 0.971 0.987 0.955 1.149 1.246 1.011 0.938 0.784 0.881 0.801 0.559 0.488 0.000 0.488 0.512 0.518 0.522 0.616 0.703 0.710 0.802 0.996 1.023 1.229 1.314 1.345 1.164 1.241 1.113 1.190 1.155 1.290 1.538 2.168 3.150 5.191 6.589
2.460 2.054 1.997 1.853 1.825 1.718 1.727 1.675 1.576 1.880 2.032 1.998 1.579 1.501 1.613 1.472 1.199 1.041 0.904 0.840 0.716 0.786 0.813 0.881 0.983 1.111 1.384 1.490 1.348 1.222 1.018 1.061 0.959 1.145 1.271 1.328 1.534 1.709 1.879 2.094 2.179 1.947 1.865 1.802 2.013 2.101 2.102 2.111 2.101 1.776 1.848 1.670 1.567 1.581 1.330 1.197 1.278 1.196 1.103 1.212 1.334 1.096 1.168 0.953 1.109 1.014 0.706 0.531 0.489 0.000 0.490 0.554 0.581 0.575 0.659 0.816 0.833 0.941 1.043 1.266 1.404 1.489 1.332 1.463 1.400 1.532 1.567 1.731 1.976 2.544 3.372 5.319 6.731
1.898 1.485 1.393 1.251 1.213 1.174 1.201 1.278 1.270 1.592 1.775 1.737 1.314 1.150 1.273 1.146 1.050 0.878 0.885 0.787 0.692 0.766 0.791 0.909 1.027 1.141 1.379 1.488 1.356 1.123 0.929 0.919 0.801 0.948 1.022 1.131 1.288 1.363 1.495 1.762 1.794 1.564 1.413 1.317 1.553 1.609 1.510 1.613 1.464 1.305 1.419 1.364 1.307 1.198 1.036 0.858 0.899 0.832 0.775 0.924 1.075 0.831 0.844 0.709 0.851 0.816 0.593 0.524 0.507 0.488 0.000 0.487 0.513 0.531 0.520 0.593 0.696 0.828 0.840 1.082 1.187 1.152 0.971 1.009 0.940 1.050 1.071 1.252 1.540 2.230 3.194 5.087 6.628
1.994 1.537 1.419 1.283 1.201 1.163 1.101 1.207 1.122 1.398 1.650 1.541 1.152 0.985 1.083 0.997 0.912 0.804 0.838 0.789 0.689 0.762 0.824 0.923 1.004 1.098 1.410 1.533 1.358 1.168 0.944 0.917 0.760 0.900 0.928 1.057 1.167 1.179 1.309 1.542 1.552 1.317 1.220 1.134 1.356 1.430 1.380 1.497 1.405 1.206 1.302 1.265 1.260 1.150 1.021 0.849 0.895 0.857 0.782 0.967 1.136 0.911 0.859 0.738 0.858 0.808 0.599 0.543 0.513 0.505 0.487 0.000 0.488 0.515 0.526 0.531 0.611 0.783 0.802 1.061 1.136 1.147 0.941 1.022 0.930 1.045 1.078 1.281 1.524 2.238 3.264 5.257 6.802
1.988 1.578 1.518 1.380 1.290 1.272 1.217 1.263 1.193 1.460 1.650 1.577 1.183 1.080 1.201 1.091 0.990 0.843 0.837 0.779 0.701 0.799 0.872 0.967 1.028 1.105 1.356 1.477 1.308 1.113 0.963 0.881 0.744 0.891 0.978 1.109 1.292 1.330 1.455 1.697 1.717 1.450 1.362 1.318 1.535 1.599 1.571 1.612 1.537 1.339 1.431 1.362 1.285 1.186 1.008 0.867 0.949 0.912 0.833 1.012 1.184 0.968 0.937 0.760 0.905 0.879 0.643 0.593 0.522 0.520 0.507 0.487 0.000 0.489 0.512 0.531 0.556 0.664 0.777 0.990 1.087 1.172 1.001 1.090 1.004 1.102 1.136 1.278 1.546 2.205 3.107 5.142 6.681
2.362 1.917 1.833 1.593 1.550 1.410 1.410 1.443 1.371 1.727 1.893 1.830 1.368 1.310 1.426 1.343 1.154 1.023 1.019 0.986 0.896 1.047 1.023 1.093 1.222 1.318 1.654 1.797 1.634 1.506 1.220 1.187 1.030 1.191 1.255 1.314 1.510 1.617 1.750 2.010 2.076 1.773 1.690 1.608 1.873 1.970 1.936 2.039 1.936 1.681 1.797 1.671 1.587 1.548 1.302 1.141 1.168 1.057 0.905 1.016 1.159 0.940 1.042 0.912 1.131 1.149 0.845 0.743 0.617 0.556 0.554 0.530 0.489 0.000 0.490 0.547 0.590 0.661 0.750 1.006 1.174 1.208 1.078 1.175 1.174 1.325 1.419 1.661 1.929 2.536 3.478 5.250 6.713
1.923 1.464 1.305 1.184 1.078 1.020 0.993 1.075 1.046 1.364 1.646 1.566 1.144 0.973 1.120 1.037 1.004 0.885 0.964 0.939 0.837 0.956 1.015 1.110 1.196 1.269 1.563 1.701 1.514 1.313 1.116 1.012 0.873 0.993 0.998 1.123 1.241 1.229 1.370 1.607 1.611 1.345 1.206 1.134 1.383 1.417 1.316 1.467 1.356 1.170 1.337 1.323 1.312 1.144 1.048 0.849 0.917 0.807 0.668 0.854 1.000 0.816 0.882 0.761 0.953 0.983 0.764 0.700 0.656 0.580 0.525 0.512 0.500 0.488 0.000 0.487 0.526 0.603 0.594 0.879 0.984 0.963 0.795 0.867 0.838 0.981 1.043 1.256 1.530 2.247 3.208 5.162 6.723
1.945 1.457 1.315 1.184 1.078 1.031 0.977 1.065 1.048 1.260 1.533 1.442 1.069 0.904 1.016 0.968 0.967 0.852 0.958 0.962 0.884 1.001 1.109 1.201 1.208 1.333 1.575 1.725 1.554 1.298 1.102 1.003 0.854 0.972 0.949 1.104 1.195 1.163 1.310 1.493 1.506 1.261 1.135 1.091 1.288 1.378 1.315 1.434 1.332 1.162 1.302 1.272 1.273 1.127 1.002 0.818 0.901 0.814 0.678 0.843 1.004 0.808 0.834 0.756 0.933 0.988 0.779 0.754 0.714 0.669 0.576 0.529 0.529 0.509 0.488 0.000 0.490 0.590 0.592 0.876 0.942 0.964 0.824 0.902 0.829 0.963 1.011 1.222 1.504 2.183 3.091 5.188 6.843
2.250 1.807 1.739 1.570 1.433 1.397 1.313 1.395 1.316 1.587 1.804 1.794 1.319 1.190 1.385 1.268 1.231 1.067 1.200 1.191 1.107 1.308 1.385 1.464 1.490 1.553 1.790 1.950 1.832 1.549 1.360 1.195 1.018 1.192 1.200 1.434 1.618 1.610 1.793 2.055 2.062 1.740 1.568 1.531 1.866 1.942 1.859 1.967 1.827 1.587 1.668 1.632 1.539 1.441 1.234 1.022 1.141 1.067 0.910 1.115 1.352 1.111 1.198 0.976 1.198 1.269 1.039 0.999 0.933 0.867 0.793 0.639 0.601 0.577 0.553 0.491 0.000 0.509 0.627 0.938 1.091 1.203 1.041 1.181 1.079 1.271 1.306 1.494 1.803 2.403 3.323 5.161 6.677
3.431 3.027 2.774 2.414 2.218 1.960 1.854 1.853 1.651 2.128 2.307 2.246 1.723 1.701 1.957 1.894 1.607 1.571 1.664 1.718 1.683 2.031 1.897 1.977 2.204 2.282 2.603 2.873 2.758 2.541 2.257 2.072 1.769 1.943 1.923 2.051 2.210 2.308 2.415 2.887 2.915 2.423 2.283 2.189 2.698 2.823 2.739 3.054 2.825 2.453 2.779 2.564 2.553 2.470 2.205 1.920 1.998 1.734 1.340 1.333 1.656 1.557 1.816 1.651 2.042 2.159 1.714 1.496 1.277 1.156 1.227 1.062 0.794 0.791 0.838 0.706 0.530 0.000 0.588 0.964 1.279 1.365 1.294 1.569 1.727 2.084 2.261 2.609 3.002 3.486 4.492 6.050 7.541
3.022 2.580 2.266 1.907 1.743 1.358 1.432 1.389 1.415 2.082 2.420 2.352 1.806 1.525 1.956 1.980 2.050 1.925 2.213 2.310 2.142 2.446 2.354 2.468 2.803 2.832 3.104 3.461 3.285 3.026 2.578 2.339 1.963 2.196 2.071 2.400 2.467 2.295 2.563 2.814 2.795 2.299 2.033 1.964 2.381 2.440 2.135 2.504 2.286 2.159 2.530 2.597 2.621 2.288 2.214 1.813 1.983 1.598 1.254 1.214 1.600 1.544 1.771 1.684 2.212 2.336 1.952 1.975 1.980 1.565 1.523 1.443 1.245 1.052 0.943 0.878 0.782 0.532 0.000 0.754 1.078 1.075 0.988 1.245 1.465 1.752 2.049 2.450 2.738 3.383 4.317 6.150 7.650
3.574 3.068 2.748 2.281 1.967 1.699 1.448 1.054 1.023 1.601 1.978 2.201 1.749 1.637 2.109 2.260 2.525 2.464 2.779 2.860 2.576 2.646 2.932 3.231 3.276 3.527 3.732 4.087 3.730 3.405 2.822 2.702 2.358 2.712 2.586 3.000 3.057 2.796 2.817 3.051 2.845 2.315 1.932 2.131 2.539 2.314 2.258 2.773 2.752 2.545 3.010 3.312 3.343 2.924 2.628 2.202 2.174 1.822 1.369 1.400 1.795 1.517 1.841 1.812 2.301 2.434 1.973 2.180 2.300 2.038 1.688 1.724 1.769 1.386 1.130 1.209 1.170 0.878 0.599 0.000 0.517 0.791 1.044 1.467 1.739 2.109 2.394 2.945 3.405 3.882 4.973 6.654 7.906
3.223 2.671 2.195 1.840 1.458 1.074 1.025 0.788 0.906 1.374 1.835 1.980 1.523 1.444 1.838 2.011 2.343 2.507 2.722 2.922 2.897 3.239 3.313 3.356 3.390 3.404 3.700 4.094 4.011 3.661 3.236 2.901 2.660 2.699 2.507 2.756 2.638 2.354 2.386 2.485 2.308 1.944 1.477 1.677 1.939 1.794 1.608 1.950 1.990 2.060 2.476 2.754 2.971 2.682 2.571 2.208 2.324 2.042 1.552 1.450 1.946 1.908 2.272 2.238 2.693 2.891 2.654 2.694 2.503 2.352 2.178 2.099 1.988 1.729 1.515 1.405 1.400 1.133 0.883 0.516 0.000 0.526 0.871 1.243 1.545 1.984 2.241 2.753 2.938 3.504 4.459 6.197 7.418
2.143 1.563 1.314 1.102 0.902 0.673 0.661 0.644 0.811 1.161 1.539 1.609 1.234 1.044 1.290 1.404 1.649 1.725 1.925 2.056 2.020 2.222 2.444 2.456 2.404 2.417 2.568 2.805 2.710 2.352 2.158 1.856 1.698 1.767 1.663 1.885 1.862 1.615 1.722 1.877 1.795 1.443 1.162 1.182 1.468 1.432 1.303 1.495 1.430 1.338 1.680 1.869 1.913 1.604 1.555 1.338 1.315 1.158 0.955 0.913 1.239 1.297 1.466 1.493 1.714 1.956 1.832 2.008 1.908 1.892 1.732 1.553 1.562 1.541 1.289 1.129 1.252 1.230 0.882 0.728 0.509 0.000 0.515 0.683 0.822 1.070 1.254 1.535 1.887 2.472 3.499 5.354 6.732
1.692 1.183 0.995 0.803 0.674 0.569 0.562 0.605 0.783 1.069 1.375 1.394 1.050 0.851 1.061 1.082 1.232 1.263 1.484 1.507 1.505 1.657 1.829 1.878 1.820 1.845 2.001 2.117 1.985 1.701 1.579 1.320 1.206 1.245 1.176 1.350 1.352 1.208 1.373 1.501 1.476 1.200 0.991 0.959 1.151 1.207 1.068 1.183 1.119 1.023 1.215 1.337 1.375 1.155 1.087 0.900 0.910 0.794 0.667 0.688 0.978 0.971 1.031 1.072 1.233 1.416 1.376 1.501 1.419 1.456 1.307 1.121 1.154 1.145 0.985 0.865 0.982 0.985 0.759 0.726 0.629 0.498 0.000 0.497 0.567 0.742 0.853 1.094 1.384 2.145 3.127 5.227 6.693
1.572 1.096 0.896 0.724 0.617 0.586 0.651 0.805 0.965 1.294 1.572 1.629 1.268 1.004 1.185 1.157 1.286 1.224 1.388 1.373 1.327 1.453 1.638 1.729 1.651 1.689 1.792 1.989 1.822 1.529 1.375 1.175 1.076 1.142 1.099 1.349 1.437 1.276 1.463 1.615 1.590 1.333 1.120 1.038 1.242 1.276 1.107 1.216 1.108 1.031 1.192 1.342 1.268 1.057 0.945 0.778 0.759 0.678 0.573 0.580 0.846 0.814 0.910 0.914 1.066 1.257 1.228 1.336 1.354 1.373 1.222 1.071 1.151 1.162 0.949 0.897 1.051 1.064 0.805 0.867 0.828 0.646 0.493 0.000 0.500 0.617 0.735 0.948 1.272 2.014 3.052 5.115 6.516
1.420 0.885 0.711 0.578 0.551 0.567 0.670 0.861 0.983 1.283 1.584 1.565 1.145 0.915 1.036 0.989 1.035 0.973 1.125 1.128 1.089 1.174 1.352 1.428 1.367 1.410 1.591 1.753 1.574 1.296 1.147 0.965 0.873 0.933 0.917 1.098 1.156 1.071 1.250 1.443 1.465 1.203 1.044 0.920 1.103 1.170 1.008 1.078 0.919 0.845 1.006 1.081 1.081 0.870 0.782 0.598 0.621 0.559 0.544 0.605 0.846 0.756 0.749 0.775 0.878 1.035 0.992 1.062 1.102 1.129 1.019 0.885 0.970 1.014 0.866 0.788 0.963 1.036 0.848 0.969 0.951 0.755 0.576 0.495 0.000 0.498 0.563 0.788 1.140 1.876 2.951 5.016 6.476
1.344 0.777 0.653 0.606 0.688 0.815 0.963 1.183 1.255 1.604 1.858 1.830 1.434 1.182 1.306 1.176 1.225 1.070 1.217 1.180 1.171 1.327 1.466 1.524 1.456 1.471 1.630 1.801 1.653 1.355 1.229 1.000 0.917 0.967 0.978 1.230 1.340 1.321 1.533 1.743 1.803 1.536 1.320 1.161 1.386 1.457 1.240 1.298 1.048 0.960 1.107 1.193 1.106 0.847 0.708 0.572 0.580 0.580 0.608 0.774 0.946 0.856 0.831 0.810 0.945 1.119 1.084 1.207 1.202 1.266 1.183 0.989 1.116 1.146 0.976 0.952 1.152 1.205 1.013 1.197 1.219 1.062 0.798 0.645 0.498 0.000 0.504 0.640 1.053 1.863 2.970 5.094 6.596
1.250 0.809 0.726 0.710 0.820 0.963 1.126 1.394 1.479 1.909 2.162 2.130 1.702 1.367 1.500 1.388 1.407 1.224 1.353 1.283 1.324 1.446 1.702 1.662 1.512 1.503 1.609 1.767 1.692 1.400 1.308 1.058 0.961 0.979 1.016 1.302 1.436 1.571 1.760 2.021 2.044 1.785 1.532 1.338 1.598 1.691 1.443 1.476 1.200 0.989 1.125 1.193 1.039 0.803 0.680 0.610 0.661 0.732 0.809 0.924 1.130 1.040 0.999 0.994 1.068 1.307 1.310 1.421 1.401 1.567 1.380 1.171 1.356 1.421 1.193 1.182 1.418 1.465 1.231 1.437 1.482 1.239 1.016 0.782 0.639 0.506 0.000 0.501 0.873 1.653 2.758 4.994 6.468
1.287 0.952 1.064 1.261 1.406 1.720 1.789 2.127 2.132 2.563 2.752 2.653 2.158 1.846 1.987 1.728 1.734 1.543 1.791 1.737 1.798 2.092 2.342 2.291 2.194 2.108 2.169 2.416 2.358 1.848 1.778 1.380 1.230 1.231 1.291 1.689 1.814 1.837 2.221 2.574 2.665 2.360 2.171 1.813 2.162 2.333 2.032 2.042 1.591 1.308 1.305 1.470 1.263 0.832 0.738 0.771 0.918 1.148 1.284 1.505 1.740 1.621 1.498 1.380 1.425 1.762 1.818 1.979 1.856 2.004 1.931 1.608 1.739 1.875 1.671 1.618 1.871 1.961 1.767 2.130 2.142 1.981 1.619 1.519 1.100 0.917 0.524 0.000 0.553 1.340 2.586 4.963 6.683
1.738 1.416 1.930 2.481 2.860 3.695 4.270 5.309 5.466 5.875 6.541 5.741 5.096 4.555 4.203 3.600 3.705 3.263 3.730 3.704 4.128 4.427 5.230 4.948 4.641 4.112 4.052 4.936 5.137 3.977 3.850 2.771 2.753 2.543 2.459 3.065 3.317 3.481 4.390 4.645 5.114 4.873 4.675 3.660 3.907 4.672 3.979 3.507 2.613 2.280 1.905 2.241 1.971 1.232 1.504 2.099 1.858 2.426 3.083 3.595 3.536 3.540 2.824 2.993 2.708 3.613 4.107 4.505 4.333 4.718 4.475 3.733 4.286 4.703 4.312 4.258 5.111 5.162 4.589 5.491 5.662 5.161 4.160 3.458 2.594 1.969 1.406 0.613 0.000 0.889 2.413 4.181 6.027
3.895 3.521 3.600 4.499 4.959 5.748 6.995 8.621 9.473 11.311 12.288 12.007 10.944 8.809 9.741 8.638 9.133 8.268 9.056 9.028 10.332 11.572 12.603 12.011 10.453 9.346 8.454 9.730 10.257 8.819 9.284 7.221 7.275 5.506 5.396 7.471 9.091 8.632 10.605 11.129 12.386 10.668 9.093 7.884 9.310 9.913 7.970 7.823 5.755 4.377 4.588 5.320 4.028 2.705 3.818 4.454 5.395 6.366 6.365 6.549 8.110 8.962 8.687 8.404 8.312 9.866 10.747 11.941 11.371 12.669 11.906 9.996 10.940 11.745 10.027 9.056 10.847 11.216 8.846 9.802 9.242 7.978 6.595 5.754 4.675 4.241 2.718 2.081 0.856 0.000 1.003 2.622 4.208
5.384 5.740 6.858 8.679 9.845 11.481 12.675 14.551 14.948 16.813 17.897 17.031 16.206 13.843 14.621 12.652 13.161 11.629 12.357 11.623 12.983 14.006 15.729 15.012 13.231 11.931 10.324 12.106 13.235 10.654 11.308 8.311 8.957 7.713 8.186 10.415 12.533 12.198 14.825 15.584 16.644 16.037 14.568 12.690 13.638 14.846 12.804 12.032 9.733 7.895 6.991 7.766 5.874 4.834 5.078 6.484 6.555 8.252 9.627 10.481 10.839 11.078 9.891 9.700 9.117 11.148 12.177 14.426 14.252 15.984 14.612 12.434 14.448 14.769 13.050 12.677 14.914 15.024 13.425 14.998 15.003 13.602 11.799 10.439 8.542 6.890 5.047 3.650 2.394 0.855 0.000 0.937 2.057
6.343 6.517 7.514 9.770 11.037 13.221 14.463 16.907 18.007 19.570 20.611 19.886 18.846 16.237 16.821 14.641 15.339 13.790 14.623 14.473 15.985 17.365 18.797 17.825 15.846 13.841 12.403 14.218 15.635 12.936 14.167 11.212 11.829 9.917 10.371 12.112 14.142 13.900 16.955 17.746 18.773 17.588 16.672 14.154 15.347 16.812 14.901 13.474 10.461 9.525 7.950 8.799 6.803 6.029 7.079 9.079 9.976 11.556 12.800 13.588 14.674 14.807 14.159 13.727 12.312 14.820 16.253 18.091 17.342 18.990 18.389 16.074 17.496 18.482 16.757 15.614 18.288 18.740 16.814 18.391 18.371 16.787 14.612 12.997 10.664 9.041 6.807 5.437 3.553 2.222 0.830 0.001 0.859
8.807 9.116 10.562 12.356 12.874 15.144 15.961 18.215 19.033 20.311 21.342 20.874 19.651 17.513 17.724 15.882 16.485 15.503 15.658 16.175 17.511 19.077 20.360 19.199 17.166 14.757 13.715 15.437 17.268 14.468 15.895 13.369 13.714 11.753 11.420 13.082 14.721 14.565 17.732 18.599 19.494 18.558 17.543 15.004 16.066 17.541 15.398 14.337 11.869 10.430 8.762 9.427 7.477 7.822 9.428 11.241 12.483 14.396 15.545 16.892 17.706 17.876 17.167 16.072 14.776 16.862 18.391 19.919 18.841 20.779 20.555 18.165 19.321 20.501 19.226 17.886 19.957 20.692 19.041 20.216 19.920 18.777 16.679 15.716 13.344 11.869 9.467 8.246 5.423 4.049 2.192 0.975 0.029
