58.964
70.618
73.799
81.871
81.231
78.568
83.992
86.184
84.818
84.813
82.816
86.765
89.014
90.978
91.226
92.538
93.266
91.845
89.897
92.691
93.117
91.872
91.985
90.295
92.263
92.891
93.329
93.963
94.070
93.973
94.335
94.431
93.700
93.615
92.467
91.943
90.208
86.171
87.010
89.343
90.151
91.041
90.633
90.718
89.057
85.017
79.962
62.281
54.158
50.844
60.865
70.309
79.962
85.014
87.937
88.324
90.341
88.932
88.477
87.141
82.676
80.174
79.590
85.878
88.573
87.418
90.275
92.097
94.255
92.721
91.217
91.064
91.077
90.712
91.520
87.042
86.849
85.915
85.656
83.030
85.849
87.863
89.215
90.963
90.156
90.801
90.543
90.472
88.621
86.437
75.871
62.039
45.831
