0.000 1.505 3.181 5.117 7.052 10.034 12.652 13.721 14.998 15.267 15.420 14.448 14.764 14.595 15.995 16.775 15.654 14.682 13.313 11.281 10.104 7.168 7.671 5.418 3.688 3.461 3.926 4.732 3.207 3.569 3.711 4.674 6.812 7.749 8.518 9.698 7.007 8.821 8.028 10.816 10.309 10.827 9.787 11.276 10.404 8.978 8.979 11.332 11.129 12.141 11.867 13.181 14.115 13.352 13.340 12.753 12.304 11.665 9.633 7.758 8.813 8.456 5.127 5.302 6.837 5.615 5.853 5.923 6.884 5.414 7.732 7.936 10.513 10.970 13.366 14.213 14.594 15.736 16.145 17.493 17.912 18.995 19.773 20.353 20.767 22.054 21.656 23.289 24.256 25.497 26.710 26.723 26.890
0.898 0.000 0.659 1.396 2.304 3.176 4.218 4.782 5.531 5.920 5.268 5.090 4.351 4.331 4.884 5.776 5.116 5.271 4.432 3.720 2.821 1.952 1.904 1.401 1.189 1.454 2.217 2.528 1.695 1.893 1.681 2.135 2.605 3.043 3.214 3.655 2.775 2.580 2.011 2.345 3.131 3.353 3.699 4.773 4.697 3.983 4.375 5.659 5.593 5.606 4.904 5.547 5.790 5.628 5.338 5.125 5.021 5.267 4.327 3.556 4.342 4.271 3.058 3.164 3.956 3.612 3.460 3.201 3.740 3.439 4.192 3.979 4.447 4.158 4.301 4.574 4.434 5.196 5.324 6.376 7.536 8.650 10.549 11.773 13.529 14.719 16.365 18.237 19.025 20.516 21.165 21.813 22.991
1.204 0.565 0.000 0.511 0.725 0.940 1.218 1.418 1.774 1.781 1.719 1.761 1.673 1.997 2.195 2.163 1.882 1.702 1.445 1.216 1.090 0.802 0.808 0.720 0.771 0.906 1.221 1.414 1.097 1.198 1.004 1.170 1.332 1.470 1.606 1.463 1.207 1.373 1.214 1.359 1.362 1.349 1.280 1.576 1.625 1.536 1.794 2.147 1.998 1.914 1.664 1.942 1.969 1.878 1.729 1.522 1.689 1.831 1.467 1.408 1.636 1.537 1.421 1.553 1.904 1.996 2.283 2.266 2.031 1.810 1.738 1.522 1.641 1.591 1.804 1.985 2.466 2.979 3.853 4.997 5.883 7.072 9.060 10.380 12.142 12.909 14.458 16.540 17.776 18.878 20.371 20.964 21.598
1.472 0.843 0.512 0.000 0.506 0.667 0.926 1.098 1.322 1.481 1.449 1.408 1.362 1.717 1.986 1.710 1.442 1.279 1.142 0.940 0.822 0.692 0.703 0.770 0.795 0.954 1.270 1.404 1.215 1.366 1.178 1.218 1.462 1.582 1.620 1.633 1.314 1.303 1.170 1.252 1.250 1.202 1.226 1.540 1.749 1.655 1.995 2.235 2.008 1.899 1.545 1.628 1.560 1.523 1.373 1.210 1.438 1.565 1.288 1.264 1.619 1.645 1.434 1.646 2.060 2.207 2.550 2.424 2.205 1.982 1.940 1.660 1.774 1.585 1.761 1.840 2.459 2.997 4.068 5.048 5.730 7.210 8.849 10.250 11.826 13.522 14.568 16.839 17.631 19.230 20.528 20.728 21.826
1.506 1.037 0.699 0.517 0.000 0.505 0.659 0.975 1.201 1.266 1.219 1.221 1.191 1.507 1.760 1.575 1.281 1.186 1.024 0.782 0.718 0.667 0.698 0.846 0.898 1.123 1.421 1.550 1.325 1.430 1.193 1.303 1.492 1.529 1.604 1.510 1.210 1.227 1.064 1.112 1.091 1.023 1.029 1.294 1.437 1.429 1.708 1.958 1.710 1.602 1.385 1.487 1.500 1.357 1.239 1.034 1.246 1.326 1.112 1.100 1.408 1.439 1.277 1.447 1.768 1.973 2.344 2.259 2.001 1.765 1.700 1.432 1.512 1.370 1.534 1.688 2.206 2.699 3.670 4.652 5.518 6.808 8.926 10.408 11.509 12.868 13.939 15.665 16.769 17.379 18.819 19.846 20.475
1.700 1.265 0.964 0.722 0.510 0.000 0.511 0.800 1.021 1.175 1.078 1.098 1.048 1.462 1.725 1.511 1.246 1.053 1.017 0.793 0.748 0.776 0.792 0.937 1.061 1.310 1.575 1.801 1.572 1.670 1.420 1.534 1.736 1.753 1.802 1.704 1.384 1.381 1.203 1.209 1.229 1.211 1.277 1.514 1.658 1.656 1.957 2.114 1.912 1.778 1.460 1.515 1.433 1.310 1.217 1.048 1.381 1.506 1.284 1.310 1.673 1.618 1.532 1.741 2.080 2.166 2.599 2.465 2.256 1.982 1.946 1.655 1.741 1.586 1.769 1.919 2.397 2.993 3.944 4.830 5.463 6.901 8.635 10.078 11.681 13.234 14.162 16.200 17.041 18.177 20.029 20.127 21.302
2.522 2.027 1.621 1.186 0.945 0.561 0.000 0.536 0.758 1.038 1.165 1.216 1.303 1.748 1.953 1.677 1.466 1.070 1.219 0.941 1.030 1.190 1.124 1.295 1.642 1.916 2.149 2.638 2.451 2.715 2.309 2.361 2.784 2.836 2.758 2.741 2.165 2.062 1.652 1.584 1.848 1.430 1.484 1.749 1.952 2.078 2.411 2.640 2.158 1.900 1.534 1.492 1.215 1.123 1.022 0.980 1.318 1.426 1.349 1.505 1.801 1.886 1.995 2.184 2.537 2.762 3.203 3.307 3.178 2.720 2.698 2.253 2.356 2.274 2.442 2.626 2.922 3.560 4.528 5.321 6.396 7.616 9.605 10.986 12.538 14.031 15.324 17.211 18.867 19.530 20.958 21.323 22.539
2.532 2.230 1.764 1.480 1.184 0.772 0.571 0.000 0.522 0.785 0.945 1.087 1.219 1.605 1.833 1.602 1.293 0.994 1.087 0.998 1.081 1.357 1.335 1.637 1.870 2.255 2.551 2.829 2.641 2.759 2.317 2.528 2.840 2.785 2.679 2.542 2.063 2.056 1.730 1.615 1.654 1.425 1.433 1.713 1.934 2.083 2.472 2.527 2.138 1.926 1.537 1.452 1.221 1.178 0.919 0.934 1.275 1.414 1.333 1.462 1.782 1.885 1.939 2.123 2.404 2.642 3.202 3.292 3.086 2.678 2.638 2.276 2.201 2.050 2.097 2.315 2.718 3.238 4.208 5.181 5.864 7.401 8.883 10.162 11.845 13.173 14.804 16.032 17.572 18.350 19.830 20.088 21.995
2.478 2.205 1.842 1.753 1.297 1.146 0.812 0.514 0.000 0.566 0.947 1.122 1.359 1.672 1.774 1.466 1.318 1.034 1.107 1.067 1.296 1.568 1.747 1.941 2.148 2.445 2.839 2.946 2.641 2.533 2.309 2.573 2.734 2.611 2.683 2.468 2.164 2.244 2.082 1.893 1.798 1.530 1.375 1.571 1.692 1.660 1.981 2.143 1.862 1.684 1.263 1.386 1.113 0.937 0.799 0.996 1.257 1.339 1.209 1.459 1.651 1.688 1.685 1.986 2.260 2.314 2.944 2.914 2.590 2.218 2.188 1.902 1.962 1.989 2.208 2.399 2.933 3.636 4.522 5.430 6.290 7.617 9.411 10.456 12.088 13.499 14.723 16.380 17.418 18.538 19.979 20.230 21.564
4.024 3.720 3.325 3.011 2.380 1.864 1.377 0.861 0.584 0.000 0.709 1.367 1.796 2.187 2.237 1.838 1.766 1.266 1.525 1.719 2.198 2.678 2.895 3.441 3.875 4.325 4.610 5.097 4.675 4.472 4.043 4.440 4.821 4.306 4.498 4.230 3.697 3.865 3.541 3.072 2.846 2.433 2.265 2.160 2.353 2.632 2.989 2.974 2.646 2.190 1.835 1.627 1.346 1.265 1.103 1.509 1.965 2.163 1.977 2.606 2.764 2.832 2.760 3.318 3.671 3.712 4.755 4.736 4.367 3.703 3.621 3.212 2.894 2.997 3.059 3.474 3.888 4.734 5.495 6.385 7.092 8.650 10.198 11.327 13.077 14.465 15.387 17.433 18.801 19.336 20.825 20.692 22.270
4.663 4.421 3.785 3.065 2.525 1.715 1.259 1.129 1.017 0.628 0.000 0.601 1.015 1.516 1.987 1.818 1.716 1.561 1.784 2.272 1.961 2.647 2.518 3.177 3.740 4.288 4.653 5.389 5.190 5.094 4.519 4.707 5.062 4.979 4.721 4.548 3.927 3.628 2.983 2.683 2.825 2.831 3.035 3.397 3.869 4.171 4.399 4.545 4.146 3.673 3.076 2.833 2.328 2.066 1.576 1.691 2.344 2.574 2.976 3.220 3.574 3.623 3.814 4.501 4.772 4.833 5.663 6.033 5.536 5.052 4.835 4.435 4.285 3.955 3.698 3.781 4.128 4.648 5.400 6.302 7.005 8.337 9.841 11.267 12.612 14.023 14.882 16.466 17.643 18.269 19.809 19.742 21.779
4.152 3.888 3.114 2.974 2.144 1.679 1.224 1.325 1.312 0.964 0.534 0.000 0.603 1.251 1.715 1.662 1.605 1.394 1.744 2.064 1.975 2.478 2.522 3.086 3.288 3.870 4.330 4.851 4.682 4.579 4.082 4.384 4.585 4.561 4.577 4.241 3.588 3.256 2.943 2.641 2.626 2.516 2.911 3.127 3.532 3.544 4.043 4.191 3.787 3.602 2.821 2.875 2.320 2.124 1.745 1.879 2.228 2.606 2.487 2.932 3.167 3.327 3.361 3.543 3.912 4.331 4.894 5.012 4.808 4.424 4.437 3.813 3.624 3.480 3.373 3.354 3.774 4.132 5.011 5.767 6.570 7.962 9.497 10.836 12.136 13.870 14.964 16.997 17.840 18.935 20.320 20.440 22.323
4.378 4.209 3.287 2.835 2.406 1.772 1.349 1.492 1.435 1.510 1.187 0.598 0.000 0.792 1.480 1.589 1.344 1.254 1.627 1.823 1.921 2.484 2.347 3.241 3.754 4.324 4.542 5.242 4.756 4.753 4.456 4.625 5.026 4.988 4.826 4.417 3.886 3.797 3.225 2.556 2.748 2.691 2.808 3.037 3.681 3.811 4.446 4.895 4.199 3.684 2.955 2.730 2.401 2.525 2.124 2.182 3.061 3.086 2.978 3.417 3.945 3.656 3.773 4.462 4.776 4.710 5.835 5.693 5.274 4.698 4.588 4.082 4.186 3.638 3.370 3.936 3.684 4.241 5.155 5.784 6.685 7.840 9.546 10.702 12.019 13.756 14.828 16.639 17.593 18.697 19.736 19.853 21.775
4.295 4.213 3.565 2.896 2.361 1.820 1.554 1.995 2.298 2.342 1.829 1.322 0.639 0.000 0.594 1.200 1.534 1.872 1.970 2.243 2.087 2.941 2.946 3.449 3.896 4.215 4.905 5.513 4.795 4.927 4.674 5.059 5.609 5.484 5.533 5.300 4.467 4.425 3.777 3.064 3.401 2.876 3.487 3.595 4.245 4.548 4.848 5.304 4.640 4.172 3.500 3.362 2.972 3.026 3.010 2.408 3.062 3.521 3.117 3.195 3.794 4.091 3.793 3.995 4.668 4.800 5.496 5.549 5.484 5.078 5.229 4.833 4.708 4.214 3.913 4.137 4.226 4.759 5.641 6.339 7.142 8.609 9.935 11.604 12.860 14.216 15.749 17.155 18.351 19.477 20.606 20.801 22.458
6.518 6.455 5.595 4.948 3.850 3.226 3.039 3.230 2.843 3.509 2.897 1.802 1.653 0.785 0.000 0.758 1.558 2.268 2.945 3.293 3.317 3.631 3.814 4.210 5.010 5.702 6.182 7.122 7.064 6.623 6.744 6.601 7.061 6.884 6.848 6.341 5.565 4.976 4.071 3.906 4.009 3.735 4.297 4.810 5.386 6.129 6.420 6.563 6.237 5.580 4.527 4.160 3.830 3.846 4.325 4.547 5.276 5.261 5.211 5.884 6.385 6.146 6.359 6.954 7.170 7.474 7.799 7.865 7.693 7.304 6.611 6.175 5.722 5.352 4.595 4.732 4.829 5.862 6.648 7.615 8.327 9.738 11.194 12.635 13.603 15.241 16.519 18.304 19.699 20.785 21.994 22.367 23.532
5.400 5.327 4.551 3.939 3.264 2.733 1.942 1.826 1.815 2.211 2.058 1.611 1.726 1.200 0.617 0.000 0.640 1.029 1.265 2.013 2.568 3.356 3.638 4.397 4.946 5.614 6.519 6.663 6.140 5.773 5.228 5.960 6.141 5.836 5.801 5.170 4.523 4.468 4.151 3.421 3.279 2.509 2.598 2.336 2.581 3.194 3.490 3.312 2.935 2.493 2.355 1.885 1.886 2.302 2.667 2.907 3.412 3.292 3.010 3.748 4.092 3.499 3.843 4.705 4.671 4.617 5.561 5.697 5.141 4.621 4.044 3.700 3.063 3.244 3.230 3.535 3.946 4.748 5.589 6.438 7.389 8.817 10.421 11.768 12.853 14.465 15.613 17.034 18.622 19.259 20.971 20.706 22.330
3.017 2.905 2.460 2.198 1.715 1.435 1.087 1.074 1.204 1.521 1.423 1.079 1.346 1.291 0.903 0.575 0.000 0.517 0.762 1.074 1.403 1.779 1.944 2.582 2.852 3.248 3.678 3.856 3.522 3.279 3.014 3.442 3.498 3.413 3.452 2.998 2.787 2.665 2.444 1.958 1.963 1.519 1.541 1.742 2.045 2.132 2.461 2.503 2.153 1.973 1.503 1.472 1.407 1.422 1.443 1.567 1.721 1.773 1.500 1.834 1.908 2.016 2.122 2.283 2.535 2.777 3.199 3.316 3.136 2.832 2.681 2.477 2.426 2.214 2.359 2.654 2.963 3.532 4.377 5.266 6.202 7.642 9.203 10.740 12.018 13.542 15.047 16.762 17.828 19.467 20.278 20.665 22.563
2.614 2.495 2.095 1.943 1.500 1.394 0.996 0.992 1.054 1.354 1.423 1.194 1.444 1.438 1.234 0.855 0.502 0.000 0.554 0.764 1.088 1.556 1.806 2.287 2.415 2.888 3.221 3.273 2.876 2.600 2.463 2.924 2.972 2.703 2.992 2.592 2.255 2.328 2.205 1.865 1.743 1.241 1.203 1.394 1.570 1.645 1.955 2.123 1.850 1.664 1.314 1.302 1.195 1.260 1.300 1.398 1.698 1.573 1.379 1.677 1.898 1.744 1.811 2.061 2.297 2.379 2.923 2.901 2.589 2.215 2.106 1.863 1.884 1.835 1.867 2.258 2.657 3.299 4.360 5.190 6.061 7.554 9.079 10.195 11.825 13.015 14.464 15.912 17.298 18.306 19.408 19.928 21.282
1.938 1.599 1.258 1.093 0.837 0.847 0.747 0.817 1.017 1.261 1.254 1.098 1.350 1.384 1.348 1.038 0.671 0.513 0.000 0.502 0.674 0.918 1.114 1.341 1.534 1.756 2.056 2.222 1.961 1.941 1.725 1.984 2.156 2.130 2.185 1.979 1.629 1.644 1.517 1.332 1.250 0.931 0.892 1.166 1.351 1.427 1.726 1.885 1.651 1.474 1.164 1.203 1.113 1.123 1.176 1.146 1.419 1.416 1.162 1.277 1.528 1.495 1.390 1.607 1.917 2.000 2.454 2.407 2.190 1.848 1.747 1.477 1.554 1.430 1.682 1.912 2.389 2.956 3.904 4.855 5.569 6.858 8.693 9.926 11.532 12.896 14.525 15.962 17.002 18.133 20.044 20.235 21.630
1.756 1.344 0.995 0.874 0.677 0.688 0.706 0.728 0.932 1.100 1.078 1.044 1.180 1.318 1.504 1.337 0.945 0.676 0.505 0.000 0.504 0.590 0.788 0.938 1.050 1.352 1.522 1.771 1.567 1.496 1.326 1.403 1.579 1.500 1.480 1.313 1.097 1.071 0.972 0.949 0.772 0.651 0.690 0.834 0.959 1.054 1.267 1.414 1.227 1.097 0.892 1.004 1.014 1.016 0.938 0.935 1.113 1.096 0.892 1.047 1.223 1.188 1.165 1.368 1.629 1.749 2.160 2.076 1.741 1.497 1.300 1.113 1.054 1.003 1.109 1.350 1.905 2.443 3.404 4.326 5.003 6.367 8.271 9.378 11.111 12.294 13.512 15.199 16.126 17.453 18.701 18.958 20.554
1.593 1.181 0.840 0.722 0.630 0.676 0.706 0.767 0.982 1.153 1.188 1.110 1.145 1.424 1.612 1.386 1.079 0.815 0.611 0.497 0.000 0.495 0.587 0.730 0.836 1.076 1.279 1.534 1.370 1.372 1.164 1.188 1.396 1.349 1.311 1.189 0.985 0.921 0.843 0.772 0.751 0.660 0.726 0.927 1.036 1.129 1.375 1.499 1.320 1.169 1.015 1.088 1.057 1.024 1.018 0.986 1.191 1.134 0.975 1.092 1.263 1.239 1.245 1.411 1.681 1.765 2.220 2.121 1.857 1.557 1.388 1.167 1.153 1.030 1.143 1.375 1.928 2.482 3.540 4.520 5.348 6.872 8.683 10.011 11.562 13.199 14.379 16.296 17.359 18.462 19.943 20.157 21.412
1.536 1.052 0.738 0.639 0.624 0.669 0.820 1.001 1.217 1.384 1.407 1.326 1.266 1.469 1.778 1.570 1.217 1.074 0.820 0.597 0.494 0.000 0.499 0.574 0.731 0.997 1.261 1.472 1.288 1.331 1.118 1.207 1.372 1.366 1.328 1.147 0.938 0.787 0.685 0.720 0.677 0.674 0.729 0.931 1.062 1.137 1.395 1.528 1.364 1.228 1.096 1.192 1.259 1.216 1.193 1.152 1.273 1.262 1.060 1.081 1.302 1.265 1.177 1.375 1.661 1.828 2.196 2.079 1.830 1.559 1.428 1.152 1.129 1.034 1.114 1.322 1.903 2.371 3.494 4.359 5.080 6.673 8.476 9.832 11.644 12.926 14.098 15.818 16.164 17.656 18.726 18.926 20.710
1.858 1.394 0.886 0.680 0.716 0.880 1.143 1.397 1.654 1.879 1.783 1.711 1.487 1.795 2.210 2.055 1.670 1.454 1.140 0.872 0.651 0.502 0.000 0.522 0.854 1.185 1.483 1.811 1.698 1.764 1.484 1.596 1.907 1.808 1.778 1.590 1.186 1.088 0.801 0.889 0.896 0.926 0.951 1.203 1.242 1.361 1.584 1.796 1.587 1.457 1.330 1.406 1.570 1.512 1.606 1.457 1.673 1.563 1.316 1.426 1.666 1.481 1.463 1.729 2.013 2.055 2.572 2.483 2.158 1.806 1.626 1.367 1.345 1.229 1.423 1.588 2.205 2.707 3.798 4.734 5.536 7.142 8.979 10.109 12.161 13.495 14.428 16.419 17.420 18.395 20.001 19.921 21.438
1.602 1.069 0.789 0.778 0.914 1.001 1.296 1.644 1.882 2.017 1.843 1.664 1.534 1.771 2.042 1.961 1.726 1.693 1.500 1.286 0.947 0.729 0.526 0.000 0.504 0.771 1.050 1.343 1.165 1.323 1.141 1.036 1.301 1.495 1.493 1.584 1.260 1.162 0.888 1.153 1.258 1.392 1.502 1.972 2.156 2.022 2.336 2.828 2.569 2.499 2.063 2.158 2.185 2.153 2.003 1.747 2.090 2.240 1.865 1.782 2.264 2.254 1.878 2.136 2.601 2.626 2.960 2.754 2.486 2.236 2.250 1.939 2.059 1.809 1.982 1.988 2.416 3.001 4.060 4.951 5.853 7.247 9.160 10.548 12.022 13.938 14.613 16.440 17.547 18.608 19.662 19.617 21.539
1.389 0.901 0.680 0.820 1.042 1.287 1.600 1.818 2.127 2.216 2.122 1.984 1.871 2.053 2.414 2.349 2.020 1.924 1.639 1.351 1.109 0.835 0.758 0.508 0.000 0.516 0.734 1.038 0.949 1.060 0.915 0.834 1.087 1.184 1.159 1.187 1.019 1.032 0.881 1.155 1.188 1.335 1.364 1.679 1.745 1.613 1.829 2.167 2.143 2.031 1.845 2.014 2.196 2.043 2.135 1.855 2.021 2.086 1.749 1.689 1.981 1.859 1.603 1.777 2.127 2.130 2.392 2.167 1.926 1.767 1.679 1.531 1.650 1.560 1.779 1.756 2.343 2.802 3.856 4.878 5.839 7.169 9.130 10.448 12.363 13.672 14.575 16.692 17.343 19.056 20.192 20.065 22.119
1.423 0.934 0.834 1.088 1.355 1.693 1.960 2.225 2.533 2.739 2.618 2.390 2.308 2.492 2.842 2.854 2.401 2.280 1.927 1.681 1.373 1.060 1.126 0.799 0.517 0.000 0.518 0.733 0.832 1.086 0.986 0.906 1.145 1.393 1.459 1.491 1.246 1.289 1.211 1.482 1.479 1.560 1.732 1.971 2.095 2.031 2.232 2.624 2.524 2.431 2.217 2.329 2.455 2.492 2.493 2.203 2.547 2.491 2.123 2.075 2.399 2.234 1.977 2.128 2.550 2.565 2.775 2.512 2.324 2.151 2.068 1.907 2.002 1.905 2.019 2.113 2.648 3.169 4.189 5.201 6.080 7.670 9.329 10.950 12.313 14.071 14.975 16.823 17.977 19.170 19.900 20.568 22.072
1.930 1.179 1.142 1.412 1.875 2.201 2.603 3.040 3.440 3.479 3.315 3.137 2.953 3.132 3.695 3.872 3.319 3.233 2.790 2.454 2.158 1.596 1.558 1.158 0.873 0.510 0.000 0.629 0.874 1.250 1.265 1.015 1.322 1.708 1.765 2.076 1.764 1.878 1.753 2.169 2.176 2.380 2.387 2.884 2.980 2.646 3.024 3.576 3.432 3.458 3.109 3.333 3.610 3.431 3.344 2.896 3.126 3.253 2.796 2.695 3.052 3.008 2.583 2.819 3.205 3.142 3.400 3.046 2.823 2.725 2.684 2.584 2.850 2.788 3.055 3.012 3.611 4.207 5.094 5.984 7.140 8.196 10.290 11.720 13.317 15.150 15.815 17.967 18.838 20.109 21.625 22.239 23.581
2.044 1.374 1.809 2.090 2.632 3.203 3.779 4.346 4.698 4.778 4.626 4.480 4.068 4.288 4.973 5.232 4.814 4.533 3.958 3.495 3.019 2.407 2.247 1.839 1.357 0.923 0.630 0.000 0.688 1.089 1.410 1.151 1.381 1.861 2.077 2.395 2.268 2.416 2.303 2.854 3.021 3.304 3.237 3.667 3.613 3.285 3.204 3.891 3.931 4.240 4.156 4.398 4.654 4.590 4.439 3.975 3.963 3.980 3.624 3.379 3.488 3.409 2.885 2.975 3.243 3.147 3.185 2.716 2.679 2.745 2.897 3.141 3.342 3.473 3.897 3.867 4.423 4.901 5.618 6.310 7.448 8.393 10.194 11.732 12.687 14.616 15.332 17.348 18.539 19.943 20.925 21.602 22.829
1.667 1.147 1.314 1.713 2.168 2.677 3.120 3.281 3.504 3.714 3.692 3.461 3.392 3.578 4.109 4.156 3.643 3.372 3.061 2.703 2.420 1.966 2.055 1.676 1.222 1.083 0.791 0.614 0.000 0.539 0.733 0.840 0.900 0.944 1.442 1.637 1.593 1.906 2.131 2.591 2.367 2.609 2.302 2.580 2.405 2.118 2.176 2.495 2.702 2.914 2.913 3.168 3.390 3.330 3.319 3.046 3.135 3.055 2.773 2.513 2.810 2.635 2.145 2.336 2.661 2.542 2.679 2.299 1.998 1.876 1.778 2.001 2.256 2.470 2.806 2.990 3.655 4.187 5.009 6.120 6.864 8.064 9.741 10.998 12.463 14.096 15.551 17.313 18.763 20.194 21.511 21.711 23.160
1.330 1.007 1.100 1.521 1.761 2.014 2.455 2.565 2.887 2.956 2.956 2.959 2.706 2.983 3.361 3.321 2.978 2.755 2.337 2.047 1.832 1.606 1.619 1.414 1.070 1.050 1.006 0.876 0.507 0.000 0.502 0.624 0.698 0.677 0.879 0.992 1.088 1.349 1.594 1.860 1.772 1.887 1.809 2.008 1.917 1.832 1.915 2.242 2.297 2.369 2.253 2.513 2.749 2.618 2.691 2.457 2.495 2.531 2.118 2.051 2.258 2.092 1.799 1.939 2.250 2.173 2.481 2.152 1.872 1.752 1.621 1.568 1.725 1.850 2.020 2.165 2.724 3.126 4.039 5.055 5.896 7.228 8.979 10.170 11.845 13.382 14.408 16.250 17.636 19.013 20.279 20.333 22.306
1.328 0.960 0.972 1.250 1.478 1.847 2.109 2.287 2.634 2.675 2.703 2.615 2.567 2.735 3.044 2.948 2.579 2.402 2.079 1.820 1.729 1.327 1.469 1.168 0.870 0.957 0.997 0.934 0.625 0.494 0.000 0.502 0.603 0.704 0.774 0.989 0.996 1.161 1.379 1.665 1.464 1.725 1.563 1.942 1.878 1.678 1.827 2.186 2.171 2.250 2.079 2.301 2.493 2.371 2.333 2.242 2.305 2.248 1.879 1.809 2.022 1.907 1.609 1.739 2.039 2.001 2.230 2.085 1.775 1.674 1.622 1.541 1.789 1.671 2.055 1.984 2.601 2.946 3.942 5.024 5.770 7.268 8.991 10.284 11.825 13.065 14.108 15.764 17.063 18.435 19.357 20.033 21.691
1.334 1.003 0.993 1.283 1.431 1.873 2.067 2.161 2.487 2.571 2.536 2.552 2.478 2.624 2.914 2.973 2.471 2.346 2.036 1.827 1.619 1.332 1.441 1.167 0.889 0.971 0.943 0.895 0.671 0.598 0.492 0.000 0.507 0.626 0.854 1.020 1.042 1.248 1.398 1.654 1.526 1.727 1.676 1.864 1.918 1.722 1.896 2.196 2.200 2.189 2.088 2.266 2.456 2.289 2.316 2.068 2.202 2.255 1.924 1.844 2.093 1.945 1.704 1.827 2.094 2.075 2.352 2.122 1.854 1.710 1.688 1.609 1.813 1.778 2.007 2.063 2.630 3.106 4.200 5.170 6.058 7.516 9.482 10.617 12.459 13.721 14.835 16.668 17.829 19.242 20.341 20.720 22.480
1.603 1.186 1.160 1.492 1.768 2.097 2.485 2.681 3.043 3.049 3.036 2.996 2.817 3.012 3.367 3.388 3.093 2.936 2.559 2.296 2.052 1.662 1.647 1.407 1.018 1.052 1.066 1.034 0.807 0.724 0.630 0.503 0.000 0.536 0.763 1.059 1.177 1.476 1.717 1.989 1.957 2.149 2.022 2.294 2.352 2.100 2.185 2.618 2.576 2.793 2.490 2.831 3.075 2.838 2.878 2.544 2.686 2.756 2.332 2.192 2.532 2.371 2.036 2.231 2.619 2.467 2.735 2.390 2.108 1.999 1.963 1.948 2.233 2.163 2.348 2.485 2.958 3.442 4.462 5.293 6.274 7.489 9.460 10.789 12.126 13.735 15.249 16.384 17.818 19.127 20.320 21.062 22.572
1.792 1.416 1.531 1.785 2.044 2.442 2.808 2.903 3.199 3.247 3.271 3.263 3.156 3.303 3.746 3.592 3.264 2.978 2.596 2.388 2.277 1.851 1.928 1.688 1.373 1.417 1.349 1.256 0.960 0.839 0.792 0.700 0.522 0.000 0.693 0.882 1.034 1.514 1.741 2.030 1.842 2.095 1.931 2.337 2.161 1.978 2.093 2.451 2.445 2.577 2.513 2.671 3.034 2.894 2.998 2.844 2.914 2.899 2.485 2.403 2.733 2.495 2.113 2.306 2.623 2.448 2.705 2.401 1.966 2.005 1.709 1.751 1.884 1.965 2.382 2.345 2.804 3.087 4.355 5.562 6.126 7.763 9.397 10.781 12.158 13.440 14.543 16.344 17.646 19.090 20.154 20.262 22.253
2.322 1.980 2.214 2.553 2.705 3.159 3.545 3.982 4.111 4.320 4.262 4.009 3.576 3.665 4.281 4.380 3.718 3.698 3.231 2.898 2.644 2.136 2.396 2.334 1.734 1.994 1.895 1.743 1.513 1.204 1.137 1.107 0.819 0.602 0.000 0.595 0.832 1.435 1.888 2.145 1.900 2.283 2.399 2.767 2.873 2.538 2.696 3.365 3.372 3.564 3.415 3.497 4.033 3.998 4.160 4.018 4.108 4.037 3.413 3.308 3.665 3.389 2.876 3.132 3.350 3.110 3.289 2.736 2.413 2.315 2.249 2.164 2.325 2.161 2.271 2.198 2.600 2.931 4.138 5.175 5.756 7.198 9.219 10.590 12.456 13.767 14.487 16.755 17.287 18.562 19.812 19.729 21.356
2.271 1.966 1.639 1.908 1.900 2.025 2.251 2.377 2.642 2.958 2.844 2.567 2.428 2.518 2.843 2.815 2.289 2.215 1.911 1.838 1.614 1.346 1.681 1.704 1.381 1.763 1.788 1.775 1.689 1.455 1.100 1.026 1.001 0.731 0.544 0.000 0.564 0.927 1.255 1.363 1.130 1.300 1.567 1.767 1.906 2.018 2.187 2.482 2.442 2.310 2.167 2.123 2.417 2.460 2.719 2.531 2.789 2.750 2.377 2.502 2.795 2.600 2.342 2.726 2.995 2.775 3.086 2.827 2.403 2.058 1.924 1.591 1.528 1.475 1.562 1.752 2.285 2.973 4.031 5.087 5.715 7.118 9.115 10.519 12.029 13.706 14.266 16.282 16.985 18.592 20.051 20.244 21.647
1.807 1.400 1.119 1.335 1.359 1.675 1.822 2.040 2.218 2.445 2.383 2.202 2.187 2.159 2.448 2.425 2.086 1.973 1.693 1.477 1.184 0.957 1.140 1.092 0.968 1.315 1.452 1.625 1.450 1.324 0.998 1.089 1.186 0.933 0.824 0.523 0.000 0.519 0.715 0.979 0.863 1.123 1.214 1.496 1.584 1.557 1.754 1.990 1.969 1.904 1.811 1.949 2.135 2.162 2.187 2.110 2.311 2.274 1.813 1.935 2.225 1.949 1.770 2.086 2.334 2.204 2.595 2.421 1.970 1.751 1.499 1.324 1.351 1.245 1.381 1.483 2.100 2.584 3.585 4.597 5.267 6.691 8.691 10.143 11.416 12.841 13.687 15.065 16.312 17.351 18.406 18.716 20.604
2.128 1.699 1.351 1.377 1.339 1.472 1.552 1.930 2.159 2.344 2.166 2.047 1.848 1.962 2.268 2.313 1.911 1.892 1.611 1.395 1.041 0.808 0.893 0.980 1.078 1.509 1.688 1.951 1.764 1.635 1.268 1.289 1.481 1.247 1.012 0.767 0.524 0.000 0.503 0.696 0.703 1.037 1.244 1.504 1.642 1.645 1.902 2.219 2.149 2.048 1.888 2.006 2.185 2.172 2.207 2.029 2.268 2.322 1.905 2.058 2.302 2.169 1.962 2.299 2.578 2.417 2.869 2.628 2.222 1.965 1.716 1.467 1.450 1.317 1.355 1.378 2.051 2.515 3.628 4.580 5.428 6.802 8.899 9.976 11.457 13.010 14.151 15.894 17.448 18.244 19.623 19.822 21.281
2.009 1.511 1.176 1.143 1.120 1.259 1.451 1.695 1.907 2.071 2.042 1.880 1.752 1.914 2.201 2.080 1.733 1.677 1.433 1.221 0.947 0.745 0.803 0.857 0.958 1.302 1.550 1.844 1.684 1.672 1.341 1.331 1.521 1.418 1.283 1.067 0.769 0.512 0.000 0.566 0.647 0.934 1.145 1.431 1.667 1.671 1.929 2.131 2.110 1.986 1.797 1.873 1.952 1.994 2.006 1.816 2.066 2.115 1.758 1.838 2.120 2.084 1.893 2.128 2.379 2.362 2.742 2.632 2.278 2.051 1.906 1.579 1.535 1.287 1.352 1.349 1.909 2.390 3.502 4.576 5.419 6.858 8.577 9.998 11.432 13.245 14.160 16.143 17.502 18.344 19.943 20.287 22.103
2.420 1.892 1.399 1.411 1.388 1.524 1.677 1.988 2.325 2.544 2.432 2.299 2.128 2.184 2.491 2.316 1.922 1.841 1.467 1.354 0.958 0.837 0.889 0.944 1.118 1.482 1.730 2.072 1.988 2.040 1.665 1.684 1.993 1.867 1.755 1.474 1.037 0.785 0.537 0.000 0.551 0.762 1.070 1.326 1.772 1.996 2.211 2.478 2.361 2.110 1.942 1.711 2.012 2.235 2.400 2.292 2.558 2.648 2.128 2.295 2.670 2.607 2.346 2.587 2.975 2.880 3.339 3.185 2.800 2.436 2.189 1.750 1.590 1.161 1.086 1.233 1.856 2.445 3.580 4.738 5.657 7.101 8.832 10.102 11.530 12.993 14.312 16.145 17.242 18.526 19.771 19.828 21.639
2.096 1.585 1.232 1.148 1.084 1.117 1.164 1.326 1.565 1.753 1.777 1.707 1.610 1.758 2.042 1.847 1.484 1.376 1.012 0.880 0.680 0.824 0.884 0.996 1.101 1.428 1.692 2.003 1.837 1.756 1.447 1.464 1.678 1.495 1.462 1.226 0.911 0.720 0.675 0.519 0.000 0.514 0.663 0.885 1.147 1.330 1.629 1.692 1.633 1.327 1.211 1.179 1.388 1.415 1.517 1.553 1.658 1.636 1.430 1.571 1.770 1.682 1.620 1.949 2.118 2.236 2.665 2.602 2.250 1.836 1.584 1.267 1.146 0.863 1.005 1.057 1.738 2.405 3.418 4.437 5.100 6.465 8.416 10.004 11.654 12.628 13.764 15.502 16.457 17.139 18.491 18.596 19.945
2.181 1.899 1.461 1.430 1.175 1.241 1.300 1.401 1.749 1.906 1.952 1.844 1.728 1.889 2.168 2.069 1.621 1.480 1.037 0.907 0.772 0.863 1.114 1.358 1.471 1.906 2.074 2.419 2.110 2.042 1.664 1.863 2.061 1.849 1.807 1.503 1.123 0.969 0.938 0.750 0.526 0.000 0.525 0.704 0.848 1.026 1.313 1.424 1.274 1.132 1.023 1.174 1.441 1.477 1.619 1.558 1.718 1.585 1.288 1.534 1.692 1.451 1.488 1.804 1.950 2.007 2.527 2.526 2.174 1.706 1.437 1.064 0.956 0.771 0.853 1.011 1.680 2.277 3.381 4.443 5.146 6.493 8.355 9.769 11.148 12.577 13.890 15.778 16.560 17.931 19.479 19.612 21.165
1.683 1.420 1.110 1.063 0.904 0.976 0.961 0.997 1.178 1.361 1.455 1.385 1.532 1.613 1.800 1.625 1.257 1.121 0.818 0.652 0.645 0.722 0.962 1.097 1.151 1.462 1.639 1.884 1.644 1.516 1.300 1.424 1.569 1.459 1.479 1.217 0.985 0.988 0.961 0.880 0.640 0.503 0.000 0.500 0.570 0.715 0.934 1.020 0.922 0.750 0.702 0.850 1.044 1.006 1.110 1.165 1.245 1.128 0.959 1.103 1.172 1.070 1.048 1.297 1.463 1.569 2.009 1.963 1.598 1.251 1.056 0.746 0.699 0.697 0.808 1.127 1.809 2.329 3.317 4.408 5.301 6.752 8.872 10.284 11.849 12.767 13.956 15.319 16.225 17.259 18.742 19.248 20.626
1.857 1.568 1.272 1.206 1.099 1.211 1.212 1.174 1.342 1.573 1.592 1.637 1.649 1.827 2.057 1.838 1.423 1.281 1.014 0.891 0.872 0.892 1.137 1.212 1.277 1.557 1.784 1.964 1.719 1.614 1.422 1.518 1.647 1.471 1.501 1.280 1.039 1.092 1.101 1.010 0.827 0.641 0.494 0.000 0.504 0.637 0.874 0.949 0.776 0.650 0.720 0.876 1.055 1.110 1.267 1.299 1.348 1.250 1.044 1.207 1.289 1.135 1.160 1.395 1.520 1.598 2.084 2.002 1.694 1.295 1.048 0.760 0.637 0.670 0.868 1.209 1.836 2.463 3.494 4.471 5.420 7.009 9.092 10.224 11.773 12.724 13.886 16.001 16.719 18.072 19.485 19.609 20.818
1.697 1.556 1.415 1.392 1.229 1.319 1.266 1.220 1.326 1.561 1.672 1.576 1.699 1.806 2.025 1.752 1.403 1.260 1.078 0.972 1.028 1.116 1.390 1.433 1.493 1.694 1.901 2.004 1.706 1.509 1.384 1.592 1.672 1.467 1.599 1.349 1.212 1.317 1.368 1.276 1.011 0.785 0.590 0.497 0.000 0.493 0.617 0.765 0.690 0.620 0.672 0.860 1.079 1.056 1.206 1.254 1.321 1.113 0.957 1.088 1.117 0.886 0.944 1.140 1.269 1.341 1.795 1.638 1.385 0.951 0.848 0.640 0.676 0.863 0.960 1.268 1.887 2.443 3.575 4.619 5.391 6.805 8.659 9.761 11.673 12.811 14.150 15.884 17.104 18.262 19.849 20.197 21.134
1.693 1.518 1.455 1.336 1.257 1.396 1.393 1.286 1.423 1.621 1.818 1.820 1.919 2.072 2.266 1.977 1.641 1.410 1.193 1.073 1.150 1.156 1.444 1.483 1.419 1.656 1.837 1.914 1.634 1.493 1.358 1.570 1.593 1.475 1.562 1.410 1.237 1.378 1.472 1.421 1.158 0.983 0.733 0.642 0.500 0.000 0.513 0.752 0.620 0.635 0.689 0.925 1.125 1.073 1.261 1.286 1.377 1.157 0.993 1.102 1.117 0.915 0.843 1.101 1.226 1.252 1.786 1.708 1.315 0.953 0.853 0.674 0.741 0.953 1.218 1.535 2.178 2.626 3.792 4.768 5.550 7.106 8.701 10.422 11.985 13.219 14.445 15.999 17.158 18.231 19.646 19.979 21.751
2.026 1.878 1.784 1.815 1.755 1.901 1.977 1.911 2.135 2.435 2.558 2.597 2.575 2.751 3.088 2.862 2.351 2.108 1.789 1.551 1.596 1.663 1.868 2.002 1.966 2.195 2.325 2.541 2.185 1.965 1.807 2.071 2.128 1.978 2.161 1.945 1.765 1.980 2.030 2.028 1.722 1.533 1.167 1.219 0.888 0.542 0.000 0.832 0.732 1.009 1.144 1.530 1.785 1.637 1.901 1.884 2.013 1.646 1.392 1.648 1.618 1.280 1.275 1.673 1.658 1.576 2.150 2.020 1.594 1.112 0.962 0.864 1.121 1.482 1.829 2.190 2.735 3.407 4.292 5.373 6.182 7.449 9.205 10.041 11.764 12.751 14.427 16.338 17.309 18.793 19.938 20.493 21.639
2.585 2.794 2.603 2.977 2.646 3.063 2.954 2.548 2.521 3.039 3.483 3.397 3.763 3.733 4.111 3.675 3.075 2.731 2.466 2.335 2.813 2.673 3.272 3.422 3.017 3.325 3.591 3.401 2.883 2.436 2.431 2.923 2.773 2.416 2.974 2.688 2.523 3.017 3.367 3.293 2.761 2.446 1.897 1.592 1.102 0.810 0.576 0.000 0.586 0.901 1.278 1.708 1.772 1.782 2.339 2.606 2.607 2.025 1.892 2.328 2.122 1.550 1.773 2.251 2.036 1.853 2.335 2.235 1.735 1.350 1.193 1.391 1.694 2.136 2.598 3.055 3.734 4.575 5.451 6.460 7.442 8.516 10.455 11.503 13.067 14.422 15.172 17.068 17.792 19.566 20.101 20.551 21.580
2.259 2.276 2.060 2.011 1.724 1.763 1.680 1.441 1.502 1.763 1.954 1.960 2.181 2.285 2.408 2.105 1.718 1.486 1.362 1.261 1.512 1.631 2.055 2.211 2.285 2.554 2.805 2.794 2.535 2.282 2.118 2.462 2.482 2.332 2.432 2.242 1.883 2.187 2.210 2.045 1.654 1.395 1.045 0.877 0.678 0.687 0.687 0.537 0.000 0.507 0.623 0.833 1.081 1.109 1.372 1.522 1.649 1.303 1.167 1.464 1.460 1.098 1.226 1.557 1.610 1.619 2.140 2.099 1.750 1.306 1.132 1.044 1.146 1.394 1.719 2.115 2.608 3.137 4.249 5.213 6.024 7.545 9.594 10.527 12.444 13.498 14.771 16.190 17.463 18.858 20.253 20.332 22.368
2.207 2.070 1.843 1.740 1.485 1.492 1.337 1.171 1.308 1.557 1.661 1.740 1.891 2.047 2.210 1.949 1.565 1.328 1.165 1.095 1.346 1.451 1.720 1.968 1.959 2.287 2.537 2.613 2.331 2.144 1.899 2.294 2.265 2.088 2.201 1.949 1.673 1.860 1.899 1.671 1.383 1.210 0.919 0.726 0.693 0.747 0.932 0.765 0.506 0.000 0.508 0.616 0.946 0.895 1.169 1.293 1.411 1.184 1.058 1.320 1.341 1.118 1.255 1.539 1.683 1.707 2.255 2.237 1.968 1.479 1.326 1.092 1.153 1.229 1.455 1.781 2.358 2.901 3.973 4.995 5.873 7.118 8.976 10.044 11.846 12.985 14.499 16.479 17.444 18.921 20.142 20.309 21.539
2.308 2.142 1.928 1.723 1.423 1.416 1.292 1.089 1.180 1.497 1.650 1.607 1.856 1.955 2.089 1.803 1.462 1.176 1.069 0.964 1.279 1.488 1.768 1.916 2.043 2.387 2.604 2.845 2.480 2.342 2.150 2.342 2.479 2.298 2.420 2.113 1.837 1.936 1.869 1.682 1.475 1.184 1.016 0.792 0.714 0.871 1.090 0.984 0.661 0.509 0.000 0.552 0.819 0.834 1.010 1.179 1.338 1.140 0.952 1.327 1.363 1.085 1.336 1.658 1.713 1.830 2.392 2.460 2.073 1.622 1.414 1.243 1.206 1.259 1.507 1.895 2.464 2.884 3.979 4.981 5.709 7.436 8.988 10.527 12.256 13.406 14.926 16.338 17.884 18.291 19.747 19.813 21.155
2.837 2.818 2.595 2.539 2.116 2.102 1.869 1.416 1.508 1.826 2.145 2.153 2.512 2.665 2.674 2.195 1.869 1.382 1.306 1.415 1.957 2.176 2.762 2.851 2.880 3.192 3.527 3.766 3.143 2.931 2.745 3.340 3.285 3.089 3.345 2.922 2.662 2.856 2.868 2.591 2.284 1.666 1.302 1.081 1.088 1.235 1.548 1.491 1.090 0.798 0.533 0.000 0.767 1.029 1.449 1.778 1.887 1.579 1.390 1.784 1.754 1.478 1.664 1.958 1.992 2.180 2.694 2.751 2.534 2.095 2.032 1.724 1.752 1.841 2.044 2.546 3.080 3.471 4.627 5.608 6.448 8.034 9.548 11.230 12.252 13.723 14.867 16.687 17.273 18.581 20.167 20.173 20.958
3.591 3.526 3.046 2.912 2.299 2.337 1.843 1.286 1.288 1.536 2.120 2.203 2.669 2.815 2.971 2.525 1.991 1.413 1.475 1.578 2.123 2.408 2.926 3.376 3.427 3.829 4.339 4.468 4.033 3.816 3.440 3.878 3.957 3.549 3.642 3.047 2.862 2.866 2.936 2.645 2.320 1.765 1.574 1.222 1.440 1.815 2.253 2.143 1.717 1.243 0.971 0.610 0.000 0.713 1.051 1.633 1.701 1.547 1.545 2.083 2.107 2.002 2.214 2.702 2.834 2.950 3.885 3.784 3.372 2.831 2.511 2.058 1.804 1.899 1.958 2.328 3.132 3.758 4.800 5.857 6.673 8.237 10.073 11.522 13.123 14.502 15.433 17.640 18.327 19.427 20.690 20.623 21.998
2.552 2.468 2.145 1.890 1.563 1.444 1.160 0.771 0.835 1.031 1.313 1.481 1.789 2.101 2.176 1.918 1.560 1.061 1.124 1.138 1.603 1.794 2.036 2.304 2.425 2.654 2.923 3.182 2.832 2.632 2.490 2.778 2.840 2.745 2.883 2.572 2.384 2.483 2.339 2.173 1.939 1.552 1.390 1.200 1.231 1.474 1.751 1.730 1.308 1.044 0.851 0.855 0.543 0.000 0.519 0.737 0.913 0.834 0.838 1.197 1.244 1.271 1.492 1.684 1.882 2.134 2.621 2.778 2.541 2.135 2.060 1.771 1.743 1.791 1.997 2.286 2.769 3.376 4.320 5.335 6.057 7.445 9.227 10.344 11.969 13.185 15.309 16.427 18.256 18.797 20.488 20.911 21.940
2.052 1.789 1.481 1.286 1.163 1.030 0.925 0.695 0.785 0.917 1.064 1.219 1.472 1.703 1.903 1.672 1.348 1.039 1.077 1.016 1.248 1.350 1.446 1.534 1.696 1.864 2.097 2.323 2.096 2.003 1.860 2.059 2.162 2.239 2.295 2.116 1.789 1.917 1.723 1.683 1.573 1.421 1.254 1.244 1.288 1.315 1.548 1.593 1.291 1.100 0.910 0.967 0.805 0.502 0.000 0.499 0.587 0.622 0.609 0.730 0.901 0.995 1.116 1.237 1.497 1.665 2.278 2.342 2.135 1.775 1.794 1.520 1.673 1.642 1.867 2.001 2.577 3.058 4.031 4.989 5.706 7.157 9.023 10.133 11.921 13.244 14.639 16.221 17.667 18.688 20.372 20.455 21.869
1.902 1.646 1.392 1.225 1.159 0.996 0.806 0.763 0.843 0.913 1.126 1.179 1.385 1.685 1.791 1.551 1.350 1.061 1.090 0.994 1.183 1.328 1.413 1.521 1.681 1.850 2.087 2.227 1.931 1.887 1.769 1.961 2.180 2.119 2.182 2.079 1.807 1.967 1.715 1.621 1.596 1.397 1.310 1.264 1.301 1.304 1.496 1.574 1.308 1.203 0.999 1.158 0.983 0.654 0.493 0.000 0.496 0.553 0.570 0.583 0.720 0.853 0.903 1.004 1.295 1.503 2.054 2.108 1.963 1.671 1.708 1.505 1.633 1.622 1.811 2.070 2.450 3.025 4.095 4.850 5.807 6.994 9.060 10.348 11.826 13.524 14.105 16.482 17.755 19.062 20.295 20.802 22.263
2.170 2.025 1.805 1.459 1.373 1.174 1.064 0.886 0.967 1.075 1.124 1.299 1.479 1.733 1.884 1.725 1.603 1.324 1.358 1.239 1.549 1.662 1.708 1.905 2.066 2.340 2.524 2.709 2.425 2.284 2.217 2.397 2.519 2.553 2.513 2.501 2.144 2.234 2.039 1.962 1.921 1.661 1.512 1.542 1.485 1.346 1.522 1.612 1.362 1.428 1.153 1.373 1.230 0.849 0.572 0.494 0.000 0.499 0.605 0.655 0.641 0.759 0.960 0.998 1.189 1.497 2.105 2.221 2.086 1.766 1.864 1.684 1.912 1.991 2.174 2.401 2.856 3.294 4.258 5.066 5.804 7.288 9.105 10.446 11.967 13.626 14.908 16.297 17.548 18.590 19.811 20.311 22.276
1.857 1.778 1.593 1.418 1.214 1.218 1.095 0.925 1.039 1.054 1.237 1.450 1.635 1.904 2.014 1.834 1.552 1.248 1.315 1.103 1.340 1.439 1.514 1.696 1.801 1.985 2.319 2.349 2.059 1.889 1.767 2.064 2.085 2.024 2.156 1.937 1.738 1.882 1.862 1.729 1.650 1.446 1.177 1.190 1.068 0.986 1.165 1.306 1.061 1.073 0.888 1.117 1.019 0.733 0.587 0.543 0.492 0.000 0.492 0.558 0.586 0.583 0.708 0.826 1.075 1.298 1.912 1.976 1.739 1.384 1.352 1.266 1.394 1.461 1.803 1.984 2.514 3.051 3.995 5.046 5.869 7.380 9.392 10.655 12.376 13.734 15.096 16.493 17.715 19.210 20.400 20.726 22.485
1.653 1.439 1.318 1.153 1.035 1.043 1.044 0.914 0.980 1.044 1.189 1.306 1.460 1.820 2.024 1.739 1.500 1.178 1.125 0.960 1.112 1.161 1.363 1.447 1.470 1.702 1.938 1.976 1.735 1.578 1.452 1.722 1.788 1.735 1.890 1.729 1.544 1.634 1.599 1.548 1.493 1.249 1.087 1.079 1.032 0.982 1.192 1.354 1.142 1.040 0.901 1.079 0.981 0.713 0.616 0.556 0.529 0.490 0.000 0.493 0.547 0.580 0.597 0.734 0.979 1.213 1.866 1.861 1.652 1.286 1.324 1.195 1.376 1.413 1.678 1.870 2.443 3.027 4.077 5.021 5.946 7.228 9.274 10.456 12.119 13.220 14.637 16.557 17.530 18.973 20.348 20.903 22.492
1.776 1.557 1.399 1.185 1.102 1.042 0.979 0.887 1.012 1.118 1.246 1.406 1.523 1.766 1.896 1.660 1.437 1.238 1.111 0.958 1.146 1.241 1.387 1.551 1.595 1.757 2.036 2.116 1.795 1.739 1.658 1.884 1.966 1.969 2.002 1.894 1.657 1.716 1.685 1.591 1.503 1.277 1.085 1.160 1.112 1.021 1.240 1.384 1.193 1.138 0.928 1.138 1.076 0.764 0.695 0.583 0.571 0.542 0.490 0.000 0.497 0.553 0.600 0.659 0.869 1.171 1.837 1.809 1.685 1.366 1.379 1.316 1.393 1.487 1.666 1.876 2.381 2.922 3.940 4.849 5.732 7.278 9.113 10.699 12.224 13.720 14.677 16.785 17.810 19.305 21.226 20.934 22.523
1.980 1.835 1.647 1.376 1.292 1.298 1.246 1.131 1.349 1.279 1.423 1.635 1.761 2.083 2.261 2.063 1.890 1.541 1.425 1.249 1.449 1.520 1.635 1.838 1.972 2.175 2.432 2.549 2.190 2.092 2.001 2.296 2.373 2.338 2.465 2.322 1.996 2.140 2.021 1.895 1.862 1.586 1.415 1.399 1.319 1.103 1.260 1.396 1.168 1.290 1.116 1.416 1.406 1.037 0.873 0.706 0.631 0.635 0.578 0.495 0.000 0.498 0.611 0.688 0.807 1.130 1.790 1.906 1.762 1.431 1.525 1.429 1.653 1.769 2.059 2.335 2.814 3.303 4.181 4.993 5.782 7.257 9.113 10.387 11.978 13.356 14.669 16.080 17.262 18.511 19.568 20.093 22.106
1.659 1.558 1.476 1.288 1.181 1.254 1.271 1.096 1.281 1.329 1.447 1.666 1.731 2.060 2.272 1.979 1.774 1.451 1.335 1.154 1.295 1.323 1.446 1.596 1.618 1.816 2.092 2.105 1.809 1.663 1.536 1.841 1.863 1.740 1.923 1.760 1.523 1.705 1.715 1.681 1.503 1.402 1.077 1.150 1.002 0.828 1.122 1.250 1.018 1.107 0.954 1.228 1.255 0.960 0.857 0.789 0.664 0.591 0.558 0.525 0.491 0.000 0.494 0.577 0.764 0.926 1.672 1.712 1.476 1.156 1.194 1.100 1.294 1.399 1.707 1.944 2.484 2.920 3.980 4.928 5.747 7.147 9.303 10.400 12.277 13.447 14.845 16.411 17.491 19.021 20.404 20.713 22.327
1.627 1.530 1.327 1.276 1.176 1.274 1.295 1.176 1.350 1.458 1.631 1.729 1.913 2.186 2.406 2.142 1.787 1.470 1.339 1.156 1.317 1.256 1.485 1.605 1.557 1.801 1.982 2.043 1.744 1.612 1.536 1.792 1.853 1.824 1.923 1.840 1.616 1.780 1.737 1.693 1.565 1.342 1.132 1.176 1.060 0.889 1.142 1.282 1.082 1.077 1.020 1.265 1.298 0.990 0.945 0.890 0.821 0.691 0.603 0.597 0.547 0.495 0.000 0.507 0.740 0.978 1.732 1.745 1.540 1.230 1.245 1.171 1.291 1.381 1.712 2.007 2.547 3.073 4.225 5.139 6.166 7.632 9.409 10.905 12.556 13.885 15.132 17.084 17.806 19.027 20.770 20.801 22.480
1.972 1.929 1.755 1.648 1.505 1.668 1.675 1.570 1.906 1.997 2.129 2.174 2.279 2.490 2.800 2.673 2.198 1.882 1.638 1.383 1.676 1.676 1.999 2.182 2.213 2.435 2.749 2.877 2.320 2.210 2.162 2.616 2.686 2.610 2.740 2.506 2.224 2.233 2.226 2.124 2.034 1.697 1.362 1.540 1.452 1.214 1.473 1.748 1.479 1.616 1.300 1.686 1.754 1.420 1.398 1.261 1.172 1.047 0.802 0.761 0.706 0.650 0.511 0.000 0.573 0.920 1.757 1.949 1.866 1.509 1.655 1.477 1.787 1.867 2.097 2.356 2.848 3.389 4.319 5.123 5.980 7.349 9.240 10.973 12.302 13.678 14.986 16.686 17.743 19.067 20.707 20.508 22.451
2.806 2.968 2.788 2.520 2.428 2.571 2.617 2.641 3.283 3.050 3.241 3.398 3.650 4.008 4.451 4.444 3.989 3.436 3.146 2.824 2.929 2.906 3.142 3.372 3.517 3.762 4.237 4.345 3.634 3.427 3.427 4.008 4.330 4.240 4.498 4.246 3.665 4.002 3.788 3.815 3.646 3.330 2.890 3.051 2.761 2.011 2.141 2.559 2.363 2.883 2.572 3.224 3.252 2.722 2.406 2.107 1.815 1.854 1.532 1.136 1.145 1.166 0.973 0.590 0.000 0.782 1.805 2.303 2.362 1.989 2.565 2.597 3.388 3.581 4.003 4.322 5.041 5.625 6.204 7.113 7.868 9.251 11.401 12.472 14.241 15.433 16.699 18.584 19.359 20.415 21.761 22.015 23.048
3.446 4.231 4.213 4.422 4.112 4.646 5.065 4.775 5.453 5.318 5.400 6.219 6.045 6.724 7.752 7.280 6.670 5.550 5.308 4.380 4.905 4.575 5.200 5.413 5.340 5.598 5.981 5.790 4.746 4.135 4.289 5.010 4.736 4.346 5.154 4.536 4.550 5.296 5.508 5.604 5.092 4.791 3.963 4.232 3.412 2.531 2.420 3.305 3.202 3.877 3.748 4.681 4.994 4.205 4.130 3.839 3.096 3.195 3.128 2.566 2.004 1.947 1.634 1.442 0.620 0.000 1.331 2.027 2.328 2.057 2.613 3.115 3.771 4.165 5.394 5.494 6.395 7.008 7.646 8.936 9.701 11.155 12.575 13.500 15.234 16.253 18.071 20.082 21.100 21.707 23.057 22.882 23.874
4.103 5.078 5.514 6.317 6.309 7.002 7.380 6.676 6.448 7.407 8.082 8.363 8.898 9.121 9.639 9.013 8.440 6.959 6.832 5.993 6.836 6.546 7.533 7.496 7.052 6.978 7.141 6.696 5.414 4.274 4.808 6.033 5.343 5.061 6.439 6.192 5.925 6.970 7.739 7.935 6.928 6.355 5.092 4.743 4.169 3.014 3.101 4.099 3.406 4.120 3.984 5.256 5.459 4.611 5.281 5.910 5.178 3.786 3.948 4.361 2.971 2.334 2.523 2.423 1.587 0.993 0.000 0.842 1.631 2.309 3.244 3.849 5.009 5.610 6.507 7.590 8.342 9.207 10.269 11.194 12.098 13.125 15.034 15.903 17.203 19.266 20.151 22.054 23.194 23.755 24.834 24.725 25.201
4.008 4.533 4.720 5.903 5.942 6.737 7.276 7.170 7.746 8.074 8.357 8.241 8.474 8.574 9.398 9.158 8.470 7.605 6.842 6.261 6.287 6.151 6.770 6.666 5.973 6.192 6.351 5.908 4.788 3.623 3.822 4.779 4.437 3.702 4.479 4.139 4.418 5.512 6.382 6.853 6.159 5.646 4.888 4.887 4.214 3.218 2.814 3.936 4.007 5.024 5.015 5.937 6.742 6.254 6.350 5.963 5.753 5.132 4.606 4.488 3.816 3.142 2.846 2.908 2.212 1.701 0.681 0.000 0.818 1.660 2.196 3.171 3.948 4.602 5.665 6.036 7.171 7.745 8.327 9.335 10.089 11.270 13.388 14.248 15.321 17.088 18.216 19.856 21.792 22.213 23.154 23.577 24.465
2.987 3.344 3.369 4.102 4.088 4.739 5.045 4.834 5.214 5.750 5.956 5.755 5.806 5.933 6.448 6.258 5.611 5.043 4.319 4.043 4.125 4.092 4.680 4.728 4.126 4.375 4.666 4.292 3.517 2.734 3.002 3.859 3.565 3.088 3.716 3.426 3.170 4.028 4.565 4.787 3.817 3.658 2.988 2.765 2.352 1.835 1.723 2.441 2.775 3.073 3.168 3.601 4.423 4.202 4.631 4.477 4.459 3.904 3.344 3.371 3.166 2.659 2.255 2.660 2.412 1.850 1.382 0.620 0.000 0.660 1.201 1.563 2.223 2.882 3.506 4.252 5.027 5.851 6.550 7.309 8.354 9.683 11.079 11.790 13.512 14.988 16.497 18.931 19.590 20.910 21.421 22.013 23.366
2.461 2.532 2.666 3.019 3.003 3.516 3.652 3.603 4.009 4.358 4.393 4.267 4.244 4.346 4.542 4.492 3.991 3.644 3.086 2.811 2.951 2.830 3.360 3.434 2.875 3.319 3.512 3.346 2.597 2.154 2.173 2.618 2.573 2.118 2.595 2.296 2.197 2.657 3.069 3.009 2.497 2.423 1.965 1.917 1.618 1.308 1.344 1.836 2.171 2.239 2.449 2.751 3.225 3.189 3.597 3.317 3.362 3.048 2.663 2.718 2.550 2.138 1.880 2.087 2.039 1.698 1.679 1.154 0.605 0.000 0.573 0.923 1.265 1.630 2.011 2.415 3.175 3.656 4.704 5.645 6.402 7.985 9.520 10.673 12.443 14.165 15.520 17.513 18.729 19.799 20.563 20.947 22.542
2.073 2.038 1.875 2.050 1.926 2.172 2.186 2.063 2.301 2.649 2.711 2.604 2.633 2.642 2.909 2.769 2.275 2.084 1.695 1.642 1.695 1.719 2.095 2.205 2.010 2.358 2.531 2.519 2.158 1.908 1.647 1.989 2.019 1.751 1.950 1.632 1.558 1.759 2.013 1.852 1.557 1.336 1.135 1.089 0.952 0.799 0.838 1.229 1.265 1.364 1.377 1.607 1.947 1.923 2.169 2.211 2.247 2.000 1.731 1.862 1.878 1.521 1.396 1.752 1.721 1.547 1.768 1.485 1.023 0.535 0.000 0.531 0.803 1.024 1.313 1.671 2.286 2.953 3.976 4.942 5.934 7.182 9.887 10.595 12.177 13.692 15.008 16.522 16.389 18.811 19.481 19.984 21.755
1.779 1.633 1.485 1.485 1.382 1.655 1.648 1.577 1.720 1.972 2.116 2.001 2.149 2.266 2.463 2.181 1.827 1.589 1.349 1.219 1.305 1.331 1.565 1.653 1.560 1.871 2.107 2.197 1.781 1.609 1.448 1.640 1.685 1.531 1.600 1.448 1.226 1.409 1.518 1.473 1.211 1.044 0.768 0.835 0.718 0.703 0.817 1.118 1.019 1.020 1.118 1.237 1.422 1.449 1.503 1.562 1.658 1.475 1.263 1.382 1.425 1.222 1.102 1.380 1.512 1.501 1.859 1.742 1.260 0.829 0.515 0.000 0.516 0.715 1.003 1.307 1.924 2.479 3.523 4.635 5.246 6.751 9.062 10.516 11.868 13.464 14.319 15.954 17.101 17.951 19.484 19.520 21.093
1.973 1.817 1.585 1.644 1.441 1.651 1.599 1.588 1.866 2.038 2.112 2.077 2.130 2.199 2.445 2.260 1.850 1.650 1.345 1.203 1.288 1.264 1.657 1.739 1.715 2.070 2.313 2.362 2.039 1.815 1.536 1.834 1.875 1.618 1.649 1.323 1.206 1.398 1.536 1.407 1.044 0.858 0.660 0.687 0.689 0.742 0.961 1.151 1.100 1.057 1.062 1.246 1.501 1.452 1.694 1.668 1.741 1.601 1.320 1.456 1.521 1.272 1.217 1.514 1.647 1.619 2.081 1.958 1.561 1.047 0.769 0.517 0.000 0.517 0.727 1.094 1.789 2.412 3.535 4.558 5.538 7.012 9.539 10.216 12.031 13.148 13.974 16.145 16.622 18.550 19.774 19.994 21.310
2.282 2.128 1.933 1.902 1.617 1.844 1.711 1.791 1.996 2.292 2.338 2.136 2.085 2.128 2.360 2.257 1.864 1.732 1.398 1.309 1.340 1.391 1.784 1.929 2.042 2.382 2.702 2.806 2.383 2.087 1.879 2.126 2.180 1.903 1.990 1.554 1.294 1.549 1.564 1.415 0.973 0.859 0.792 0.807 0.918 1.023 1.157 1.394 1.362 1.289 1.325 1.396 1.740 1.740 1.891 1.906 2.135 1.878 1.570 1.826 1.940 1.580 1.572 1.915 2.006 1.862 2.380 2.339 1.808 1.352 1.037 0.746 0.534 0.000 0.525 0.947 1.529 2.265 3.394 4.251 4.773 6.621 8.408 10.399 11.603 13.390 14.193 16.142 16.976 18.430 19.520 19.585 20.877
2.727 2.548 2.192 2.274 1.972 2.291 2.177 2.268 2.711 3.044 3.001 2.829 2.768 2.781 3.141 3.046 2.298 2.295 1.687 1.536 1.496 1.612 2.104 2.359 2.304 2.922 3.317 3.346 3.033 2.779 2.318 2.775 2.842 2.464 2.479 1.931 1.626 1.599 1.798 1.580 1.078 0.886 0.921 1.014 1.263 1.407 1.621 1.851 1.805 1.717 1.665 1.750 2.220 2.251 2.526 2.389 2.570 2.433 1.965 2.164 2.276 2.015 1.964 2.264 2.417 2.354 2.857 2.804 2.471 1.917 1.698 1.215 0.989 0.557 0.000 0.566 1.199 2.068 3.487 4.549 5.219 6.589 9.270 10.336 12.106 13.412 14.674 16.367 17.555 18.498 19.490 19.924 20.846
4.650 4.418 3.620 3.897 3.267 3.810 3.623 3.917 4.215 4.837 4.585 4.354 3.975 3.865 4.601 4.545 3.712 3.669 2.695 2.662 2.487 2.582 3.275 3.585 3.485 4.615 4.921 5.451 4.907 4.760 3.785 4.085 4.493 3.822 3.827 2.882 2.526 2.074 2.395 2.106 1.379 1.489 1.890 1.743 2.188 2.800 3.148 3.141 3.214 2.641 2.863 2.718 3.473 3.809 4.132 4.307 4.625 4.318 3.724 4.289 4.541 4.011 3.961 4.809 4.929 4.528 5.457 5.507 4.816 3.907 3.183 2.326 1.764 1.340 0.612 0.000 0.778 1.772 2.883 4.073 4.776 6.465 8.093 10.401 11.751 12.970 14.199 15.894 16.741 18.209 19.021 19.132 20.914
6.103 6.475 5.633 5.807 5.288 5.985 6.015 6.552 7.356 8.979 7.954 7.005 6.494 6.194 6.820 7.067 5.866 6.222 4.666 4.555 3.841 3.759 5.110 5.856 5.783 6.985 7.644 8.254 7.159 6.092 5.498 6.318 6.725 5.690 5.665 4.301 3.294 3.426 3.779 3.137 2.226 2.528 3.114 3.610 4.235 4.206 4.835 5.618 5.739 5.668 5.316 5.385 6.460 6.749 7.742 7.023 7.915 7.557 6.234 6.657 7.131 6.177 5.727 6.669 6.863 5.860 6.913 6.823 5.868 4.929 4.657 3.284 3.136 2.127 1.546 0.742 0.000 0.823 1.889 3.126 3.859 5.323 6.765 8.839 10.251 11.883 13.259 14.529 16.077 16.748 18.025 18.533 20.065
10.416 10.994 9.603 9.530 7.948 8.399 8.125 8.040 8.736 10.589 10.433 8.914 8.410 7.627 8.855 9.174 7.227 7.086 5.339 5.643 5.778 6.528 8.083 9.399 9.476 11.643 12.167 13.152 12.151 10.735 9.828 11.061 11.456 9.901 9.698 8.254 6.809 6.010 6.428 5.226 4.163 3.720 4.592 4.416 5.370 6.375 7.685 7.763 7.042 6.110 5.945 5.498 6.669 7.004 8.888 8.969 9.893 8.833 7.661 9.325 9.298 8.092 8.483 10.043 10.132 9.648 11.219 11.342 10.522 8.605 7.873 6.466 5.279 3.877 2.780 1.938 0.736 0.000 0.720 1.612 2.510 3.818 5.655 7.012 8.183 10.191 11.491 12.454 14.443 15.497 16.819 17.580 18.995
11.806 12.247 10.797 10.880 9.812 10.038 10.103 10.499 11.318 12.526 11.855 10.641 9.924 9.103 10.394 10.633 8.941 9.188 7.800 7.904 7.437 7.922 9.369 10.694 10.607 12.769 13.369 14.545 13.232 12.126 10.751 11.794 12.625 10.712 10.263 8.081 7.219 6.500 7.175 5.499 4.804 5.010 6.348 6.743 7.679 8.434 9.082 9.712 9.403 8.707 8.667 8.079 9.316 10.249 11.605 11.231 12.393 11.490 10.599 11.659 11.836 10.549 10.646 12.029 12.228 11.573 12.738 12.733 11.654 10.014 8.881 7.576 6.042 4.498 3.645 2.816 1.564 0.681 0.001 0.660 1.461 2.416 3.818 5.685 6.242 8.352 9.542 11.213 12.410 14.171 15.925 17.080 18.246
12.484 12.637 11.209 11.509 10.408 11.047 10.884 11.758 12.860 14.210 13.420 11.684 11.026 9.922 11.412 11.880 10.114 10.528 8.811 9.161 8.274 8.995 9.859 11.027 11.157 13.163 13.845 14.730 13.583 12.588 11.074 11.976 12.882 11.205 10.785 9.008 8.063 7.198 7.617 6.034 6.168 6.439 8.051 8.247 9.366 10.111 10.714 11.595 11.525 10.628 10.316 9.735 10.997 12.141 13.267 12.401 13.933 13.385 11.871 12.797 13.206 12.421 11.698 13.091 13.478 12.759 13.770 13.515 12.521 11.278 10.517 8.954 8.026 6.104 5.179 3.845 2.684 1.448 0.634 0.000 0.797 1.698 2.827 4.330 5.320 7.115 8.577 9.856 11.179 12.021 14.276 15.171 16.840
14.685 14.942 13.296 13.604 12.048 12.507 12.417 12.765 13.580 14.934 14.512 12.540 11.823 10.455 11.999 12.799 10.911 11.855 9.790 10.677 9.708 10.241 11.530 12.846 12.909 15.075 15.579 16.752 15.874 14.966 13.448 14.344 15.219 13.418 13.107 11.526 10.255 9.737 9.790 8.075 8.217 8.101 9.262 9.768 11.206 12.023 13.120 13.529 13.429 12.175 11.812 11.048 12.275 12.988 14.184 13.854 14.855 14.367 13.145 14.357 14.756 13.991 13.648 15.375 15.462 14.793 16.071 16.002 14.838 13.799 12.928 10.951 10.197 8.503 7.091 5.685 4.050 3.216 2.141 0.796 0.000 0.993 2.175 2.935 3.781 4.939 5.722 7.457 8.961 10.474 12.609 14.131 15.152
16.621 16.576 15.459 15.606 14.756 14.677 15.023 15.375 16.406 17.744 16.543 15.718 13.964 12.687 14.126 14.835 13.346 14.089 12.358 12.857 11.846 12.676 13.638 14.827 14.950 16.568 17.828 18.257 17.278 16.585 14.809 15.559 16.214 14.686 13.807 12.289 11.619 10.471 11.138 9.547 9.685 9.998 11.441 11.633 12.644 13.778 14.056 14.888 14.841 14.200 13.818 13.754 14.926 15.542 16.698 16.393 17.656 17.159 15.919 16.674 17.683 16.316 16.000 17.351 18.063 16.436 17.838 17.385 16.057 15.031 13.577 12.724 11.359 9.817 7.738 6.711 4.956 3.647 3.078 2.246 0.793 0.001 0.775 1.642 2.026 2.896 3.639 4.641 5.751 6.749 8.641 10.323 11.910
17.527 17.953 15.852 16.565 14.987 15.480 15.369 16.056 17.025 18.269 17.405 15.828 14.607 12.975 14.241 15.481 13.424 14.868 12.927 13.548 12.761 12.989 14.479 15.812 15.714 17.557 18.303 19.671 18.542 18.078 15.846 16.468 17.873 16.256 15.619 14.487 12.884 12.547 12.349 10.058 11.114 11.264 12.038 12.963 14.470 15.114 16.271 17.099 16.980 15.846 15.287 14.677 16.193 16.435 17.563 17.146 18.406 17.957 16.484 17.502 18.644 17.510 16.703 18.983 19.219 17.934 19.434 19.362 17.840 16.788 15.903 14.261 13.438 11.356 10.228 8.512 6.842 5.106 4.189 3.017 1.806 0.772 0.000 0.721 1.347 1.854 2.396 3.236 3.841 5.148 7.281 8.592 10.530
18.802 18.909 17.205 17.498 16.258 16.475 16.604 17.417 17.926 19.370 18.172 16.967 15.722 13.882 15.165 16.091 14.635 15.762 14.432 14.740 13.778 13.975 15.365 16.945 16.839 18.838 19.989 20.470 19.674 18.645 16.804 17.803 18.582 16.901 16.327 15.068 13.856 12.692 13.191 11.399 11.785 12.189 13.116 14.152 15.000 15.962 16.197 16.617 17.035 16.145 15.803 15.797 17.171 17.617 18.439 18.245 19.305 19.275 17.799 18.655 19.740 18.297 17.823 20.026 20.256 18.492 19.855 19.443 18.515 17.978 16.400 15.497 14.072 12.605 10.881 9.225 7.750 6.073 5.244 3.858 2.532 1.583 0.691 0.001 0.675 1.329 1.721 2.476 3.293 4.279 5.888 7.571 9.243
17.949 18.319 16.628 17.460 15.902 16.731 16.492 17.331 18.184 19.561 18.632 16.773 15.665 14.406 15.514 16.503 15.021 16.328 14.808 14.953 14.341 14.058 15.488 16.991 16.306 18.471 19.328 20.479 19.127 18.441 16.769 17.198 18.651 17.360 16.876 15.275 14.084 13.449 13.284 11.863 12.401 12.876 14.236 14.903 16.131 16.628 17.427 18.621 18.738 17.494 16.710 16.352 17.660 17.852 18.782 18.352 19.874 19.320 17.588 18.525 20.105 18.340 17.805 19.881 20.570 18.681 20.023 19.862 18.698 17.944 16.928 15.794 14.749 13.247 11.931 10.224 8.223 6.367 5.387 4.206 2.992 2.189 1.263 0.639 0.000 0.679 1.394 1.776 2.605 3.489 5.201 6.781 8.567
19.597 19.434 17.622 18.305 17.419 17.343 17.248 17.841 18.441 19.551 18.492 17.371 16.009 14.845 15.789 16.742 15.471 16.588 15.305 15.849 15.175 15.139 16.426 17.758 17.651 19.554 20.613 21.421 20.202 19.392 18.051 18.764 19.636 18.158 17.334 16.138 15.207 13.946 14.245 12.715 13.000 13.774 14.004 15.199 15.980 16.582 17.560 17.979 18.080 17.572 16.824 17.199 17.930 18.193 19.379 18.748 20.137 20.115 18.235 19.369 20.472 19.194 18.883 20.683 20.616 20.641 20.378 21.017 19.508 18.836 17.445 16.153 15.231 13.638 12.747 10.611 9.066 7.342 6.459 5.077 3.655 2.745 1.709 1.325 0.640 0.001 0.674 1.450 2.001 2.803 4.397 5.703 7.615
20.205 20.037 18.829 18.557 18.066 18.307 18.441 18.989 19.761 20.955 19.768 18.479 17.164 15.490 16.825 17.827 16.187 17.809 16.382 17.137 15.897 16.264 17.065 18.187 17.806 19.825 20.799 21.565 20.602 20.446 18.843 19.089 20.269 19.098 18.413 16.608 16.116 14.890 14.816 13.432 13.923 14.744 15.622 16.723 17.101 18.298 18.940 19.385 19.948 19.047 18.016 17.877 18.935 19.606 20.435 19.992 21.417 21.254 19.323 20.132 21.782 20.022 19.901 21.216 21.671 21.158 21.682 22.549 20.608 18.967 18.272 17.059 16.365 14.884 13.578 11.637 9.099 7.564 6.752 5.550 4.425 3.103 2.413 1.725 1.237 0.643 0.000 0.768 1.859 2.569 4.038 5.512 7.526
20.926 21.067 18.930 19.974 18.221 18.548 18.320 18.994 19.763 20.860 19.917 18.681 17.131 15.802 16.672 17.916 16.346 18.032 16.359 17.577 16.469 16.674 17.983 19.102 18.889 20.897 21.844 22.443 21.950 21.267 19.692 20.420 20.827 19.271 18.673 17.651 16.246 16.028 15.784 14.030 14.698 14.982 15.938 16.983 18.006 18.369 19.175 19.983 20.664 19.405 18.700 18.174 18.967 19.796 20.585 19.826 21.734 21.329 20.054 21.143 22.152 21.371 20.134 21.864 22.756 21.686 22.074 22.350 20.783 20.129 18.212 16.840 16.790 15.075 14.112 12.221 10.574 9.003 8.046 7.027 5.911 4.908 3.563 2.925 1.982 1.404 0.731 0.000 0.764 2.035 3.505 4.958 6.666
23.337 23.096 21.613 21.324 21.031 21.110 21.192 21.811 22.421 23.001 22.201 21.586 20.703 18.798 19.734 20.891 20.280 21.006 19.438 19.988 19.023 19.377 20.405 21.358 21.562 22.932 23.767 24.550 22.963 23.226 21.594 22.454 23.018 21.547 21.150 19.905 18.772 18.181 18.351 17.155 17.439 18.106 18.861 19.876 20.922 20.793 22.097 22.503 22.655 21.891 21.182 21.571 22.029 22.496 22.717 22.928 23.567 23.797 22.144 22.912 23.759 23.603 22.357 23.869 24.536 23.318 23.818 23.869 22.764 21.609 21.104 19.105 19.708 18.229 17.517 16.012 14.336 13.171 12.438 11.337 9.765 8.367 6.628 4.732 3.690 2.309 1.623 0.819 0.001 1.089 2.892 4.544 6.297
24.871 25.441 23.928 24.235 23.525 23.763 23.602 24.564 24.715 25.279 24.477 23.583 23.342 22.247 22.858 23.488 23.367 23.842 23.108 23.466 22.525 22.579 22.799 23.765 23.765 24.975 25.515 26.126 25.358 25.376 24.226 24.769 25.480 24.306 24.641 23.976 22.693 22.357 22.401 21.351 21.825 22.336 22.859 23.468 24.341 24.759 25.534 25.918 25.883 25.002 24.774 24.377 24.494 24.969 25.406 24.890 25.756 25.460 24.820 25.360 26.053 25.751 25.054 25.873 26.503 25.628 26.357 25.949 25.240 24.976 24.390 23.658 23.843 22.907 22.215 21.229 20.251 19.197 18.265 16.672 15.491 13.196 12.071 9.613 7.972 5.573 3.520 2.438 1.130 0.001 1.391 2.927 5.166
27.388 27.131 26.374 26.569 25.963 25.862 26.081 26.354 26.356 26.935 26.318 25.986 25.336 24.635 25.061 25.641 24.873 25.811 25.076 25.598 25.100 25.087 25.589 26.076 26.330 26.847 26.988 27.663 27.106 27.104 26.591 26.785 27.030 26.518 26.412 25.871 25.252 24.781 24.563 24.104 24.213 24.746 24.802 25.435 26.231 26.291 27.069 27.060 26.822 26.465 26.135 25.854 26.320 26.348 26.815 26.450 27.288 27.066 26.814 27.056 27.631 27.401 26.957 27.532 27.957 27.754 27.768 27.493 27.231 26.719 26.539 25.432 25.721 24.704 24.412 23.357 22.355 21.785 20.821 19.200 17.892 16.323 14.972 12.808 10.697 8.504 6.239 3.842 2.973 1.121 0.002 1.548 3.717
28.754 28.387 28.133 28.291 28.063 28.008 28.329 28.630 28.540 28.733 28.226 28.072 27.811 27.367 27.678 27.681 27.834 28.048 27.990 28.229 27.667 27.575 27.579 28.151 27.942 28.167 28.247 28.521 28.264 28.410 27.880 28.374 28.260 28.168 27.621 27.455 27.589 27.044 27.018 27.089 27.216 27.472 27.924 27.972 28.512 28.458 28.844 28.742 28.789 28.559 28.571 28.379 28.204 28.733 28.683 28.561 28.827 28.755 28.585 28.749 28.892 28.788 28.610 28.778 28.871 28.939 28.834 28.863 28.847 28.627 28.219 27.869 27.863 27.496 27.290 26.657 26.543 26.265 25.595 24.161 23.486 22.706 20.809 18.751 16.629 12.810 10.335 6.933 5.669 3.639 1.280 0.001 1.599
29.353 29.290 28.773 28.738 28.428 28.702 28.757 28.968 28.761 28.740 28.656 28.496 28.185 27.858 27.836 28.361 28.199 28.596 28.280 28.642 28.235 28.411 28.484 28.774 28.803 28.877 28.934 29.350 29.229 29.294 28.810 29.064 29.212 29.209 28.828 28.251 28.454 28.252 27.844 28.142 27.807 28.003 28.326 28.571 28.846 28.872 29.267 29.279 29.187 29.012 28.810 28.571 28.631 28.915 28.931 28.610 29.051 29.107 28.898 28.773 29.418 29.355 28.843 29.192 29.654 29.605 29.627 29.718 29.632 29.300 29.016 28.574 28.618 28.116 28.380 27.433 27.519 27.411 26.873 26.041 25.416 24.768 22.797 21.362 18.559 15.414 12.956 10.521 8.901 6.041 4.472 1.794 0.001
