0.000 0.769 1.549 2.982 3.987 5.487 5.792 6.704 7.623 8.864 7.134 6.477 7.683 7.305 8.464 8.724 9.086 9.149 8.824 9.551 9.077 9.601 9.622 9.982 9.479 9.541 9.368 9.964 9.140 7.830 7.809 7.296 7.342 9.502 8.999 7.782 8.865 9.823 8.373 7.566 6.896 7.112 7.881 7.385 6.517 7.013 5.601 5.347 5.759 7.361 7.363 5.345 4.755 4.638 3.550 3.748 3.400 2.701 4.723 4.656 5.694 6.758 6.107 8.032 9.102 8.535 9.984 7.736 8.150 7.503 8.157 6.523 5.956 6.246 6.005 4.720 3.790 4.260 4.132 4.220 2.761 2.471 2.221 2.147 2.237 2.728 3.775 5.706 6.889 8.799 10.297 12.178 14.061
0.577 0.000 0.536 0.846 1.130 1.650 1.925 2.275 2.622 2.714 2.181 1.827 2.036 1.977 2.261 2.191 2.529 2.611 2.622 2.956 3.311 3.283 3.145 3.073 3.289 3.631 3.325 3.063 2.686 2.277 2.060 2.151 1.965 2.450 2.443 2.207 2.446 2.604 2.477 2.158 1.775 1.600 1.980 1.882 1.567 1.781 1.411 1.473 1.936 2.367 2.427 1.783 1.764 1.431 1.478 1.404 1.428 1.457 1.793 1.933 1.785 1.818 2.044 2.442 2.476 2.721 2.798 2.744 2.573 2.234 2.411 2.325 2.063 1.937 2.242 2.259 1.990 2.274 2.110 1.805 1.421 0.990 0.942 0.892 1.112 1.427 2.008 2.969 4.056 6.158 7.722 9.552 11.488
0.798 0.512 0.000 0.511 0.640 0.900 1.090 1.419 1.800 1.818 1.445 1.158 1.371 1.358 1.474 1.496 1.742 1.821 1.876 2.068 2.267 2.320 2.176 2.130 2.277 2.455 2.339 1.947 1.864 1.586 1.433 1.411 1.376 1.583 1.578 1.472 1.629 1.815 1.754 1.521 1.216 1.078 1.347 1.357 1.089 1.212 1.033 0.986 1.239 1.489 1.488 1.189 1.193 1.076 1.019 1.021 0.956 1.045 1.372 1.332 1.346 1.348 1.484 1.704 1.758 1.918 1.857 1.917 1.767 1.513 1.605 1.634 1.379 1.263 1.456 1.485 1.249 1.279 1.110 0.902 0.750 0.640 0.629 0.670 0.838 1.059 1.463 2.267 3.266 5.353 7.041 8.847 10.998
1.053 0.686 0.500 0.000 0.498 0.626 0.826 1.108 1.497 1.543 1.142 0.950 1.122 1.188 1.414 1.394 1.649 1.755 1.748 1.895 2.066 2.114 2.046 2.032 2.235 2.506 2.353 1.991 1.822 1.591 1.381 1.446 1.342 1.544 1.536 1.328 1.449 1.570 1.474 1.237 0.966 0.960 1.161 1.165 0.968 1.112 1.027 1.025 1.307 1.475 1.573 1.310 1.253 1.073 1.099 1.005 0.879 0.896 1.160 1.198 1.220 1.268 1.441 1.678 1.578 1.739 1.686 1.646 1.524 1.333 1.365 1.357 1.174 1.061 1.175 1.217 0.992 1.025 0.881 0.668 0.597 0.596 0.694 0.830 0.997 1.225 1.614 2.309 3.286 5.356 7.088 8.986 11.178
1.209 0.840 0.628 0.498 0.000 0.503 0.680 0.955 1.345 1.400 1.034 0.806 1.020 1.070 1.242 1.341 1.607 1.731 1.745 1.941 2.064 2.099 2.030 2.014 2.162 2.373 2.269 1.922 1.806 1.558 1.373 1.398 1.237 1.411 1.361 1.206 1.322 1.443 1.390 1.153 0.844 0.863 1.063 1.114 0.945 1.116 1.059 1.025 1.240 1.386 1.507 1.246 1.276 1.076 1.141 1.014 0.884 0.930 1.210 1.226 1.289 1.305 1.496 1.697 1.684 1.740 1.635 1.651 1.539 1.348 1.307 1.323 1.154 1.014 1.153 1.179 0.963 0.964 0.786 0.620 0.581 0.598 0.703 0.882 1.041 1.294 1.638 2.405 3.388 5.586 7.299 9.124 11.170
1.530 1.191 0.911 0.695 0.503 0.000 0.506 0.735 1.164 1.320 0.976 0.886 1.134 1.318 1.560 1.730 2.056 2.231 2.310 2.527 2.669 2.688 2.651 2.566 2.807 3.089 2.930 2.621 2.434 2.135 1.920 1.907 1.630 1.856 1.759 1.467 1.511 1.667 1.538 1.216 0.905 1.014 1.235 1.240 1.136 1.321 1.298 1.323 1.615 1.835 1.964 1.698 1.736 1.477 1.616 1.416 1.267 1.252 1.549 1.589 1.764 1.759 2.024 2.200 2.217 2.302 2.142 2.078 2.012 1.738 1.683 1.697 1.434 1.258 1.309 1.345 1.135 0.990 0.719 0.671 0.779 0.920 1.064 1.279 1.424 1.703 2.052 2.707 3.644 5.568 7.118 9.134 11.281
2.031 1.610 1.339 0.999 0.732 0.511 0.000 0.528 0.901 1.137 0.913 0.883 1.253 1.411 1.703 2.008 2.392 2.547 2.745 3.123 3.203 3.036 3.081 2.934 3.106 3.563 3.585 3.151 3.027 2.707 2.335 2.324 1.942 2.190 2.031 1.765 1.731 1.923 1.725 1.310 1.068 1.283 1.548 1.481 1.417 1.747 1.717 1.805 2.125 2.270 2.505 2.303 2.320 1.978 2.231 1.872 1.639 1.573 1.948 2.094 2.367 2.255 2.691 2.906 2.788 2.788 2.390 2.357 2.411 2.118 1.940 2.059 1.927 1.497 1.465 1.611 1.326 1.125 0.799 0.823 0.999 1.222 1.435 1.737 1.951 2.448 2.638 3.357 4.271 6.185 7.835 9.528 11.642
3.076 2.311 2.039 1.608 1.254 0.953 0.653 0.000 0.601 0.958 1.021 1.208 1.684 2.039 2.558 3.016 3.438 3.848 3.910 4.326 4.490 4.403 4.423 4.278 4.696 5.098 5.171 4.525 4.176 3.699 3.271 3.206 2.989 3.316 3.308 2.510 2.496 2.789 2.510 1.840 1.368 1.933 2.299 2.300 2.274 2.922 2.764 2.598 3.242 3.409 3.880 3.217 3.226 2.789 2.944 2.473 2.192 2.112 2.750 2.850 3.151 3.085 3.552 3.888 3.910 3.890 3.631 3.388 3.357 2.896 2.890 2.819 2.492 2.089 2.083 2.312 1.942 1.785 1.279 1.321 1.386 1.704 1.980 2.326 2.708 3.375 3.862 4.416 5.586 7.283 8.780 10.267 12.471
4.782 3.903 3.272 2.656 1.975 1.526 1.062 0.569 0.000 0.659 1.261 1.777 2.047 2.677 3.310 3.967 4.537 5.081 5.403 5.850 6.028 5.972 5.827 5.695 6.313 6.912 6.984 6.490 5.889 5.342 4.735 4.670 4.136 4.362 3.979 3.455 2.983 3.314 2.815 2.299 1.805 2.499 3.046 2.711 2.724 3.602 3.765 3.615 4.466 4.529 5.225 4.737 4.754 4.235 4.649 4.202 3.588 3.589 4.331 4.433 4.897 4.694 5.230 5.573 5.395 5.260 4.828 4.432 4.523 4.090 3.693 3.868 3.671 2.926 2.844 3.145 2.801 2.607 1.918 2.107 2.421 3.042 3.226 4.180 4.342 5.027 5.447 6.172 7.129 8.419 9.714 11.118 13.259
4.856 4.476 3.605 3.469 2.498 2.212 1.547 1.070 0.600 0.000 0.737 1.299 1.820 2.071 2.297 2.696 3.180 3.602 3.794 4.310 4.334 4.192 4.132 4.083 4.564 4.891 5.062 4.523 4.195 3.819 3.420 3.325 3.011 3.256 3.044 2.771 2.541 2.926 2.814 2.209 2.074 2.454 2.889 2.973 3.008 3.638 3.817 3.285 3.873 3.650 4.117 3.753 3.832 3.355 3.965 3.824 3.292 3.734 4.530 4.107 4.311 3.805 4.129 4.329 4.078 3.984 3.463 3.566 3.679 3.191 2.858 3.296 3.213 2.410 2.566 3.240 2.810 2.886 2.415 2.840 2.642 3.355 3.183 4.133 3.934 4.597 4.885 5.324 6.364 7.798 9.169 10.558 12.694
2.320 1.965 1.661 1.600 1.159 1.313 1.014 1.096 0.964 0.649 0.000 0.542 1.057 1.329 1.904 2.360 2.977 3.368 3.543 4.006 4.233 3.924 3.840 3.715 3.863 4.499 4.564 3.922 3.904 3.325 2.791 2.724 2.194 2.549 2.195 1.736 1.707 2.004 1.911 1.337 1.078 1.192 1.688 1.741 1.680 1.927 1.913 1.793 2.194 2.465 2.767 2.497 2.543 2.145 2.501 2.371 2.024 2.109 2.700 2.855 3.047 2.979 3.237 3.670 3.696 3.644 3.310 3.303 3.307 2.692 2.460 2.719 2.438 1.828 1.854 2.273 1.871 1.836 1.544 1.584 1.475 1.670 1.696 2.031 2.235 2.569 2.856 3.542 4.570 6.318 8.078 9.467 11.801
1.826 1.598 1.260 1.177 0.961 0.976 0.859 0.943 1.126 0.962 0.512 0.000 0.509 0.612 0.917 1.141 1.452 1.700 1.801 2.072 2.196 2.156 2.133 2.058 2.204 2.582 2.537 2.168 2.012 1.730 1.435 1.366 1.052 1.200 1.014 0.797 0.902 1.063 1.110 0.835 0.749 0.703 0.846 1.092 1.182 1.217 1.262 1.077 1.217 1.234 1.452 1.363 1.407 1.282 1.528 1.448 1.255 1.391 1.768 1.603 1.698 1.574 1.811 2.012 1.868 1.833 1.638 1.702 1.659 1.405 1.258 1.399 1.301 1.034 1.131 1.287 1.115 1.164 1.085 1.126 1.047 1.199 1.149 1.414 1.402 1.649 1.896 2.621 3.606 5.542 7.223 8.920 11.110
2.062 1.852 1.518 1.459 1.107 1.138 0.912 1.155 1.345 1.227 0.682 0.511 0.000 0.513 0.727 1.108 1.387 1.788 2.019 2.249 2.304 2.232 2.182 1.944 2.168 2.458 2.546 2.267 2.157 1.882 1.558 1.332 0.963 0.947 0.778 0.647 0.764 1.005 1.132 0.857 0.832 0.773 0.897 1.112 1.193 1.249 1.332 1.074 1.116 1.039 1.301 1.392 1.448 1.442 1.788 1.719 1.471 1.590 1.971 1.859 2.044 1.878 2.167 2.300 2.140 2.049 1.868 1.855 1.859 1.652 1.397 1.593 1.537 1.205 1.215 1.456 1.290 1.261 1.152 1.301 1.171 1.496 1.388 1.630 1.626 1.798 1.965 2.612 3.557 5.394 7.057 8.946 10.956
1.578 1.390 1.153 1.155 0.975 1.066 1.003 1.159 1.389 1.279 0.842 0.606 0.501 0.000 0.493 0.598 0.747 0.946 1.092 1.328 1.348 1.309 1.265 1.207 1.454 1.640 1.577 1.380 1.261 1.087 0.915 0.826 0.635 0.639 0.598 0.596 0.676 0.930 0.992 0.766 0.775 0.695 0.772 0.945 0.991 1.062 1.078 0.888 0.995 0.859 0.996 0.984 1.007 0.947 1.157 1.197 1.097 1.290 1.562 1.436 1.356 1.181 1.327 1.392 1.320 1.249 1.096 1.219 1.259 1.053 1.019 1.201 1.101 0.979 1.096 1.342 1.220 1.328 1.258 1.238 1.059 1.178 1.042 1.172 1.133 1.272 1.528 2.310 3.311 5.156 6.850 8.734 10.828
1.865 1.757 1.557 1.584 1.427 1.502 1.406 1.458 1.721 1.539 1.156 0.963 0.661 0.496 0.000 0.494 0.601 0.799 0.947 1.138 1.241 1.192 1.147 1.090 1.414 1.656 1.452 1.247 1.092 0.998 0.797 0.712 0.608 0.613 0.668 0.657 0.785 1.022 1.123 0.932 1.042 0.907 0.953 1.170 1.255 1.298 1.332 1.103 1.098 0.948 1.048 1.077 1.014 1.059 1.312 1.501 1.443 1.744 1.942 1.714 1.611 1.301 1.356 1.316 1.275 1.160 0.977 1.210 1.312 1.065 1.070 1.401 1.372 1.216 1.367 1.704 1.664 1.824 1.700 1.749 1.547 1.610 1.380 1.504 1.315 1.453 1.669 2.446 3.418 5.414 6.992 8.654 10.836
1.599 1.433 1.272 1.322 1.219 1.356 1.283 1.422 1.613 1.460 1.124 0.967 0.791 0.606 0.504 0.000 0.494 0.597 0.814 1.007 1.075 1.012 0.938 0.917 1.199 1.444 1.296 1.048 0.975 0.857 0.670 0.609 0.572 0.610 0.723 0.752 0.904 1.135 1.240 1.039 1.071 0.926 1.028 1.220 1.190 1.272 1.189 0.985 1.006 0.878 0.912 0.896 0.849 0.854 1.073 1.180 1.166 1.408 1.631 1.382 1.319 1.120 1.162 1.199 1.101 1.019 0.842 1.015 1.077 0.905 0.903 1.127 1.155 1.010 1.150 1.406 1.384 1.542 1.495 1.478 1.289 1.327 1.134 1.193 1.072 1.196 1.455 2.254 3.245 5.175 6.847 8.739 10.675
1.783 1.637 1.480 1.561 1.471 1.578 1.531 1.694 1.833 1.684 1.363 1.127 1.004 0.817 0.633 0.495 0.000 0.496 0.674 0.840 0.961 0.861 0.826 0.836 1.146 1.360 1.198 1.005 0.837 0.799 0.633 0.634 0.635 0.686 0.811 0.907 1.078 1.320 1.452 1.261 1.316 1.125 1.239 1.438 1.432 1.465 1.380 1.132 1.145 0.984 1.002 1.005 0.972 0.992 1.203 1.325 1.339 1.593 1.766 1.543 1.426 1.170 1.176 1.122 1.042 0.953 0.838 1.079 1.186 1.035 1.062 1.348 1.289 1.219 1.388 1.655 1.585 1.798 1.741 1.708 1.527 1.559 1.298 1.379 1.235 1.409 1.623 2.333 3.348 5.229 6.930 8.636 10.687
2.270 2.233 2.114 2.280 2.269 2.388 2.278 2.469 2.617 2.297 1.938 1.754 1.674 1.321 1.004 0.806 0.525 0.000 0.511 0.653 0.853 0.913 0.921 1.011 1.342 1.532 1.321 1.122 0.873 0.915 0.789 0.875 1.002 0.934 1.089 1.355 1.531 1.763 2.090 1.929 2.136 1.837 1.862 2.193 2.293 2.167 2.091 1.744 1.643 1.290 1.259 1.409 1.177 1.208 1.424 1.604 1.655 1.987 2.135 1.721 1.512 1.217 1.176 1.009 0.906 0.822 0.795 1.098 1.152 1.060 1.212 1.483 1.490 1.540 1.771 2.017 2.025 2.341 2.479 2.424 2.085 2.104 1.829 1.822 1.710 1.805 2.058 2.651 3.728 5.798 7.333 9.123 11.127
2.262 2.171 2.069 2.192 2.145 2.384 2.212 2.476 2.628 2.379 2.005 1.801 1.716 1.421 1.192 0.965 0.670 0.537 0.000 0.503 0.673 0.769 0.845 0.958 1.278 1.477 1.268 1.045 0.827 0.885 0.832 0.904 1.090 1.085 1.341 1.508 1.756 2.005 2.232 2.070 2.080 1.809 1.960 2.245 2.220 2.132 2.040 1.655 1.656 1.392 1.321 1.355 1.181 1.173 1.386 1.584 1.667 2.009 2.085 1.723 1.553 1.192 1.180 0.994 0.898 0.748 0.765 1.020 1.118 1.041 1.177 1.453 1.502 1.527 1.713 1.927 2.000 2.301 2.404 2.358 2.053 2.066 1.790 1.750 1.604 1.674 1.980 2.590 3.548 5.593 7.272 9.002 10.954
1.985 1.827 1.797 1.852 1.854 2.065 1.991 2.237 2.499 2.323 1.910 1.702 1.724 1.484 1.366 1.065 0.937 0.693 0.500 0.000 0.520 0.776 0.875 1.053 1.336 1.402 1.182 1.042 0.832 0.879 0.851 1.032 1.207 1.356 1.556 1.732 1.911 2.229 2.318 2.095 1.953 1.801 2.040 2.164 2.048 2.100 1.949 1.708 1.774 1.604 1.486 1.420 1.205 1.087 1.220 1.321 1.320 1.588 1.690 1.437 1.309 0.984 1.055 0.872 0.706 0.646 0.784 0.987 1.009 0.933 1.118 1.315 1.292 1.317 1.516 1.711 1.652 1.961 2.060 1.973 1.715 1.679 1.479 1.494 1.482 1.633 1.956 2.646 3.681 5.624 7.202 8.895 11.043
2.778 2.611 2.774 2.920 2.985 3.335 3.235 3.532 3.920 3.459 3.109 2.723 2.712 2.439 2.071 1.771 1.377 1.045 0.685 0.534 0.000 0.573 0.992 1.322 1.638 1.700 1.418 1.354 0.994 1.181 1.295 1.634 1.914 2.029 2.491 2.874 3.055 3.352 3.722 3.395 3.154 2.956 3.293 3.635 3.247 3.415 3.204 2.834 2.894 2.555 2.273 2.170 1.768 1.687 1.633 1.789 1.922 2.346 2.300 1.939 1.594 1.360 1.201 1.049 0.968 0.825 1.048 1.438 1.510 1.465 1.862 2.068 2.041 2.061 2.431 2.641 2.723 3.235 3.403 3.166 2.740 2.590 2.315 2.181 2.198 2.211 2.679 3.206 4.159 6.139 7.496 9.117 11.402
3.669 3.592 3.798 3.873 3.934 4.196 4.163 4.297 4.741 4.294 3.845 3.349 3.217 2.674 2.115 1.811 1.201 0.939 0.903 0.815 0.565 0.000 0.542 0.821 1.196 1.526 1.363 1.332 1.163 1.334 1.531 1.360 1.790 1.678 2.187 2.709 3.110 3.374 3.888 3.771 3.667 3.367 3.415 3.783 3.711 3.484 3.361 2.882 2.536 2.048 1.790 2.039 1.920 2.156 2.401 2.837 3.037 3.367 3.481 3.042 2.607 2.153 1.934 1.635 1.501 1.141 1.263 1.640 1.842 2.073 2.262 2.551 2.713 2.830 3.364 3.509 3.577 4.155 4.325 4.250 3.884 3.621 3.259 3.106 2.801 2.629 2.753 3.136 4.225 6.040 7.479 9.273 11.384
3.054 3.155 3.210 3.371 3.359 3.639 3.537 3.738 3.833 3.536 3.178 2.881 2.863 2.267 2.033 1.569 1.161 0.890 0.918 0.937 0.780 0.514 0.000 0.536 0.971 1.249 1.176 1.125 1.026 1.239 1.359 1.315 1.702 1.653 2.108 2.445 2.795 3.099 3.495 3.403 3.327 2.951 3.130 3.492 3.331 3.253 2.965 2.587 2.266 1.952 1.700 1.845 1.683 1.924 2.079 2.483 2.548 2.972 3.051 2.676 2.431 1.908 1.842 1.589 1.523 1.225 1.264 1.578 1.819 1.770 2.039 2.254 2.389 2.469 2.753 2.994 3.175 3.438 3.715 3.671 3.259 3.246 2.793 2.654 2.368 2.292 2.470 2.893 3.868 5.693 7.333 9.125 11.091
3.412 3.493 3.554 3.787 3.581 4.166 3.923 4.088 4.424 3.958 3.468 3.239 3.047 2.523 2.093 1.784 1.301 0.975 1.098 1.150 1.228 0.952 0.558 0.000 0.672 1.167 1.149 1.016 0.990 1.204 1.346 1.367 1.718 1.609 2.227 2.619 3.108 3.397 3.796 3.529 3.535 3.288 3.383 3.786 3.690 3.457 3.217 2.810 2.565 2.108 1.778 1.941 1.842 2.022 2.321 2.764 2.875 3.386 3.767 3.087 2.704 2.192 1.961 1.687 1.788 1.513 1.566 2.233 2.207 2.148 2.494 2.912 2.822 2.816 3.425 3.618 3.523 4.148 4.291 4.235 3.626 3.500 3.152 3.022 2.587 2.514 2.793 2.995 4.005 5.699 7.313 9.147 11.032
3.947 4.023 4.129 4.261 4.100 4.494 4.030 4.407 4.422 3.873 3.443 3.445 3.315 2.829 2.237 1.840 1.436 1.264 1.583 1.837 1.911 1.530 1.056 0.590 0.000 0.550 1.000 1.224 1.498 1.581 1.733 1.602 2.270 2.139 2.569 3.052 3.302 3.983 4.373 3.874 3.928 3.677 4.028 4.519 4.383 4.366 4.033 3.478 3.316 2.729 2.369 2.638 2.208 2.602 2.780 3.283 3.420 3.864 4.220 3.602 3.222 2.615 2.491 2.263 2.285 2.224 1.850 2.370 2.683 2.392 2.458 2.980 3.190 3.037 3.320 3.792 3.769 4.411 4.440 4.501 3.990 4.068 3.691 3.602 3.143 3.017 3.309 3.426 4.273 6.007 7.568 9.235 11.437
4.737 5.008 5.228 5.471 5.783 6.130 6.070 6.241 6.350 6.098 5.657 5.228 5.013 4.201 3.679 3.029 2.474 2.243 2.507 2.087 2.692 2.219 1.359 1.343 0.708 0.000 0.652 1.221 1.759 2.220 2.559 2.512 2.778 2.860 3.227 3.835 4.338 4.718 5.616 5.536 5.241 5.125 4.920 5.580 5.412 5.328 4.903 4.285 3.787 3.048 2.823 2.994 2.777 3.213 3.651 4.126 4.646 4.877 5.237 4.745 4.160 3.375 3.127 2.751 2.883 3.203 3.504 4.006 3.890 3.770 4.380 4.853 4.646 4.919 5.539 5.569 5.827 6.015 6.171 6.252 5.834 5.242 4.738 4.210 3.971 3.406 3.752 3.887 4.970 6.521 7.956 9.471 11.641
3.365 3.134 3.565 3.785 4.074 4.630 4.514 5.045 5.298 4.851 4.390 4.098 4.081 3.550 3.118 2.544 2.092 1.510 1.440 1.391 1.672 1.579 1.234 1.324 1.000 0.575 0.000 0.582 0.837 1.071 1.630 1.996 2.626 2.760 3.467 3.931 4.393 5.052 5.364 4.932 4.613 4.179 4.735 5.038 4.682 4.737 4.255 3.681 3.596 3.221 2.611 2.625 2.038 2.116 1.941 2.201 2.622 2.938 2.786 2.442 2.070 1.906 1.511 1.477 1.774 1.973 2.141 2.607 2.493 2.302 2.866 3.157 2.787 3.058 3.758 3.727 3.654 4.219 4.470 4.173 3.704 3.243 3.003 2.557 2.674 2.523 3.029 3.410 4.353 6.051 7.548 9.159 11.370
2.305 2.312 2.325 2.438 2.499 2.709 2.635 2.884 3.119 2.911 2.464 2.300 2.344 1.988 1.772 1.417 1.211 0.904 0.899 0.983 1.230 1.156 0.863 1.060 1.028 0.774 0.543 0.000 0.503 0.656 0.925 1.158 1.464 1.580 2.069 2.277 2.597 2.958 3.128 2.879 2.694 2.481 2.752 2.927 2.787 2.801 2.460 2.201 2.094 1.892 1.578 1.544 1.264 1.282 1.429 1.658 1.730 2.056 2.079 1.777 1.578 1.244 1.180 1.122 1.180 1.192 1.265 1.436 1.441 1.271 1.529 1.636 1.665 1.778 1.962 2.133 2.189 2.441 2.531 2.545 2.281 2.191 1.969 1.910 1.721 1.806 2.124 2.660 3.645 5.439 7.204 9.012 11.026
2.132 1.990 1.915 1.935 1.979 2.106 2.080 2.430 2.677 2.546 2.099 1.855 2.022 1.755 1.624 1.255 1.162 0.853 0.796 0.865 1.105 1.128 0.915 1.122 1.140 1.025 0.729 0.494 0.000 0.522 0.666 0.963 1.324 1.515 1.895 2.035 2.345 2.640 2.708 2.367 2.141 2.046 2.420 2.471 2.246 2.536 2.176 1.885 1.962 1.796 1.514 1.473 1.073 1.029 1.172 1.321 1.392 1.625 1.775 1.519 1.385 1.041 1.050 0.992 1.018 1.057 1.090 1.357 1.267 1.084 1.362 1.544 1.410 1.470 1.662 1.822 1.736 2.107 2.104 2.000 1.754 1.727 1.526 1.539 1.477 1.516 1.942 2.567 3.489 5.501 7.135 8.816 10.859
1.759 1.604 1.525 1.615 1.533 1.692 1.635 1.845 2.018 1.907 1.541 1.299 1.309 1.101 0.977 0.749 0.742 0.636 0.693 0.855 1.044 1.020 0.864 1.015 1.122 1.132 0.887 0.599 0.501 0.000 0.493 0.623 0.813 0.975 1.181 1.321 1.468 1.775 1.882 1.646 1.609 1.403 1.681 1.813 1.772 1.827 1.654 1.372 1.387 1.251 1.121 1.033 0.823 0.740 0.970 1.108 1.164 1.425 1.599 1.371 1.227 0.940 0.961 0.934 0.929 0.964 0.921 1.142 1.134 0.960 1.063 1.290 1.220 1.153 1.347 1.570 1.472 1.736 1.695 1.681 1.438 1.410 1.216 1.248 1.131 1.289 1.664 2.275 3.332 5.320 7.052 8.739 10.760
1.336 1.142 1.061 1.146 1.157 1.322 1.322 1.575 1.805 1.641 1.304 1.028 1.032 0.826 0.743 0.589 0.577 0.553 0.604 0.772 0.907 0.877 0.822 0.878 1.071 1.263 1.110 0.783 0.609 0.496 0.000 0.496 0.548 0.710 0.831 0.901 1.118 1.266 1.457 1.255 1.193 1.021 1.134 1.298 1.216 1.232 1.118 0.908 0.924 0.817 0.802 0.677 0.591 0.578 0.715 0.822 0.872 1.068 1.214 1.035 0.918 0.725 0.806 0.830 0.803 0.773 0.737 0.887 0.871 0.733 0.850 0.994 0.944 0.903 1.106 1.295 1.191 1.392 1.410 1.298 1.116 1.064 0.894 0.888 0.797 0.912 1.255 2.031 3.054 5.113 6.815 8.473 10.483
1.357 1.158 1.093 1.196 1.170 1.316 1.305 1.496 1.701 1.590 1.244 1.005 0.916 0.710 0.639 0.559 0.563 0.583 0.664 0.829 0.963 0.956 0.884 0.892 1.163 1.340 1.162 0.903 0.734 0.567 0.491 0.000 0.491 0.551 0.668 0.743 0.927 1.092 1.251 1.111 1.111 0.929 0.991 1.174 1.126 1.092 1.004 0.825 0.803 0.666 0.659 0.601 0.573 0.619 0.782 0.898 0.960 1.174 1.287 1.119 0.995 0.843 0.870 0.895 0.849 0.853 0.791 0.954 0.945 0.820 0.898 1.065 1.026 1.004 1.145 1.341 1.261 1.460 1.413 1.372 1.177 1.136 0.955 0.941 0.820 0.905 1.205 2.110 3.107 5.210 7.114 8.961 11.084
1.347 1.205 1.087 1.199 1.138 1.283 1.242 1.411 1.630 1.460 1.134 0.896 0.806 0.619 0.560 0.540 0.584 0.712 0.850 1.044 1.163 1.157 1.069 0.983 1.211 1.489 1.354 1.060 0.948 0.735 0.559 0.490 0.000 0.492 0.538 0.645 0.840 1.037 1.211 1.032 1.054 0.873 0.975 1.164 1.118 1.074 0.965 0.788 0.686 0.573 0.613 0.589 0.597 0.642 0.825 0.925 0.957 1.172 1.326 1.155 1.049 0.920 0.977 1.075 1.028 1.023 0.908 1.044 1.059 0.888 0.901 1.104 1.044 0.949 1.120 1.284 1.250 1.393 1.363 1.343 1.120 1.138 0.924 0.928 0.836 0.908 1.175 2.014 2.988 5.090 6.813 8.849 10.858
1.548 1.441 1.390 1.474 1.491 1.719 1.616 1.877 2.088 1.875 1.511 1.212 1.073 0.742 0.604 0.623 0.760 0.989 1.200 1.435 1.617 1.523 1.439 1.225 1.514 1.873 1.765 1.455 1.272 1.013 0.770 0.601 0.495 0.000 0.505 0.772 1.017 1.260 1.548 1.398 1.445 1.216 1.347 1.624 1.526 1.529 1.303 1.019 0.956 0.677 0.780 0.794 0.814 0.832 1.057 1.082 1.164 1.339 1.512 1.357 1.272 1.123 1.195 1.338 1.319 1.373 1.242 1.410 1.341 1.113 1.192 1.398 1.254 1.176 1.410 1.597 1.497 1.741 1.767 1.682 1.405 1.330 1.134 1.128 1.043 1.203 1.447 2.316 3.220 5.197 6.965 8.584 10.605
2.084 1.981 1.692 1.730 1.488 1.577 1.529 1.587 1.849 1.702 1.319 1.093 0.799 0.673 0.667 0.794 0.858 1.118 1.408 1.630 1.692 1.545 1.364 1.224 1.478 1.731 1.646 1.485 1.467 1.323 1.106 0.845 0.633 0.506 0.000 0.496 0.677 0.883 1.107 0.919 1.034 0.892 0.849 1.066 1.194 1.199 1.285 1.055 0.997 0.755 0.987 1.099 1.193 1.315 1.695 1.852 1.718 2.026 2.378 2.154 2.086 1.723 1.817 1.813 1.816 1.676 1.471 1.724 1.856 1.574 1.515 1.877 1.835 1.561 1.770 2.087 2.001 2.121 1.899 1.920 1.760 1.896 1.651 1.780 1.541 1.660 1.753 2.446 3.491 5.348 6.938 8.794 10.927
1.662 1.417 1.186 1.215 1.050 1.210 1.141 1.294 1.526 1.377 1.036 0.812 0.633 0.559 0.668 0.840 1.024 1.248 1.432 1.678 1.750 1.654 1.542 1.401 1.627 1.917 1.864 1.612 1.538 1.311 1.086 0.912 0.696 0.655 0.496 0.000 0.498 0.618 0.826 0.713 0.785 0.665 0.633 0.862 0.905 0.908 0.940 0.797 0.856 0.719 0.942 0.954 1.063 1.065 1.309 1.385 1.252 1.438 1.690 1.627 1.594 1.409 1.534 1.701 1.582 1.662 1.427 1.543 1.611 1.353 1.302 1.537 1.411 1.197 1.341 1.586 1.434 1.530 1.375 1.339 1.223 1.273 1.144 1.267 1.169 1.360 1.479 2.288 3.213 5.212 6.865 8.904 10.855
1.840 1.643 1.407 1.426 1.228 1.395 1.273 1.417 1.635 1.518 1.113 0.869 0.660 0.640 0.873 1.066 1.302 1.498 1.709 1.924 2.002 1.960 1.813 1.728 1.940 2.256 2.209 1.870 1.774 1.526 1.303 1.115 0.875 0.921 0.690 0.502 0.000 0.499 0.607 0.638 0.796 0.738 0.695 0.880 1.028 1.086 1.118 0.964 1.023 0.971 1.195 1.152 1.234 1.271 1.479 1.560 1.509 1.658 1.948 1.863 1.766 1.643 1.732 1.856 1.850 1.873 1.664 1.871 1.848 1.586 1.547 1.778 1.656 1.430 1.560 1.814 1.733 1.838 1.616 1.590 1.463 1.493 1.374 1.466 1.396 1.543 1.689 2.404 3.456 5.368 7.106 8.860 11.151
2.497 2.273 1.901 1.908 1.601 1.671 1.586 1.674 1.910 1.736 1.444 1.199 0.877 0.903 1.092 1.418 1.624 1.966 2.245 2.532 2.566 2.416 2.309 2.172 2.350 2.710 2.847 2.463 2.391 2.126 1.844 1.670 1.256 1.224 0.930 0.718 0.496 0.000 0.540 0.670 0.932 0.953 0.766 0.989 1.246 1.289 1.537 1.328 1.436 1.345 1.685 1.657 1.864 1.811 2.213 2.260 2.067 2.302 2.723 2.560 2.589 2.299 2.473 2.620 2.515 2.459 2.113 2.303 2.393 2.100 1.933 2.266 2.252 1.922 2.032 2.352 2.205 2.309 2.003 2.014 1.958 2.048 1.952 2.142 2.027 2.255 2.350 3.011 3.954 5.693 7.329 9.036 11.228
2.931 2.566 2.101 1.960 1.541 1.486 1.397 1.413 1.713 1.655 1.360 1.229 1.001 1.300 1.575 1.978 2.385 2.763 3.152 3.472 3.515 3.395 3.204 2.954 3.137 3.626 3.852 3.444 3.327 2.943 2.593 2.331 1.820 1.716 1.375 1.018 0.690 0.532 0.000 0.558 0.761 1.028 0.872 1.020 1.317 1.497 1.688 1.661 1.722 1.660 2.132 2.197 2.428 2.415 2.760 2.667 2.394 2.421 2.929 2.850 3.118 3.000 3.179 3.414 3.299 3.228 2.889 2.933 2.937 2.685 2.395 2.500 2.475 2.076 2.118 2.304 2.192 2.039 1.726 1.879 1.872 2.144 2.233 2.519 2.527 2.804 2.772 3.329 4.256 5.985 7.499 9.141 11.283
1.908 1.573 1.302 1.175 0.936 1.022 1.059 1.166 1.565 1.475 1.088 0.812 0.784 0.909 1.208 1.502 1.798 2.097 2.281 2.406 2.559 2.550 2.402 2.331 2.516 2.875 2.908 2.542 2.396 2.158 1.821 1.651 1.373 1.398 1.173 0.881 0.747 0.616 0.529 0.000 0.497 0.584 0.648 0.689 0.750 1.048 1.177 1.149 1.329 1.460 1.735 1.575 1.748 1.595 1.839 1.723 1.502 1.549 1.880 1.891 2.036 2.041 2.222 2.378 2.321 2.311 2.106 2.190 2.128 1.906 1.757 1.931 1.768 1.496 1.590 1.785 1.591 1.587 1.359 1.279 1.218 1.300 1.369 1.592 1.649 1.929 2.116 2.848 3.797 5.613 7.376 8.984 11.249
1.502 1.293 1.015 1.026 0.835 0.965 0.955 1.082 1.361 1.299 0.978 0.684 0.659 0.766 1.007 1.211 1.435 1.670 1.811 2.004 2.107 2.059 2.023 1.904 2.103 2.413 2.379 2.070 1.918 1.692 1.447 1.281 1.107 1.143 1.012 0.778 0.761 0.771 0.677 0.492 0.000 0.488 0.530 0.568 0.568 0.683 0.776 0.797 1.001 1.123 1.309 1.225 1.318 1.274 1.426 1.419 1.328 1.437 1.721 1.681 1.698 1.632 1.756 1.940 1.875 1.900 1.700 1.749 1.781 1.495 1.434 1.603 1.490 1.254 1.335 1.544 1.415 1.468 1.282 1.214 1.119 1.181 1.131 1.285 1.274 1.426 1.617 2.389 3.334 5.184 6.974 8.768 11.025
1.574 1.365 1.046 1.040 0.859 0.949 0.907 1.020 1.355 1.328 0.886 0.654 0.638 0.704 0.917 1.049 1.300 1.505 1.673 1.847 1.912 1.913 1.833 1.781 1.951 2.209 2.167 1.864 1.759 1.510 1.306 1.203 0.939 1.035 0.863 0.648 0.722 0.750 0.734 0.538 0.487 0.000 0.489 0.536 0.574 0.596 0.745 0.759 0.884 0.977 1.187 1.118 1.226 1.152 1.393 1.362 1.214 1.353 1.670 1.546 1.638 1.518 1.657 1.808 1.714 1.711 1.562 1.612 1.609 1.376 1.299 1.426 1.343 1.107 1.232 1.400 1.252 1.278 1.167 1.130 1.042 1.152 1.100 1.275 1.191 1.376 1.547 2.338 3.328 5.145 6.937 8.764 10.737
1.521 1.321 1.057 1.064 0.895 1.022 0.997 1.168 1.457 1.354 0.970 0.696 0.642 0.690 0.894 1.010 1.257 1.424 1.518 1.744 1.802 1.784 1.767 1.701 1.867 2.122 2.107 1.789 1.682 1.492 1.263 1.155 0.958 1.006 0.871 0.644 0.690 0.674 0.695 0.548 0.521 0.486 0.000 0.490 0.540 0.623 0.777 0.777 0.943 1.006 1.197 1.089 1.210 1.153 1.338 1.358 1.224 1.329 1.600 1.548 1.567 1.453 1.608 1.735 1.608 1.622 1.424 1.527 1.538 1.322 1.268 1.446 1.336 1.142 1.261 1.449 1.273 1.332 1.224 1.174 1.063 1.149 1.088 1.241 1.210 1.408 1.560 2.319 3.294 5.185 6.878 8.800 10.773
1.795 1.549 1.215 1.182 1.000 1.166 1.164 1.263 1.581 1.472 1.158 0.856 0.786 0.849 1.040 1.269 1.513 1.834 1.981 2.256 2.277 2.162 2.141 1.996 2.201 2.571 2.563 2.270 2.187 1.939 1.687 1.502 1.199 1.182 0.995 0.783 0.790 0.815 0.784 0.611 0.584 0.544 0.491 0.000 0.503 0.616 0.825 0.920 1.131 1.206 1.444 1.449 1.639 1.499 1.771 1.772 1.573 1.678 2.010 1.952 2.075 1.889 2.111 2.299 2.102 2.093 1.793 1.879 1.978 1.748 1.540 1.806 1.750 1.444 1.528 1.814 1.629 1.654 1.474 1.409 1.301 1.401 1.377 1.600 1.541 1.769 1.910 2.606 3.528 5.483 7.022 8.936 11.120
1.460 1.293 0.976 1.057 0.950 1.132 1.143 1.293 1.604 1.593 1.247 0.977 0.885 1.037 1.179 1.356 1.613 1.843 1.931 2.131 2.198 2.203 2.133 2.066 2.236 2.561 2.460 2.161 2.000 1.810 1.554 1.408 1.203 1.243 1.135 0.948 0.947 0.947 0.917 0.694 0.620 0.583 0.563 0.499 0.000 0.544 0.620 0.765 1.040 1.166 1.319 1.236 1.364 1.326 1.525 1.499 1.387 1.496 1.845 1.801 1.836 1.751 1.874 2.053 2.016 2.017 1.882 1.929 1.893 1.716 1.597 1.778 1.657 1.441 1.524 1.723 1.555 1.615 1.403 1.281 1.217 1.202 1.189 1.271 1.304 1.468 1.670 2.418 3.374 5.389 7.174 9.135 11.426
1.644 1.554 1.214 1.335 1.181 1.285 1.402 1.473 1.773 1.860 1.493 1.285 1.244 1.402 1.642 1.908 2.183 2.396 2.660 2.882 3.054 2.852 2.729 2.533 2.549 2.951 3.053 2.578 2.609 2.290 2.051 1.875 1.563 1.691 1.508 1.196 1.305 1.263 1.166 1.014 0.830 0.741 0.698 0.631 0.527 0.000 0.530 0.677 1.046 1.343 1.533 1.387 1.695 1.751 2.011 2.038 1.862 1.989 2.475 2.439 2.507 2.412 2.421 2.781 2.786 2.845 2.674 2.731 2.772 2.357 2.280 2.476 2.318 1.976 2.099 2.327 2.048 2.026 1.664 1.632 1.580 1.667 1.587 1.690 1.560 1.650 1.708 2.439 3.269 5.192 6.922 8.703 10.621
1.274 1.151 0.874 1.106 1.096 1.291 1.385 1.623 1.955 1.853 1.537 1.208 1.177 1.128 1.292 1.330 1.449 1.580 1.740 1.891 2.103 2.017 1.850 1.737 1.856 2.126 2.077 1.705 1.647 1.393 1.319 1.172 1.001 1.199 1.174 0.986 1.167 1.215 1.194 1.104 0.981 0.743 0.748 0.774 0.569 0.506 0.000 0.516 0.727 0.976 1.060 0.865 1.024 1.082 1.218 1.319 1.332 1.509 1.726 1.692 1.634 1.510 1.512 1.732 1.819 1.902 1.775 1.915 1.854 1.610 1.699 1.844 1.679 1.508 1.763 1.883 1.666 1.809 1.655 1.480 1.313 1.274 1.115 1.080 0.989 1.123 1.362 2.185 3.175 5.235 6.948 8.705 10.961
1.308 1.161 0.938 1.040 1.044 1.229 1.293 1.495 1.848 1.722 1.357 1.043 0.969 0.854 1.007 1.050 1.243 1.375 1.503 1.689 1.851 1.779 1.637 1.564 1.673 1.919 1.884 1.615 1.538 1.300 1.142 0.970 0.778 0.928 0.896 0.774 1.025 1.141 1.221 1.062 0.958 0.741 0.806 0.910 0.680 0.627 0.500 0.000 0.503 0.632 0.826 0.704 0.932 0.965 1.152 1.220 1.209 1.389 1.609 1.510 1.475 1.379 1.450 1.634 1.632 1.681 1.552 1.682 1.682 1.386 1.422 1.641 1.451 1.285 1.494 1.658 1.465 1.620 1.512 1.356 1.191 1.135 1.008 1.039 0.958 1.097 1.262 2.116 3.109 5.056 6.807 8.627 10.653
1.444 1.278 1.110 1.235 1.352 1.557 1.736 1.966 2.265 2.182 1.844 1.452 1.357 1.118 1.141 1.151 1.208 1.361 1.693 1.931 2.031 1.833 1.679 1.470 1.624 1.920 1.994 1.692 1.680 1.428 1.219 0.908 0.721 0.781 0.869 0.938 1.302 1.467 1.661 1.505 1.363 1.059 1.112 1.274 1.034 0.871 0.684 0.507 0.000 0.494 0.666 0.650 0.958 1.120 1.371 1.487 1.481 1.682 1.974 1.939 1.867 1.701 1.770 1.938 1.934 1.993 1.773 1.992 2.080 1.690 1.772 2.046 1.919 1.696 2.004 2.184 1.929 2.117 1.944 1.695 1.542 1.394 1.249 1.246 1.048 1.158 1.253 2.215 3.146 5.049 6.768 8.594 10.921
1.596 1.448 1.321 1.456 1.500 1.679 1.662 1.852 2.073 1.945 1.569 1.311 1.192 0.956 0.922 0.927 0.994 1.168 1.374 1.582 1.682 1.601 1.470 1.328 1.524 1.793 1.724 1.444 1.400 1.179 0.995 0.798 0.632 0.668 0.747 0.815 1.088 1.259 1.494 1.373 1.350 1.067 1.094 1.305 1.207 1.087 0.933 0.682 0.501 0.000 0.527 0.594 0.820 0.979 1.227 1.377 1.369 1.617 1.829 1.740 1.667 1.416 1.505 1.595 1.634 1.625 1.435 1.604 1.690 1.411 1.431 1.723 1.635 1.487 1.685 1.878 1.771 1.895 1.843 1.723 1.527 1.505 1.271 1.250 1.044 1.109 1.293 2.090 3.014 5.010 6.890 8.647 10.800
1.707 1.749 1.707 2.020 2.007 2.394 2.310 2.555 2.730 2.457 2.176 1.831 1.600 1.260 1.212 1.242 1.368 1.535 1.849 2.102 2.301 2.211 2.023 1.788 1.930 2.241 2.156 1.748 1.730 1.347 1.215 0.893 0.722 0.782 0.850 0.993 1.302 1.495 1.839 1.735 1.861 1.491 1.484 1.837 1.739 1.590 1.376 0.973 0.735 0.526 0.000 0.532 0.720 1.020 1.275 1.667 1.864 2.127 2.366 2.192 1.942 1.810 1.572 1.838 2.095 2.195 2.082 2.345 2.418 1.992 2.101 2.475 2.318 2.100 2.413 2.720 2.472 2.791 2.698 2.549 2.153 2.009 1.632 1.461 1.082 0.998 1.240 2.104 3.193 5.547 7.116 8.687 10.734
1.387 1.318 1.235 1.409 1.439 1.689 1.746 2.066 2.328 2.087 1.697 1.407 1.281 1.060 1.006 0.955 0.990 1.050 1.179 1.377 1.560 1.548 1.462 1.316 1.537 1.779 1.648 1.334 1.211 0.913 0.772 0.627 0.667 0.795 0.900 0.974 1.239 1.418 1.681 1.514 1.444 1.215 1.255 1.480 1.319 1.238 1.072 0.796 0.646 0.609 0.507 0.000 0.507 0.635 0.841 1.071 1.209 1.441 1.554 1.487 1.217 1.093 1.051 1.240 1.267 1.356 1.344 1.457 1.435 1.262 1.366 1.542 1.452 1.395 1.644 1.783 1.720 1.926 1.927 1.800 1.509 1.392 1.088 1.022 0.809 0.824 1.106 2.021 3.040 5.092 6.803 8.574 10.620
1.363 1.272 1.252 1.434 1.516 1.841 1.873 2.197 2.449 2.330 1.864 1.576 1.606 1.326 1.271 1.054 1.136 1.172 1.271 1.579 1.734 1.741 1.649 1.422 1.585 1.906 1.880 1.434 1.349 0.954 0.807 0.704 0.784 1.012 1.228 1.319 1.672 1.883 2.111 1.846 1.772 1.462 1.672 1.854 1.665 1.652 1.345 1.023 0.900 0.858 0.707 0.515 0.000 0.511 0.659 0.788 0.922 1.162 1.289 1.147 1.042 0.920 1.049 1.320 1.339 1.462 1.388 1.524 1.400 1.135 1.344 1.486 1.255 1.275 1.555 1.624 1.508 1.777 1.864 1.730 1.395 1.209 0.951 0.860 0.690 0.745 1.030 1.951 2.998 5.073 6.908 8.714 10.545
1.076 0.882 0.874 0.943 1.007 1.185 1.237 1.534 1.820 1.700 1.312 1.049 1.077 0.920 0.893 0.757 0.821 0.815 0.839 0.978 1.137 1.185 1.094 1.122 1.297 1.493 1.350 1.063 0.928 0.705 0.581 0.578 0.646 0.825 0.938 0.952 1.182 1.350 1.495 1.313 1.200 1.016 1.160 1.283 1.167 1.190 1.007 0.839 0.864 0.829 0.789 0.599 0.497 0.000 0.493 0.538 0.627 0.789 0.886 0.788 0.663 0.605 0.707 0.883 0.841 0.935 0.941 1.028 0.942 0.797 0.926 0.997 0.865 0.838 1.062 1.158 1.047 1.235 1.239 1.116 0.916 0.816 0.640 0.592 0.571 0.709 1.134 1.968 3.045 5.151 7.007 8.914 10.709
1.060 0.903 0.886 0.990 1.071 1.265 1.342 1.665 1.882 1.786 1.424 1.219 1.214 1.046 1.024 0.916 0.992 0.981 0.972 1.099 1.294 1.314 1.292 1.285 1.502 1.683 1.529 1.185 1.043 0.847 0.720 0.746 0.788 0.983 1.055 1.083 1.281 1.453 1.573 1.388 1.289 1.134 1.209 1.350 1.217 1.208 1.079 0.881 0.962 0.964 0.907 0.745 0.596 0.490 0.000 0.493 0.585 0.745 0.818 0.664 0.575 0.613 0.716 0.882 0.904 1.041 1.050 1.118 1.012 0.872 1.007 1.090 0.918 0.946 1.137 1.199 1.096 1.287 1.305 1.184 0.965 0.832 0.647 0.578 0.594 0.773 1.170 1.980 3.072 5.190 6.902 8.624 10.668
1.097 0.909 0.841 0.848 0.888 1.026 1.083 1.362 1.626 1.580 1.222 1.024 1.150 1.092 1.132 1.000 1.083 1.040 0.985 1.086 1.264 1.343 1.277 1.339 1.477 1.674 1.459 1.173 1.033 0.878 0.794 0.878 0.908 1.152 1.208 1.205 1.361 1.538 1.561 1.333 1.171 1.071 1.261 1.315 1.186 1.279 1.141 0.987 1.132 1.136 1.101 0.885 0.715 0.543 0.492 0.000 0.488 0.544 0.655 0.568 0.540 0.569 0.684 0.858 0.844 0.985 1.016 1.062 0.897 0.785 0.902 0.922 0.716 0.746 0.909 0.956 0.767 0.970 0.996 0.916 0.684 0.647 0.557 0.586 0.687 0.845 1.237 2.036 3.091 5.153 7.070 8.987 11.045
1.212 0.915 0.818 0.787 0.830 0.982 1.039 1.318 1.568 1.529 1.150 0.955 1.075 1.054 1.058 0.966 1.100 1.067 0.997 1.112 1.270 1.385 1.334 1.415 1.612 1.777 1.578 1.299 1.111 0.944 0.834 0.920 0.911 1.125 1.181 1.116 1.285 1.446 1.467 1.255 1.126 1.017 1.193 1.261 1.133 1.221 1.114 0.986 1.143 1.159 1.157 0.972 0.832 0.613 0.572 0.491 0.000 0.496 0.642 0.542 0.553 0.585 0.746 0.905 0.852 0.990 1.009 1.067 0.901 0.784 0.874 0.886 0.728 0.662 0.854 0.882 0.694 0.893 0.946 0.852 0.652 0.597 0.559 0.634 0.762 0.969 1.379 2.198 3.160 5.265 6.975 8.648 10.853
1.521 1.185 1.127 1.045 1.146 1.251 1.392 1.674 2.039 1.964 1.500 1.303 1.424 1.409 1.448 1.381 1.517 1.554 1.509 1.674 1.919 1.973 1.956 1.951 2.136 2.424 2.234 1.874 1.676 1.441 1.234 1.299 1.334 1.516 1.643 1.547 1.700 1.875 1.944 1.684 1.469 1.408 1.622 1.703 1.584 1.732 1.572 1.420 1.616 1.684 1.647 1.408 1.257 0.968 1.004 0.705 0.512 0.000 0.665 0.615 0.821 0.934 1.219 1.408 1.300 1.476 1.466 1.550 1.299 1.106 1.261 1.277 0.991 0.969 1.236 1.226 0.902 1.159 1.206 1.030 0.779 0.724 0.698 0.929 1.178 1.438 1.876 2.609 3.544 5.487 7.260 8.746 11.097
2.053 1.639 1.478 1.282 1.415 1.465 1.650 2.148 2.505 2.581 2.044 1.805 2.176 2.099 2.385 2.215 2.475 2.399 2.102 2.015 2.416 2.798 2.699 2.916 2.968 3.286 2.869 2.503 2.198 2.005 1.931 2.257 2.174 2.636 2.709 2.469 2.672 2.910 2.710 2.376 1.965 1.927 2.422 2.249 1.996 2.387 2.156 2.032 2.472 2.690 2.604 2.276 1.997 1.606 1.343 0.902 0.682 0.529 0.000 0.539 0.760 1.079 1.391 1.485 1.480 1.867 2.089 2.104 1.659 1.567 1.908 1.709 1.246 1.456 1.773 1.582 1.202 1.418 1.427 1.192 1.042 0.907 1.121 1.382 1.718 2.123 2.623 3.272 4.462 6.130 7.786 9.280 11.290
1.508 1.241 1.186 1.138 1.223 1.375 1.455 1.804 2.064 2.043 1.595 1.408 1.602 1.465 1.458 1.286 1.323 1.257 1.102 1.171 1.370 1.486 1.458 1.586 1.759 1.855 1.630 1.370 1.148 1.052 0.984 1.180 1.234 1.499 1.660 1.677 1.848 2.061 2.072 1.874 1.669 1.465 1.782 1.853 1.714 1.837 1.647 1.387 1.632 1.613 1.513 1.288 1.079 0.822 0.730 0.586 0.578 0.571 0.512 0.000 0.496 0.553 0.698 0.880 0.887 1.093 1.162 1.250 1.003 0.891 1.115 1.110 0.863 0.932 1.176 1.185 0.996 1.199 1.284 1.131 0.911 0.848 0.815 0.909 1.055 1.294 1.718 2.468 3.468 5.457 7.126 8.957 11.218
1.363 1.191 1.164 1.215 1.271 1.499 1.533 1.898 2.122 2.052 1.610 1.411 1.539 1.367 1.350 1.135 1.167 1.049 0.932 1.026 1.231 1.313 1.308 1.393 1.576 1.721 1.538 1.225 1.046 0.912 0.852 1.030 1.105 1.320 1.559 1.521 1.767 2.000 2.058 1.845 1.650 1.409 1.765 1.808 1.640 1.718 1.452 1.302 1.410 1.446 1.303 1.084 0.930 0.722 0.608 0.585 0.618 0.742 0.661 0.493 0.000 0.497 0.555 0.772 0.748 0.937 1.007 1.118 0.926 0.855 1.049 1.065 0.883 0.970 1.208 1.252 1.090 1.372 1.455 1.338 1.091 0.981 0.851 0.886 0.957 1.115 1.483 2.218 3.301 5.280 7.061 8.833 10.994
1.524 1.311 1.319 1.336 1.449 1.656 1.691 2.054 2.269 2.163 1.745 1.542 1.633 1.483 1.346 1.124 1.112 0.985 0.845 0.944 1.162 1.274 1.205 1.354 1.538 1.644 1.425 1.169 0.927 0.836 0.781 1.006 1.154 1.348 1.521 1.642 1.846 2.064 2.234 1.969 1.785 1.617 1.841 1.946 1.806 1.931 1.684 1.441 1.542 1.485 1.334 1.201 0.937 0.786 0.657 0.615 0.713 0.894 0.854 0.584 0.497 0.000 0.517 0.694 0.693 0.837 0.937 1.064 0.909 0.798 1.050 1.087 0.865 1.026 1.275 1.305 1.214 1.469 1.632 1.455 1.203 1.059 0.979 0.961 1.002 1.205 1.607 2.327 3.297 5.287 6.999 8.584 10.871
1.977 1.796 1.871 1.836 1.942 2.097 2.071 2.452 2.650 2.567 2.137 1.973 2.222 2.055 1.995 1.646 1.663 1.427 1.096 1.129 1.441 1.652 1.624 1.891 2.065 2.081 1.707 1.426 1.041 1.058 1.066 1.520 1.713 2.078 2.248 2.307 2.542 2.819 2.981 2.556 2.330 2.169 2.650 2.632 2.443 2.641 2.313 2.086 2.227 2.219 2.000 1.806 1.319 1.049 0.865 0.858 0.985 1.201 1.229 0.875 0.659 0.506 0.000 0.590 0.816 1.104 1.390 1.489 1.250 1.107 1.412 1.430 1.186 1.333 1.548 1.550 1.522 1.780 1.915 1.882 1.590 1.546 1.368 1.380 1.447 1.597 2.131 2.796 3.773 5.798 7.566 9.109 11.254
1.916 1.875 2.145 2.378 2.638 2.997 3.121 3.425 3.672 3.436 3.004 2.684 2.962 2.509 2.387 1.914 1.848 1.504 1.055 0.988 1.260 1.668 1.664 2.009 2.203 2.298 1.937 1.543 1.147 1.193 1.287 1.666 1.933 2.326 2.740 2.845 3.120 3.508 3.694 3.356 3.156 2.860 3.183 3.346 2.999 3.059 2.607 2.375 2.401 2.414 2.157 1.920 1.471 1.340 1.055 1.227 1.565 1.875 1.809 1.445 1.038 0.820 0.542 0.000 0.645 0.889 1.382 1.491 1.321 1.340 1.809 1.823 1.707 1.893 2.311 2.376 2.296 2.967 2.989 2.735 2.340 2.091 1.745 1.476 1.601 1.592 2.096 2.865 3.844 5.767 7.511 9.036 11.120
1.751 1.624 1.694 1.722 1.823 1.947 1.944 2.222 2.379 2.228 1.837 1.675 1.821 1.611 1.396 1.174 1.089 0.904 0.619 0.658 0.812 1.001 1.098 1.321 1.603 1.665 1.451 1.163 0.875 0.889 0.874 1.194 1.326 1.500 1.750 1.875 2.033 2.254 2.424 2.141 1.999 1.879 2.116 2.211 2.127 2.219 1.977 1.754 1.868 1.735 1.614 1.456 1.180 1.042 0.942 0.968 1.097 1.321 1.348 1.015 0.838 0.695 0.693 0.515 0.000 0.496 0.623 0.741 0.684 0.688 0.907 0.993 0.967 1.127 1.308 1.430 1.443 1.723 1.846 1.777 1.548 1.484 1.307 1.260 1.308 1.426 1.824 2.561 3.536 5.548 7.156 8.919 11.218
1.742 1.583 1.550 1.555 1.519 1.604 1.493 1.719 1.841 1.738 1.410 1.265 1.301 1.133 0.984 0.841 0.768 0.695 0.569 0.610 0.676 0.792 0.906 1.023 1.287 1.416 1.261 1.017 0.814 0.838 0.771 0.927 0.999 1.070 1.171 1.295 1.391 1.592 1.751 1.556 1.503 1.416 1.565 1.698 1.689 1.727 1.641 1.396 1.474 1.288 1.270 1.221 1.051 0.969 0.959 1.009 1.027 1.227 1.283 1.020 0.896 0.733 0.785 0.678 0.492 0.000 0.489 0.531 0.538 0.543 0.615 0.747 0.802 0.885 0.972 1.152 1.174 1.449 1.534 1.537 1.311 1.353 1.210 1.254 1.248 1.366 1.676 2.365 3.297 5.321 6.934 8.597 10.896
1.704 1.507 1.448 1.431 1.375 1.476 1.338 1.586 1.759 1.639 1.309 1.150 1.202 1.037 0.937 0.793 0.740 0.630 0.602 0.635 0.663 0.828 0.857 0.979 1.261 1.360 1.193 1.019 0.822 0.838 0.733 0.867 0.961 1.018 1.152 1.270 1.367 1.598 1.737 1.474 1.419 1.309 1.500 1.645 1.585 1.639 1.554 1.325 1.423 1.264 1.211 1.144 1.013 0.920 0.983 0.999 0.961 1.159 1.248 1.020 0.948 0.794 0.892 0.812 0.561 0.488 0.000 0.488 0.513 0.520 0.524 0.620 0.709 0.720 0.810 1.005 1.038 1.243 1.336 1.365 1.181 1.255 1.127 1.198 1.173 1.314 1.626 2.307 3.313 5.332 6.909 8.957 10.800
2.138 1.904 1.864 1.744 1.754 1.707 1.603 1.897 2.055 2.021 1.600 1.518 1.634 1.498 1.218 1.056 0.913 0.854 0.726 0.796 0.817 0.892 0.999 1.132 1.414 1.524 1.380 1.249 1.035 1.082 0.970 1.166 1.289 1.343 1.553 1.730 1.907 2.123 2.218 1.977 1.890 1.827 2.045 2.132 2.124 2.139 2.123 1.805 1.876 1.690 1.583 1.609 1.350 1.214 1.300 1.212 1.115 1.222 1.341 1.107 1.187 0.970 1.135 1.035 0.718 0.535 0.489 0.000 0.491 0.559 0.587 0.579 0.666 0.828 0.844 0.952 1.060 1.288 1.433 1.516 1.352 1.481 1.413 1.542 1.612 1.750 2.055 2.683 3.568 5.511 7.073 8.857 11.157
1.544 1.310 1.242 1.194 1.220 1.300 1.288 1.599 1.792 1.754 1.331 1.166 1.289 1.163 1.064 0.887 0.896 0.798 0.701 0.776 0.800 0.921 1.046 1.162 1.412 1.525 1.387 1.148 0.943 0.936 0.811 0.965 1.030 1.144 1.304 1.376 1.512 1.784 1.821 1.582 1.431 1.336 1.574 1.624 1.522 1.630 1.472 1.322 1.433 1.374 1.318 1.211 1.053 0.871 0.913 0.841 0.784 0.933 1.081 0.841 0.854 0.719 0.864 0.829 0.598 0.526 0.508 0.488 0.000 0.487 0.515 0.532 0.522 0.598 0.701 0.836 0.854 1.099 1.205 1.170 0.984 1.025 0.954 1.064 1.097 1.290 1.632 2.378 3.344 5.285 7.045 9.047 11.061
1.589 1.334 1.221 1.177 1.118 1.228 1.141 1.405 1.669 1.561 1.170 1.001 1.103 1.017 0.926 0.817 0.847 0.799 0.697 0.769 0.832 0.936 1.021 1.119 1.439 1.571 1.391 1.189 0.959 0.930 0.769 0.912 0.936 1.072 1.186 1.193 1.332 1.564 1.587 1.339 1.239 1.152 1.375 1.448 1.393 1.513 1.407 1.222 1.312 1.278 1.268 1.168 1.034 0.859 0.905 0.863 0.791 0.975 1.142 0.921 0.867 0.747 0.870 0.819 0.606 0.546 0.515 0.506 0.487 0.000 0.488 0.517 0.528 0.534 0.617 0.790 0.815 1.079 1.151 1.165 0.953 1.037 0.944 1.056 1.109 1.322 1.633 2.365 3.384 5.374 7.056 9.025 10.904
1.675 1.437 1.325 1.296 1.243 1.285 1.213 1.467 1.664 1.594 1.201 1.098 1.220 1.113 1.006 0.858 0.847 0.790 0.710 0.809 0.882 0.983 1.045 1.126 1.384 1.511 1.334 1.135 0.979 0.896 0.753 0.907 0.987 1.126 1.310 1.353 1.475 1.714 1.739 1.473 1.384 1.338 1.558 1.614 1.586 1.635 1.552 1.360 1.446 1.378 1.300 1.201 1.028 0.882 0.964 0.923 0.842 1.023 1.187 0.978 0.948 0.772 0.919 0.892 0.650 0.600 0.525 0.523 0.509 0.487 0.000 0.489 0.515 0.536 0.561 0.673 0.790 1.009 1.106 1.192 1.016 1.106 1.021 1.118 1.178 1.329 1.649 2.350 3.288 5.285 7.007 8.757 10.946
1.976 1.652 1.575 1.427 1.422 1.454 1.377 1.724 1.897 1.838 1.377 1.314 1.430 1.348 1.163 1.029 1.028 0.997 0.907 1.060 1.032 1.105 1.240 1.337 1.676 1.838 1.665 1.526 1.238 1.201 1.040 1.200 1.258 1.322 1.520 1.621 1.753 2.012 2.089 1.779 1.694 1.613 1.877 1.970 1.934 2.048 1.934 1.691 1.806 1.671 1.594 1.556 1.312 1.147 1.180 1.063 0.912 1.019 1.164 0.948 1.054 0.924 1.145 1.163 0.854 0.750 0.621 0.560 0.557 0.532 0.489 0.000 0.490 0.550 0.595 0.666 0.758 1.019 1.182 1.221 1.086 1.185 1.180 1.323 1.447 1.676 2.012 2.679 3.641 5.441 7.112 9.052 11.349
1.469 1.229 1.095 1.039 1.009 1.090 1.060 1.368 1.655 1.584 1.159 0.984 1.136 1.052 1.018 0.894 0.976 0.952 0.848 0.966 1.028 1.122 1.218 1.293 1.594 1.740 1.547 1.337 1.133 1.027 0.882 1.004 1.005 1.137 1.259 1.245 1.389 1.623 1.634 1.364 1.222 1.150 1.400 1.433 1.327 1.482 1.360 1.186 1.349 1.333 1.322 1.158 1.058 0.860 0.927 0.811 0.672 0.857 1.003 0.823 0.889 0.768 0.964 0.994 0.770 0.706 0.662 0.585 0.527 0.514 0.501 0.488 0.000 0.487 0.528 0.607 0.600 0.894 0.997 0.979 0.807 0.877 0.847 0.988 1.065 1.294 1.638 2.406 3.365 5.347 7.122 9.126 11.206
1.500 1.242 1.103 1.050 0.992 1.080 1.064 1.264 1.540 1.458 1.084 0.913 1.033 0.983 0.983 0.864 0.971 0.976 0.895 1.012 1.120 1.218 1.230 1.358 1.605 1.761 1.584 1.321 1.119 1.021 0.864 0.985 0.956 1.120 1.216 1.181 1.329 1.507 1.530 1.280 1.152 1.105 1.307 1.394 1.331 1.446 1.344 1.180 1.316 1.286 1.289 1.145 1.018 0.829 0.913 0.818 0.683 0.844 1.002 0.815 0.840 0.766 0.948 1.000 0.787 0.764 0.719 0.677 0.580 0.532 0.532 0.511 0.488 0.000 0.490 0.593 0.598 0.891 0.955 0.978 0.834 0.908 0.838 0.971 1.041 1.268 1.620 2.327 3.270 5.390 7.090 8.950 10.978
1.884 1.619 1.463 1.407 1.329 1.410 1.325 1.586 1.810 1.802 1.328 1.200 1.400 1.286 1.246 1.077 1.209 1.206 1.118 1.319 1.395 1.477 1.508 1.572 1.810 1.991 1.868 1.573 1.371 1.210 1.027 1.206 1.207 1.453 1.640 1.628 1.808 2.074 2.086 1.758 1.582 1.544 1.883 1.955 1.868 1.985 1.840 1.606 1.689 1.644 1.559 1.459 1.247 1.033 1.149 1.078 0.913 1.112 1.350 1.118 1.206 0.984 1.206 1.281 1.050 1.010 0.942 0.878 0.802 0.646 0.608 0.583 0.556 0.492 0.000 0.511 0.636 0.955 1.104 1.219 1.048 1.187 1.090 1.280 1.338 1.537 1.883 2.550 3.513 5.379 7.126 8.783 10.975
2.853 2.457 2.256 1.986 1.869 1.870 1.660 2.131 2.314 2.257 1.734 1.706 1.967 1.906 1.622 1.580 1.676 1.734 1.703 2.056 1.918 1.999 2.226 2.298 2.622 2.916 2.810 2.570 2.277 2.097 1.784 1.957 1.921 2.062 2.228 2.326 2.428 2.905 2.934 2.444 2.294 2.209 2.714 2.835 2.752 3.078 2.827 2.466 2.798 2.556 2.569 2.479 2.210 1.922 2.028 1.740 1.345 1.332 1.658 1.560 1.833 1.666 2.065 2.182 1.735 1.526 1.292 1.176 1.243 1.079 0.807 0.802 0.843 0.714 0.533 0.000 0.597 0.981 1.292 1.380 1.300 1.576 1.736 2.111 2.300 2.608 3.020 3.578 4.596 6.225 7.869 9.543 11.815
2.339 1.966 1.799 1.389 1.476 1.423 1.453 2.120 2.468 2.399 1.844 1.563 2.017 2.041 2.110 1.978 2.273 2.378 2.214 2.521 2.433 2.548 2.900 2.913 3.185 3.568 3.397 3.120 2.654 2.401 2.019 2.255 2.122 2.471 2.546 2.368 2.646 2.898 2.894 2.378 2.092 2.024 2.453 2.515 2.186 2.568 2.339 2.212 2.599 2.656 2.691 2.343 2.251 1.855 2.019 1.623 1.275 1.234 1.622 1.574 1.812 1.724 2.260 2.395 2.010 2.052 2.042 1.618 1.571 1.497 1.291 1.082 0.960 0.902 0.800 0.534 0.000 0.780 1.095 1.108 1.009 1.270 1.493 1.783 2.084 2.473 2.838 3.525 4.499 6.394 8.095 9.527 11.716
2.879 2.372 2.042 1.740 1.487 1.079 1.047 1.615 2.014 2.248 1.784 1.684 2.156 2.319 2.578 2.523 2.845 2.938 2.653 2.708 3.010 3.322 3.352 3.610 3.832 4.183 3.825 3.483 2.882 2.765 2.412 2.788 2.638 3.087 3.140 2.877 2.905 3.142 2.938 2.384 1.982 2.183 2.608 2.386 2.310 2.852 2.805 2.607 3.076 3.389 3.430 2.994 2.674 2.250 2.225 1.872 1.403 1.428 1.831 1.562 1.888 1.866 2.356 2.482 2.021 2.243 2.363 2.104 1.735 1.784 1.828 1.432 1.158 1.246 1.209 0.902 0.609 0.000 0.521 0.809 1.068 1.493 1.786 2.155 2.442 2.977 3.495 4.018 5.111 6.838 8.290 9.791 12.254
2.399 1.914 1.503 1.089 1.040 0.808 0.925 1.389 1.865 2.017 1.551 1.473 1.869 2.054 2.380 2.538 2.766 2.959 2.936 3.301 3.377 3.416 3.423 3.437 3.742 4.148 4.065 3.701 3.271 2.934 2.694 2.729 2.549 2.794 2.677 2.405 2.440 2.541 2.371 1.985 1.507 1.709 1.982 1.832 1.654 1.985 2.007 2.083 2.503 2.769 3.016 2.698 2.589 2.215 2.344 2.059 1.569 1.464 1.973 1.932 2.307 2.274 2.730 2.950 2.698 2.756 2.546 2.410 2.240 2.140 2.036 1.768 1.540 1.428 1.429 1.156 0.901 0.520 0.000 0.531 0.878 1.252 1.561 2.007 2.259 2.765 3.015 3.644 4.631 6.441 7.822 9.352 11.595
1.499 1.155 0.933 0.688 0.676 0.659 0.826 1.172 1.550 1.631 1.249 1.064 1.315 1.433 1.679 1.756 1.961 2.093 2.055 2.258 2.484 2.496 2.447 2.455 2.619 2.858 2.765 2.404 2.199 1.901 1.735 1.810 1.682 1.924 1.899 1.647 1.761 1.909 1.834 1.478 1.190 1.206 1.499 1.455 1.328 1.518 1.444 1.363 1.718 1.903 1.954 1.638 1.586 1.359 1.340 1.181 0.972 0.922 1.248 1.319 1.500 1.522 1.753 1.993 1.864 2.042 1.938 1.920 1.760 1.583 1.592 1.568 1.312 1.148 1.273 1.249 0.895 0.742 0.511 0.000 0.518 0.692 0.835 1.088 1.293 1.595 2.022 2.641 3.690 5.660 7.318 9.166 11.121
1.201 0.876 0.717 0.584 0.580 0.621 0.799 1.079 1.389 1.423 1.082 0.878 1.092 1.126 1.275 1.307 1.535 1.562 1.555 1.709 1.883 1.932 1.879 1.905 2.062 2.178 2.048 1.755 1.629 1.368 1.245 1.285 1.208 1.392 1.398 1.248 1.419 1.544 1.525 1.238 1.025 0.995 1.188 1.240 1.102 1.216 1.157 1.056 1.248 1.374 1.412 1.196 1.124 0.931 0.939 0.815 0.684 0.700 0.987 1.000 1.059 1.113 1.278 1.458 1.420 1.543 1.460 1.497 1.344 1.158 1.190 1.177 1.014 0.888 1.008 1.008 0.774 0.747 0.642 0.500 0.000 0.499 0.574 0.768 0.897 1.166 1.513 2.323 3.323 5.402 7.132 8.796 11.169
1.081 0.779 0.642 0.595 0.669 0.822 0.981 1.300 1.582 1.648 1.287 1.030 1.216 1.191 1.318 1.256 1.419 1.403 1.352 1.481 1.669 1.766 1.685 1.725 1.831 2.034 1.876 1.563 1.406 1.203 1.100 1.173 1.129 1.381 1.472 1.309 1.497 1.644 1.630 1.372 1.149 1.066 1.273 1.304 1.134 1.237 1.133 1.066 1.219 1.367 1.298 1.086 0.973 0.800 0.776 0.685 0.582 0.591 0.852 0.832 0.927 0.935 1.089 1.279 1.251 1.363 1.378 1.404 1.244 1.097 1.179 1.188 0.968 0.922 1.073 1.083 0.820 0.887 0.846 0.658 0.494 0.000 0.504 0.635 0.770 1.011 1.386 2.188 3.287 5.416 7.174 8.973 11.253
0.925 0.634 0.571 0.581 0.697 0.890 1.013 1.298 1.618 1.608 1.179 0.947 1.070 1.020 1.072 1.003 1.163 1.165 1.119 1.206 1.390 1.471 1.406 1.463 1.635 1.808 1.626 1.337 1.182 0.997 0.896 0.962 0.941 1.130 1.192 1.108 1.290 1.488 1.517 1.248 1.080 0.958 1.142 1.203 1.038 1.114 0.948 0.869 1.035 1.107 1.111 0.903 0.809 0.610 0.640 0.570 0.556 0.622 0.866 0.781 0.775 0.797 0.911 1.065 1.021 1.082 1.129 1.156 1.045 0.913 0.996 1.039 0.889 0.811 0.990 1.065 0.881 1.000 0.982 0.777 0.593 0.496 0.000 0.501 0.586 0.851 1.267 2.042 3.083 5.129 6.911 8.818 10.780
0.812 0.675 0.740 0.844 1.015 1.233 1.305 1.651 1.911 1.893 1.507 1.244 1.373 1.235 1.283 1.126 1.270 1.226 1.211 1.363 1.512 1.567 1.513 1.537 1.674 1.883 1.733 1.409 1.277 1.046 0.947 1.008 1.019 1.283 1.403 1.390 1.619 1.825 1.879 1.611 1.381 1.218 1.449 1.510 1.301 1.354 1.090 0.999 1.160 1.238 1.146 0.888 0.729 0.585 0.596 0.610 0.633 0.811 0.975 0.899 0.868 0.844 0.974 1.158 1.124 1.246 1.253 1.311 1.217 1.032 1.160 1.184 1.013 0.997 1.191 1.253 1.056 1.250 1.276 1.122 0.835 0.672 0.501 0.000 0.509 0.681 1.171 2.037 3.122 5.294 7.088 9.257 11.072
1.000 0.859 0.933 1.104 1.313 1.634 1.733 2.218 2.527 2.460 2.006 1.605 1.783 1.641 1.657 1.400 1.589 1.475 1.560 1.722 1.983 1.955 1.752 1.736 1.818 2.030 1.970 1.616 1.535 1.226 1.116 1.153 1.190 1.521 1.698 1.882 2.080 2.371 2.395 2.108 1.805 1.577 1.901 1.971 1.686 1.699 1.362 1.122 1.300 1.398 1.187 0.894 0.766 0.689 0.750 0.835 0.929 1.047 1.273 1.235 1.175 1.167 1.247 1.525 1.552 1.675 1.636 1.863 1.651 1.355 1.613 1.726 1.396 1.379 1.694 1.737 1.428 1.680 1.739 1.429 1.183 0.881 0.717 0.519 0.000 0.519 1.018 1.838 2.939 5.132 6.832 8.670 10.930
1.579 1.645 1.721 2.103 2.208 2.686 2.644 3.238 3.401 3.374 2.730 2.344 2.627 2.276 2.339 2.071 2.484 2.329 2.467 2.908 3.265 3.144 3.032 2.831 2.846 3.188 3.216 2.441 2.432 1.843 1.657 1.642 1.689 2.352 2.535 2.547 3.030 3.650 3.637 3.132 2.846 2.346 2.955 3.096 2.597 2.651 2.036 1.654 1.692 1.954 1.659 1.138 0.925 0.989 1.187 1.489 1.580 1.845 2.166 2.083 2.030 1.838 1.910 2.419 2.493 2.740 2.541 2.745 2.574 2.148 2.291 2.479 2.134 2.053 2.404 2.533 2.202 2.679 2.681 2.500 1.961 1.881 1.363 1.094 0.565 0.000 0.603 1.542 2.951 5.276 7.104 8.675 10.841
2.478 2.997 3.509 4.539 5.396 6.662 6.909 7.599 8.309 7.428 6.636 5.878 5.650 4.798 4.962 4.235 4.820 4.693 5.087 5.634 6.619 6.153 5.638 5.087 5.110 5.815 6.191 4.974 4.791 3.604 3.491 3.358 3.294 4.145 4.514 4.738 5.853 6.309 6.871 6.376 6.059 4.964 5.326 6.105 5.238 4.709 3.521 3.103 2.580 3.103 2.476 1.613 1.915 2.686 2.251 2.918 3.818 4.243 4.106 4.143 3.453 3.672 3.463 4.542 5.057 5.652 5.483 6.034 5.651 4.779 5.489 5.942 5.341 5.268 6.385 6.468 5.704 6.732 6.936 6.343 5.023 4.223 3.198 2.284 1.758 0.680 0.000 0.891 2.533 4.216 6.379 7.540 9.875
4.405 5.016 5.272 6.170 7.279 8.638 9.848 11.630 13.406 13.140 11.573 9.095 10.351 9.085 9.621 8.705 9.528 9.580 10.774 12.181 13.622 12.576 10.905 9.642 8.788 10.348 11.022 9.208 10.049 7.269 7.788 5.851 5.856 7.979 9.441 9.263 11.260 11.875 13.061 11.241 9.721 8.230 9.725 10.348 8.044 8.120 5.928 4.544 4.734 5.871 4.593 3.218 3.946 4.740 5.839 6.858 6.804 7.186 8.797 8.802 9.128 8.877 8.410 10.393 11.174 12.743 11.854 13.760 12.764 10.655 11.617 12.386 10.762 9.241 11.517 11.855 9.589 10.587 9.868 8.335 6.995 6.317 5.153 4.848 3.119 2.273 0.874 0.000 0.995 2.813 4.461 5.510 7.858
8.720 10.436 11.302 13.029 13.840 15.815 15.875 17.856 18.812 18.021 16.580 14.293 15.422 13.017 13.336 11.361 11.965 11.480 12.367 13.356 15.543 14.890 13.110 12.200 10.846 12.600 13.436 10.709 10.848 7.702 7.968 7.445 8.166 10.867 13.236 13.472 16.041 17.120 18.240 17.028 15.490 13.825 15.172 16.557 14.278 13.726 11.171 8.897 8.025 8.489 6.464 5.199 4.796 6.356 6.843 8.230 9.679 11.300 11.829 10.791 9.881 9.056 8.482 10.496 11.340 13.643 13.569 15.294 13.592 11.687 13.703 13.750 12.173 12.214 14.553 14.489 13.328 15.358 15.831 14.949 12.490 11.748 9.145 8.001 5.606 4.211 2.898 0.927 0.000 0.890 2.021 3.157 5.080
9.029 11.582 12.178 14.587 15.212 17.621 18.271 19.956 20.913 20.008 18.775 16.262 16.933 14.488 14.911 13.352 13.987 13.859 15.104 16.389 18.157 17.246 15.288 13.932 12.661 14.626 15.294 12.908 13.661 10.793 11.182 9.533 10.556 12.635 14.487 14.646 17.442 18.650 19.794 18.450 17.314 14.876 16.265 18.075 16.060 14.576 11.720 10.140 8.632 9.894 7.226 6.418 6.704 8.988 10.030 11.454 12.635 13.806 14.824 14.051 13.456 12.670 11.869 13.980 15.065 17.100 16.332 18.043 17.063 15.210 16.587 17.327 15.728 15.000 17.422 17.808 16.364 17.951 18.238 17.328 15.027 13.918 11.295 9.699 6.810 5.608 3.870 2.091 0.847 0.001 0.826 1.981 3.481
11.959 13.763 14.313 16.230 16.768 18.698 18.845 20.295 21.340 20.489 19.246 17.098 17.322 15.116 15.408 14.148 14.590 14.414 16.108 17.756 19.345 18.182 16.005 14.543 13.258 15.256 16.320 13.872 14.839 12.369 12.300 10.847 11.412 12.816 14.425 14.971 17.446 18.605 20.033 18.702 17.956 15.633 16.419 18.306 16.633 15.401 13.278 11.343 9.593 10.319 7.437 7.668 8.538 11.021 12.199 14.057 14.856 16.160 17.046 16.608 15.778 14.568 13.843 15.493 16.836 18.468 17.228 19.358 18.701 16.591 17.682 18.788 17.639 16.488 18.668 19.199 18.079 19.630 19.522 18.861 16.731 16.048 13.685 12.671 9.530 7.862 5.255 3.382 1.811 0.838 0.000 1.082 2.245
15.080 17.464 17.768 20.237 20.743 22.055 22.031 23.210 23.709 22.861 21.881 20.536 20.397 18.179 18.132 16.328 16.176 15.939 17.705 18.817 20.106 18.900 16.975 15.193 13.682 15.440 16.987 14.573 16.235 13.855 14.568 12.880 14.011 15.019 17.164 17.680 20.470 21.764 22.411 21.790 21.424 19.447 20.207 21.731 20.648 18.697 16.698 15.092 13.148 12.735 9.758 10.874 11.232 13.935 14.718 17.000 18.440 19.736 20.065 19.806 18.414 17.096 15.967 17.294 18.518 19.597 18.766 20.519 20.179 18.583 19.804 20.653 20.026 19.517 21.360 21.679 20.969 22.289 22.692 21.838 20.572 19.597 17.147 15.814 12.736 10.445 8.213 5.751 4.478 3.158 1.096 0.000 1.366
16.541 18.996 19.365 21.612 22.620 23.841 24.416 25.124 25.993 25.211 24.394 23.419 23.302 22.126 22.038 21.319 20.580 20.606 22.143 22.883 24.159 22.940 21.058 19.266 17.372 19.444 21.062 18.405 20.567 18.173 19.682 16.546 18.409 19.100 20.884 20.977 23.660 24.331 24.721 24.409 23.719 21.985 22.786 23.632 22.622 20.889 19.022 18.342 15.447 16.021 13.423 14.313 15.164 18.181 18.285 20.067 20.889 21.826 22.170 21.993 21.214 20.832 19.782 21.356 22.406 23.370 22.772 23.963 23.718 22.289 23.309 24.031 23.033 22.507 23.814 24.507 23.264 24.521 24.531 23.577 22.424 21.365 19.712 18.323 16.031 12.449 10.342 9.062 6.555 4.939 3.612 1.270 0.036
