29.695
37.866
38.567
45.044
44.311
47.470
45.956
48.776
54.176
64.598
67.554
78.720
85.075
84.877
87.708
85.864
88.603
90.291
90.858
90.426
88.881
89.144
88.736
89.669
91.099
92.256
89.785
89.296
90.175
88.651
86.021
85.521
81.891
85.082
85.882
88.447
88.525
90.709
91.527
90.627
88.334
90.849
89.754
87.827
85.409
81.732
83.934
83.574
84.295
87.674
88.779
88.941
89.384
91.351
91.038
91.195
89.992
90.320
88.008
83.480
85.104
88.622
88.587
90.689
90.270
89.877
87.933
83.561
79.010
65.516
55.003
49.521
51.362
59.827
73.364
80.596
83.198
86.131
88.094
87.586
86.759
85.649
79.863
71.918
69.557
84.432
84.456
84.156
82.715
83.120
82.830
80.448
74.940
