34.494
43.377
42.956
52.838
62.034
72.197
80.047
89.091
90.148
91.988
91.493
92.534
93.029
92.079
90.970
89.165
90.607
90.419
92.143
92.662
92.185
91.164
91.001
91.577
90.846
89.837
89.743
87.203
89.486
89.557
91.238
89.928
91.651
93.177
91.866
88.909
91.524
90.751
89.929
88.338
86.745
89.944
90.977
91.415
92.827
93.025
93.260
93.474
94.166
93.789
93.941
92.178
91.331
90.073
87.222
89.614
91.368
92.165
92.743
92.763
90.906
89.885
87.592
84.108
71.512
69.482
64.887
71.715
81.219
84.562
87.395
89.141
90.038
91.574
90.348
90.789
87.793
80.344
74.451
73.507
86.150
90.271
90.836
91.168
91.583
92.071
89.353
87.204
87.368
84.877
82.385
80.672
62.368
