0.001 0.686 1.532 2.521 3.019 4.085 4.322 3.317 3.287 3.529 4.192 5.049 5.300 6.417 7.236 7.287 7.296 7.387 7.533 7.387 7.329 7.408 7.471 7.582 7.581 7.202 6.300 5.401 5.404 5.207 6.243 5.714 4.529 5.463 5.128 4.499 3.585 2.861 3.360 3.671 3.364 2.694 3.694 3.611 3.536 4.997 5.338 6.348 4.616 4.410 4.563 4.111 3.792 3.576 2.993 4.667 4.815 4.937 5.222 5.691 6.624 7.284 6.919 7.469 6.464 6.807 5.716 5.936 5.504 5.614 5.140 4.993 5.115 4.156 3.846 2.965 2.658 2.652 1.882 2.655 2.806 3.691 4.290 5.049 6.325 7.078 8.566 9.834 10.624 11.918 13.216 15.240 16.475
0.592 0.000 0.593 1.072 1.852 2.642 2.951 2.471 1.787 2.648 3.370 3.406 3.651 4.412 4.375 4.457 4.694 5.153 5.293 4.978 4.883 5.277 5.252 5.130 4.777 4.443 4.432 3.866 3.863 3.356 3.901 4.011 3.376 3.582 3.870 3.922 3.121 2.247 2.121 2.880 2.771 2.106 2.879 2.611 2.679 3.585 3.698 3.886 3.233 3.488 2.944 3.329 2.798 2.351 2.180 2.969 3.314 3.751 3.548 3.959 4.072 4.511 4.350 4.227 4.279 4.144 3.706 3.718 3.933 3.059 2.988 3.196 2.923 2.491 2.455 1.925 1.804 1.577 1.244 1.748 2.167 2.493 3.247 3.640 4.156 4.857 6.383 7.595 8.520 9.697 11.619 13.323 14.915
1.038 0.560 0.000 0.587 1.157 1.826 2.122 1.617 1.822 2.163 2.616 3.101 3.328 4.114 4.299 4.623 5.065 4.988 5.065 5.173 5.064 5.217 5.215 5.046 5.160 4.903 4.421 3.800 3.711 3.460 3.722 3.691 3.068 3.135 3.267 3.416 2.483 1.705 2.003 2.401 2.523 2.228 2.913 2.491 2.608 3.188 3.762 3.800 3.511 3.366 3.092 3.425 3.230 2.660 2.687 3.320 3.454 3.644 3.436 4.234 4.193 4.807 4.645 4.309 4.004 4.171 3.393 3.522 3.525 3.127 3.191 2.866 2.847 2.679 2.234 1.466 1.516 2.209 1.957 2.288 2.513 3.078 3.317 3.618 4.540 4.919 6.046 7.121 8.066 9.238 11.295 13.067 14.543
1.619 1.125 0.566 0.000 0.683 1.494 2.065 1.740 1.636 2.731 3.745 3.843 4.933 5.333 5.774 6.076 6.637 6.793 6.265 6.556 6.424 6.579 6.692 7.293 6.965 6.629 6.076 5.676 5.305 4.691 5.272 4.731 4.080 3.629 4.122 3.782 2.819 2.266 2.695 3.440 2.984 2.881 3.987 3.391 4.167 4.448 5.368 5.208 5.214 5.428 4.604 4.756 4.021 3.486 3.167 3.998 4.933 4.997 5.136 5.971 6.043 5.796 5.925 5.107 4.826 5.080 4.807 4.532 4.919 4.686 3.269 3.220 3.558 2.876 2.789 1.749 1.777 2.387 2.432 3.036 3.475 4.017 4.897 5.159 5.978 6.467 7.553 8.819 9.601 10.564 12.683 14.123 15.883
2.907 2.256 1.564 0.860 0.000 0.904 1.585 1.982 2.692 3.629 4.476 5.741 6.303 6.951 7.721 7.932 8.260 8.533 8.545 8.385 8.294 8.954 9.149 9.392 8.954 8.203 7.485 6.659 6.456 6.495 6.617 7.254 5.433 5.515 6.230 5.506 3.989 2.998 3.989 4.973 4.763 4.508 5.866 5.231 5.543 6.532 6.995 7.487 6.628 6.304 5.773 5.708 4.864 4.275 3.889 5.750 5.719 6.515 6.228 6.998 7.619 7.969 7.598 7.204 6.783 6.921 5.762 6.255 5.746 5.371 4.223 4.038 4.495 3.747 3.450 2.425 2.480 2.624 2.977 3.731 4.308 5.189 6.659 7.508 8.156 9.493 10.242 11.449 12.586 13.299 15.105 16.255 17.733
4.700 3.471 2.467 1.685 0.674 0.000 0.941 1.820 3.080 3.461 4.324 5.502 5.989 7.138 8.123 8.619 9.281 9.263 9.311 9.283 8.981 9.848 10.714 10.583 10.255 9.264 8.589 7.566 7.546 6.731 6.983 6.742 5.744 5.014 5.659 5.036 4.135 3.221 4.210 5.231 4.959 4.820 6.434 6.452 6.404 7.279 7.337 8.433 7.707 7.652 7.016 7.611 7.367 6.466 6.176 7.590 7.552 8.342 7.792 8.832 9.122 8.722 8.227 7.698 7.221 7.360 6.535 6.230 6.541 6.207 5.348 4.927 5.467 4.974 4.781 3.591 3.976 4.583 5.578 5.881 7.050 7.357 8.406 8.797 9.887 10.714 11.712 12.715 13.627 14.215 15.892 17.066 18.791
5.467 4.167 3.453 2.385 1.663 0.721 0.000 0.960 1.963 2.813 3.171 3.633 3.988 4.907 5.500 5.605 6.689 6.600 6.509 6.477 6.506 7.349 7.699 7.894 7.246 6.540 5.756 5.086 5.044 4.624 5.103 4.961 4.370 4.210 4.942 4.914 3.744 3.425 3.973 4.870 5.047 4.836 5.881 6.084 5.300 6.248 5.936 6.653 5.853 5.680 5.020 5.954 5.748 4.964 5.550 6.723 6.180 6.571 5.636 6.260 6.650 6.158 5.936 5.175 5.411 5.520 4.549 4.127 4.727 4.553 3.589 3.793 4.777 4.233 4.572 3.899 4.532 4.104 5.161 4.864 6.288 6.111 7.242 7.511 8.487 9.518 10.295 11.292 12.285 13.290 14.966 16.393 17.731
2.833 2.145 2.217 1.892 2.027 1.651 0.873 0.000 0.643 1.662 2.192 3.009 3.636 4.821 5.263 5.536 6.222 6.380 6.040 5.976 5.740 5.951 7.017 7.066 6.130 6.013 5.288 4.403 4.387 3.578 4.115 3.586 2.728 2.909 3.095 3.150 2.134 1.627 1.942 2.675 2.632 2.448 2.879 2.864 2.799 3.426 4.072 4.690 3.919 4.192 3.435 4.051 3.887 3.268 3.433 4.351 4.541 4.885 4.564 5.008 5.653 5.647 5.531 5.109 5.178 5.170 4.151 3.732 4.356 3.753 2.917 2.925 3.613 2.929 2.891 2.588 2.537 2.486 2.559 2.748 3.134 3.629 4.139 4.312 5.389 5.691 6.921 8.381 9.055 10.280 12.195 13.584 15.411
1.809 1.702 1.620 1.581 1.841 1.885 1.345 0.539 0.000 0.532 0.674 1.075 1.382 1.772 2.090 2.240 2.591 2.708 2.658 2.664 2.597 2.723 3.224 3.203 2.721 2.497 2.152 1.798 1.700 1.280 1.456 1.189 0.915 1.042 1.234 1.287 0.985 0.927 0.835 1.003 1.319 1.454 1.528 1.549 1.341 1.492 1.513 1.792 1.705 1.758 1.595 1.931 1.803 1.519 1.676 2.127 1.956 2.075 1.976 2.241 2.510 2.288 2.252 2.023 2.073 2.012 1.728 1.503 1.658 1.569 1.228 1.351 1.532 1.378 1.493 1.381 1.407 1.352 1.486 1.444 1.786 1.809 2.139 2.313 2.832 3.466 4.609 6.074 7.133 8.396 10.552 12.383 13.981
2.064 1.943 1.864 1.704 2.255 2.121 1.688 0.787 0.525 0.000 0.522 0.787 1.226 1.533 1.967 2.253 2.514 2.588 2.498 2.448 2.183 2.414 2.702 2.823 2.529 2.415 2.092 1.720 1.469 1.057 1.033 0.835 0.680 0.845 1.123 1.291 0.964 0.956 0.868 1.025 1.259 1.361 1.423 1.524 1.211 1.217 1.131 1.396 1.517 1.598 1.617 1.965 1.906 1.648 1.779 2.203 2.097 2.264 2.104 2.420 2.591 2.402 2.307 2.126 2.082 2.103 1.863 1.566 1.801 1.757 1.360 1.365 1.672 1.529 1.498 1.362 1.577 1.417 1.740 1.559 1.821 1.841 1.974 2.057 2.478 3.064 4.137 5.567 6.736 8.009 10.040 11.770 13.518
1.740 1.716 1.669 1.533 1.978 2.018 1.674 0.968 0.652 0.505 0.000 0.496 0.619 0.780 0.991 1.144 1.403 1.423 1.380 1.355 1.282 1.544 1.753 1.687 1.466 1.343 1.142 0.962 0.859 0.657 0.665 0.618 0.618 0.720 0.995 1.063 0.814 0.837 0.740 0.827 1.003 1.082 1.178 1.160 0.954 1.052 0.906 1.040 1.024 1.054 1.002 1.221 1.255 1.161 1.369 1.659 1.538 1.445 1.270 1.429 1.484 1.406 1.318 1.163 1.285 1.343 1.118 1.081 1.271 1.174 1.049 1.174 1.450 1.344 1.481 1.436 1.410 1.185 1.277 1.116 1.252 1.223 1.351 1.469 1.970 2.556 3.663 5.167 6.409 7.641 10.007 12.050 13.759
2.013 1.944 1.887 1.844 2.160 2.336 1.989 1.268 1.005 0.680 0.499 0.000 0.496 0.613 0.825 0.975 1.171 1.278 1.238 1.198 1.139 1.469 1.724 1.505 1.285 1.131 1.017 0.825 0.728 0.621 0.632 0.686 0.676 0.816 1.069 1.173 0.967 1.087 0.942 1.000 1.226 1.326 1.375 1.421 1.143 1.124 0.984 1.074 1.089 1.036 1.097 1.348 1.540 1.467 1.768 1.989 1.752 1.649 1.354 1.408 1.361 1.306 1.184 1.016 1.238 1.340 1.093 1.106 1.429 1.420 1.257 1.427 1.783 1.748 1.937 1.815 1.835 1.629 1.688 1.422 1.550 1.356 1.494 1.580 2.120 2.762 4.086 5.433 6.426 7.641 9.763 11.650 13.383
1.823 1.825 1.937 1.878 2.207 2.165 1.893 1.277 1.022 0.817 0.617 0.506 0.000 0.496 0.606 0.842 1.034 1.103 1.050 0.984 0.960 1.250 1.513 1.347 1.088 1.011 0.878 0.687 0.618 0.583 0.624 0.745 0.772 0.943 1.185 1.291 1.081 1.130 0.963 1.071 1.270 1.263 1.346 1.270 1.026 1.029 0.909 0.931 0.908 0.865 0.885 1.118 1.230 1.212 1.452 1.686 1.450 1.359 1.171 1.218 1.246 1.136 1.048 0.870 1.051 1.112 0.942 0.941 1.180 1.207 1.060 1.209 1.486 1.483 1.682 1.631 1.600 1.403 1.407 1.185 1.264 1.122 1.241 1.340 1.903 2.463 3.689 5.132 6.260 7.449 9.737 11.779 13.383
1.973 2.021 2.063 2.019 2.466 2.452 2.093 1.493 1.198 1.043 0.844 0.653 0.497 0.000 0.499 0.700 0.874 1.004 0.912 0.887 0.881 1.218 1.458 1.278 1.063 0.886 0.839 0.659 0.655 0.661 0.708 0.840 0.935 1.125 1.383 1.526 1.326 1.384 1.177 1.296 1.503 1.508 1.561 1.477 1.185 1.183 1.025 1.029 1.030 1.004 1.044 1.263 1.385 1.391 1.654 1.830 1.615 1.501 1.238 1.255 1.187 1.093 1.002 0.888 1.137 1.244 1.086 1.108 1.409 1.356 1.288 1.468 1.756 1.689 1.956 1.887 1.840 1.633 1.623 1.352 1.454 1.292 1.450 1.557 2.034 2.729 3.931 5.289 6.211 7.518 9.556 11.487 12.957
2.805 2.946 3.086 2.944 3.333 3.310 2.776 2.146 1.875 1.733 1.378 1.051 0.842 0.533 0.000 0.519 0.676 0.899 0.977 0.997 1.086 1.443 1.645 1.415 1.218 0.922 0.984 0.826 0.917 1.052 0.986 1.149 1.422 1.628 1.850 2.221 2.030 2.251 1.923 1.977 2.327 2.400 2.309 2.301 1.843 1.727 1.378 1.319 1.489 1.236 1.277 1.505 1.709 1.763 2.095 2.289 1.849 1.626 1.304 1.268 1.070 0.958 0.861 0.844 1.156 1.217 1.140 1.284 1.563 1.594 1.647 1.881 2.159 2.185 2.533 2.698 2.659 2.256 2.263 1.928 1.952 1.822 1.946 2.078 2.439 3.180 4.447 5.742 7.019 8.245 10.377 12.406 13.984
2.757 2.830 3.040 2.841 3.330 3.304 2.845 2.248 1.938 1.834 1.506 1.267 1.020 0.696 0.545 0.000 0.508 0.709 0.816 0.911 1.026 1.364 1.588 1.367 1.125 0.878 0.944 0.882 0.950 1.158 1.147 1.411 1.596 1.878 2.135 2.380 2.212 2.230 1.931 2.097 2.410 2.372 2.283 2.215 1.770 1.744 1.473 1.381 1.419 1.245 1.255 1.491 1.702 1.796 2.157 2.238 1.869 1.665 1.303 1.269 1.063 0.968 0.790 0.814 1.087 1.193 1.121 1.250 1.541 1.608 1.645 1.837 2.061 2.154 2.527 2.660 2.604 2.260 2.247 1.940 1.892 1.713 1.786 1.937 2.349 2.987 4.200 5.566 6.641 7.977 9.931 11.820 13.637
2.378 2.382 2.617 2.574 3.043 3.200 2.772 2.122 1.838 1.832 1.578 1.462 1.126 0.989 0.727 0.504 0.000 0.532 0.830 0.946 1.130 1.426 1.514 1.267 1.123 0.891 0.935 0.910 1.100 1.283 1.446 1.663 1.833 2.055 2.386 2.471 2.239 2.093 1.928 2.171 2.315 2.198 2.263 2.111 1.845 1.891 1.719 1.572 1.493 1.283 1.163 1.328 1.445 1.415 1.710 1.840 1.570 1.426 1.067 1.152 0.940 0.756 0.680 0.838 1.052 1.083 1.003 1.199 1.402 1.398 1.411 1.644 1.864 1.797 2.198 2.296 2.166 1.890 1.863 1.596 1.646 1.606 1.776 1.964 2.444 3.147 4.368 5.792 6.921 8.249 10.229 12.232 13.530
3.656 3.892 4.235 4.046 4.647 4.943 4.147 3.536 3.032 2.992 2.698 2.310 1.930 1.519 1.147 0.733 0.548 0.000 0.606 1.105 1.456 1.806 1.862 1.556 1.491 1.073 1.276 1.394 1.787 2.122 2.285 2.804 3.175 3.428 3.746 4.192 3.813 3.544 3.282 3.654 4.029 3.553 3.731 3.507 3.137 3.210 2.847 2.517 2.338 1.931 1.855 1.804 1.986 2.124 2.589 2.541 2.160 1.775 1.507 1.330 1.134 1.040 0.894 1.161 1.599 1.689 1.624 2.072 2.261 2.271 2.284 2.690 2.966 3.020 3.693 3.856 3.571 3.077 2.968 2.628 2.430 2.425 2.467 2.833 3.177 3.944 5.156 6.475 7.352 8.890 10.765 12.536 14.168
4.642 4.785 5.064 4.982 5.423 5.788 5.034 4.322 3.744 3.532 2.971 2.375 2.023 1.350 1.021 0.971 0.877 0.586 0.000 0.563 0.883 1.300 1.690 1.512 1.464 1.276 1.458 1.731 1.502 1.996 1.897 2.449 3.006 3.469 3.736 4.282 4.184 4.044 3.703 3.756 4.127 4.060 3.830 3.708 3.175 2.809 2.279 2.001 2.220 2.155 2.390 2.705 3.162 3.376 3.690 3.807 3.361 2.934 2.413 2.182 1.826 1.656 1.258 1.382 1.833 2.025 2.340 2.507 2.818 2.986 3.136 3.699 3.889 3.969 4.581 4.853 4.740 4.277 4.065 3.614 3.422 3.098 2.917 2.951 3.227 3.843 5.039 6.298 7.368 8.725 10.626 12.451 13.925
3.992 4.113 4.364 4.298 4.702 4.639 4.058 3.475 3.108 3.116 2.454 2.229 1.691 1.285 0.972 1.006 1.027 0.832 0.521 0.000 0.555 1.055 1.384 1.313 1.259 1.112 1.361 1.525 1.477 1.877 1.855 2.325 2.646 3.079 3.380 3.841 3.720 3.618 3.205 3.405 3.791 3.609 3.577 3.319 2.805 2.486 2.175 1.891 2.017 1.866 2.162 2.358 2.760 2.783 3.251 3.366 2.961 2.718 2.125 2.093 1.770 1.651 1.349 1.405 1.727 1.990 1.936 2.236 2.453 2.603 2.696 2.986 3.249 3.467 3.857 4.124 4.029 3.570 3.591 3.044 2.867 2.627 2.563 2.608 2.915 3.455 4.643 5.986 7.043 8.341 10.256 12.088 13.438
4.304 4.242 4.840 4.448 5.124 5.213 4.561 3.711 3.443 3.221 2.669 2.231 1.893 1.416 1.058 1.201 1.225 1.302 1.018 0.575 0.000 0.707 1.271 1.277 1.120 1.060 1.308 1.445 1.467 1.855 1.763 2.419 2.832 3.381 3.607 4.101 3.762 3.693 3.507 3.590 4.039 3.884 3.709 3.451 3.038 2.791 2.318 1.934 2.067 2.003 2.186 2.496 2.942 3.064 3.596 4.017 3.338 2.928 2.380 2.149 1.863 1.956 1.663 1.705 2.417 2.392 2.337 2.680 3.111 3.003 3.009 3.643 3.869 3.738 4.542 4.586 4.488 3.851 3.709 3.337 3.301 2.814 2.708 3.048 2.973 3.607 4.764 5.905 7.119 8.317 10.207 11.992 13.210
4.841 4.766 5.016 4.678 5.338 5.107 4.350 3.623 3.694 3.500 3.006 2.389 1.952 1.537 1.339 1.673 1.951 2.021 1.613 1.141 0.611 0.000 0.566 1.068 1.311 1.588 1.651 1.824 1.705 2.411 2.321 2.760 3.268 3.534 4.227 4.772 4.154 4.153 3.865 4.276 4.872 4.615 4.619 4.345 3.678 3.524 2.944 2.489 2.771 2.347 2.762 2.971 3.537 3.662 4.119 4.491 3.869 3.449 2.811 2.699 2.419 2.453 2.377 1.962 2.507 2.847 2.553 2.608 3.138 3.415 3.203 3.470 3.990 4.009 4.690 4.734 4.756 4.313 4.414 3.883 3.883 3.344 3.251 3.522 3.464 4.116 5.245 6.357 7.469 8.637 10.521 12.479 13.746
6.127 6.544 7.031 6.917 7.379 7.185 6.732 6.111 5.627 5.368 4.522 3.975 3.219 2.690 2.468 2.720 2.330 2.929 2.441 1.505 1.458 0.747 0.000 0.703 1.338 1.935 2.495 2.775 2.711 2.961 3.088 3.439 4.144 4.659 5.021 6.023 5.922 5.613 5.491 5.263 5.989 5.829 5.738 5.330 4.558 4.065 3.300 3.062 3.176 3.013 3.505 4.027 4.476 5.035 5.280 5.640 5.202 4.600 3.691 3.463 3.054 3.155 3.504 3.791 4.391 4.254 4.160 4.759 5.315 5.105 5.345 5.978 6.028 6.262 6.527 6.678 6.705 6.268 5.630 5.140 4.654 4.279 3.749 3.916 3.923 4.904 6.011 7.243 8.165 9.449 11.099 12.817 14.489
4.496 4.854 5.282 5.301 5.948 5.992 5.385 4.779 4.456 4.417 3.828 3.374 2.743 2.289 1.646 1.564 1.517 1.839 1.725 1.355 1.433 1.067 0.588 0.000 0.604 0.907 1.146 1.758 2.186 2.842 2.998 3.759 4.221 4.733 5.449 5.784 5.330 4.927 4.512 5.082 5.402 4.975 5.051 4.524 3.944 3.903 3.508 2.850 2.800 2.178 2.295 2.123 2.353 2.835 3.134 3.009 2.649 2.250 2.063 1.654 1.618 1.927 2.160 2.362 2.846 2.748 2.523 3.110 3.441 3.043 3.329 4.096 4.039 3.940 4.602 4.830 4.460 4.013 3.546 3.275 2.785 2.872 2.764 3.116 3.398 4.201 5.307 6.543 7.671 9.089 10.889 12.723 13.971
2.970 3.100 3.285 3.292 3.723 3.815 3.374 2.669 2.436 2.493 2.102 1.884 1.501 1.277 0.962 0.954 1.047 1.308 1.240 0.924 1.127 1.089 0.808 0.553 0.000 0.506 0.691 0.973 1.224 1.538 1.664 2.193 2.388 2.781 3.152 3.348 3.076 2.844 2.603 2.928 3.100 2.939 2.985 2.615 2.340 2.219 2.031 1.657 1.616 1.325 1.362 1.535 1.793 1.871 2.208 2.247 1.914 1.718 1.327 1.283 1.206 1.241 1.260 1.346 1.517 1.525 1.344 1.620 1.729 1.788 1.898 2.077 2.267 2.348 2.656 2.762 2.760 2.482 2.377 2.149 2.064 1.833 1.955 2.168 2.497 3.145 4.264 5.631 6.766 8.252 10.094 12.142 13.508
2.466 2.514 2.686 2.623 3.240 3.408 3.009 2.322 2.019 2.171 1.874 1.740 1.337 1.244 0.900 0.847 0.917 1.173 1.209 0.987 1.206 1.217 1.095 0.774 0.497 0.000 0.532 0.708 1.016 1.416 1.617 2.031 2.176 2.543 2.835 2.905 2.562 2.302 2.195 2.595 2.668 2.420 2.710 2.374 2.031 2.090 1.926 1.614 1.560 1.131 1.100 1.267 1.437 1.492 1.745 1.910 1.641 1.490 1.130 1.141 1.058 1.078 1.122 1.169 1.451 1.342 1.169 1.456 1.648 1.514 1.569 1.792 1.961 1.878 2.300 2.309 2.197 1.924 1.890 1.667 1.690 1.611 1.619 1.938 2.306 3.067 4.361 5.653 6.834 8.129 9.896 11.794 13.404
2.099 2.136 2.260 2.170 2.691 2.655 2.295 1.712 1.382 1.369 1.141 1.005 0.768 0.765 0.656 0.723 0.889 1.090 1.071 0.912 1.077 1.173 1.189 0.930 0.617 0.504 0.000 0.496 0.636 0.844 1.009 1.222 1.377 1.542 1.854 1.976 1.735 1.692 1.484 1.769 1.910 1.870 1.933 1.769 1.443 1.439 1.314 1.164 1.070 0.853 0.786 1.031 1.186 1.238 1.516 1.685 1.457 1.304 1.002 1.026 0.978 0.968 1.003 0.964 1.198 1.189 1.011 1.112 1.349 1.300 1.221 1.426 1.670 1.582 1.898 1.868 1.827 1.556 1.528 1.290 1.339 1.195 1.368 1.589 2.023 2.698 3.879 5.216 6.218 7.601 9.482 11.436 13.070
1.678 1.707 1.879 1.938 2.325 2.476 2.039 1.466 1.094 1.072 0.856 0.767 0.603 0.593 0.575 0.629 0.801 0.943 0.915 0.867 0.929 1.118 1.335 1.169 0.823 0.627 0.498 0.000 0.498 0.554 0.723 0.851 0.924 1.166 1.314 1.509 1.308 1.245 1.074 1.182 1.354 1.282 1.294 1.159 0.944 0.940 0.837 0.814 0.682 0.597 0.602 0.748 0.857 0.916 1.108 1.261 1.087 0.965 0.772 0.859 0.870 0.844 0.803 0.771 0.923 0.911 0.769 0.890 1.038 0.998 0.961 1.161 1.369 1.271 1.516 1.524 1.397 1.207 1.137 0.949 0.935 0.830 0.934 1.112 1.661 2.335 3.572 4.890 5.957 7.187 9.271 11.185 12.698
1.675 1.730 1.804 1.861 2.266 2.357 1.986 1.386 1.057 0.934 0.719 0.649 0.565 0.574 0.602 0.682 0.852 0.987 0.991 0.922 0.932 1.210 1.404 1.200 0.942 0.751 0.575 0.492 0.000 0.491 0.555 0.680 0.753 0.949 1.123 1.284 1.141 1.144 0.960 1.014 1.209 1.164 1.132 1.051 0.844 0.799 0.680 0.654 0.609 0.579 0.635 0.810 0.919 0.981 1.196 1.324 1.157 1.027 0.876 0.920 0.927 0.875 0.871 0.813 0.982 0.968 0.843 0.924 1.087 1.058 1.037 1.193 1.405 1.321 1.570 1.528 1.470 1.252 1.200 0.989 0.990 0.847 0.913 1.074 1.573 2.235 3.573 5.008 6.104 7.638 9.664 11.551 12.892
1.675 1.769 1.819 1.868 2.170 2.250 1.867 1.283 0.937 0.824 0.632 0.569 0.551 0.594 0.727 0.874 1.061 1.191 1.194 1.109 1.029 1.247 1.545 1.392 1.088 0.966 0.745 0.563 0.490 0.000 0.494 0.544 0.656 0.867 1.068 1.238 1.058 1.078 0.902 0.997 1.181 1.156 1.121 0.999 0.810 0.692 0.587 0.612 0.588 0.600 0.658 0.843 0.944 0.975 1.199 1.352 1.194 1.080 0.954 1.019 1.107 1.049 1.038 0.935 1.070 1.081 0.910 0.925 1.124 1.081 0.981 1.159 1.341 1.318 1.502 1.457 1.428 1.199 1.190 0.959 0.967 0.864 0.922 1.030 1.586 2.186 3.542 4.818 5.888 7.447 9.487 11.346 12.919
1.971 2.038 2.184 2.162 2.675 2.696 2.312 1.642 1.268 1.110 0.771 0.623 0.642 0.782 1.027 1.253 1.491 1.684 1.589 1.512 1.292 1.580 1.962 1.847 1.519 1.323 1.047 0.798 0.610 0.497 0.000 0.510 0.784 1.063 1.322 1.617 1.467 1.509 1.255 1.403 1.698 1.590 1.600 1.409 1.059 0.975 0.702 0.787 0.799 0.831 0.864 1.095 1.131 1.208 1.393 1.584 1.423 1.328 1.178 1.257 1.399 1.368 1.422 1.285 1.468 1.393 1.165 1.245 1.461 1.307 1.239 1.488 1.692 1.593 1.886 1.913 1.798 1.518 1.429 1.192 1.203 1.072 1.237 1.321 1.924 2.530 3.854 5.215 6.238 7.695 9.742 11.274 12.791
2.234 2.073 2.114 2.125 2.385 2.537 2.168 1.470 1.170 0.839 0.697 0.691 0.820 0.886 1.161 1.462 1.697 1.767 1.614 1.438 1.293 1.565 1.827 1.736 1.559 1.531 1.371 1.163 0.871 0.657 0.510 0.000 0.498 0.704 0.921 1.155 0.958 1.085 0.933 0.888 1.115 1.275 1.282 1.384 1.107 1.017 0.780 1.015 1.122 1.227 1.361 1.761 1.924 1.781 2.088 2.475 2.253 2.183 1.813 1.902 1.899 1.895 1.742 1.518 1.796 1.946 1.646 1.583 1.971 1.942 1.634 1.876 2.220 2.151 2.307 2.084 2.079 1.884 1.993 1.683 1.837 1.583 1.725 1.691 2.120 2.825 4.040 5.339 6.469 7.612 9.860 11.694 13.315
1.730 1.512 1.751 1.683 2.170 2.200 1.846 1.218 0.869 0.666 0.577 0.705 0.886 1.088 1.329 1.528 1.778 1.861 1.753 1.643 1.503 1.717 2.041 1.982 1.721 1.634 1.391 1.147 0.961 0.731 0.683 0.498 0.000 0.502 0.642 0.868 0.749 0.830 0.702 0.669 0.907 0.967 0.977 1.009 0.853 0.880 0.754 0.975 0.985 1.108 1.130 1.400 1.480 1.324 1.529 1.809 1.766 1.697 1.522 1.661 1.816 1.691 1.766 1.520 1.646 1.721 1.454 1.390 1.647 1.531 1.302 1.451 1.729 1.592 1.707 1.551 1.470 1.355 1.373 1.226 1.365 1.256 1.436 1.405 1.971 2.512 3.810 5.185 6.394 7.681 10.012 11.728 13.274
1.999 1.761 1.821 1.756 2.221 2.301 2.004 1.287 0.931 0.693 0.678 0.946 1.141 1.398 1.610 1.832 2.076 2.165 2.109 1.954 1.868 2.069 2.400 2.362 2.009 1.912 1.623 1.391 1.175 0.914 0.972 0.721 0.506 0.000 0.503 0.626 0.671 0.840 0.778 0.732 0.936 1.112 1.192 1.225 1.035 1.073 1.025 1.259 1.218 1.302 1.373 1.599 1.675 1.619 1.767 2.093 2.013 1.922 1.778 1.878 1.996 1.999 2.018 1.797 2.025 2.001 1.717 1.677 1.932 1.796 1.569 1.707 1.980 1.925 2.038 1.818 1.789 1.638 1.641 1.472 1.602 1.518 1.659 1.698 2.246 2.865 4.157 5.531 6.733 8.060 10.208 12.209 13.593
2.516 2.178 2.202 2.185 2.523 2.623 2.237 1.623 1.285 0.930 0.948 1.166 1.517 1.751 2.114 2.421 2.751 2.767 2.612 2.512 2.360 2.533 2.933 3.091 2.669 2.601 2.278 1.973 1.767 1.325 1.293 0.986 0.741 0.499 0.000 0.558 0.688 0.987 0.996 0.808 1.055 1.348 1.397 1.663 1.416 1.496 1.424 1.777 1.759 1.971 1.937 2.343 2.413 2.162 2.432 2.904 2.752 2.765 2.475 2.666 2.837 2.715 2.645 2.273 2.472 2.574 2.246 2.067 2.428 2.401 2.033 2.196 2.523 2.364 2.510 2.227 2.208 2.122 2.208 2.024 2.294 2.196 2.424 2.429 2.917 3.511 4.705 6.007 7.299 8.355 10.582 12.176 13.721
2.560 1.993 1.947 1.974 2.228 2.365 2.108 1.530 1.322 1.072 1.378 1.645 2.064 2.482 2.879 3.299 3.644 3.695 3.564 3.381 3.106 3.286 3.800 4.016 3.608 3.475 3.045 2.685 2.387 1.879 1.781 1.434 1.057 0.714 0.545 0.000 0.569 0.811 1.080 0.914 1.077 1.404 1.577 1.797 1.744 1.765 1.726 2.203 2.259 2.498 2.499 2.871 2.775 2.513 2.521 3.075 3.019 3.253 3.160 3.321 3.578 3.472 3.388 3.030 3.087 3.086 2.808 2.524 2.642 2.618 2.220 2.297 2.474 2.367 2.277 1.963 2.087 2.070 2.297 2.357 2.580 2.634 2.939 2.846 3.328 3.859 4.922 6.070 7.321 8.351 10.443 12.364 13.548
1.677 1.321 1.494 1.558 1.949 2.251 1.950 1.319 0.912 0.843 0.982 1.284 1.598 1.916 2.246 2.423 2.580 2.731 2.730 2.575 2.500 2.670 3.055 3.068 2.702 2.547 2.291 1.948 1.754 1.454 1.477 1.235 0.930 0.791 0.646 0.542 0.000 0.501 0.606 0.683 0.733 0.801 1.147 1.294 1.242 1.402 1.556 1.839 1.668 1.866 1.713 1.969 1.863 1.613 1.668 1.994 2.037 2.186 2.196 2.383 2.551 2.482 2.462 2.244 2.347 2.280 2.050 1.884 2.069 1.907 1.619 1.728 1.946 1.783 1.817 1.592 1.464 1.363 1.409 1.474 1.706 1.811 2.056 2.136 2.723 3.264 4.425 5.890 6.841 8.100 10.156 12.070 13.710
1.415 1.183 1.370 1.364 1.788 2.057 1.795 1.180 0.786 0.715 0.832 1.098 1.327 1.558 1.834 1.963 2.190 2.288 2.242 2.227 2.083 2.276 2.617 2.569 2.266 2.095 1.831 1.579 1.388 1.201 1.226 1.085 0.833 0.813 0.821 0.712 0.495 0.000 0.490 0.548 0.598 0.597 0.745 0.842 0.876 1.066 1.219 1.403 1.307 1.429 1.401 1.555 1.533 1.448 1.560 1.850 1.825 1.849 1.778 1.931 2.118 2.024 2.070 1.863 1.921 1.957 1.647 1.572 1.765 1.657 1.401 1.496 1.721 1.603 1.690 1.475 1.379 1.265 1.286 1.224 1.362 1.404 1.533 1.616 2.133 2.678 3.852 5.228 6.269 7.612 9.682 11.634 13.079
1.507 1.268 1.467 1.457 1.774 2.089 1.825 1.059 0.738 0.687 0.753 0.985 1.131 1.410 1.624 1.829 2.017 2.079 2.093 2.001 1.952 2.110 2.406 2.351 2.033 1.912 1.630 1.427 1.300 1.005 1.109 0.916 0.686 0.765 0.792 0.764 0.556 0.489 0.000 0.491 0.550 0.612 0.645 0.829 0.813 0.929 1.050 1.266 1.156 1.335 1.251 1.514 1.482 1.334 1.477 1.811 1.712 1.797 1.665 1.803 1.974 1.875 1.856 1.716 1.773 1.770 1.503 1.416 1.570 1.486 1.229 1.357 1.563 1.423 1.482 1.371 1.316 1.201 1.281 1.192 1.384 1.297 1.486 1.506 2.057 2.565 3.804 5.210 6.209 7.490 9.607 11.682 13.075
1.531 1.342 1.508 1.509 2.002 2.130 1.845 1.164 0.781 0.700 0.744 0.970 1.098 1.386 1.580 1.685 1.943 2.007 1.986 1.972 1.895 2.043 2.337 2.327 1.977 1.868 1.636 1.395 1.255 1.027 1.087 0.934 0.687 0.749 0.728 0.741 0.570 0.537 0.488 0.000 0.493 0.560 0.681 0.838 0.843 0.997 1.077 1.283 1.159 1.312 1.273 1.466 1.497 1.335 1.454 1.759 1.715 1.727 1.623 1.777 1.927 1.789 1.811 1.581 1.708 1.720 1.474 1.400 1.616 1.495 1.273 1.408 1.627 1.464 1.561 1.449 1.378 1.214 1.297 1.189 1.366 1.334 1.513 1.561 2.074 2.609 3.900 5.346 6.465 7.748 9.894 11.677 13.152
1.640 1.484 1.762 1.683 2.225 2.323 1.979 1.355 0.951 0.854 0.911 1.130 1.386 1.655 1.997 2.163 2.465 2.485 2.386 2.357 2.177 2.374 2.753 2.751 2.457 2.376 2.078 1.829 1.625 1.283 1.270 1.061 0.831 0.839 0.873 0.832 0.647 0.614 0.559 0.493 0.000 0.512 0.659 0.901 0.994 1.181 1.297 1.535 1.512 1.734 1.613 1.883 1.920 1.705 1.815 2.192 2.127 2.251 2.036 2.274 2.497 2.306 2.304 1.985 2.106 2.184 1.907 1.710 2.004 1.917 1.607 1.729 2.031 1.848 1.886 1.690 1.590 1.451 1.509 1.476 1.705 1.672 1.860 1.920 2.379 2.924 4.148 5.428 6.716 7.852 9.962 11.881 13.443
1.601 1.369 1.758 1.790 2.109 2.333 2.129 1.519 1.153 0.999 1.185 1.340 1.564 1.857 2.117 2.229 2.478 2.559 2.533 2.474 2.384 2.523 2.961 2.838 2.474 2.298 2.064 1.788 1.627 1.356 1.411 1.264 1.055 1.049 1.030 0.984 0.744 0.673 0.623 0.592 0.505 0.000 0.579 0.706 0.865 1.167 1.317 1.494 1.347 1.557 1.507 1.759 1.705 1.575 1.728 2.077 2.036 2.106 2.002 2.148 2.387 2.314 2.351 2.197 2.277 2.217 1.976 1.860 2.076 1.942 1.662 1.783 2.030 1.842 1.952 1.685 1.532 1.453 1.366 1.319 1.435 1.493 1.662 1.682 2.210 2.711 4.099 5.583 6.613 8.185 10.072 11.789 13.480
1.917 1.825 1.939 2.125 2.440 2.596 2.549 1.892 1.558 1.463 1.654 1.948 2.201 2.563 2.804 3.136 3.384 3.559 3.360 3.178 2.935 2.954 3.471 3.554 3.034 3.042 2.678 2.390 2.167 1.778 1.972 1.820 1.390 1.541 1.489 1.373 1.198 0.967 0.867 0.824 0.702 0.548 0.000 0.564 0.769 1.203 1.558 1.780 1.546 1.910 2.003 2.293 2.377 2.160 2.328 2.874 2.836 2.969 2.798 2.822 3.255 3.271 3.360 3.155 3.266 3.281 2.762 2.680 2.936 2.744 2.338 2.518 2.777 2.476 2.537 2.078 1.963 1.898 1.903 1.774 1.932 1.761 1.857 1.726 2.223 2.634 4.008 5.337 6.306 7.551 9.494 11.253 12.939
1.966 2.033 2.145 2.181 2.829 3.073 2.633 2.020 1.572 1.517 1.419 1.625 1.665 1.808 1.991 2.127 2.311 2.608 2.446 2.246 2.112 2.217 2.558 2.501 2.074 2.000 1.715 1.623 1.428 1.200 1.478 1.486 1.206 1.482 1.497 1.456 1.363 1.202 0.903 0.893 0.885 0.664 0.523 0.000 0.541 0.860 1.144 1.240 0.994 1.197 1.376 1.546 1.714 1.784 1.952 2.286 2.172 2.076 1.923 1.888 2.164 2.211 2.375 2.236 2.430 2.352 2.047 2.128 2.379 2.175 1.972 2.282 2.486 2.214 2.426 2.254 1.989 1.781 1.705 1.313 1.395 1.221 1.319 1.412 1.976 2.675 4.072 5.444 6.431 7.769 10.003 11.503 13.198
1.623 1.676 1.814 1.965 2.289 2.609 2.236 1.574 1.162 1.056 0.944 1.096 1.146 1.386 1.512 1.703 1.884 2.061 1.981 1.835 1.744 1.819 2.109 2.069 1.776 1.704 1.432 1.257 1.031 0.828 0.987 0.955 0.830 1.099 1.222 1.305 1.141 1.038 0.799 0.863 0.982 0.782 0.675 0.511 0.000 0.508 0.653 0.853 0.734 0.980 1.058 1.279 1.343 1.321 1.509 1.748 1.663 1.623 1.526 1.615 1.812 1.837 1.867 1.739 1.887 1.892 1.553 1.593 1.843 1.616 1.434 1.670 1.855 1.635 1.836 1.744 1.560 1.375 1.255 1.089 1.130 1.043 1.160 1.177 1.780 2.411 3.686 5.003 6.056 7.479 9.624 11.454 12.869
1.776 1.915 2.010 2.246 2.698 2.903 2.525 1.944 1.488 1.351 1.106 1.129 1.129 1.198 1.325 1.643 1.858 1.981 1.809 1.682 1.483 1.645 1.944 1.980 1.644 1.629 1.379 1.175 0.893 0.705 0.777 0.857 0.911 1.289 1.435 1.648 1.499 1.382 1.062 1.090 1.282 1.082 0.887 0.694 0.510 0.000 0.495 0.639 0.627 0.919 1.085 1.316 1.431 1.448 1.665 1.926 1.875 1.783 1.628 1.709 1.848 1.851 1.884 1.705 1.920 1.982 1.628 1.736 1.990 1.868 1.659 1.980 2.181 1.954 2.187 2.043 1.830 1.599 1.442 1.243 1.208 1.054 1.115 1.130 1.723 2.281 3.580 4.943 6.073 7.375 9.467 11.274 13.019
1.972 2.002 2.138 2.270 2.639 2.787 2.406 1.722 1.366 1.202 0.959 0.932 0.931 1.007 1.178 1.373 1.578 1.706 1.636 1.510 1.367 1.570 1.846 1.762 1.456 1.404 1.186 0.993 0.789 0.634 0.673 0.746 0.811 1.097 1.264 1.503 1.374 1.361 1.078 1.087 1.295 1.223 1.108 0.949 0.683 0.501 0.000 0.522 0.583 0.811 0.982 1.223 1.393 1.379 1.631 1.848 1.768 1.666 1.441 1.523 1.614 1.634 1.628 1.437 1.619 1.700 1.422 1.450 1.737 1.681 1.516 1.740 1.935 1.843 1.999 1.944 1.806 1.585 1.567 1.299 1.289 1.064 1.117 1.122 1.695 2.265 3.628 5.080 6.129 7.522 9.644 11.592 13.230
2.392 2.316 2.643 2.668 3.201 3.197 2.778 2.203 1.780 1.536 1.197 1.176 1.179 1.297 1.444 1.730 1.979 2.176 2.111 1.934 1.753 1.852 2.179 2.068 1.678 1.617 1.274 1.153 0.843 0.712 0.762 0.825 0.960 1.266 1.463 1.793 1.680 1.778 1.412 1.422 1.752 1.649 1.510 1.295 0.905 0.695 0.516 0.000 0.526 0.696 0.983 1.212 1.578 1.763 1.998 2.226 2.087 1.843 1.708 1.518 1.743 1.961 2.049 1.941 2.171 2.251 1.865 1.975 2.304 2.199 2.005 2.275 2.573 2.374 2.699 2.607 2.424 2.087 1.920 1.548 1.399 1.035 0.942 1.049 1.640 2.295 3.802 5.077 6.194 7.526 9.568 11.590 12.947
1.791 1.828 2.170 2.284 2.898 2.927 2.414 1.757 1.352 1.210 1.017 0.972 0.916 0.969 1.023 1.162 1.351 1.536 1.514 1.434 1.327 1.525 1.767 1.626 1.306 1.189 0.901 0.762 0.614 0.664 0.770 0.874 0.929 1.192 1.371 1.598 1.441 1.391 1.128 1.189 1.396 1.259 1.182 1.019 0.759 0.614 0.596 0.506 0.000 0.505 0.621 0.813 1.023 1.146 1.382 1.496 1.416 1.182 1.078 1.053 1.220 1.242 1.323 1.309 1.420 1.394 1.220 1.325 1.494 1.415 1.323 1.597 1.742 1.689 1.928 1.888 1.758 1.472 1.327 1.055 0.983 0.765 0.787 0.895 1.498 2.238 3.557 5.016 5.814 7.472 9.216 11.101 12.171
1.915 1.978 2.248 2.337 2.941 3.028 2.676 1.961 1.605 1.603 1.313 1.277 1.053 1.134 1.184 1.280 1.570 1.728 1.753 1.638 1.461 1.629 1.938 1.879 1.442 1.357 0.958 0.816 0.704 0.780 1.015 1.235 1.309 1.686 1.854 2.119 1.857 1.784 1.458 1.661 1.845 1.652 1.638 1.347 1.013 0.882 0.865 0.698 0.514 0.000 0.514 0.667 0.794 0.927 1.189 1.309 1.162 1.041 0.928 1.068 1.310 1.321 1.457 1.400 1.525 1.401 1.152 1.360 1.504 1.279 1.304 1.582 1.677 1.558 1.898 1.970 1.809 1.436 1.275 0.959 0.878 0.689 0.730 0.842 1.510 2.200 3.540 4.962 5.926 7.457 9.486 11.387 12.733
1.541 1.670 1.682 1.818 2.440 2.627 2.167 1.483 1.136 1.151 0.978 0.942 0.797 0.862 0.853 0.890 1.035 1.206 1.267 1.174 1.209 1.382 1.585 1.439 1.125 0.979 0.741 0.603 0.592 0.666 0.866 0.987 1.014 1.265 1.437 1.605 1.400 1.284 1.085 1.230 1.370 1.276 1.311 1.102 0.895 0.896 0.874 0.807 0.604 0.498 0.000 0.496 0.549 0.659 0.838 0.936 0.839 0.697 0.639 0.756 0.934 0.888 0.982 0.996 1.085 0.996 0.850 0.980 1.053 0.926 0.899 1.126 1.241 1.136 1.384 1.388 1.225 1.026 0.903 0.693 0.631 0.593 0.712 0.966 1.583 2.258 3.549 4.966 6.273 7.567 9.837 11.626 13.256
1.535 1.725 1.800 1.963 2.496 2.637 2.251 1.639 1.331 1.298 1.111 1.080 0.973 1.058 1.062 1.051 1.196 1.409 1.420 1.424 1.394 1.611 1.837 1.662 1.285 1.130 0.911 0.780 0.785 0.817 1.030 1.111 1.137 1.367 1.559 1.713 1.493 1.397 1.215 1.309 1.458 1.342 1.354 1.191 0.953 1.017 1.011 0.940 0.764 0.619 0.492 0.000 0.500 0.611 0.795 0.872 0.715 0.607 0.657 0.780 0.960 0.975 1.128 1.138 1.204 1.095 0.939 1.076 1.167 0.992 1.019 1.227 1.296 1.212 1.467 1.478 1.343 1.091 0.942 0.704 0.600 0.619 0.772 1.046 1.632 2.331 3.666 4.955 6.088 7.777 9.891 11.587 12.954
1.348 1.492 1.544 1.657 2.250 2.436 2.075 1.447 1.148 1.259 1.198 1.224 1.077 1.169 1.131 1.073 1.174 1.381 1.462 1.392 1.466 1.594 1.819 1.586 1.267 1.120 0.949 0.857 0.943 0.977 1.243 1.300 1.312 1.476 1.661 1.693 1.450 1.276 1.156 1.360 1.432 1.284 1.417 1.240 1.070 1.205 1.226 1.165 0.925 0.747 0.566 0.494 0.000 0.490 0.565 0.689 0.608 0.563 0.604 0.740 0.929 0.916 1.067 1.102 1.154 0.973 0.850 0.974 0.992 0.776 0.808 0.987 1.047 0.857 1.107 1.123 1.038 0.761 0.721 0.585 0.614 0.733 0.862 1.116 1.691 2.357 3.713 5.280 6.456 7.928 10.164 12.155 13.533
1.377 1.436 1.556 1.723 2.133 2.236 1.981 1.339 1.065 1.165 1.157 1.143 1.048 1.191 1.162 1.088 1.199 1.372 1.509 1.483 1.557 1.755 1.946 1.714 1.414 1.205 1.022 0.907 0.992 0.974 1.218 1.277 1.199 1.393 1.566 1.602 1.366 1.228 1.094 1.303 1.378 1.248 1.357 1.241 1.070 1.219 1.259 1.236 1.022 0.886 0.659 0.599 0.494 0.000 0.500 0.683 0.566 0.576 0.622 0.803 0.972 0.918 1.070 1.092 1.156 0.976 0.846 0.946 0.965 0.794 0.714 0.936 0.981 0.784 1.061 1.091 0.973 0.732 0.682 0.589 0.665 0.813 1.027 1.287 1.888 2.465 3.869 5.240 6.464 7.867 10.103 12.280 13.768
1.470 1.662 1.695 1.982 2.336 2.764 2.419 1.712 1.447 1.534 1.524 1.550 1.500 1.647 1.702 1.649 1.828 2.090 2.162 2.159 2.136 2.334 2.649 2.456 2.056 1.825 1.565 1.348 1.398 1.431 1.631 1.757 1.675 1.833 2.013 2.115 1.803 1.610 1.519 1.746 1.839 1.718 1.881 1.703 1.557 1.733 1.795 1.771 1.493 1.354 1.037 1.081 0.752 0.522 0.000 0.702 0.663 0.885 1.010 1.328 1.531 1.416 1.609 1.584 1.697 1.425 1.202 1.386 1.392 1.089 1.060 1.365 1.367 1.034 1.368 1.381 1.178 0.876 0.822 0.757 0.992 1.264 1.535 1.841 2.378 3.070 4.230 5.678 6.771 7.996 10.122 11.915 13.547
1.697 1.839 1.960 2.158 3.009 3.289 3.057 2.300 1.970 2.328 2.266 2.568 2.357 2.661 2.579 2.255 2.189 2.600 3.017 2.911 3.181 3.176 3.539 3.135 2.696 2.379 2.144 2.059 2.421 2.317 2.822 2.924 2.606 2.878 3.138 2.935 2.561 2.121 2.087 2.550 2.393 2.151 2.547 2.373 2.214 2.627 2.870 2.788 2.407 2.122 1.697 1.428 0.973 0.725 0.543 0.000 0.554 0.807 1.149 1.499 1.586 1.593 2.026 2.245 2.275 1.792 1.691 2.046 1.845 1.350 1.557 1.930 1.730 1.323 1.617 1.620 1.318 1.115 1.000 1.203 1.474 1.830 2.250 2.632 3.211 4.027 5.140 6.512 7.567 8.647 10.687 12.527 14.157
1.709 1.797 1.933 2.132 2.643 2.898 2.608 1.868 1.593 1.786 1.629 1.607 1.413 1.441 1.381 1.209 1.266 1.475 1.619 1.602 1.746 1.910 2.032 1.776 1.482 1.247 1.130 1.069 1.271 1.335 1.649 1.819 1.858 2.028 2.290 2.298 2.073 1.819 1.622 1.970 2.016 1.901 2.028 1.860 1.546 1.783 1.772 1.647 1.377 1.165 0.899 0.777 0.614 0.611 0.601 0.517 0.000 0.499 0.576 0.744 0.942 0.954 1.173 1.264 1.359 1.090 0.975 1.218 1.220 0.937 1.018 1.292 1.315 1.113 1.391 1.469 1.298 1.031 0.944 0.893 0.974 1.150 1.398 1.720 2.235 2.842 4.187 5.513 6.761 8.101 10.352 12.227 13.758
1.775 1.904 2.159 2.216 2.766 2.874 2.560 1.882 1.584 1.704 1.531 1.486 1.252 1.282 1.153 1.017 1.116 1.330 1.429 1.444 1.548 1.728 1.889 1.678 1.346 1.146 0.995 0.932 1.136 1.210 1.462 1.720 1.680 1.963 2.209 2.270 2.039 1.820 1.573 1.947 1.965 1.793 1.881 1.665 1.434 1.558 1.601 1.424 1.173 1.024 0.798 0.642 0.623 0.656 0.801 0.694 0.497 0.000 0.500 0.579 0.837 0.796 1.014 1.095 1.216 1.003 0.924 1.139 1.160 0.961 1.062 1.325 1.380 1.212 1.569 1.663 1.524 1.228 1.108 0.935 0.977 1.026 1.211 1.470 2.033 2.680 3.999 5.493 6.688 7.904 10.089 12.147 13.685
1.959 2.052 2.234 2.389 3.023 3.157 2.705 2.022 1.720 1.788 1.637 1.481 1.234 1.217 1.090 0.929 1.026 1.274 1.397 1.336 1.518 1.681 1.808 1.568 1.279 1.010 0.905 0.849 1.097 1.268 1.497 1.675 1.794 2.049 2.279 2.470 2.169 1.970 1.787 2.018 2.123 1.991 2.118 1.848 1.590 1.666 1.624 1.445 1.294 1.016 0.884 0.707 0.655 0.767 0.952 0.898 0.614 0.501 0.000 0.530 0.743 0.741 0.898 1.013 1.147 0.982 0.855 1.142 1.182 0.941 1.127 1.399 1.434 1.349 1.666 1.851 1.639 1.358 1.198 1.078 1.052 1.091 1.297 1.582 2.140 2.722 4.046 5.422 6.489 7.942 9.801 12.157 13.982
2.428 2.536 2.716 2.719 3.450 3.444 3.074 2.441 2.187 2.444 2.264 2.192 1.800 1.834 1.594 1.215 1.251 1.577 1.814 1.794 2.099 2.260 2.287 1.878 1.578 1.150 1.143 1.186 1.664 1.868 2.309 2.485 2.516 2.801 3.118 3.354 2.833 2.552 2.374 2.910 2.915 2.678 2.912 2.572 2.287 2.430 2.432 2.186 1.945 1.438 1.157 0.944 0.950 1.066 1.310 1.320 0.958 0.717 0.516 0.000 0.644 0.886 1.225 1.530 1.641 1.378 1.220 1.551 1.567 1.298 1.451 1.700 1.697 1.668 2.008 2.136 2.097 1.761 1.726 1.493 1.522 1.548 1.728 2.135 2.612 3.178 4.528 5.940 7.113 8.558 10.593 12.678 13.957
2.900 3.202 3.620 3.759 4.228 4.383 3.876 3.238 2.821 3.105 2.634 2.491 1.992 1.953 1.588 1.120 1.060 1.329 1.767 1.796 2.168 2.349 2.474 2.095 1.664 1.210 1.260 1.354 1.775 2.030 2.463 2.903 2.989 3.291 3.713 3.918 3.555 3.344 2.995 3.324 3.510 3.117 3.182 2.689 2.473 2.523 2.559 2.278 1.988 1.531 1.396 1.106 1.295 1.634 1.974 1.896 1.526 1.105 0.867 0.561 0.000 0.664 0.933 1.426 1.537 1.373 1.391 1.856 1.880 1.781 1.948 2.390 2.458 2.427 3.152 3.189 2.915 2.475 2.207 1.828 1.586 1.649 1.675 2.038 2.703 3.362 4.685 6.157 7.295 8.809 10.613 12.708 13.993
2.309 2.426 2.526 2.567 3.131 3.135 2.737 2.083 1.826 1.956 1.719 1.498 1.257 1.163 0.962 0.655 0.697 0.860 1.074 1.195 1.424 1.722 1.801 1.568 1.257 0.923 0.935 0.932 1.283 1.417 1.610 1.883 2.004 2.175 2.431 2.609 2.308 2.137 2.006 2.270 2.354 2.270 2.376 2.142 1.891 2.004 1.870 1.731 1.532 1.256 1.116 1.007 1.035 1.180 1.422 1.449 1.099 0.898 0.736 0.736 0.522 0.000 0.500 0.651 0.779 0.719 0.729 0.971 1.058 1.039 1.205 1.395 1.533 1.571 1.924 2.051 1.949 1.700 1.636 1.420 1.391 1.412 1.533 1.834 2.338 2.951 4.222 5.627 6.734 8.073 10.310 12.305 14.110
2.071 2.103 2.204 2.092 2.567 2.589 2.243 1.638 1.386 1.397 1.213 1.043 0.897 0.815 0.737 0.597 0.641 0.722 0.858 0.982 1.115 1.383 1.532 1.364 1.095 0.868 0.883 0.816 0.983 1.056 1.136 1.245 1.378 1.499 1.733 1.908 1.687 1.622 1.508 1.677 1.819 1.817 1.863 1.767 1.483 1.564 1.372 1.335 1.278 1.117 1.031 1.025 1.080 1.090 1.307 1.369 1.098 0.956 0.782 0.839 0.712 0.494 0.000 0.490 0.543 0.554 0.556 0.639 0.787 0.848 0.939 1.036 1.240 1.259 1.626 1.719 1.701 1.433 1.479 1.273 1.353 1.319 1.450 1.634 2.133 2.684 3.990 5.337 6.536 7.888 10.054 11.970 13.440
2.018 2.075 2.242 2.018 2.476 2.585 2.171 1.539 1.263 1.295 1.109 1.002 0.862 0.786 0.661 0.635 0.672 0.714 0.892 0.928 1.060 1.359 1.479 1.284 1.098 0.874 0.887 0.777 0.921 1.025 1.087 1.229 1.353 1.487 1.732 1.953 1.604 1.541 1.409 1.609 1.776 1.722 1.786 1.692 1.429 1.516 1.351 1.272 1.207 1.077 0.989 1.043 1.065 1.023 1.243 1.336 1.098 1.015 0.847 0.955 0.858 0.579 0.489 0.000 0.489 0.520 0.529 0.535 0.644 0.741 0.758 0.857 1.080 1.123 1.402 1.507 1.517 1.316 1.394 1.220 1.300 1.255 1.402 1.608 2.051 2.670 3.966 5.260 6.475 7.662 10.063 12.056 13.294
2.267 2.250 2.306 2.182 2.656 2.820 2.465 1.771 1.600 1.705 1.557 1.264 1.105 0.948 0.885 0.761 0.831 0.871 0.949 1.067 1.199 1.484 1.621 1.466 1.325 1.094 1.127 1.012 1.212 1.340 1.398 1.616 1.787 1.990 2.220 2.321 2.068 1.961 1.891 2.098 2.213 2.194 2.221 2.210 1.873 1.928 1.741 1.623 1.646 1.384 1.274 1.344 1.267 1.162 1.289 1.407 1.181 1.248 1.024 1.194 1.077 0.748 0.542 0.490 0.000 0.492 0.567 0.600 0.594 0.685 0.852 0.885 1.011 1.125 1.434 1.598 1.649 1.451 1.574 1.459 1.629 1.667 1.815 2.026 2.453 3.020 4.250 5.494 6.663 8.088 10.291 12.137 13.800
1.795 1.872 1.920 1.879 2.422 2.529 2.227 1.553 1.279 1.403 1.263 1.133 0.948 0.947 0.853 0.750 0.827 0.856 0.992 1.138 1.259 1.512 1.644 1.495 1.237 1.011 0.999 0.866 1.028 1.093 1.209 1.383 1.466 1.621 1.915 1.957 1.706 1.537 1.440 1.684 1.738 1.656 1.763 1.603 1.420 1.518 1.463 1.383 1.277 1.125 0.935 0.973 0.902 0.835 0.997 1.153 0.910 0.919 0.770 0.930 0.878 0.626 0.536 0.516 0.489 0.000 0.488 0.522 0.545 0.533 0.621 0.737 0.896 0.919 1.237 1.385 1.317 1.082 1.126 1.027 1.136 1.175 1.389 1.596 2.096 2.680 3.922 5.365 6.661 7.987 10.305 11.984 13.796
1.697 1.742 1.721 1.613 2.153 2.347 2.010 1.338 1.087 1.176 1.088 0.985 0.869 0.888 0.845 0.740 0.805 0.873 0.990 1.084 1.192 1.526 1.685 1.480 1.268 1.005 0.971 0.810 0.951 0.982 1.132 1.248 1.255 1.425 1.671 1.698 1.436 1.324 1.221 1.463 1.535 1.489 1.626 1.515 1.312 1.375 1.350 1.325 1.225 1.077 0.916 0.958 0.908 0.840 1.030 1.200 0.982 0.916 0.787 0.923 0.856 0.625 0.555 0.522 0.509 0.488 0.000 0.488 0.522 0.537 0.546 0.644 0.835 0.870 1.196 1.278 1.281 1.041 1.131 1.004 1.139 1.172 1.387 1.565 2.096 2.760 4.048 5.401 6.580 7.891 10.244 12.221 13.693
1.816 1.846 1.762 1.709 2.220 2.339 2.052 1.363 1.195 1.294 1.179 1.050 0.906 0.880 0.827 0.748 0.847 0.927 1.041 1.124 1.208 1.465 1.606 1.411 1.202 1.034 0.938 0.791 0.949 1.031 1.176 1.367 1.404 1.548 1.807 1.838 1.556 1.468 1.407 1.633 1.688 1.672 1.720 1.663 1.434 1.496 1.436 1.335 1.242 1.066 0.925 1.006 0.968 0.879 1.072 1.232 1.041 0.997 0.813 0.972 0.932 0.672 0.614 0.534 0.531 0.514 0.487 0.000 0.491 0.521 0.548 0.582 0.718 0.840 1.125 1.228 1.301 1.103 1.181 1.080 1.180 1.229 1.382 1.591 2.059 2.634 3.922 5.230 6.390 7.811 9.984 12.062 13.699
2.027 2.007 1.979 1.843 2.457 2.571 2.278 1.534 1.415 1.527 1.419 1.217 1.085 1.080 1.043 0.957 1.116 1.085 1.175 1.325 1.424 1.768 1.945 1.765 1.624 1.308 1.248 1.084 1.249 1.308 1.385 1.596 1.699 1.871 2.141 2.217 1.882 1.797 1.706 1.971 2.070 2.029 2.164 2.045 1.777 1.878 1.741 1.652 1.604 1.361 1.212 1.234 1.128 0.959 1.081 1.226 1.014 1.114 0.975 1.210 1.217 0.891 0.776 0.642 0.573 0.571 0.541 0.491 0.000 0.492 0.563 0.621 0.701 0.812 1.146 1.316 1.339 1.176 1.285 1.234 1.387 1.510 1.746 1.991 2.438 3.087 4.263 5.526 6.735 8.077 10.356 12.138 13.801
1.567 1.633 1.575 1.547 2.148 2.321 2.026 1.340 1.094 1.231 1.144 1.085 0.955 1.035 1.013 0.899 1.028 1.093 1.200 1.316 1.392 1.710 1.886 1.665 1.442 1.210 1.093 0.947 1.069 1.072 1.211 1.344 1.337 1.500 1.759 1.771 1.484 1.334 1.250 1.516 1.554 1.463 1.630 1.510 1.284 1.443 1.435 1.408 1.238 1.135 0.924 0.994 0.871 0.717 0.934 1.081 0.888 0.953 0.824 1.035 1.059 0.815 0.733 0.690 0.600 0.537 0.523 0.506 0.489 0.000 0.488 0.542 0.642 0.647 1.024 1.143 1.112 0.916 0.995 0.928 1.083 1.152 1.383 1.609 2.119 2.686 3.979 5.374 6.544 7.857 10.158 12.040 13.624
1.604 1.618 1.623 1.739 2.027 2.258 1.928 1.281 1.016 1.142 1.080 1.059 0.940 1.047 1.053 0.964 1.080 1.202 1.315 1.348 1.491 1.746 1.934 1.726 1.446 1.211 1.102 0.938 1.065 1.024 1.212 1.322 1.282 1.461 1.643 1.670 1.409 1.272 1.201 1.417 1.510 1.464 1.592 1.512 1.312 1.426 1.401 1.386 1.244 1.097 0.908 0.991 0.892 0.738 0.915 1.082 0.890 0.910 0.830 1.034 1.073 0.832 0.805 0.759 0.707 0.604 0.545 0.547 0.520 0.489 0.000 0.493 0.623 0.644 1.040 1.088 1.105 0.942 1.014 0.920 1.058 1.128 1.375 1.619 2.131 2.708 4.073 5.387 6.604 7.875 10.165 12.104 13.718
1.976 1.961 1.948 1.865 2.343 2.561 2.281 1.521 1.333 1.518 1.395 1.348 1.175 1.313 1.310 1.218 1.441 1.528 1.615 1.658 1.723 1.964 2.177 2.057 1.725 1.497 1.311 1.114 1.307 1.308 1.591 1.788 1.773 1.988 2.263 2.297 1.924 1.741 1.694 2.050 2.138 2.043 2.176 2.043 1.761 1.821 1.797 1.688 1.580 1.342 1.114 1.244 1.168 0.986 1.202 1.449 1.220 1.308 1.063 1.319 1.393 1.132 1.094 1.010 0.949 0.853 0.679 0.644 0.612 0.576 0.495 0.000 0.522 0.678 1.101 1.263 1.368 1.170 1.330 1.185 1.392 1.448 1.666 1.901 2.363 2.988 4.179 5.449 6.607 7.946 10.095 11.920 13.630
2.659 2.474 2.538 2.238 2.895 3.050 2.782 1.975 1.892 2.199 2.103 1.807 1.733 1.836 1.888 1.860 2.264 2.117 2.221 2.428 2.535 2.882 3.161 3.068 2.793 2.472 2.266 1.944 2.124 2.111 2.286 2.469 2.569 2.719 3.214 3.267 2.718 2.560 2.494 2.986 3.118 3.083 3.411 3.195 2.753 3.056 2.789 2.781 2.659 2.384 2.072 2.199 1.931 1.466 1.499 1.817 1.720 2.015 1.794 2.258 2.347 1.870 1.650 1.434 1.297 1.350 1.147 0.879 0.873 0.912 0.764 0.549 0.000 0.629 1.137 1.483 1.599 1.457 1.797 1.910 2.344 2.543 2.856 3.190 3.688 4.413 5.486 6.765 7.811 9.153 11.199 12.888 14.960
2.096 2.421 2.215 2.227 3.273 3.517 3.138 2.293 1.906 2.451 2.460 2.576 2.381 2.744 2.875 2.640 3.023 2.939 3.086 3.509 3.486 3.814 4.279 4.088 3.749 3.161 2.859 2.427 2.708 2.572 2.980 3.085 2.869 3.210 3.492 3.536 2.857 2.511 2.474 2.994 2.984 2.634 3.173 2.823 2.686 3.137 3.203 3.250 2.772 2.671 2.236 2.403 1.954 1.506 1.466 1.934 1.881 2.148 2.053 2.681 2.838 2.415 2.456 2.421 1.915 1.873 1.788 1.572 1.281 1.154 1.076 0.937 0.553 0.000 0.918 1.315 1.362 1.227 1.569 1.827 2.137 2.495 2.962 3.339 3.864 4.486 5.636 7.009 7.860 9.210 11.203 12.957 14.391
2.547 2.292 1.743 1.753 2.555 3.091 3.087 2.315 2.219 2.744 2.983 3.286 3.251 3.677 3.816 3.347 3.343 3.828 4.305 4.267 4.656 4.888 5.188 4.813 4.480 3.596 3.465 3.073 3.588 3.428 4.037 4.061 3.752 3.719 3.976 3.805 3.102 2.506 2.776 3.375 3.057 2.921 3.726 3.567 3.379 3.949 4.362 4.395 3.773 3.354 2.793 2.730 2.365 1.703 1.779 2.337 1.962 2.329 2.268 2.889 3.035 2.452 2.735 2.992 2.659 2.096 2.216 2.305 1.738 1.398 1.527 1.490 1.061 0.685 0.000 0.554 0.974 1.388 1.885 2.271 2.722 3.124 3.726 4.309 4.862 5.554 6.761 7.964 8.819 10.042 12.086 13.494 15.409
1.617 1.653 1.472 1.568 2.499 2.914 2.825 2.011 1.910 2.330 2.513 2.915 3.146 3.406 3.682 3.627 4.073 4.156 4.238 4.211 4.253 4.532 4.930 4.846 4.506 4.043 3.552 3.317 3.343 3.179 3.466 3.331 3.110 3.075 3.179 2.999 2.491 1.936 2.172 2.507 2.334 2.112 2.506 2.515 2.632 3.093 3.406 3.677 3.308 3.116 2.715 2.846 2.507 1.893 1.750 2.418 2.365 2.791 2.764 3.313 3.655 3.322 3.336 3.102 2.960 2.758 2.568 2.512 2.144 1.843 1.713 1.740 1.385 1.053 0.546 0.000 0.595 1.062 1.524 1.905 2.397 2.809 3.325 3.620 4.178 4.767 5.859 7.091 8.002 9.220 11.103 12.904 14.492
1.188 1.254 1.077 1.382 2.036 2.395 2.260 1.580 1.346 1.651 1.799 2.073 2.153 2.465 2.632 2.584 2.825 3.116 3.136 3.063 3.077 3.231 3.520 3.438 3.014 2.768 2.360 2.149 2.272 2.109 2.415 2.372 2.118 2.230 2.382 2.284 1.860 1.519 1.552 1.912 1.830 1.701 1.971 1.846 1.807 2.188 2.391 2.460 2.048 1.975 1.666 1.651 1.434 1.146 1.098 1.487 1.612 1.818 1.841 2.126 2.470 2.297 2.532 2.399 2.367 2.163 1.918 1.938 1.869 1.571 1.366 1.528 1.508 1.059 0.889 0.529 0.000 0.539 0.821 0.981 1.361 1.662 1.987 2.350 2.873 3.477 4.650 6.001 7.226 8.243 10.441 12.291 13.575
1.068 1.202 1.162 1.383 2.004 2.287 2.068 1.437 1.141 1.360 1.436 1.632 1.688 1.973 2.025 2.039 2.235 2.444 2.488 2.400 2.411 2.569 2.713 2.600 2.275 2.078 1.773 1.608 1.645 1.546 1.796 1.821 1.592 1.773 1.936 1.932 1.564 1.295 1.259 1.506 1.539 1.381 1.544 1.502 1.379 1.575 1.789 1.754 1.478 1.446 1.188 1.200 1.026 0.846 0.865 1.206 1.286 1.340 1.459 1.656 1.872 1.845 1.989 1.911 1.955 1.726 1.482 1.505 1.493 1.295 1.109 1.251 1.247 0.948 0.928 0.731 0.517 0.000 0.521 0.679 0.924 1.138 1.391 1.661 2.212 2.856 4.202 5.513 6.556 7.922 10.096 12.006 13.611
1.270 1.296 1.341 1.604 2.230 2.453 2.226 1.574 1.244 1.447 1.418 1.542 1.469 1.664 1.654 1.612 1.772 1.997 2.090 1.999 2.014 2.101 2.353 2.205 1.808 1.643 1.366 1.262 1.340 1.313 1.603 1.715 1.519 1.752 1.922 1.883 1.616 1.356 1.236 1.486 1.500 1.336 1.475 1.316 1.242 1.408 1.578 1.472 1.230 1.092 0.906 0.895 0.782 0.646 0.665 0.962 0.981 1.071 1.094 1.269 1.504 1.470 1.625 1.632 1.667 1.480 1.280 1.379 1.387 1.136 1.075 1.263 1.272 0.978 1.081 0.994 0.758 0.502 0.000 0.505 0.695 0.880 1.111 1.391 1.946 2.637 3.938 5.341 6.642 7.800 10.097 11.916 13.172
1.242 1.310 1.721 1.820 2.270 2.539 2.246 1.465 1.140 1.256 1.215 1.245 1.180 1.375 1.389 1.346 1.447 1.656 1.754 1.684 1.755 1.894 2.114 1.921 1.586 1.394 1.176 1.049 1.134 1.118 1.328 1.392 1.312 1.510 1.730 1.794 1.465 1.287 1.128 1.337 1.409 1.279 1.337 1.189 1.053 1.216 1.311 1.301 1.031 0.927 0.705 0.744 0.634 0.614 0.703 0.973 0.899 0.895 0.936 1.064 1.243 1.223 1.279 1.320 1.367 1.227 1.066 1.169 1.216 1.035 0.942 1.151 1.251 1.054 1.215 1.179 0.950 0.685 0.503 0.000 0.507 0.658 0.943 1.209 1.777 2.415 3.676 5.068 6.196 7.516 9.733 11.614 12.936
1.378 1.591 1.727 1.882 2.529 2.719 2.420 1.820 1.446 1.568 1.425 1.487 1.292 1.486 1.430 1.411 1.623 1.789 1.847 1.797 1.844 1.925 2.140 1.999 1.622 1.467 1.193 1.076 1.157 1.144 1.505 1.618 1.568 1.858 2.070 2.103 1.836 1.578 1.358 1.638 1.705 1.450 1.528 1.251 1.116 1.287 1.425 1.295 0.961 0.796 0.637 0.650 0.650 0.686 0.873 1.065 1.006 0.967 0.963 1.087 1.322 1.295 1.475 1.465 1.541 1.418 1.183 1.338 1.368 1.158 1.115 1.357 1.434 1.211 1.473 1.484 1.295 0.935 0.743 0.509 0.000 0.515 0.721 1.035 1.670 2.376 3.697 5.123 6.353 7.735 9.930 11.631 12.996
1.704 1.831 2.124 2.249 2.857 3.209 2.828 2.139 1.677 1.813 1.729 1.724 1.472 1.689 1.575 1.639 1.825 2.095 2.085 1.896 1.849 1.913 2.157 2.077 1.690 1.615 1.280 1.185 1.199 1.239 1.616 1.774 1.897 2.154 2.443 2.487 2.167 1.840 1.625 1.910 1.999 1.724 1.766 1.410 1.163 1.370 1.446 1.242 0.927 0.793 0.731 0.773 0.874 0.958 1.088 1.321 1.285 1.235 1.242 1.301 1.610 1.625 1.733 1.716 1.973 1.711 1.450 1.676 1.774 1.480 1.448 1.736 1.798 1.505 1.784 1.789 1.507 1.213 0.989 0.725 0.524 0.000 0.518 0.900 1.468 2.216 3.613 4.799 5.824 7.382 9.451 11.589 12.933
2.207 2.479 2.766 2.805 3.521 3.714 3.351 2.504 2.148 2.312 2.007 2.052 1.822 2.094 2.007 2.111 2.498 2.781 2.716 2.598 2.473 2.488 2.801 2.800 2.126 2.106 1.576 1.401 1.371 1.460 1.951 2.158 2.097 2.662 3.046 3.088 2.786 2.521 2.093 2.557 2.627 2.266 2.227 1.800 1.445 1.462 1.619 1.377 0.963 0.823 0.870 0.990 1.220 1.342 1.550 1.782 1.714 1.642 1.548 1.635 2.069 2.093 2.330 2.187 2.389 2.237 1.862 2.024 2.148 1.888 1.817 2.135 2.193 1.988 2.385 2.371 2.205 1.732 1.617 1.178 0.972 0.546 0.000 0.543 1.149 2.012 3.553 5.038 6.050 7.683 9.790 11.740 13.107
3.555 4.135 4.923 5.332 5.920 6.549 5.716 4.807 4.046 4.034 3.295 3.465 2.974 3.453 3.356 3.582 3.988 4.570 4.257 4.021 3.575 3.487 4.144 4.167 3.415 3.358 2.512 2.472 2.263 2.283 2.940 3.167 3.131 4.208 4.439 4.739 4.442 4.277 3.350 3.645 4.201 3.436 3.250 2.476 2.202 1.811 2.187 1.846 1.257 1.376 1.775 1.669 2.075 2.651 2.977 2.982 3.039 2.547 2.702 2.515 3.236 3.575 3.964 3.978 4.352 4.022 3.409 3.931 4.279 3.806 3.689 4.529 4.566 4.135 4.879 4.972 4.383 3.554 2.961 2.239 1.712 1.235 0.588 0.000 0.711 1.672 3.001 4.498 5.645 7.271 9.214 11.393 12.989
5.303 5.569 6.448 6.818 7.992 8.556 8.210 6.857 5.645 6.458 5.614 5.743 5.326 6.125 6.166 6.790 7.680 8.949 8.032 7.147 6.429 6.103 6.731 7.160 5.923 6.438 4.700 4.539 3.857 3.626 5.066 5.837 5.777 6.982 7.725 8.195 7.233 6.039 5.343 6.226 6.930 5.595 5.216 4.182 3.085 3.449 3.833 3.150 2.210 2.622 3.167 3.764 4.446 4.434 5.130 5.977 5.609 5.869 5.434 5.457 6.532 6.966 7.862 7.191 8.247 7.872 6.317 6.880 7.343 6.474 5.775 6.986 7.257 6.230 7.042 6.681 6.146 4.921 4.662 3.407 3.341 2.226 1.545 0.727 0.000 0.798 2.043 3.469 4.652 6.498 8.660 10.563 12.291
10.786 11.249 12.547 12.723 14.301 14.807 14.015 12.457 11.028 11.827 9.955 10.104 8.374 8.849 8.446 8.351 8.742 10.776 10.644 9.305 8.791 7.871 9.199 9.506 7.337 7.275 5.466 5.838 5.985 6.596 8.400 9.856 9.855 12.285 12.792 13.706 13.105 11.766 10.373 11.583 12.413 10.510 10.069 8.666 7.010 6.369 6.785 5.469 4.275 3.879 4.890 4.735 5.887 7.151 8.402 8.572 7.621 6.502 6.259 5.652 6.745 7.174 8.937 9.372 10.422 9.220 8.069 9.826 9.855 8.745 9.173 11.010 10.905 10.553 12.109 12.445 11.831 9.869 9.141 7.075 5.981 4.279 2.909 2.140 0.784 0.000 0.787 1.808 2.984 5.136 7.072 9.070 10.695
11.162 11.803 13.486 14.046 15.801 16.479 15.682 14.381 12.667 13.322 11.507 11.853 10.634 10.869 10.776 11.394 12.296 13.674 12.800 11.442 10.859 9.938 11.276 11.493 9.576 10.059 8.170 8.600 7.734 8.589 10.318 11.695 11.753 13.681 14.298 15.335 14.470 13.310 11.674 12.601 13.660 11.750 10.915 8.864 7.616 6.976 7.994 5.877 5.084 5.234 6.641 7.180 8.353 9.322 10.194 10.802 10.442 9.642 9.506 8.544 10.163 11.218 12.732 12.248 13.548 12.692 11.526 12.563 12.863 11.896 11.502 13.348 13.411 12.605 13.726 13.765 12.993 11.220 10.118 8.417 6.882 4.955 4.091 2.916 1.711 0.699 0.000 0.732 1.931 3.550 5.516 7.820 9.390
13.049 13.475 14.831 15.103 16.516 17.227 16.151 14.976 13.590 13.715 12.142 12.286 11.267 11.896 11.654 12.687 13.720 15.073 14.431 12.635 12.251 10.702 12.414 12.949 10.997 11.390 9.467 9.720 8.579 9.413 10.677 11.853 12.154 13.902 14.552 15.877 14.792 14.012 12.313 12.846 14.361 12.660 12.040 10.093 8.713 7.820 8.188 6.330 6.128 6.513 8.556 9.015 10.256 11.413 12.231 12.939 12.535 11.599 11.185 10.464 11.887 12.991 14.366 13.499 15.022 14.387 12.848 13.804 14.423 13.686 13.083 14.663 14.956 14.145 15.369 15.099 14.399 12.740 12.027 9.998 9.034 6.728 5.701 4.112 2.884 1.540 0.715 0.000 1.099 2.615 4.535 6.247 8.251
18.132 18.507 19.598 19.534 20.689 21.265 20.602 19.545 18.205 18.155 16.588 16.340 14.784 14.530 13.970 14.498 15.081 16.556 16.013 14.145 13.630 11.943 13.205 14.063 11.989 13.272 11.558 12.678 11.829 12.993 14.096 15.761 16.106 18.146 18.963 19.731 19.278 18.573 17.137 17.750 18.753 17.656 16.701 15.313 13.561 12.286 12.386 9.786 10.600 10.224 12.208 12.605 14.522 15.885 16.853 17.247 16.718 15.062 14.327 13.526 13.981 15.073 16.153 15.976 17.493 16.957 15.646 17.272 18.024 17.145 17.127 18.942 19.219 18.244 19.558 19.739 19.058 17.847 17.080 15.023 13.932 11.521 9.334 7.677 5.121 4.153 2.973 1.062 0.000 1.427 3.307 4.933 6.414
20.567 21.083 22.406 22.721 23.557 24.467 23.799 23.116 21.882 21.945 20.817 21.442 20.610 20.393 20.748 21.226 21.821 22.635 22.219 21.200 19.809 18.133 20.061 20.686 18.593 20.109 18.346 18.861 17.402 18.132 19.269 20.721 20.092 21.904 22.730 23.007 22.441 21.772 20.310 20.868 21.700 20.304 19.099 17.740 17.001 15.456 16.351 14.367 14.580 15.210 17.186 17.774 18.674 19.804 20.336 20.920 20.764 20.098 19.611 19.622 20.355 21.185 22.173 21.895 23.095 22.645 21.282 21.996 23.161 21.865 21.460 22.808 23.410 21.768 23.224 23.038 21.882 20.794 20.138 18.372 16.891 15.033 12.341 10.396 8.430 6.422 4.839 3.248 1.159 0.003 1.314 3.093 4.738
22.721 23.205 24.282 24.515 25.146 25.443 25.070 24.222 23.414 23.205 22.038 22.550 21.494 21.453 21.363 22.396 22.906 23.598 22.961 21.527 20.550 18.115 19.337 20.933 19.190 20.927 19.679 20.617 19.168 19.376 20.192 21.455 21.233 22.940 23.487 24.079 23.615 23.536 22.030 22.142 23.216 21.973 21.010 19.707 18.784 17.049 17.573 15.451 16.781 17.771 19.775 20.095 21.299 22.405 22.970 23.197 23.386 22.334 21.920 21.112 21.848 22.937 23.616 23.377 24.346 24.188 23.056 23.819 24.319 23.936 23.612 24.703 24.900 24.173 24.916 24.825 24.158 23.449 22.504 21.103 20.104 18.117 16.203 13.702 11.305 8.587 6.902 4.842 3.068 1.164 0.002 1.243 2.723
23.239 23.318 24.812 25.154 25.649 25.890 25.631 25.150 23.970 23.754 22.721 23.273 22.515 22.084 22.128 23.199 23.651 24.493 23.833 22.348 21.324 19.613 20.829 21.699 20.294 21.659 20.298 21.420 19.902 20.343 21.071 22.547 21.977 23.633 23.999 24.220 24.308 24.147 22.562 22.776 23.757 22.501 21.306 20.448 19.790 18.283 18.802 17.071 17.560 18.584 20.155 20.515 21.656 22.714 23.285 23.771 23.695 22.798 22.491 21.534 22.418 23.493 24.256 24.005 25.063 24.806 23.524 24.319 25.043 24.257 23.877 25.123 25.298 24.467 25.273 25.129 24.715 23.753 23.067 21.413 20.631 18.766 17.300 15.040 12.801 10.042 8.295 6.593 4.470 3.075 1.083 0.004 1.153
24.303 24.396 25.347 25.447 26.066 26.319 25.929 25.334 24.488 24.368 23.519 23.984 23.571 23.412 23.532 24.855 25.056 25.874 24.951 23.617 22.528 20.771 22.053 22.844 22.254 23.703 22.330 23.329 21.570 21.681 22.032 22.913 22.463 24.142 24.105 24.853 24.672 24.812 23.274 23.326 24.348 23.374 22.511 21.292 20.984 19.608 19.759 18.113 19.565 20.434 22.493 22.737 23.710 24.466 25.107 25.295 25.499 24.587 24.576 23.481 24.216 25.264 25.664 25.130 25.942 25.863 24.964 25.416 25.927 25.692 25.110 26.070 26.255 25.755 26.186 26.143 25.614 24.946 24.410 23.255 22.422 20.975 19.026 16.802 14.570 11.923 10.002 8.142 6.240 4.272 3.026 1.213 0.014
