42.288
38.764
48.534
55.241
80.042
88.883
90.398
92.845
93.974
95.403
95.707
95.498
95.848
95.702
95.593
94.906
94.701
92.901
90.676
90.059
93.204
93.652
94.999
95.241
95.959
95.288
95.432
94.831
94.560
93.860
91.521
90.337
88.259
88.551
88.836
91.735
92.354
91.301
91.534
93.094
94.046
94.453
93.926
93.805
92.971
94.736
95.253
95.954
95.649
95.446
94.801
92.586
91.366
94.250
95.440
95.771
95.043
95.062
96.297
96.165
95.568
95.169
95.439
95.416
93.904
93.264
93.645
92.815
89.569
88.340
87.364
80.282
81.624
86.248
89.517
92.838
94.993
94.523
94.744
93.385
91.408
84.213
80.438
75.687
76.960
78.844
81.927
82.689
83.800
83.700
86.361
83.750
86.464
