37.954
44.721
45.197
45.185
52.930
64.619
73.458
82.452
89.663
90.452
92.241
91.533
92.776
93.243
92.436
91.178
89.466
91.054
91.066
92.642
92.951
92.431
91.520
91.149
91.707
90.956
89.761
89.577
87.208
89.514
89.441
91.261
89.451
91.308
93.328
91.996
89.265
91.645
90.656
90.011
88.284
87.052
90.477
91.466
91.972
93.183
93.399
93.762
93.861
94.365
94.166
94.352
92.666
91.802
90.765
87.643
90.144
91.703
92.666
93.098
93.039
90.690
89.725
87.283
83.384
71.064
68.315
64.134
71.000
80.329
84.286
87.099
89.419
90.678
91.972
91.003
91.337
88.646
81.012
75.356
74.638
86.939
91.138
91.436
91.738
92.221
92.655
89.675
87.553
87.645
85.258
81.865
68.942
