79.213
89.097
89.801
87.520
88.746
87.685
91.553
91.948
92.880
93.334
93.004
93.056
93.953
93.230
92.868
93.015
91.604
90.925
89.338
87.543
86.770
90.385
90.768
89.994
89.684
89.705
88.024
82.708
74.852
56.661
52.431
52.336
63.159
73.074
80.787
85.306
88.880
90.012
91.864
92.437
91.821
89.885
84.371
83.304
80.820
88.696
93.358
93.436
94.766
95.518
95.613
95.043
93.907
93.575
93.636
94.360
94.324
92.205
90.157
88.275
89.065
89.287
90.542
92.225
92.317
93.247
92.868
93.648
94.339
94.977
94.188
93.647
92.191
89.849
90.859
91.619
92.209
92.411
91.571
90.432
89.466
89.945
90.065
88.795
90.590
88.725
89.540
90.742
91.968
90.518
91.365
91.185
83.380
