83.990
86.335
83.495
87.083
87.077
83.329
78.159
66.214
67.425
69.352
77.948
85.413
88.547
87.976
89.110
89.249
89.546
88.830
85.208
84.429
77.709
78.230
80.351
86.104
90.708
91.476
93.331
94.755
95.127
95.125
94.720
94.687
94.786
95.049
94.294
93.107
91.219
89.192
88.786
91.656
91.301
93.038
93.321
94.315
93.573
93.862
94.085
94.424
93.585
93.325
92.538
90.212
90.412
89.967
91.385
92.175
90.915
89.290
90.036
89.968
90.610
90.161
91.216
90.134
91.582
92.799
93.714
93.133
92.705
92.096
89.518
87.478
91.305
93.351
93.733
93.003
93.054
95.170
95.442
95.182
94.732
94.650
94.633
93.632
92.272
92.232
91.932
88.610
84.994
80.020
63.495
53.557
40.605
