80.305
84.013
83.015
85.649
86.208
88.112
86.498
84.011
85.744
84.771
85.139
87.311
90.721
87.703
85.988
88.341
86.470
84.036
82.541
79.683
83.084
84.214
86.916
87.485
89.214
89.735
89.470
86.555
89.284
88.639
85.940
85.681
83.368
84.470
84.191
82.547
85.848
87.823
86.242
86.735
88.664
88.371
88.359
87.639
88.490
84.641
81.214
82.966
87.659
86.136
89.390
87.539
87.962
85.787
81.025
75.662
61.246
54.451
49.091
47.718
53.883
70.540
74.443
83.281
85.100
88.105
85.920
86.518
85.128
80.743
73.599
72.613
84.422
82.026
78.876
75.860
76.276
72.661
69.187
57.646
60.600
60.096
54.847
48.884
44.066
43.379
39.409
37.682
34.792
34.826
34.951
31.013
21.112
