0.000 0.508 0.689 0.953 1.393 1.679 1.949 1.784 1.797 1.429 1.599 1.901 1.825 1.704 1.388 1.125 0.973 0.780 0.808 0.776 0.908 0.927 1.215 1.386 1.399 1.783 2.020 1.798 1.656 1.486 1.530 1.767 1.759 1.797 1.652 1.802 1.887 1.553 1.561 1.844 1.756 1.599 1.861 2.128 2.099 2.429 2.418 2.325 1.925 1.785 1.471 1.449 1.272 1.342 1.660 2.660 3.850 6.632 9.463 12.499 19.338 19.848 25.138 24.876 26.593 27.395 27.730 27.343 27.033 27.776 26.812 26.515 25.103 21.709 24.688 25.267 24.036 19.160 17.353 20.664 20.888 21.195 19.926 18.419 17.303 16.993 16.303 15.589 16.591 16.386 18.555 18.455 18.782
0.505 0.000 0.528 0.883 1.246 1.549 1.921 1.726 1.786 1.490 1.573 1.989 1.850 1.878 1.628 1.222 1.137 0.833 0.888 0.930 0.974 1.056 1.281 1.389 1.443 1.778 2.012 1.779 1.617 1.514 1.550 1.803 1.765 1.852 1.688 1.889 1.855 1.504 1.611 1.937 1.740 1.669 1.956 2.244 2.093 2.582 2.552 2.373 1.948 1.843 1.516 1.498 1.326 1.452 1.690 2.632 3.883 6.509 9.133 12.493 18.870 19.678 26.881 26.651 27.986 27.397 28.313 28.474 27.761 28.199 27.451 26.420 26.135 25.606 22.010 24.700 25.777 23.560 18.735 22.815 21.961 22.635 20.901 18.842 16.378 17.530 16.397 15.600 16.659 16.409 18.557 18.393 19.011
0.778 0.519 0.000 0.500 0.739 1.020 1.287 1.077 1.199 1.029 0.953 1.210 1.313 1.365 1.412 1.166 1.084 0.849 1.105 1.201 1.327 1.554 1.835 2.015 1.921 2.263 2.663 2.463 2.325 2.039 2.087 2.224 2.211 2.128 1.884 2.127 2.333 1.924 1.857 2.256 2.252 1.910 2.195 2.478 2.427 2.646 2.507 2.395 2.207 2.129 1.934 1.967 1.681 1.815 1.925 2.676 3.826 6.515 8.964 12.243 18.239 19.693 25.520 25.908 27.957 27.172 28.235 27.621 26.813 27.785 27.770 26.597 26.346 25.253 24.127 23.119 23.048 22.892 22.800 21.216 22.387 21.997 19.492 18.651 16.762 17.376 16.484 15.391 16.241 16.184 18.375 17.945 18.865
0.831 0.756 0.509 0.000 0.514 0.716 1.013 0.880 0.979 0.821 0.764 1.045 1.091 1.094 1.128 0.941 0.998 0.859 1.117 1.127 1.289 1.314 1.605 1.724 1.545 1.823 2.144 2.113 2.027 1.805 1.948 2.173 2.155 2.165 1.874 2.074 2.129 1.744 1.729 2.021 1.883 1.625 1.836 2.154 1.967 2.217 2.037 1.907 1.701 1.629 1.508 1.622 1.460 1.630 1.740 2.634 3.679 6.527 9.097 12.905 18.798 19.590 26.466 25.654 27.186 27.266 28.111 27.915 27.450 27.357 27.037 25.672 25.482 25.378 25.452 22.402 21.346 23.229 20.881 20.770 21.721 22.829 19.674 17.542 16.850 16.515 15.883 15.024 16.332 16.301 18.123 17.533 19.062
1.047 1.100 0.813 0.518 0.000 0.521 0.708 0.803 1.021 0.907 0.868 1.124 1.289 1.383 1.411 1.179 1.271 1.184 1.446 1.394 1.507 1.630 1.905 2.082 1.943 2.280 2.656 2.564 2.397 2.176 2.248 2.452 2.539 2.583 2.257 2.593 2.563 2.046 2.125 2.483 2.306 2.013 2.310 2.599 2.456 2.637 2.396 2.384 2.055 2.051 1.896 2.006 1.834 1.978 2.113 2.930 4.089 6.569 8.760 12.208 18.930 20.908 26.316 26.013 28.081 27.611 28.586 28.772 28.215 28.561 27.561 26.998 25.926 26.101 23.868 20.555 22.669 21.211 22.345 22.389 22.084 22.123 19.571 18.170 16.907 16.967 16.400 15.020 16.064 16.142 18.016 17.742 18.347
1.490 1.479 1.123 0.816 0.501 0.000 0.585 0.754 1.068 1.103 0.887 1.142 1.442 1.520 1.789 1.499 1.670 1.595 1.961 1.924 2.102 2.131 2.552 2.637 2.358 2.737 3.234 3.131 3.074 2.823 2.995 3.272 3.167 3.088 2.639 2.882 2.956 2.533 2.419 2.815 2.697 2.306 2.557 2.906 2.730 2.953 2.690 2.578 2.457 2.402 2.336 2.575 2.403 2.698 2.743 3.560 4.699 7.034 8.918 11.909 17.886 19.828 25.625 26.038 27.786 27.163 27.890 28.363 27.926 27.694 27.248 26.943 26.065 25.422 24.460 23.337 21.390 22.679 21.354 22.084 21.341 21.434 19.067 17.367 16.680 16.085 15.552 14.488 15.765 16.068 17.797 17.411 18.088
2.137 2.069 1.715 1.261 0.801 0.581 0.000 0.616 0.925 1.222 1.024 1.195 1.537 1.760 1.975 1.900 2.005 1.974 2.465 2.455 2.737 2.785 3.164 3.079 2.881 2.901 3.494 3.560 3.732 3.556 3.879 4.134 4.018 3.984 3.546 3.647 3.555 3.158 2.982 3.229 3.058 2.586 2.748 3.040 2.809 2.795 2.427 2.471 2.434 2.627 2.745 2.927 2.958 3.294 3.371 4.107 5.276 7.735 9.603 12.976 19.050 21.137 25.478 25.691 26.656 27.357 27.612 28.406 27.719 27.382 26.868 26.053 24.757 24.108 25.360 21.427 22.947 21.451 21.815 22.074 22.242 21.514 19.670 18.480 17.562 17.057 16.085 15.120 16.389 16.539 18.157 17.679 18.175
1.764 1.806 1.566 1.104 0.969 0.740 0.586 0.000 0.516 0.677 0.774 0.854 0.884 1.347 1.476 1.365 1.655 1.776 2.176 1.985 2.167 1.953 2.248 2.132 1.873 1.999 2.392 2.463 2.586 2.587 2.837 3.063 2.984 3.045 2.757 2.898 2.804 2.420 2.251 2.573 2.355 1.995 2.153 2.443 2.160 2.292 1.943 1.800 1.640 1.634 1.809 2.026 2.109 2.425 2.715 3.651 4.946 7.560 9.413 12.430 18.755 21.190 25.567 25.128 26.820 27.585 27.356 27.119 27.321 27.399 26.891 24.888 26.653 22.604 22.844 20.841 19.454 19.960 20.213 21.228 21.304 21.898 19.119 17.658 17.467 17.733 16.493 15.107 15.914 16.435 17.728 17.652 18.254
1.365 1.432 1.277 0.956 0.934 0.944 0.791 0.500 0.000 0.496 0.585 0.656 0.623 0.813 0.895 0.938 1.212 1.371 1.601 1.489 1.585 1.558 1.757 1.733 1.655 1.831 2.165 2.141 2.206 2.073 2.262 2.525 2.413 2.491 2.288 2.338 2.333 1.944 1.845 2.080 1.949 1.654 1.827 2.076 1.909 2.077 1.868 1.717 1.551 1.494 1.428 1.588 1.565 1.830 2.044 2.922 3.997 6.402 8.757 11.782 18.850 20.540 24.820 26.143 26.654 28.318 26.661 28.085 24.786 26.865 24.952 25.264 28.174 25.290 20.888 22.926 20.409 22.186 20.522 21.530 21.489 21.713 19.538 17.762 17.662 16.758 15.578 14.827 15.751 16.043 17.579 17.526 17.952
1.200 1.297 1.091 0.787 0.869 0.905 0.848 0.604 0.493 0.000 0.495 0.577 0.651 0.690 0.875 0.901 1.088 1.211 1.447 1.352 1.519 1.449 1.733 1.723 1.549 1.757 2.141 2.043 2.133 1.985 2.176 2.400 2.306 2.299 2.176 2.233 2.170 1.824 1.743 1.952 1.828 1.514 1.680 1.900 1.707 1.899 1.709 1.599 1.520 1.488 1.436 1.650 1.525 1.751 1.935 2.807 3.876 6.482 9.071 12.598 18.871 20.151 25.472 26.821 26.889 28.965 26.768 27.124 25.977 26.778 25.387 24.986 27.365 24.105 22.674 20.824 21.293 18.188 19.396 21.206 21.165 21.602 18.425 17.019 16.655 17.408 16.475 15.023 16.088 16.270 17.843 17.326 18.905
1.161 1.243 1.050 0.795 0.860 0.867 0.818 0.609 0.548 0.491 0.000 0.497 0.580 0.734 0.894 0.902 1.120 1.190 1.408 1.265 1.420 1.423 1.613 1.654 1.548 1.712 2.021 1.988 1.946 1.860 1.996 2.202 2.101 2.112 1.923 2.056 2.003 1.749 1.700 1.918 1.768 1.557 1.718 1.945 1.778 1.970 1.753 1.653 1.483 1.501 1.436 1.586 1.516 1.740 1.872 2.714 3.846 6.486 8.808 12.341 18.376 20.154 26.639 26.103 27.613 27.833 28.722 28.249 27.735 27.686 26.712 27.256 24.251 24.825 22.498 21.910 21.154 21.078 21.907 22.622 22.279 21.275 19.070 17.757 16.970 16.700 15.989 14.714 15.761 16.129 17.823 17.526 18.757
1.442 1.394 1.192 0.930 0.927 0.979 0.898 0.699 0.647 0.572 0.496 0.000 0.506 0.673 0.909 1.015 1.267 1.370 1.656 1.623 1.837 1.747 2.000 2.032 1.835 1.947 2.376 2.317 2.425 2.252 2.477 2.725 2.596 2.640 2.290 2.431 2.467 2.123 1.995 2.300 2.153 1.813 2.017 2.353 2.076 2.210 1.943 1.841 1.676 1.669 1.616 1.890 1.806 2.037 2.192 3.002 4.256 6.897 9.046 12.206 18.622 20.533 26.004 26.152 27.710 27.540 27.844 28.096 27.296 27.755 26.946 26.651 23.534 21.422 21.891 21.826 23.638 22.389 21.883 21.985 22.198 21.425 19.931 18.085 17.307 17.069 15.923 14.614 15.764 15.845 17.362 17.206 18.045
1.482 1.509 1.368 1.124 1.129 1.135 1.044 0.783 0.713 0.668 0.615 0.509 0.000 0.596 0.691 0.845 1.208 1.371 1.573 1.441 1.640 1.593 1.840 1.777 1.677 1.838 2.228 2.207 2.244 2.208 2.302 2.623 2.502 2.569 2.360 2.503 2.418 2.142 2.018 2.322 2.104 1.769 1.949 2.267 1.985 2.191 1.907 1.690 1.634 1.459 1.447 1.580 1.627 1.809 2.013 2.894 3.961 6.698 8.875 13.094 18.746 20.979 25.710 27.074 26.967 29.172 26.255 27.714 27.214 25.658 25.653 24.884 25.729 22.412 21.425 21.445 21.015 21.645 20.476 21.797 21.763 21.019 19.953 18.194 17.353 16.615 16.358 14.732 15.697 15.963 17.136 17.187 18.484
1.827 2.005 1.927 1.484 1.608 1.558 1.400 1.183 0.974 0.904 0.879 0.705 0.549 0.000 0.559 0.756 1.233 1.577 1.788 1.594 1.972 2.068 2.371 2.402 2.145 2.381 2.912 2.889 3.059 2.938 2.962 3.530 3.410 3.594 3.343 3.457 3.377 2.843 2.778 3.089 2.846 2.419 2.698 2.907 2.516 2.710 2.236 2.120 2.000 1.992 1.904 2.082 1.924 2.059 2.090 2.855 3.899 6.721 9.314 13.128 18.493 20.156 26.013 26.222 28.313 27.392 28.071 27.526 27.379 27.366 26.004 24.678 26.377 24.406 25.587 20.343 22.809 21.869 21.101 21.956 21.626 21.247 19.455 18.426 17.700 17.101 15.972 15.097 16.157 16.422 17.791 17.751 18.985
1.175 1.377 1.394 1.187 1.388 1.457 1.405 1.294 1.158 0.895 0.881 0.872 0.638 0.527 0.000 0.528 0.840 1.109 1.203 0.996 1.179 1.330 1.526 1.600 1.655 1.883 2.185 2.091 2.003 1.902 1.883 2.217 2.275 2.405 2.267 2.455 2.355 2.007 2.119 2.359 2.125 1.884 2.243 2.490 2.191 2.482 2.315 2.060 1.721 1.609 1.312 1.356 1.243 1.371 1.702 2.486 3.708 6.637 9.079 12.863 18.953 20.691 25.877 27.549 27.288 27.385 27.731 27.562 27.281 28.191 26.729 25.249 24.896 23.014 23.505 22.779 20.802 22.334 21.646 21.117 22.206 22.372 19.788 18.602 17.273 16.536 15.778 14.753 15.777 15.504 17.414 16.827 18.212
0.880 1.003 0.980 0.870 1.150 1.261 1.355 1.172 1.076 0.846 0.900 1.002 0.790 0.707 0.509 0.000 0.510 0.656 0.877 0.747 0.992 1.064 1.248 1.346 1.322 1.582 1.815 1.696 1.650 1.549 1.628 1.926 1.889 1.960 1.824 2.021 1.961 1.616 1.633 1.897 1.684 1.499 1.735 1.940 1.739 2.059 1.889 1.665 1.451 1.292 1.170 1.196 1.055 1.181 1.437 2.345 3.414 6.318 9.253 12.979 18.872 21.387 25.839 27.487 27.082 29.068 27.792 27.862 26.525 27.181 25.863 25.843 24.297 22.014 24.690 19.832 19.689 19.306 20.705 20.964 22.427 22.360 19.756 18.394 16.788 17.053 16.582 14.921 15.852 16.238 17.851 17.305 18.605
0.830 0.866 0.928 1.000 1.401 1.590 1.805 1.620 1.486 1.144 1.209 1.389 1.134 0.982 0.736 0.516 0.000 0.501 0.724 0.718 1.039 1.239 1.499 1.575 1.581 1.838 2.157 2.146 2.075 1.913 1.952 2.246 2.264 2.269 2.144 2.305 2.394 1.917 2.084 2.323 2.159 1.883 2.232 2.477 2.215 2.526 2.351 2.098 1.809 1.587 1.420 1.461 1.274 1.310 1.424 2.638 3.725 6.477 9.068 12.909 18.339 20.039 25.818 26.572 28.050 27.157 28.382 27.836 27.214 27.851 25.965 25.300 25.726 22.823 22.661 20.681 21.165 21.256 22.592 22.327 23.211 23.466 19.385 18.342 17.266 17.530 16.262 14.967 16.154 16.277 17.762 17.517 18.728
0.715 0.755 0.819 0.929 1.227 1.446 1.691 1.522 1.493 1.203 1.207 1.418 1.296 1.212 1.002 0.743 0.514 0.000 0.538 0.641 0.887 1.103 1.309 1.522 1.541 1.836 2.052 1.990 1.840 1.661 1.696 1.873 1.904 1.932 1.816 1.993 2.011 1.685 1.769 2.064 1.973 1.823 2.084 2.277 2.174 2.417 2.330 2.185 1.999 1.826 1.547 1.478 1.213 1.275 1.451 2.323 3.496 6.427 9.308 12.874 18.388 19.616 26.083 26.542 28.089 27.010 28.559 28.723 28.178 27.864 27.026 26.503 25.286 24.588 24.127 20.083 21.551 21.086 22.236 22.163 23.126 22.456 19.526 19.152 18.133 18.268 16.957 15.299 16.119 15.993 18.326 17.402 19.101
0.809 0.860 0.945 1.099 1.418 1.639 1.982 1.784 1.893 1.507 1.567 1.925 1.745 1.673 1.385 0.991 0.768 0.539 0.000 0.562 0.731 1.042 1.274 1.596 1.848 2.114 2.336 2.247 1.950 1.878 1.620 1.926 2.207 2.336 2.327 2.612 2.560 2.073 2.254 2.643 2.456 2.318 2.529 2.816 2.621 3.033 2.953 2.750 2.321 2.045 1.730 1.544 1.146 1.088 1.393 2.356 3.707 6.615 9.096 12.352 17.981 18.987 25.850 25.737 27.865 27.371 27.815 28.392 27.945 27.393 26.755 27.040 25.681 23.563 23.941 21.641 22.596 21.775 22.544 21.302 23.007 22.724 19.229 18.434 17.006 17.805 15.740 14.470 15.368 15.835 17.678 16.893 18.421
0.783 0.854 0.986 1.066 1.326 1.559 1.784 1.588 1.548 1.288 1.322 1.561 1.416 1.344 1.122 0.864 0.697 0.648 0.523 0.000 0.513 0.664 0.871 1.091 1.198 1.527 1.656 1.544 1.293 1.192 1.156 1.400 1.465 1.563 1.526 1.687 1.641 1.384 1.515 1.720 1.586 1.493 1.813 1.983 1.891 2.290 2.296 2.164 1.726 1.555 1.251 1.165 0.886 0.996 1.188 2.221 3.356 6.112 8.762 12.125 18.250 19.811 24.652 26.107 26.058 27.477 28.028 27.583 27.830 26.926 26.779 25.634 25.189 22.718 23.016 23.743 21.117 22.171 21.465 20.848 23.403 22.602 20.149 18.120 17.832 17.712 16.716 14.962 15.892 15.922 17.802 17.431 18.679
0.839 1.061 1.217 1.332 1.751 1.945 2.202 1.887 1.812 1.487 1.657 1.889 1.671 1.643 1.334 1.046 0.932 0.873 0.729 0.508 0.000 0.511 0.654 0.823 0.987 1.244 1.396 1.227 1.109 1.012 1.114 1.401 1.409 1.539 1.427 1.623 1.542 1.230 1.404 1.594 1.413 1.382 1.675 1.807 1.722 2.133 2.145 1.982 1.593 1.322 1.054 0.939 0.768 0.838 1.247 2.266 3.326 6.088 8.584 12.430 18.304 18.847 26.113 26.231 26.823 27.184 27.961 28.198 27.365 27.170 26.527 26.232 25.087 22.235 23.678 23.293 21.440 20.740 19.748 20.653 21.539 21.208 20.008 18.342 18.192 18.264 16.506 15.075 15.957 16.113 17.839 17.755 18.543
0.800 0.982 1.108 1.141 1.448 1.641 1.854 1.546 1.447 1.231 1.381 1.541 1.397 1.453 1.156 0.945 0.966 0.956 0.893 0.631 0.497 0.000 0.497 0.563 0.700 0.918 1.029 0.911 0.772 0.739 0.844 1.083 1.105 1.215 1.207 1.340 1.266 1.019 1.152 1.262 1.080 1.042 1.320 1.419 1.316 1.657 1.611 1.466 1.130 0.982 0.759 0.739 0.719 0.811 1.272 2.302 3.352 6.371 9.629 12.915 19.651 19.421 25.237 25.709 26.420 27.142 27.893 27.065 27.161 27.714 26.954 24.573 24.906 21.539 21.481 21.260 22.559 20.800 19.623 19.258 22.427 20.842 20.358 18.595 17.608 17.714 16.847 15.951 16.564 16.271 18.499 18.521 19.288
0.927 1.136 1.224 1.263 1.567 1.766 1.923 1.663 1.569 1.354 1.439 1.645 1.439 1.458 1.227 0.983 1.074 1.068 0.996 0.803 0.629 0.493 0.000 0.500 0.647 0.879 0.949 0.773 0.639 0.733 0.881 1.047 1.140 1.341 1.340 1.407 1.309 1.091 1.268 1.355 1.126 1.169 1.381 1.479 1.402 1.776 1.775 1.595 1.276 0.992 0.775 0.671 0.669 0.853 1.295 2.145 3.347 6.084 9.070 12.356 19.056 18.954 25.315 26.120 26.811 27.064 28.207 27.835 27.572 27.581 27.259 26.831 25.285 23.669 21.253 22.114 23.736 20.325 21.639 22.037 22.429 20.839 19.249 18.440 17.977 17.218 16.467 15.408 16.314 16.154 17.747 17.872 18.907
1.088 1.348 1.444 1.453 1.683 1.889 1.914 1.619 1.441 1.303 1.498 1.610 1.378 1.529 1.269 1.111 1.265 1.296 1.226 0.980 0.793 0.611 0.497 0.000 0.491 0.597 0.732 0.636 0.583 0.649 0.805 0.986 0.995 1.163 1.210 1.276 1.097 0.924 1.065 1.111 0.855 0.895 1.093 1.143 1.014 1.389 1.326 1.193 0.892 0.789 0.646 0.729 0.912 0.938 1.347 2.194 3.341 6.197 9.379 13.159 19.925 19.486 25.777 25.635 26.789 26.193 26.309 26.180 26.320 26.024 25.967 24.999 23.277 21.569 20.274 20.780 20.397 19.124 18.774 18.703 21.682 22.413 19.809 17.431 16.631 16.384 15.473 14.356 15.618 15.132 17.419 17.495 18.342
1.148 1.362 1.463 1.377 1.594 1.815 1.870 1.549 1.409 1.267 1.472 1.532 1.380 1.499 1.302 1.162 1.331 1.380 1.342 1.104 0.976 0.712 0.625 0.497 0.000 0.510 0.761 0.615 0.622 0.679 0.849 1.046 1.040 1.232 1.250 1.321 1.146 0.945 1.061 1.103 0.876 0.801 1.050 1.089 0.926 1.331 1.337 1.125 0.847 0.828 0.662 0.775 0.913 1.113 1.565 2.450 3.525 6.103 9.060 12.828 19.437 19.240 25.243 24.970 25.956 25.466 25.314 26.926 24.642 26.623 25.259 23.760 25.154 19.197 23.302 16.948 19.105 16.682 18.687 21.141 21.299 20.730 18.795 17.949 16.807 16.484 15.927 14.929 16.037 16.254 18.120 18.064 19.079
1.616 1.817 2.006 1.926 2.197 2.348 2.499 2.087 1.948 1.769 1.974 2.114 1.917 2.105 1.820 1.692 1.898 1.974 1.987 1.641 1.476 1.140 1.181 0.835 0.552 0.000 0.832 0.733 0.975 1.127 1.491 1.708 1.610 1.845 1.759 1.939 1.663 1.361 1.532 1.607 1.232 1.196 1.580 1.536 1.248 1.711 1.695 1.431 1.047 0.975 0.906 1.162 1.435 1.708 2.224 3.083 4.172 6.700 9.095 12.847 19.294 19.657 25.573 25.354 26.661 27.783 27.342 28.412 26.203 27.886 27.538 24.651 26.740 20.884 20.730 22.140 19.891 22.114 21.934 22.623 23.525 21.087 19.417 18.703 17.596 17.230 15.899 14.387 15.504 15.750 17.487 17.618 18.332
2.592 3.005 3.306 2.945 3.206 3.468 3.228 2.760 2.357 2.345 2.794 2.687 2.355 2.798 2.510 2.357 2.807 3.098 2.913 2.499 2.201 1.759 1.479 1.045 0.754 0.568 0.000 0.578 0.845 1.226 1.565 1.663 1.738 2.286 2.475 2.522 2.009 1.771 2.174 2.050 1.461 1.659 2.100 1.883 1.494 1.916 1.947 1.579 1.285 1.121 1.320 1.632 2.015 2.325 2.916 3.881 5.350 7.386 9.892 14.041 19.580 20.432 26.628 24.633 28.276 25.899 27.702 27.949 27.891 27.688 26.289 26.803 25.888 23.771 23.394 21.423 24.104 21.137 21.215 22.020 23.369 20.822 18.519 17.647 17.309 16.345 16.148 14.514 15.446 15.636 17.248 16.877 18.201
1.563 1.879 2.069 2.168 2.331 2.597 2.642 2.293 2.087 1.943 2.211 2.304 2.145 2.297 2.033 1.679 1.972 1.929 1.829 1.487 1.252 0.984 0.836 0.653 0.633 0.651 0.528 0.000 0.504 0.608 0.762 1.008 1.069 1.344 1.429 1.543 1.264 1.098 1.328 1.380 1.036 1.113 1.410 1.445 1.288 1.666 1.739 1.553 1.200 1.036 0.989 1.144 1.299 1.541 2.023 2.895 4.135 6.666 9.038 12.768 19.355 20.252 26.533 25.006 27.850 27.218 28.193 28.156 28.072 27.532 27.011 26.276 25.308 24.780 21.238 21.545 20.647 20.204 21.001 20.317 21.447 20.779 18.955 17.442 16.872 16.300 15.843 14.484 15.590 15.313 17.212 16.902 17.553
1.357 1.594 1.868 1.863 2.138 2.359 2.476 2.132 1.948 1.749 2.017 2.121 1.902 2.063 1.745 1.493 1.695 1.687 1.486 1.229 1.045 0.867 0.671 0.634 0.695 0.870 0.727 0.502 0.000 0.506 0.574 0.885 0.917 1.174 1.228 1.364 1.180 1.015 1.238 1.283 1.048 1.138 1.421 1.480 1.341 1.811 1.897 1.723 1.319 1.175 1.047 1.107 1.105 1.272 1.669 2.497 3.723 6.408 9.170 12.741 18.539 19.262 26.561 25.548 27.844 26.561 27.920 28.411 27.601 27.348 26.646 26.553 25.242 23.358 19.604 19.842 19.792 20.472 21.057 21.049 22.378 20.467 19.119 17.739 17.115 16.105 15.950 14.734 15.680 15.943 17.123 16.823 17.923
1.433 1.671 1.831 1.925 2.231 2.473 2.649 2.284 2.152 1.985 2.156 2.324 2.098 2.337 1.914 1.656 1.795 1.719 1.556 1.383 1.132 0.897 0.751 0.679 0.808 1.048 0.965 0.659 0.504 0.000 0.531 0.764 0.844 1.008 1.155 1.276 1.096 0.964 1.271 1.322 1.025 1.221 1.519 1.551 1.501 1.980 2.100 1.869 1.486 1.276 1.191 1.169 1.195 1.375 1.838 2.645 3.671 6.324 9.410 12.874 19.479 19.167 25.884 25.418 28.322 26.711 28.733 27.946 27.629 27.355 26.774 25.767 25.020 23.543 21.850 18.923 20.860 18.905 20.025 19.121 20.710 21.420 19.430 19.035 17.870 17.147 16.158 15.528 16.494 16.791 18.622 18.680 19.670
1.846 2.177 2.391 2.462 2.761 3.026 3.180 2.645 2.499 2.349 2.763 2.770 2.563 2.774 2.409 2.121 2.305 2.232 1.983 1.809 1.406 1.132 0.944 0.907 0.994 1.344 1.293 0.931 0.677 0.517 0.000 0.627 0.906 1.209 1.364 1.518 1.282 1.121 1.438 1.455 1.233 1.378 1.607 1.669 1.681 2.127 2.211 2.144 1.726 1.662 1.454 1.468 1.540 1.619 2.158 2.968 4.130 6.779 9.244 12.445 18.947 18.607 25.190 24.844 28.452 27.476 28.481 28.647 27.846 28.061 27.236 26.850 26.403 23.801 20.252 21.174 23.061 20.608 22.508 22.154 22.131 22.116 19.495 19.312 18.215 17.876 16.710 16.055 16.407 16.558 17.463 17.502 18.238
2.557 3.070 3.439 3.563 3.973 4.340 4.529 4.117 3.801 3.436 3.792 3.973 3.372 3.551 2.893 2.685 2.865 2.945 2.584 2.254 1.822 1.602 1.213 1.372 1.719 2.170 2.116 1.697 1.164 0.977 0.573 0.000 0.672 1.072 1.635 1.711 1.549 1.526 2.082 2.180 1.990 2.222 2.787 2.917 2.870 3.815 3.830 3.510 2.830 2.394 2.036 1.786 1.822 1.863 2.354 3.378 4.577 6.917 9.457 12.846 19.450 20.861 26.439 25.790 27.138 27.268 27.709 28.003 27.560 27.820 26.953 27.157 26.327 23.963 22.595 22.324 22.502 21.754 23.773 22.151 22.140 22.932 20.389 19.084 18.055 17.540 16.764 15.373 15.859 16.532 17.912 17.782 18.194
1.982 2.280 2.563 2.680 2.901 3.212 3.264 2.965 2.785 2.635 2.877 3.009 2.841 3.015 2.723 2.433 2.570 2.474 2.233 2.062 1.693 1.479 1.283 1.325 1.475 1.852 1.814 1.339 1.099 0.884 0.821 0.541 0.000 0.535 0.757 0.964 0.873 0.845 1.220 1.368 1.299 1.525 1.761 1.924 2.067 2.549 2.767 2.736 2.322 2.129 1.888 1.872 1.909 2.009 2.481 3.316 4.417 6.676 9.335 12.515 19.519 19.955 26.319 25.634 27.570 28.089 27.880 28.253 27.082 27.198 26.287 26.317 25.780 22.480 21.508 20.651 20.519 20.501 19.117 20.872 18.145 20.113 18.329 17.254 16.533 16.071 15.378 14.504 15.648 15.384 17.544 17.649 17.998
1.467 1.580 1.727 1.868 2.067 2.323 2.453 2.187 2.147 1.992 2.145 2.351 2.285 2.406 2.210 1.888 2.031 1.877 1.831 1.678 1.507 1.346 1.272 1.320 1.326 1.606 1.687 1.356 1.139 0.961 0.932 0.762 0.507 0.000 0.502 0.612 0.642 0.632 0.767 0.962 1.037 1.154 1.278 1.503 1.545 2.110 2.287 2.232 1.820 1.833 1.627 1.754 1.722 1.897 2.222 3.030 4.173 6.443 8.757 11.823 18.265 18.917 25.389 24.631 26.129 25.965 27.138 27.448 26.181 27.052 26.576 25.355 23.519 22.076 19.935 18.993 19.260 20.132 19.821 22.855 22.773 22.809 19.297 18.415 16.401 16.548 15.503 14.177 15.206 15.200 17.599 16.795 17.818
1.435 1.499 1.627 1.724 1.970 2.314 2.575 1.995 1.979 1.731 2.021 2.211 2.064 2.279 2.055 1.729 1.917 1.776 1.713 1.558 1.372 1.251 1.238 1.224 1.185 1.450 1.575 1.278 1.162 0.978 1.057 0.970 0.647 0.493 0.000 0.498 0.555 0.573 0.557 0.721 0.818 0.830 0.939 1.176 1.262 1.712 1.859 1.861 1.523 1.613 1.445 1.590 1.560 1.763 2.151 2.837 4.019 6.484 8.876 11.985 18.999 19.692 25.938 25.605 26.709 27.114 27.838 28.451 27.275 27.099 26.467 26.055 25.430 21.613 20.523 21.797 22.261 23.848 21.501 19.757 22.812 26.908 19.390 18.280 16.813 17.066 15.404 14.829 16.033 15.894 18.108 17.536 17.617
1.666 1.675 1.942 2.106 2.320 2.657 2.850 2.393 2.307 2.225 2.430 2.613 2.493 2.567 2.431 2.122 2.227 2.025 1.980 1.880 1.635 1.468 1.449 1.385 1.262 1.478 1.620 1.328 1.360 1.101 1.267 1.231 0.838 0.573 0.493 0.000 0.498 0.597 0.634 0.639 0.726 0.918 0.943 1.099 1.253 1.759 1.979 1.998 1.657 1.778 1.632 1.841 1.880 2.056 2.376 3.110 4.076 6.306 8.643 12.398 18.769 19.356 25.906 24.981 26.508 27.227 27.498 28.205 26.858 26.993 26.743 25.543 23.902 22.776 19.034 19.564 23.328 20.303 19.068 19.544 20.816 21.034 18.247 18.420 16.450 16.667 15.512 14.254 15.570 15.377 17.759 17.455 17.919
1.471 1.582 1.764 1.818 2.005 2.320 2.391 2.019 1.878 1.761 2.007 2.118 1.971 2.098 1.869 1.689 1.868 1.798 1.757 1.581 1.403 1.197 1.149 1.032 0.945 1.156 1.323 1.041 1.035 0.869 1.016 0.996 0.705 0.566 0.525 0.491 0.000 0.490 0.535 0.573 0.553 0.673 0.785 0.982 1.053 1.551 1.706 1.617 1.276 1.273 1.213 1.380 1.403 1.662 2.037 2.821 3.938 6.310 8.872 12.106 19.268 19.354 26.364 25.192 27.314 26.964 27.436 27.290 26.998 26.702 26.795 24.588 23.860 24.284 19.007 20.170 20.278 20.642 19.452 19.448 17.752 20.833 19.932 18.428 16.830 16.599 15.573 14.477 15.413 15.740 17.365 17.020 18.041
1.363 1.483 1.562 1.554 1.789 2.101 2.179 1.808 1.643 1.502 1.789 1.931 1.787 1.989 1.796 1.560 1.709 1.643 1.640 1.532 1.370 1.125 1.112 1.028 0.946 1.211 1.372 1.122 1.036 0.883 1.062 0.983 0.700 0.591 0.534 0.517 0.489 0.000 0.490 0.541 0.567 0.571 0.684 0.912 0.992 1.488 1.563 1.543 1.220 1.319 1.204 1.470 1.446 1.710 2.027 2.781 3.954 6.389 9.290 12.991 19.654 20.250 26.394 25.139 27.552 25.652 27.915 27.110 26.448 26.613 26.043 24.210 25.196 20.061 20.190 20.689 25.237 18.850 19.402 20.863 18.699 21.124 19.538 18.810 17.664 17.665 16.326 15.401 16.090 16.844 18.471 18.147 18.499
1.369 1.498 1.646 1.680 1.846 2.237 2.277 1.835 1.748 1.681 1.902 2.078 1.965 2.069 1.897 1.626 1.779 1.712 1.647 1.501 1.303 1.128 1.144 1.074 0.988 1.208 1.386 1.159 1.092 0.908 1.055 1.012 0.767 0.673 0.568 0.563 0.537 0.491 0.000 0.496 0.540 0.584 0.606 0.756 0.927 1.417 1.526 1.564 1.256 1.327 1.260 1.377 1.425 1.581 1.976 2.726 3.828 6.312 8.946 12.385 19.286 19.941 25.965 24.970 27.761 25.274 27.875 28.145 25.835 27.564 27.225 26.374 25.762 21.346 21.183 20.658 24.263 18.860 18.456 18.884 22.031 22.500 19.499 18.055 16.897 16.210 15.436 14.556 15.561 15.790 18.260 17.845 18.466
1.598 1.663 1.849 1.989 2.150 2.460 2.579 2.138 2.024 1.943 2.229 2.374 2.249 2.407 2.209 1.926 2.128 1.964 1.883 1.806 1.577 1.357 1.354 1.233 1.040 1.235 1.416 1.139 1.235 1.075 1.287 1.349 1.023 0.869 0.707 0.628 0.615 0.562 0.493 0.000 0.497 0.585 0.641 0.714 0.904 1.422 1.594 1.603 1.319 1.429 1.369 1.572 1.655 1.901 2.289 3.014 4.098 6.392 8.598 12.485 19.165 19.863 25.887 25.719 27.710 26.833 28.123 28.190 27.102 27.146 27.025 25.825 25.890 21.574 21.642 20.213 22.185 20.369 20.356 20.634 21.845 22.936 20.163 18.403 17.245 16.294 15.478 14.356 15.311 15.559 17.389 17.436 18.156
1.354 1.492 1.598 1.604 1.808 2.067 2.071 1.746 1.585 1.471 1.766 1.825 1.661 1.873 1.690 1.440 1.707 1.687 1.701 1.457 1.347 1.100 1.107 0.953 0.802 1.055 1.210 0.974 1.045 0.927 1.117 1.159 0.916 0.814 0.746 0.650 0.567 0.538 0.508 0.491 0.000 0.490 0.540 0.669 0.717 1.293 1.355 1.295 1.040 1.104 1.078 1.279 1.375 1.579 2.007 2.724 3.852 6.312 8.766 12.260 19.637 19.909 25.392 24.224 27.023 25.414 26.838 27.600 24.544 26.092 25.741 23.343 26.131 21.299 20.180 20.185 19.843 17.328 19.003 18.563 20.269 19.732 19.995 18.208 16.920 16.208 15.620 14.721 15.734 16.014 17.895 17.601 18.762
1.311 1.479 1.556 1.513 1.774 1.973 2.011 1.702 1.550 1.436 1.631 1.744 1.661 1.832 1.668 1.445 1.631 1.585 1.592 1.415 1.292 1.069 1.068 0.936 0.811 1.036 1.169 0.967 0.971 0.931 1.107 1.143 0.902 0.865 0.805 0.765 0.639 0.565 0.563 0.525 0.490 0.000 0.499 0.637 0.720 1.326 1.328 1.320 1.051 1.092 1.096 1.222 1.257 1.511 1.897 2.706 3.876 6.628 9.222 13.157 19.816 20.715 25.582 25.653 27.348 27.229 27.837 27.856 27.071 26.296 26.004 25.515 25.119 22.391 20.956 20.838 22.907 20.172 20.632 20.964 21.913 21.719 20.317 18.779 16.871 16.707 16.414 15.051 15.870 16.100 18.228 18.042 18.899
1.573 1.773 1.892 1.918 2.092 2.462 2.522 2.043 1.922 1.892 2.164 2.308 2.199 2.390 2.112 1.835 1.999 1.924 1.926 1.720 1.503 1.263 1.319 1.227 1.037 1.299 1.531 1.288 1.384 1.138 1.382 1.558 1.265 1.236 1.104 1.045 0.957 0.727 0.672 0.633 0.590 0.498 0.000 0.524 0.747 1.379 1.548 1.549 1.285 1.378 1.265 1.488 1.541 1.785 2.157 2.869 3.974 6.452 8.688 12.520 18.856 19.646 26.073 25.336 27.701 27.215 27.648 28.691 27.633 28.073 27.270 26.704 26.874 21.976 23.472 20.148 22.989 20.120 21.028 20.747 23.865 21.863 19.594 18.295 17.400 16.765 16.031 14.791 15.837 15.563 17.601 17.758 18.603
2.500 2.676 2.775 2.951 3.087 3.500 3.647 3.025 2.872 2.873 3.368 3.543 3.560 3.832 3.472 2.937 3.382 3.116 3.166 3.050 2.732 2.380 2.418 2.126 1.578 1.720 2.051 1.876 2.215 2.039 2.496 2.614 2.224 2.005 1.715 1.526 1.531 1.282 0.955 0.947 0.944 0.809 0.553 0.000 0.640 1.402 1.808 1.865 1.590 2.023 2.145 2.687 2.789 3.157 3.562 4.444 5.605 7.583 9.362 13.021 19.906 20.331 26.418 25.368 27.762 26.895 27.462 29.072 26.642 27.216 26.884 26.778 25.976 22.225 21.567 21.171 19.132 22.416 20.864 21.801 23.509 22.303 19.710 18.029 17.197 16.350 15.803 14.492 15.680 15.767 17.545 17.282 17.689
3.455 3.951 4.005 3.824 4.175 4.212 4.247 3.505 3.071 3.134 3.646 3.627 3.245 3.734 3.421 3.243 3.732 3.924 3.928 3.516 3.416 2.830 3.009 2.393 1.908 1.770 2.323 2.269 2.677 2.672 3.292 3.559 3.059 3.190 3.079 2.481 2.431 2.263 2.118 1.587 1.446 1.299 1.107 0.575 0.000 1.058 1.618 1.744 1.590 1.943 2.378 2.765 3.110 3.592 4.175 4.996 6.044 8.030 9.710 12.816 19.756 20.777 24.959 24.505 26.671 26.575 26.430 29.005 26.398 26.881 25.941 26.912 27.329 22.738 23.705 21.666 23.138 22.616 22.254 23.453 23.314 22.824 20.271 18.312 17.509 17.434 16.623 15.496 16.418 16.663 18.158 17.707 18.589
5.061 5.800 5.895 5.394 5.429 5.360 5.216 4.144 3.440 3.751 4.630 4.111 3.968 4.984 4.718 4.447 5.275 5.735 5.825 5.139 4.712 3.791 3.512 3.027 2.318 2.367 3.030 2.544 3.016 3.031 3.876 4.090 3.346 3.943 4.471 3.863 2.874 2.927 3.143 2.335 1.756 1.917 1.991 1.330 0.895 0.000 0.654 1.233 1.755 2.412 2.916 3.534 4.049 4.780 5.611 6.612 8.044 10.331 11.740 14.971 20.523 21.861 25.988 24.582 27.814 26.470 27.307 29.309 27.010 27.319 25.623 26.549 27.270 22.907 22.852 21.325 24.044 22.902 21.346 22.860 22.103 22.710 20.348 18.732 18.755 18.442 17.782 15.981 16.990 16.543 18.151 17.648 18.114
4.634 5.206 5.039 4.540 4.389 4.603 4.195 3.474 2.908 2.936 3.472 3.369 2.894 3.444 3.239 3.357 4.358 4.746 4.981 4.507 4.190 3.539 3.724 3.196 2.340 2.213 2.986 2.965 3.622 3.606 4.291 4.918 4.450 4.490 4.270 4.048 3.739 3.295 3.123 2.707 2.339 2.040 2.134 1.669 1.250 0.595 0.000 0.691 1.284 1.795 2.349 3.103 3.515 4.308 4.775 5.711 6.971 9.165 10.691 13.607 20.020 21.533 26.112 25.390 27.813 26.859 28.204 29.457 27.726 27.876 27.088 27.158 27.462 22.926 21.859 22.405 23.301 22.339 22.156 23.889 22.701 23.174 20.709 18.944 18.238 17.941 16.982 15.939 16.730 16.796 18.079 17.748 18.517
2.981 3.531 3.563 3.105 3.369 3.560 3.230 2.547 2.189 2.195 2.786 2.612 2.355 2.753 2.473 2.314 2.999 3.444 3.474 2.776 2.695 2.188 2.152 1.751 1.390 1.390 1.907 2.046 2.291 2.413 2.799 3.360 3.159 3.448 3.246 3.231 2.893 2.440 2.455 2.366 1.950 1.682 1.920 1.796 1.298 1.012 0.560 0.000 0.575 0.946 1.196 1.740 2.108 2.623 3.266 4.146 5.100 7.594 9.568 12.902 19.696 21.207 26.319 26.242 28.619 29.044 28.341 28.330 27.538 27.276 25.947 26.168 26.728 21.468 20.948 22.911 23.119 22.430 21.823 23.115 22.542 22.790 20.491 18.235 17.857 17.616 17.116 15.480 16.496 16.444 17.703 18.049 18.913
2.225 2.663 2.713 2.241 2.584 2.836 2.805 2.227 1.844 1.792 2.113 2.089 1.793 2.056 1.827 1.735 2.101 2.315 2.236 1.883 1.799 1.618 1.484 1.207 1.067 1.143 1.484 1.630 1.716 1.915 2.095 2.467 2.386 2.684 2.571 2.517 2.225 1.944 1.975 1.951 1.620 1.376 1.563 1.481 1.160 1.140 0.852 0.539 0.000 0.534 0.738 1.055 1.305 1.596 2.070 2.941 4.038 6.630 9.027 13.002 19.218 20.867 25.359 26.330 26.846 28.777 28.402 28.015 26.782 26.474 25.225 24.885 27.346 21.403 22.640 18.010 20.571 20.704 21.244 22.120 22.216 22.094 19.289 17.988 17.460 17.378 16.473 15.403 16.193 16.212 18.076 17.670 18.629
1.487 1.893 1.968 1.726 2.071 2.257 2.229 1.857 1.627 1.424 1.695 1.713 1.516 1.688 1.413 1.303 1.526 1.749 1.611 1.313 1.125 1.029 0.950 0.797 0.691 0.720 1.049 1.050 1.143 1.199 1.400 1.644 1.614 1.835 1.883 1.919 1.624 1.415 1.482 1.521 1.251 1.160 1.400 1.357 1.111 1.263 1.113 0.827 0.512 0.000 0.513 0.716 0.898 1.186 1.618 2.492 3.793 6.615 9.283 13.422 19.139 20.690 26.919 27.270 27.312 27.361 26.750 27.234 25.646 28.079 26.882 23.063 26.073 20.078 20.670 21.928 19.827 21.665 20.857 21.809 21.904 21.696 19.146 17.664 17.082 16.416 16.039 14.818 15.838 15.581 17.763 17.280 18.767
1.415 1.628 1.674 1.587 1.872 2.055 2.112 1.709 1.535 1.376 1.584 1.651 1.537 1.568 1.402 1.157 1.366 1.416 1.394 1.196 1.010 0.804 0.821 0.661 0.669 0.778 1.084 0.956 0.963 1.150 1.215 1.336 1.413 1.425 1.541 1.515 1.395 1.187 1.281 1.347 1.122 1.048 1.270 1.318 1.165 1.364 1.272 1.000 0.693 0.502 0.000 0.509 0.683 1.010 1.452 2.239 3.430 6.599 9.958 13.744 20.536 22.402 26.411 27.239 28.923 27.471 28.288 27.527 26.765 27.713 26.049 25.076 25.692 22.928 22.035 20.186 19.167 17.508 19.486 20.330 22.700 22.226 19.174 17.745 16.523 16.530 16.530 15.193 16.027 16.371 18.080 17.910 18.520
1.391 1.720 1.861 1.785 2.124 2.365 2.352 2.010 1.809 1.558 1.803 1.868 1.584 1.665 1.311 1.198 1.441 1.542 1.408 1.098 0.900 0.715 0.741 0.685 0.744 0.937 1.156 1.088 1.102 1.140 1.244 1.478 1.477 1.671 1.645 1.737 1.621 1.328 1.426 1.504 1.252 1.215 1.447 1.546 1.333 1.680 1.646 1.340 0.939 0.709 0.512 0.000 0.522 0.788 1.223 2.160 3.542 6.625 9.817 13.729 19.978 22.413 27.176 26.484 27.330 27.474 27.999 27.659 28.017 27.713 27.267 26.952 25.104 24.414 21.280 21.534 20.832 21.559 20.641 21.445 23.830 22.116 19.897 18.476 17.144 16.571 16.130 15.130 16.013 15.943 17.687 17.606 18.193
1.474 1.823 1.948 2.125 2.402 2.729 2.801 2.386 2.111 1.851 2.058 2.257 1.954 2.004 1.545 1.281 1.564 1.618 1.491 0.995 0.884 0.887 0.866 0.919 1.018 1.230 1.439 1.419 1.306 1.385 1.452 1.797 1.833 2.010 1.962 2.109 1.959 1.577 1.831 1.953 1.591 1.534 1.900 1.928 1.608 2.016 2.024 1.587 1.236 0.959 0.729 0.527 0.000 0.529 1.034 1.985 3.277 6.234 9.278 12.626 19.370 21.564 27.268 27.390 27.771 27.828 28.237 27.559 27.964 27.743 27.024 26.541 26.179 23.662 25.198 20.625 23.090 19.954 20.798 20.958 24.283 23.799 20.245 19.071 17.913 17.382 16.428 15.440 16.541 15.960 18.071 17.724 18.671
2.040 2.580 2.922 2.735 3.346 3.856 3.803 3.323 3.066 2.554 3.096 3.321 2.770 2.988 2.191 1.841 1.844 2.057 1.798 1.301 0.945 1.093 1.122 1.393 1.528 1.864 2.121 2.098 1.892 1.971 2.028 2.361 2.596 2.874 2.679 2.846 2.686 2.245 2.387 2.542 2.246 2.169 2.546 2.615 2.343 2.878 2.867 2.671 1.987 1.800 1.293 1.044 0.569 0.000 0.595 1.570 2.935 6.546 9.150 12.329 18.461 19.809 26.809 25.549 28.079 28.079 28.576 28.376 28.250 27.675 27.239 26.702 26.030 25.261 23.302 23.278 22.360 22.811 21.309 21.833 24.042 23.574 20.228 19.801 18.444 18.686 17.756 15.865 16.471 17.004 17.916 17.927 18.381
4.173 4.964 5.219 5.051 6.482 7.001 7.776 7.094 6.815 5.642 5.819 6.563 5.818 5.174 4.020 3.665 3.038 3.327 3.027 1.910 2.042 2.823 2.467 2.932 3.922 4.489 4.320 4.313 3.372 3.900 3.721 4.657 5.339 6.014 6.377 6.488 5.847 5.298 6.314 6.376 5.614 5.667 6.883 6.834 6.331 7.474 7.907 7.080 5.542 4.369 3.231 2.274 1.728 0.680 0.000 1.129 2.787 6.510 9.298 12.610 17.821 20.671 26.336 26.242 28.177 28.102 28.623 28.991 28.219 27.579 26.776 27.125 27.354 24.718 25.860 23.268 23.340 22.790 23.287 23.728 24.728 24.916 21.848 19.873 18.829 18.602 17.821 16.166 16.592 16.754 17.988 17.502 18.417
7.400 10.264 11.478 10.723 13.468 13.885 14.752 12.779 9.829 8.854 11.373 11.741 9.355 9.897 6.965 4.914 5.960 7.292 5.389 3.707 4.845 5.615 7.040 8.296 7.132 7.944 10.627 11.456 11.624 10.696 11.194 13.927 14.443 15.891 15.172 16.057 14.946 11.927 12.833 13.824 11.667 9.397 11.637 12.319 9.942 11.296 10.476 9.138 7.898 7.207 5.091 5.710 3.442 2.838 1.105 0.000 1.681 5.507 9.339 12.515 16.762 19.155 24.970 25.234 27.407 27.832 28.048 28.546 27.586 27.539 26.912 27.441 27.648 25.193 24.745 24.081 24.006 23.660 23.307 24.245 25.316 25.491 23.960 22.324 20.931 21.012 18.649 17.317 17.520 18.815 18.800 18.085 19.423
13.056 15.546 19.315 20.060 23.162 24.506 25.029 24.061 23.763 21.874 23.451 24.122 23.097 21.932 19.614 16.563 12.883 13.283 8.767 8.414 7.873 11.681 13.229 16.023 17.014 19.422 20.153 19.004 18.164 15.701 15.472 17.629 16.841 17.485 16.354 17.982 18.118 15.587 16.999 18.443 18.231 18.234 20.099 21.237 21.121 23.044 23.901 23.159 21.249 19.894 17.482 16.124 11.570 7.973 4.854 1.417 0.000 2.610 8.220 10.222 16.772 18.986 25.724 25.768 27.897 27.829 28.247 28.370 28.430 28.636 28.095 28.005 27.797 26.854 25.638 24.518 23.861 23.394 22.736 23.957 23.962 24.237 23.377 22.112 21.746 21.889 20.382 18.524 18.745 19.546 20.072 18.974 20.163
18.412 18.411 21.679 23.109 25.410 26.512 26.865 26.592 26.826 24.821 25.444 26.796 26.133 24.653 21.826 19.430 15.235 15.096 11.190 12.652 14.392 20.297 22.243 25.310 25.898 26.488 26.814 26.607 26.689 25.235 24.037 25.601 25.628 24.861 24.352 25.373 25.769 24.358 24.619 26.093 25.988 25.741 25.921 26.826 26.336 27.336 27.041 27.033 27.062 26.051 24.172 22.840 16.859 12.974 8.408 4.773 2.291 0.000 1.338 3.830 6.304 10.361 14.491 18.272 20.429 22.175 23.685 24.080 25.486 25.884 25.689 24.993 24.142 24.083 22.984 23.027 20.592 21.463 20.034 21.650 22.085 22.745 22.274 21.028 20.529 20.627 19.463 18.696 19.146 20.293 20.729 20.351 21.421
20.482 20.890 23.104 24.106 26.270 27.300 27.836 27.129 27.625 25.949 26.105 27.297 27.100 25.424 23.196 21.407 18.285 16.961 14.234 16.362 16.964 22.215 23.080 27.247 27.274 27.737 27.793 27.638 28.202 26.212 25.621 26.848 26.520 26.838 25.337 27.069 27.440 25.876 26.620 27.584 27.068 26.944 27.563 27.975 27.830 28.156 28.139 28.851 27.755 28.509 25.584 25.791 20.637 14.196 10.482 7.369 3.970 1.165 0.001 1.209 3.483 6.678 9.689 12.137 15.265 16.382 18.537 19.245 20.872 21.689 21.725 21.575 19.920 20.608 19.588 20.150 17.868 18.846 18.753 18.560 20.508 20.934 19.953 19.337 18.491 18.626 17.835 17.770 18.438 19.671 20.097 19.676 20.883
21.192 21.672 22.813 23.681 25.439 26.656 27.150 26.480 26.858 25.442 25.661 27.196 27.021 25.014 24.122 22.792 19.371 18.375 15.672 17.597 18.149 23.308 23.601 26.024 27.121 28.574 27.921 28.043 27.434 25.705 25.591 26.441 26.579 26.589 25.622 26.546 27.346 26.509 26.089 27.330 27.791 27.358 27.235 28.267 28.033 28.517 28.594 28.345 28.713 27.434 25.710 24.595 21.542 15.798 10.862 8.172 5.074 3.323 0.866 0.000 1.108 3.090 4.201 5.990 7.524 8.998 11.327 11.952 12.347 13.558 14.146 13.421 12.571 14.461 15.620 14.359 13.793 14.186 15.149 15.323 16.216 16.986 16.782 16.247 15.707 16.775 16.727 16.252 17.198 17.720 18.467 18.293 18.366
23.057 23.079 22.980 23.955 25.735 25.884 27.209 26.676 27.399 25.516 25.808 27.316 26.659 25.541 25.409 24.120 19.403 18.575 15.686 18.887 19.372 24.495 25.596 27.125 27.260 27.983 28.295 27.913 28.042 26.604 26.844 26.438 25.642 26.293 24.580 26.441 27.209 26.079 25.730 27.474 27.460 27.270 27.620 28.393 28.499 28.911 29.227 29.168 27.942 28.215 25.377 26.431 23.084 17.402 12.027 9.070 6.337 4.271 2.616 0.786 0.001 0.849 1.426 2.378 2.956 4.033 5.188 6.128 6.109 7.369 7.237 6.236 6.546 7.551 10.179 8.141 8.634 9.146 10.066 10.103 11.094 12.322 11.429 11.702 11.255 13.250 13.838 13.312 15.034 15.066 17.179 17.254 17.144
21.933 21.218 21.334 21.659 25.217 25.308 26.286 25.841 26.082 24.469 24.764 26.172 26.520 24.713 25.318 23.816 19.257 18.775 16.425 19.425 18.589 23.915 25.900 26.510 26.628 26.827 27.256 27.838 27.250 24.666 26.111 27.423 26.433 26.333 24.513 26.153 27.101 25.554 26.077 27.463 27.040 26.426 27.416 28.451 27.879 28.903 28.828 27.916 27.105 27.008 26.824 26.229 23.993 17.329 13.097 9.554 7.178 4.870 2.980 1.405 0.595 0.000 0.580 0.955 1.420 1.781 2.416 2.451 3.619 4.434 4.192 3.483 3.001 3.939 4.155 4.617 4.275 5.526 6.300 6.667 7.887 8.675 8.633 9.398 9.633 11.874 12.994 12.627 14.456 14.976 16.335 16.223 16.480
22.961 22.886 22.046 23.501 25.762 25.034 26.270 26.765 25.730 25.394 25.538 26.352 26.305 25.425 25.219 24.264 19.028 18.820 16.226 18.849 19.639 24.888 26.023 26.932 27.712 27.108 27.195 28.366 27.534 25.940 26.173 26.348 26.627 25.403 24.801 26.168 27.444 26.062 26.099 27.927 27.483 26.150 28.048 28.511 27.957 27.919 28.337 28.523 27.866 28.344 28.014 26.827 24.091 18.329 14.193 10.688 7.250 5.391 3.790 2.050 1.063 0.554 0.001 0.546 0.799 1.088 1.481 1.779 2.457 3.163 3.331 2.472 1.979 2.310 2.428 2.703 2.808 3.834 5.101 5.787 7.166 6.711 7.282 8.098 8.802 10.896 12.259 12.037 13.949 14.299 16.065 15.958 16.382
22.726 21.695 20.731 23.647 24.387 25.349 26.127 25.649 26.433 26.499 24.909 25.694 27.104 23.022 25.183 24.951 18.751 19.042 16.131 19.481 20.003 24.404 25.319 27.060 26.669 27.564 27.255 27.002 27.435 25.880 26.401 26.738 25.657 24.379 23.170 24.919 26.546 23.894 25.291 27.593 26.869 24.076 28.038 28.277 26.861 28.130 28.283 28.299 26.322 26.285 27.103 26.552 24.052 18.472 13.761 10.139 7.197 5.264 3.684 1.958 1.306 0.797 0.520 0.000 0.528 0.704 1.007 1.246 1.827 2.505 2.657 1.888 1.605 1.693 1.935 2.284 2.135 3.345 3.706 4.431 5.794 7.111 6.464 7.650 8.314 10.286 11.967 11.741 13.854 14.203 15.960 15.614 16.277
23.463 22.568 21.613 23.545 24.304 24.485 25.171 24.602 26.203 25.155 24.349 25.980 26.854 25.315 25.042 23.948 18.246 18.937 16.173 18.459 20.016 24.520 24.326 26.448 27.638 27.177 27.761 27.960 27.131 25.641 26.908 25.276 26.019 25.038 24.541 25.515 26.591 26.231 26.763 28.019 27.184 26.086 27.584 28.153 28.578 28.168 28.656 29.290 28.661 28.006 27.221 26.093 24.241 18.119 14.583 10.774 7.211 5.833 4.185 2.521 1.608 1.081 0.804 0.511 0.000 0.518 0.776 1.052 1.509 2.170 2.254 1.572 1.293 1.386 1.632 1.803 1.849 2.504 3.573 4.321 5.080 5.312 5.962 7.055 7.953 10.224 11.435 11.449 13.318 13.837 15.533 15.434 16.280
22.569 20.774 19.741 22.775 23.229 22.775 25.328 24.756 26.388 26.810 24.882 25.289 27.253 22.666 25.318 23.621 19.130 18.858 16.418 19.048 19.501 24.443 24.704 26.879 25.764 26.956 27.375 26.590 27.338 24.233 25.624 25.785 25.058 23.305 23.605 24.935 26.322 23.768 23.286 26.768 27.052 26.330 25.998 27.593 27.840 27.637 26.036 28.290 28.550 28.575 27.380 26.727 24.413 18.420 14.243 9.981 7.144 5.870 4.311 2.807 1.963 1.338 0.990 0.752 0.514 0.000 0.534 0.873 1.386 1.959 2.162 1.576 1.312 1.644 1.822 2.007 2.079 3.004 3.492 4.135 5.342 6.718 6.765 7.811 8.427 10.523 11.808 11.621 13.740 14.222 15.949 15.914 16.300
23.646 21.447 20.781 22.084 23.424 23.985 25.461 25.631 26.562 26.166 25.506 26.383 27.067 24.252 25.416 24.378 19.000 19.009 16.015 18.839 19.366 24.934 25.639 26.223 26.787 28.378 28.182 27.711 27.668 26.123 25.478 24.812 25.227 24.302 24.496 25.554 26.482 26.380 25.485 27.592 26.360 25.583 26.269 27.877 28.242 28.317 28.830 29.003 28.651 27.919 26.284 25.517 24.262 18.189 14.396 10.829 7.943 6.203 5.105 3.937 3.113 2.163 1.692 1.188 0.928 0.545 0.000 0.554 1.048 1.791 2.047 1.425 1.397 1.683 1.916 2.515 2.425 3.388 4.367 5.155 5.678 6.720 6.874 7.847 8.212 10.504 11.927 11.642 13.464 14.078 15.475 15.484 16.053
22.927 21.965 21.197 21.891 23.688 24.457 25.738 25.340 26.204 24.111 24.790 25.918 26.517 23.908 25.415 24.301 20.513 20.769 17.178 20.776 20.400 23.986 25.517 26.424 28.177 27.993 28.363 27.650 27.813 25.927 26.444 25.567 25.834 25.068 25.361 26.265 27.320 25.239 25.603 27.020 27.637 27.024 27.283 28.812 28.206 27.702 28.816 28.918 27.556 28.182 26.218 26.143 24.323 19.029 15.473 12.197 10.818 8.399 6.560 5.469 4.207 3.274 2.514 1.923 1.412 0.977 0.580 0.000 0.642 1.330 1.808 1.677 1.542 2.340 2.924 3.254 3.672 5.168 5.819 7.268 8.646 9.672 9.084 10.034 9.802 12.175 12.740 13.146 15.020 15.151 16.736 16.683 17.508
23.073 20.852 21.052 22.357 24.024 24.616 25.365 25.357 26.685 25.411 24.607 25.363 26.138 23.696 24.695 23.675 19.968 19.798 17.262 20.229 20.411 25.587 24.545 27.173 28.041 28.438 28.390 27.841 27.875 26.234 25.842 25.658 26.080 25.630 25.013 25.395 26.732 26.516 25.689 26.761 27.714 27.304 27.360 27.079 28.398 29.166 28.330 27.906 27.374 28.241 26.414 26.049 24.643 19.736 16.893 14.829 13.783 12.081 9.292 8.118 6.084 5.489 4.077 3.603 2.580 1.878 1.437 0.817 0.000 0.724 1.366 1.783 2.060 3.244 3.889 4.943 5.181 6.588 7.699 8.209 9.101 10.426 10.872 11.417 11.112 12.755 14.125 13.844 15.779 16.153 17.461 17.113 17.661
23.138 21.476 21.661 22.306 23.125 25.123 25.741 25.741 26.666 25.420 25.298 26.883 26.289 25.110 24.939 23.600 20.101 20.009 18.115 20.291 20.621 25.225 24.637 26.620 28.039 28.336 27.720 27.087 27.309 26.622 26.288 26.197 25.291 25.268 24.847 26.283 25.741 26.706 26.271 26.664 27.238 26.857 27.405 27.303 27.437 27.819 28.641 28.490 27.537 28.606 26.942 26.065 24.403 20.682 17.539 17.097 15.687 13.117 11.428 10.242 8.476 7.394 5.835 5.380 3.828 3.115 2.064 1.420 0.635 0.000 0.807 1.579 2.455 3.141 3.952 4.855 5.612 6.657 8.303 9.623 10.374 11.360 11.055 11.669 11.526 13.000 14.517 14.324 16.213 16.399 17.852 17.587 18.290
21.563 21.096 20.548 22.138 22.570 23.608 24.213 23.919 24.989 24.156 24.319 25.663 25.744 23.494 23.680 23.530 19.497 19.696 17.548 19.545 20.444 24.356 23.988 26.171 26.728 28.243 27.911 27.328 27.279 26.369 25.833 26.556 26.211 26.047 24.825 25.645 25.945 26.263 25.197 26.519 27.677 26.799 27.499 27.291 28.094 28.773 28.717 28.364 27.442 27.882 26.109 25.070 23.981 20.186 18.064 16.803 15.488 13.543 11.299 10.576 9.262 8.542 7.556 6.574 5.592 4.317 3.471 2.349 1.483 0.696 0.000 0.959 1.878 2.943 3.568 4.266 4.633 6.032 7.596 8.794 9.572 10.764 10.097 10.383 10.786 12.939 13.811 13.747 15.514 15.973 17.554 17.460 17.615
21.532 20.386 20.961 21.721 21.875 23.985 24.971 24.496 25.721 21.731 25.197 26.712 27.050 23.238 23.227 22.894 18.199 18.683 16.120 18.696 18.904 23.799 24.010 26.706 26.189 26.914 28.288 27.240 26.794 26.071 25.416 24.482 25.465 24.607 24.882 26.103 26.301 25.568 25.345 26.653 27.384 25.590 26.822 27.582 26.758 27.687 27.792 28.018 26.083 27.629 26.388 25.067 23.676 17.624 14.660 13.018 11.475 9.663 7.720 5.837 5.113 3.982 3.580 3.216 2.774 2.564 2.424 1.851 2.195 1.757 1.152 0.000 0.695 1.732 2.647 4.063 4.277 5.809 6.058 7.373 8.487 9.305 9.741 10.251 10.678 12.304 13.412 13.049 14.629 15.800 17.353 16.869 17.399
21.499 21.275 21.271 21.518 22.181 25.528 25.411 24.253 26.119 26.973 24.842 24.422 24.108 23.723 23.554 22.537 17.250 17.640 15.925 17.969 18.749 23.258 22.401 24.325 25.394 26.161 26.998 26.695 25.674 24.525 24.464 24.307 23.221 24.981 22.874 24.662 24.734 25.323 24.924 26.945 27.866 26.717 26.544 27.323 26.303 25.895 26.537 24.821 26.110 24.189 26.437 21.804 23.174 18.773 14.183 10.307 8.351 6.740 5.296 4.273 3.582 3.027 2.530 2.391 2.013 1.974 1.667 1.547 1.789 1.908 1.433 0.546 0.000 0.553 0.837 1.333 1.667 2.320 2.686 3.291 4.183 5.187 5.613 6.861 7.713 9.867 10.691 10.875 13.059 13.660 15.381 15.323 16.662
21.791 21.960 20.599 22.590 23.932 23.890 25.508 22.725 26.239 24.726 25.308 25.319 25.531 23.323 22.299 22.735 16.786 17.870 15.041 17.525 19.155 22.530 23.509 24.670 23.045 26.816 26.833 26.318 25.449 23.540 23.393 23.873 23.712 24.420 21.832 24.546 25.487 21.788 24.334 25.188 24.940 23.665 26.527 25.997 26.354 27.674 28.092 26.423 27.066 24.854 25.855 23.225 22.760 18.279 14.539 10.665 8.741 7.087 5.738 5.193 4.304 3.939 3.262 3.212 2.776 2.560 2.140 1.780 2.158 2.346 2.189 1.041 0.604 0.000 0.602 1.152 1.736 2.157 2.970 3.554 4.610 5.653 5.761 6.835 7.284 9.181 10.229 10.740 12.766 14.003 15.675 15.216 15.767
24.757 21.600 22.854 24.134 23.701 24.332 26.735 24.741 25.875 25.850 25.266 26.557 25.065 23.848 23.028 25.561 17.957 19.164 15.276 19.064 18.355 24.598 22.741 22.932 24.646 25.641 27.348 26.138 25.561 23.964 24.487 25.144 22.914 24.408 23.540 23.468 25.451 24.029 26.162 26.580 26.715 27.602 27.085 27.254 26.246 26.759 27.661 27.586 26.001 24.384 25.125 21.632 22.225 17.656 13.442 10.675 7.769 6.218 4.847 4.356 3.796 3.253 3.219 3.400 2.452 2.420 2.005 1.759 2.042 2.393 2.073 1.377 0.960 0.542 0.000 0.517 0.764 1.122 1.488 1.969 2.546 3.466 3.579 5.493 6.865 8.681 9.817 10.366 12.160 13.265 14.626 14.874 16.066
23.123 23.386 22.725 24.678 24.981 24.895 25.356 26.477 25.501 25.122 26.161 26.699 26.479 24.852 23.214 22.952 17.856 18.420 15.761 18.581 19.281 22.750 22.633 24.051 22.620 26.837 26.146 26.378 26.017 23.826 24.756 24.294 22.934 25.881 22.869 25.747 25.292 24.231 24.956 25.695 23.724 24.094 25.719 26.281 24.853 26.347 26.546 27.431 24.300 26.264 24.801 23.236 22.565 18.516 14.300 11.261 8.335 6.332 4.935 4.101 3.699 3.240 2.863 2.654 2.213 2.247 2.008 1.753 2.267 2.635 2.303 1.478 1.282 0.814 0.512 0.000 0.517 0.846 1.369 1.692 2.174 3.495 3.982 5.834 6.971 9.030 10.154 10.662 12.148 13.460 15.081 14.963 15.957
23.448 21.161 22.661 22.586 25.737 24.451 26.924 26.083 26.229 25.112 25.761 27.364 27.047 24.598 24.856 24.195 18.703 20.636 15.891 19.065 19.363 24.239 22.397 23.610 26.427 26.568 27.394 27.446 25.606 23.645 24.697 24.643 22.315 24.806 25.763 25.793 26.004 25.878 25.916 27.187 27.295 26.992 27.909 28.003 27.577 27.211 28.312 27.549 26.233 26.065 25.083 22.423 23.653 17.637 13.625 10.980 8.364 6.724 5.413 4.783 4.583 4.020 3.846 3.559 3.174 2.868 2.735 2.419 2.571 3.022 2.577 1.805 1.546 1.233 0.857 0.533 0.000 0.550 1.153 2.014 2.421 3.332 3.686 5.318 6.257 8.474 9.282 10.388 11.744 12.860 14.916 14.549 15.522
21.375 20.594 19.261 21.940 23.339 23.029 24.115 24.299 25.321 23.399 23.981 23.973 25.547 23.537 23.140 22.342 18.505 18.423 15.149 18.034 19.794 21.605 23.012 24.182 24.511 26.897 26.525 25.202 25.823 23.850 23.054 23.412 22.675 25.813 24.135 25.029 24.685 22.787 24.456 25.012 25.674 25.004 25.786 26.855 25.686 27.263 26.479 27.074 25.180 26.688 24.229 23.780 22.701 17.993 14.341 12.153 9.626 8.123 6.861 5.621 4.967 4.839 4.411 3.982 3.625 3.084 3.719 3.118 3.516 3.909 3.358 2.576 2.305 1.988 1.442 0.992 0.550 0.000 0.672 1.852 2.332 3.448 3.410 5.671 6.370 8.263 9.398 10.147 11.899 13.141 14.791 14.797 15.223
20.563 18.857 20.373 21.950 23.545 22.459 24.822 24.160 24.433 24.939 24.011 24.885 25.754 22.746 23.294 23.137 18.936 18.289 15.862 18.615 19.634 22.419 22.150 24.651 26.064 27.030 27.019 26.354 24.981 23.293 23.517 22.785 19.787 22.873 25.036 24.089 24.351 22.850 24.316 25.104 26.154 24.070 25.514 26.100 26.898 26.094 26.297 26.905 26.466 26.717 25.446 23.148 22.343 19.008 16.328 15.030 12.690 11.225 9.658 9.281 9.571 9.766 9.480 9.669 8.391 8.616 7.875 7.100 6.876 7.249 6.214 5.524 5.390 4.548 4.280 2.728 1.997 0.875 0.000 0.846 2.084 3.705 3.862 6.380 6.826 8.909 9.875 10.501 12.128 13.337 15.078 14.697 15.815
21.608 20.687 20.530 22.371 21.973 23.540 24.979 24.755 25.226 24.302 24.204 24.833 26.048 23.429 24.040 23.354 20.081 19.868 16.533 18.925 20.872 23.768 24.704 23.720 27.314 26.690 26.986 27.073 26.520 24.431 25.781 22.677 23.966 26.673 23.352 24.914 26.169 25.152 24.518 26.695 26.717 25.829 25.725 26.566 26.657 27.237 26.979 27.599 26.652 27.546 25.534 23.391 23.161 19.297 16.476 15.378 13.726 12.539 10.904 10.128 9.536 9.552 9.023 9.075 8.306 8.635 8.617 8.108 8.327 9.042 8.004 6.912 5.858 5.880 4.412 3.870 2.770 1.583 0.910 0.000 0.679 1.671 3.103 4.573 5.860 7.800 9.113 9.967 11.640 13.090 15.030 14.658 14.965
20.913 20.841 19.590 21.132 21.189 22.221 24.284 22.947 23.398 23.569 22.273 24.730 24.572 22.709 23.460 23.307 19.287 17.875 16.059 19.117 20.534 23.810 23.274 24.168 25.223 26.929 27.576 26.454 26.875 24.485 24.073 24.346 28.374 26.144 20.463 24.932 24.702 25.916 24.947 26.388 26.759 25.138 26.187 27.431 27.331 27.210 26.992 27.412 26.409 26.897 25.364 23.699 23.284 19.141 15.346 14.598 13.525 12.680 11.235 10.852 10.356 10.669 10.178 9.866 9.481 8.751 9.336 8.815 8.844 9.731 8.609 7.884 6.531 6.237 5.286 4.678 3.017 2.287 1.440 0.576 0.000 0.877 1.810 3.830 5.066 6.983 9.145 10.000 11.715 12.631 14.663 14.978 15.641
20.491 21.113 20.061 20.998 22.070 22.456 24.217 23.709 24.226 23.384 22.364 24.480 24.538 23.010 23.058 22.788 19.246 18.333 17.097 18.647 20.692 23.193 22.644 24.927 25.158 25.740 25.982 26.020 26.358 23.534 24.242 23.201 22.970 27.324 21.804 24.172 25.345 23.859 23.938 25.929 25.669 25.646 26.213 26.446 26.150 25.922 25.174 26.309 26.688 26.367 24.367 24.196 22.974 19.234 16.805 16.098 16.107 15.796 14.208 14.262 13.958 14.685 14.392 14.557 14.373 14.671 14.909 14.072 15.146 14.987 14.059 13.261 12.517 11.571 10.984 9.305 6.960 5.525 3.963 1.973 0.706 0.000 1.278 3.436 4.683 6.360 8.084 8.864 10.821 12.432 14.431 14.746 15.646
20.313 19.737 20.042 21.238 22.480 23.798 25.505 24.555 24.869 23.380 23.811 25.175 24.850 24.031 23.445 22.153 19.643 18.690 18.146 18.586 19.798 22.601 23.514 25.043 24.766 26.042 26.241 26.018 26.066 23.695 24.082 24.264 23.012 22.552 17.328 23.065 25.192 23.107 23.517 24.267 24.562 25.337 25.320 26.094 25.603 27.088 26.905 26.906 26.235 27.730 25.164 25.129 22.939 21.058 18.846 17.942 17.599 17.809 17.405 18.162 17.735 19.193 18.848 18.646 18.587 18.231 18.650 17.630 18.207 17.809 16.818 16.587 15.801 15.194 13.723 11.423 9.331 6.905 4.410 2.740 2.107 0.979 0.000 1.024 2.539 4.922 6.738 7.448 10.436 11.701 14.145 14.361 15.544
19.497 18.995 20.207 21.316 23.074 24.161 25.685 25.155 25.400 23.626 23.844 25.420 25.274 24.227 24.114 22.134 20.486 19.164 18.681 19.482 20.335 22.200 23.496 25.060 25.341 25.622 26.030 25.898 25.677 22.965 23.493 22.575 21.534 20.986 19.508 22.888 22.519 21.526 23.172 25.497 25.364 25.255 26.225 26.369 26.226 26.895 26.764 26.633 26.181 26.216 24.514 24.883 22.447 21.559 19.799 18.732 18.245 18.791 18.816 20.417 20.162 21.165 22.079 21.137 21.960 21.524 22.549 21.735 21.780 21.709 20.799 20.529 19.291 19.260 16.953 15.557 11.235 8.648 6.286 5.484 5.232 2.758 0.840 0.000 1.375 3.822 5.712 6.923 9.820 11.408 13.688 14.154 15.684
20.453 18.095 20.598 22.749 24.355 25.492 27.012 26.597 26.587 25.385 25.376 26.626 26.531 25.887 25.361 23.779 21.973 20.468 18.435 20.706 20.190 23.174 23.920 25.113 25.483 26.459 26.335 25.737 25.781 24.492 23.533 23.235 22.065 22.011 19.012 22.918 24.239 23.135 23.701 25.476 25.417 25.101 26.171 26.611 26.729 27.532 27.781 27.746 27.093 26.992 25.693 25.196 23.406 21.777 20.497 19.335 19.486 20.183 20.582 21.822 22.448 23.142 23.899 23.749 24.494 24.074 24.601 24.289 24.576 24.511 23.525 22.947 21.826 21.566 19.950 16.876 13.666 9.757 7.054 6.418 5.901 5.207 3.845 1.110 0.001 1.283 3.584 5.602 8.716 11.332 13.331 14.132 15.366
20.435 19.050 21.444 24.259 25.254 26.335 27.015 26.311 26.532 25.429 25.711 26.435 26.614 25.811 25.106 24.120 22.625 20.955 19.766 20.842 20.471 22.486 23.623 24.999 24.774 26.081 26.589 25.531 25.393 23.770 23.283 24.131 22.678 21.775 19.361 22.545 23.834 22.247 23.200 24.877 24.801 24.832 26.143 26.802 26.013 27.717 27.294 27.102 26.105 26.489 25.071 25.274 23.631 22.254 20.941 19.464 20.209 21.435 21.172 23.041 23.384 24.140 24.664 24.151 25.178 24.161 25.360 24.755 25.085 25.379 24.268 23.721 23.420 23.065 20.813 17.317 13.674 10.426 8.620 8.701 10.475 8.970 5.198 3.668 1.055 0.001 1.521 4.256 6.892 10.550 13.443 13.755 15.284
20.356 19.045 21.341 23.873 25.509 26.445 27.238 26.757 26.749 25.651 26.247 26.946 26.778 25.927 25.165 24.130 22.258 20.876 18.283 20.504 19.546 21.664 22.450 23.887 24.543 25.500 25.663 25.027 24.151 22.693 22.327 22.434 21.536 21.300 19.489 22.399 23.361 22.460 22.929 24.693 24.635 24.683 26.053 26.295 25.982 27.319 27.476 27.006 26.171 26.130 24.477 24.482 22.704 20.801 19.924 18.331 19.546 20.534 20.403 22.190 22.803 23.849 24.888 24.762 25.753 25.504 26.557 26.206 26.536 26.760 25.946 25.070 24.486 23.995 21.693 18.561 15.670 11.711 10.929 11.598 13.596 11.941 7.747 6.043 3.306 1.443 0.001 1.486 3.750 6.041 8.510 9.782 11.956
19.757 19.391 22.174 24.176 25.916 26.955 27.839 27.530 27.529 26.194 26.710 27.587 27.170 26.901 25.918 24.680 23.294 20.853 18.606 20.504 19.860 21.672 22.933 24.830 25.005 26.038 26.255 25.522 25.144 23.256 22.601 23.371 22.911 22.499 21.575 24.240 24.484 23.209 24.169 25.556 25.721 25.558 26.795 27.135 27.000 27.717 27.874 27.764 27.000 26.830 25.386 25.354 23.190 21.921 21.206 20.023 20.919 21.896 21.522 23.517 24.050 25.077 26.107 26.590 27.248 27.198 27.566 27.655 27.716 27.871 27.512 27.190 26.223 25.890 23.582 21.483 18.168 14.753 13.261 15.181 17.662 16.535 13.163 9.805 6.227 3.550 1.039 0.001 1.667 3.924 5.877 8.884 11.311
18.923 18.494 21.190 22.998 24.733 25.886 27.106 26.150 25.913 24.950 25.588 26.338 25.691 25.531 24.395 22.887 21.776 20.199 17.690 19.165 17.952 19.003 20.882 22.475 22.501 23.642 24.350 23.027 23.377 20.473 20.484 21.420 20.447 20.619 19.309 21.531 21.973 20.276 21.497 23.314 23.121 22.678 24.520 25.073 24.629 26.204 26.375 25.661 24.422 24.563 22.880 23.514 21.064 20.271 20.062 18.627 19.868 21.075 20.355 22.329 22.852 23.712 25.211 25.008 25.971 25.865 26.921 26.695 27.131 27.493 26.805 25.948 25.099 24.296 22.166 20.086 17.053 14.320 12.747 14.792 17.222 16.605 13.813 10.654 8.358 7.220 3.551 1.249 0.002 1.199 2.942 5.400 7.964
19.539 19.542 21.687 23.568 25.109 25.677 26.746 25.906 25.651 24.597 25.260 25.961 25.057 25.157 24.105 22.759 22.059 20.740 18.488 18.812 17.720 19.068 19.407 21.545 21.959 23.536 23.783 22.840 22.392 19.891 20.009 20.349 20.388 20.546 19.271 21.699 21.712 19.816 20.646 22.694 22.699 22.778 23.986 24.482 24.141 25.711 25.890 25.270 23.783 23.851 22.594 22.793 20.742 19.983 19.934 19.198 20.298 21.897 20.955 22.570 22.435 23.636 25.058 24.598 25.476 25.527 26.635 26.389 26.384 26.915 26.316 25.994 24.945 24.907 22.365 20.823 17.015 15.420 13.096 14.957 16.975 17.337 14.646 11.027 9.613 7.623 5.000 3.083 1.031 0.002 1.528 4.395 4.992
19.373 19.573 21.801 23.026 24.756 25.815 26.822 25.873 25.891 24.447 25.135 26.235 25.375 24.822 24.417 22.548 21.655 20.549 18.619 18.956 17.977 19.425 20.292 22.075 21.866 23.818 24.352 23.218 23.565 20.226 20.153 20.812 20.575 20.710 19.187 22.016 21.791 20.090 21.328 23.590 23.018 22.913 24.652 25.213 24.848 26.234 26.285 25.646 24.671 24.544 22.146 22.618 20.389 19.688 19.685 19.209 20.507 21.998 21.105 22.473 22.625 23.390 24.227 24.371 25.253 25.398 26.492 26.443 26.613 27.249 26.605 25.968 24.638 24.282 22.066 20.795 17.955 16.062 13.788 15.978 17.745 17.723 15.642 12.107 10.726 9.186 7.936 6.217 3.483 1.039 0.001 1.420 3.955
19.305 19.740 22.101 23.141 25.084 26.312 27.006 26.390 26.192 24.798 25.410 26.425 25.414 25.061 23.948 22.059 21.620 20.854 18.663 18.682 17.873 19.051 19.847 22.107 21.965 23.742 24.230 23.298 23.561 20.878 20.549 22.018 20.461 20.370 19.554 21.645 21.515 21.058 22.155 23.576 23.149 23.161 25.193 25.526 24.659 26.356 26.731 25.589 24.643 24.004 22.057 22.499 20.682 20.067 20.123 19.425 20.819 21.945 21.046 22.276 22.876 23.566 24.614 24.668 25.497 25.363 26.596 26.511 27.012 27.533 26.903 25.520 25.373 24.332 22.815 21.434 19.835 17.243 15.166 16.449 17.733 18.446 16.847 14.133 12.988 12.843 11.981 8.949 5.687 4.104 1.126 0.003 1.519
18.910 19.222 22.251 23.762 25.396 26.660 27.279 26.514 26.406 25.034 26.064 26.936 26.074 25.877 24.957 22.874 22.148 20.715 18.241 18.489 17.667 18.355 20.249 21.991 21.778 24.610 24.734 23.658 23.087 20.939 20.581 20.333 20.542 19.747 19.058 21.382 21.557 19.625 21.178 23.594 22.245 21.842 24.794 25.302 24.563 26.132 26.694 26.250 24.991 25.081 22.450 22.773 20.756 19.200 19.155 19.581 20.350 22.107 21.375 22.480 22.978 24.181 25.183 25.558 26.248 25.608 26.737 26.817 27.140 27.434 27.350 26.408 26.010 25.032 23.667 21.087 18.272 16.719 15.556 16.558 17.638 18.671 17.445 15.119 14.179 14.458 13.272 9.827 7.182 6.485 3.742 1.304 0.012
