0.000 0.777 1.439 2.605 2.284 3.221 2.729 2.219 3.184 3.181 2.752 2.725 2.862 2.720 2.886 3.430 3.527 4.088 4.805 5.382 5.455 5.311 5.686 6.484 6.528 6.220 5.767 5.890 6.602 6.618 6.739 6.312 6.240 6.459 5.824 5.523 5.946 5.940 5.770 5.593 6.220 6.121 6.163 6.597 6.188 5.996 5.252 5.616 5.261 4.807 5.471 4.904 6.136 7.386 9.422 11.082 14.183 19.880 22.844 27.201 27.471 28.240 28.817 28.303 29.288 29.003 28.817 28.426 28.213 27.883 26.953 27.556 26.023 25.699 25.805 24.621 25.049 25.397 26.027 25.404 23.452 24.865 22.258 23.194 23.538 22.602 24.297 23.283 23.604 23.723 24.341 24.165 24.756
0.582 0.000 0.562 0.829 1.062 1.454 1.339 1.211 1.554 1.922 2.096 2.444 1.985 2.391 2.624 3.184 3.125 3.384 3.608 3.977 3.855 3.466 4.026 4.491 4.299 4.410 4.025 4.445 4.643 4.619 4.460 4.056 4.258 4.234 3.709 3.602 3.961 3.805 3.509 3.709 4.098 4.043 4.117 3.983 4.182 3.977 3.891 3.886 4.057 4.024 4.287 4.409 5.407 7.088 9.217 11.119 14.486 20.067 23.379 27.592 27.279 29.149 29.094 29.416 29.564 29.344 29.405 28.850 28.802 28.575 28.373 27.897 26.231 27.437 24.831 25.148 25.605 24.628 25.425 24.994 23.180 24.452 21.652 22.430 21.978 22.763 24.029 23.970 25.271 23.674 26.118 25.969 26.052
0.965 0.516 0.000 0.672 0.846 1.356 1.519 1.139 1.448 1.950 2.004 2.480 2.189 2.475 2.730 3.098 3.110 3.270 3.454 3.943 3.930 3.452 3.919 4.456 4.466 4.529 4.299 4.548 4.956 4.758 4.705 4.276 4.381 4.275 3.826 3.748 4.013 3.903 3.435 3.750 4.038 3.731 4.121 3.686 3.751 3.891 3.486 3.854 3.863 3.873 4.104 3.977 5.023 6.364 8.199 10.090 13.081 19.218 22.851 26.973 27.504 28.824 29.033 29.046 29.503 29.145 28.927 29.006 29.011 28.977 28.687 28.580 27.737 27.288 26.576 24.998 25.129 24.828 25.932 24.987 24.116 24.546 22.327 22.832 22.500 22.820 23.882 23.645 25.920 24.831 25.046 25.042 26.769
1.848 1.063 0.711 0.000 0.661 1.064 1.522 1.296 1.485 1.918 2.288 2.567 2.436 2.825 3.087 3.667 3.491 3.825 3.851 4.294 4.093 3.717 3.762 4.483 4.584 4.796 4.705 5.163 5.562 5.277 5.241 4.959 5.000 4.671 4.139 4.140 4.223 4.034 3.400 3.720 3.967 3.638 3.691 3.303 3.495 3.504 3.526 3.954 4.033 4.095 4.657 4.653 5.591 7.143 9.278 11.176 14.060 20.188 23.362 26.916 27.232 28.361 29.059 28.841 29.514 29.278 29.137 28.802 28.731 28.308 28.276 28.240 26.574 26.580 25.405 25.458 25.111 25.029 25.562 24.859 23.953 25.043 22.894 23.261 23.498 23.031 24.150 23.654 25.002 24.683 25.732 25.076 25.746
1.459 1.234 0.838 0.630 0.000 0.540 0.772 0.889 0.986 1.019 1.589 1.791 1.633 2.140 2.349 2.993 2.599 2.896 2.550 2.828 2.650 2.332 2.462 2.972 3.025 3.272 3.273 3.572 3.848 3.779 3.950 3.812 3.722 3.494 3.094 2.857 3.239 2.945 2.503 2.687 3.041 2.671 2.797 2.377 2.305 2.138 2.092 2.370 2.556 2.785 3.093 3.355 4.361 5.891 7.923 10.055 13.314 19.686 22.944 27.162 27.247 28.759 29.461 28.895 28.999 29.253 29.160 29.003 28.237 28.855 27.932 28.365 27.523 25.333 25.137 24.608 24.822 24.594 25.704 25.217 23.543 24.772 22.648 23.143 22.732 22.517 23.704 23.546 25.070 23.541 24.704 24.353 26.147
1.377 1.182 1.093 0.881 0.506 0.000 0.502 0.626 0.704 0.668 0.903 1.006 1.081 1.471 1.740 1.975 1.743 1.906 1.830 2.066 2.007 1.933 2.085 2.478 2.464 2.595 2.464 2.646 2.995 2.897 3.027 2.881 2.846 2.750 2.351 2.238 2.452 2.283 1.930 2.141 2.415 2.156 2.352 2.157 1.955 1.817 1.687 1.659 1.879 1.811 2.125 2.325 3.189 4.281 6.434 8.715 12.349 19.560 22.569 26.290 27.505 28.693 29.525 28.947 29.710 28.273 28.781 28.300 28.132 29.385 28.134 26.989 27.371 26.258 25.686 24.613 24.461 24.161 25.592 24.676 23.406 24.537 22.053 22.775 22.321 21.924 23.406 23.298 24.693 24.025 25.169 24.076 25.076
1.337 1.163 1.172 0.995 0.633 0.494 0.000 0.504 0.601 0.709 0.782 1.007 1.047 1.369 1.675 1.947 1.647 1.911 1.792 2.101 2.053 1.830 2.033 2.471 2.386 2.481 2.323 2.541 2.840 2.811 2.816 2.679 2.735 2.599 2.162 2.126 2.347 2.192 1.822 2.004 2.258 2.023 2.210 1.973 1.891 1.816 1.788 1.712 2.036 1.858 2.188 2.261 3.159 4.272 6.449 9.098 13.063 19.704 22.918 27.371 28.017 28.555 29.765 28.852 28.906 28.828 28.727 28.225 28.170 29.465 28.216 28.307 26.204 26.513 24.055 24.649 24.636 24.796 25.689 23.928 22.859 24.233 21.614 22.173 21.684 22.162 23.475 23.145 23.095 24.038 26.038 24.989 24.115
1.551 1.253 1.323 1.078 0.711 0.598 0.496 0.000 0.515 0.634 0.903 1.090 1.159 1.477 1.796 1.974 1.725 1.965 1.999 2.072 2.069 1.976 2.096 2.482 2.464 2.429 2.362 2.491 2.806 2.686 2.676 2.616 2.631 2.517 2.304 2.223 2.377 2.221 2.020 2.189 2.426 2.203 2.414 2.203 2.124 1.915 1.945 1.933 2.139 2.040 2.301 2.382 3.280 4.519 6.735 8.950 12.803 19.189 22.694 27.603 27.648 29.117 29.283 29.547 29.499 29.245 29.088 28.926 29.036 27.866 27.587 28.249 27.208 26.043 24.976 25.161 25.703 25.324 25.703 25.241 23.970 24.663 22.120 23.141 22.148 23.010 24.261 23.723 25.949 23.462 25.725 23.606 24.747
1.488 1.250 1.292 1.170 0.850 0.749 0.627 0.505 0.000 0.517 0.756 1.009 1.178 1.589 1.909 2.151 2.025 2.281 2.133 2.392 2.387 2.165 2.250 2.735 2.683 2.862 2.637 2.909 3.200 3.115 3.145 2.859 2.993 2.920 2.553 2.504 2.750 2.555 2.195 2.422 2.782 2.446 2.611 2.358 2.297 2.159 2.056 1.982 2.302 2.251 2.444 2.575 3.462 4.930 7.174 9.542 12.920 19.455 22.644 27.233 27.489 29.078 29.254 29.165 29.340 29.208 29.066 28.812 28.869 27.580 26.674 27.558 26.478 27.252 26.115 25.316 24.957 24.900 25.771 24.973 23.776 25.058 22.571 23.466 23.019 23.104 24.136 23.457 25.361 24.778 25.087 25.988 25.090
1.749 1.531 1.503 1.309 0.935 0.855 0.832 0.690 0.521 0.000 0.652 0.790 0.974 1.486 1.761 1.990 1.730 1.966 1.858 2.150 2.043 1.920 2.080 2.522 2.491 2.536 2.527 2.637 3.058 2.916 3.015 2.802 2.968 2.796 2.515 2.387 2.704 2.419 2.098 2.305 2.634 2.260 2.524 2.205 1.962 1.976 1.691 1.711 1.880 1.922 2.172 2.335 3.201 4.370 6.785 9.074 13.519 19.641 23.079 27.238 27.908 28.996 30.018 28.879 29.176 29.142 28.561 28.478 27.982 28.774 27.103 27.367 26.855 25.712 26.147 24.534 25.133 25.059 25.799 25.106 24.135 24.852 22.338 23.416 22.926 22.889 24.157 23.326 25.176 24.567 25.058 25.808 25.232
2.413 2.118 2.089 1.885 1.469 1.181 1.120 1.161 0.809 0.592 0.000 0.592 0.837 1.449 1.924 2.091 1.864 2.306 2.441 2.803 2.832 2.503 2.733 3.359 3.363 3.548 3.484 3.439 4.211 4.033 4.251 4.060 4.202 3.928 3.457 3.436 3.641 3.350 2.913 3.325 3.461 2.923 3.251 2.705 2.529 2.400 2.335 2.330 2.520 2.248 2.450 2.396 3.146 4.281 6.691 9.385 13.864 19.531 22.762 27.599 27.736 29.422 29.121 29.244 29.196 28.815 28.834 28.126 27.835 28.592 27.559 28.603 25.482 26.917 25.914 24.757 24.727 24.628 25.156 24.658 23.848 24.593 22.086 22.583 22.842 22.983 24.174 23.996 26.138 24.328 25.882 23.720 24.547
1.951 1.957 2.014 1.914 1.601 1.404 1.119 1.054 1.000 0.682 0.543 0.000 0.549 0.945 1.302 1.391 1.130 1.338 1.519 1.750 1.818 1.905 2.135 2.423 2.335 2.241 2.139 2.079 2.466 2.536 2.707 2.551 2.805 2.638 2.308 2.461 2.679 2.395 2.222 2.573 2.818 2.471 2.783 2.708 2.425 2.049 1.906 1.611 1.561 1.466 1.580 1.963 2.643 3.915 6.592 9.215 13.412 19.977 22.639 27.146 28.181 28.762 29.346 29.340 29.107 28.832 29.297 28.510 28.009 28.541 27.526 27.924 27.070 26.575 26.093 25.799 25.328 25.030 25.884 24.660 24.458 24.665 21.437 22.850 22.935 22.546 24.346 23.811 25.334 25.456 26.624 25.431 25.346
1.615 1.781 1.812 1.991 1.592 1.421 1.104 1.228 1.266 0.959 0.872 0.520 0.000 0.534 0.777 1.055 0.862 1.174 1.251 1.458 1.547 1.544 1.794 2.048 1.940 1.890 1.788 1.839 2.125 2.191 2.264 2.094 2.342 2.238 1.855 1.915 2.184 1.932 1.788 2.044 2.248 2.014 2.383 2.237 1.986 1.695 1.519 1.350 1.389 1.232 1.339 1.565 2.411 3.474 6.208 9.218 13.638 20.149 23.571 27.045 28.080 28.484 29.844 29.081 29.171 28.271 28.702 27.670 27.997 27.991 26.778 28.185 25.116 25.928 24.800 23.816 24.714 24.343 25.183 24.463 23.183 24.671 22.004 22.944 22.461 22.795 23.812 23.112 24.010 24.512 26.215 24.391 24.305
2.020 2.223 2.375 2.606 2.178 1.917 1.506 1.619 1.768 1.377 1.203 0.840 0.529 0.000 0.512 0.807 0.796 1.157 1.379 1.672 1.763 1.782 2.037 2.398 2.391 2.303 2.124 2.111 2.462 2.555 2.556 2.421 2.617 2.668 2.192 2.423 2.572 2.427 2.160 2.579 2.772 2.499 2.890 2.749 2.442 2.127 1.858 1.621 1.682 1.458 1.472 1.559 2.715 3.861 6.385 9.074 13.651 19.230 22.798 27.341 27.764 29.300 28.680 29.297 29.268 28.726 28.975 27.766 27.627 28.048 26.854 26.944 26.266 26.401 24.296 24.448 25.424 24.895 25.929 24.618 23.250 23.545 21.886 22.047 21.552 21.989 23.855 22.664 24.849 23.845 26.437 24.964 24.500
2.085 2.342 2.402 2.720 2.276 2.136 1.723 1.721 1.935 1.654 1.464 1.145 0.822 0.525 0.000 0.588 0.732 1.004 1.343 1.555 1.768 1.886 2.240 2.486 2.428 2.240 2.057 1.935 2.199 2.344 2.436 2.357 2.607 2.540 2.139 2.292 2.621 2.466 2.340 2.668 2.868 2.686 3.033 3.032 2.815 2.507 2.291 1.878 1.784 1.489 1.448 1.633 2.411 3.543 6.355 9.145 13.280 18.731 21.663 27.149 27.560 29.053 28.587 29.171 29.544 29.099 28.861 28.431 27.997 27.895 27.341 28.038 25.342 25.846 24.047 24.042 24.558 25.033 25.463 24.464 23.759 24.796 22.403 21.970 21.784 22.146 23.562 23.503 24.374 24.127 27.248 25.879 26.076
2.334 2.438 2.579 3.072 2.591 2.447 2.036 2.093 2.415 2.065 1.997 1.525 1.115 0.850 0.564 0.000 0.578 0.796 1.138 1.403 1.808 2.121 2.390 2.684 2.547 2.247 2.138 1.745 2.133 2.494 2.732 2.694 2.981 2.973 2.395 2.643 3.024 2.927 2.789 3.087 3.325 3.078 3.600 3.562 3.281 2.785 2.382 1.995 1.799 1.317 1.193 1.506 2.350 3.713 6.448 9.052 12.956 18.432 21.161 26.837 27.270 29.071 28.853 28.436 29.192 28.909 28.816 28.431 28.431 28.233 27.075 27.436 26.120 26.273 24.189 24.758 24.205 24.792 26.199 22.973 23.170 23.670 20.848 22.088 21.264 21.855 22.634 22.865 24.421 24.494 25.984 26.006 25.773
2.208 2.140 2.362 2.609 2.097 1.964 1.674 1.714 1.934 1.636 1.563 1.220 0.948 0.776 0.751 0.536 0.000 0.524 0.694 0.927 1.160 1.302 1.666 1.762 1.708 1.357 1.233 1.159 1.424 1.504 1.598 1.549 1.784 1.714 1.514 1.650 1.845 1.717 1.698 2.033 2.178 2.113 2.528 2.634 2.456 1.962 1.776 1.420 1.263 0.947 1.082 1.271 2.198 3.388 5.986 8.794 12.905 19.140 22.203 27.008 27.787 28.407 29.126 29.202 28.899 28.879 28.594 28.257 27.749 27.880 27.072 26.918 27.010 24.215 26.272 25.065 24.713 25.481 26.480 25.912 24.533 25.553 22.483 22.783 22.402 23.122 24.295 24.024 25.555 25.048 26.673 26.148 26.103
2.506 2.555 2.734 2.997 2.321 2.141 1.767 1.975 2.163 1.871 1.788 1.431 1.133 1.025 0.993 0.787 0.519 0.000 0.525 0.686 0.852 1.035 1.274 1.424 1.274 1.135 1.018 1.119 1.450 1.542 1.642 1.539 1.726 1.610 1.331 1.516 1.681 1.478 1.514 1.802 1.890 1.792 2.222 2.287 2.066 1.700 1.392 1.116 0.984 0.867 0.948 1.224 2.191 3.359 6.011 8.705 12.909 19.185 20.921 27.312 27.706 28.524 28.912 28.720 29.126 28.362 28.570 28.180 28.228 27.757 26.462 26.752 26.230 25.637 24.451 24.518 24.735 25.385 25.562 24.337 23.908 24.743 22.358 22.797 22.242 22.733 23.432 23.533 26.298 26.476 25.490 25.909 24.839
2.260 2.052 2.214 2.492 1.813 1.612 1.442 1.580 1.703 1.499 1.575 1.182 0.992 1.032 1.066 0.956 0.654 0.499 0.000 0.498 0.560 0.696 0.905 0.990 0.873 0.717 0.698 0.802 1.017 1.023 1.150 1.184 1.270 1.162 0.985 1.127 1.199 1.049 1.074 1.327 1.395 1.309 1.676 1.659 1.546 1.166 0.997 0.777 0.780 0.781 0.883 1.276 2.273 3.291 6.231 9.472 13.102 20.468 22.333 26.884 27.451 28.283 28.957 28.691 28.489 28.818 28.840 28.428 26.528 27.863 25.688 26.341 25.585 26.993 25.293 23.073 23.768 24.729 24.906 24.491 24.211 24.880 22.978 23.463 22.908 23.404 25.193 23.698 25.200 25.516 26.407 25.456 24.419
2.094 2.160 2.333 2.463 1.935 1.768 1.559 1.668 1.818 1.561 1.564 1.262 1.043 1.146 1.164 1.023 0.829 0.651 0.493 0.000 0.501 0.630 0.855 0.913 0.750 0.630 0.732 0.844 1.013 1.103 1.294 1.342 1.358 1.256 1.092 1.264 1.320 1.121 1.170 1.367 1.452 1.371 1.747 1.793 1.625 1.361 1.038 0.815 0.699 0.736 0.918 1.319 2.133 3.364 5.937 8.643 12.629 19.550 21.861 27.205 27.855 28.433 28.767 29.205 29.082 28.807 28.599 28.447 28.395 27.773 27.342 26.077 27.387 27.450 25.067 24.996 25.742 24.968 24.774 24.764 23.642 24.820 22.300 23.118 22.190 22.937 24.658 23.772 25.332 24.691 26.132 25.635 26.448
2.347 2.290 2.430 2.428 1.871 1.639 1.482 1.743 1.821 1.515 1.681 1.327 1.174 1.322 1.418 1.278 0.998 0.809 0.596 0.496 0.000 0.490 0.590 0.715 0.646 0.594 0.666 0.813 1.001 1.007 1.153 1.206 1.271 1.080 0.936 1.058 1.092 0.850 0.896 1.082 1.127 0.994 1.372 1.346 1.232 0.944 0.809 0.669 0.753 1.055 0.952 1.384 2.174 3.313 5.958 8.989 13.569 20.232 22.067 27.613 27.707 28.539 28.753 28.035 28.697 28.479 28.263 27.846 27.945 27.620 26.336 26.741 26.649 26.304 25.262 24.410 23.882 25.632 26.269 25.016 24.073 24.550 21.793 21.944 22.121 22.718 23.594 23.585 23.780 23.893 25.301 25.788 24.779
2.195 2.128 2.363 2.396 1.764 1.566 1.439 1.639 1.675 1.489 1.600 1.358 1.208 1.388 1.465 1.384 1.122 0.979 0.713 0.624 0.497 0.000 0.505 0.718 0.607 0.608 0.663 0.830 1.037 1.021 1.196 1.219 1.298 1.114 0.934 1.053 1.080 0.874 0.810 1.043 1.074 0.911 1.311 1.342 1.171 0.879 0.914 0.702 0.790 0.944 1.130 1.565 2.405 3.490 5.939 8.892 13.332 20.212 22.397 27.241 27.361 28.438 28.578 28.598 29.316 28.089 28.501 27.904 27.334 28.594 25.380 27.431 24.425 26.523 23.463 23.683 25.615 25.378 24.551 24.323 24.874 24.790 22.164 22.773 22.754 23.659 24.773 24.327 25.747 24.714 25.227 23.735 24.692
2.663 2.756 2.832 2.976 2.290 2.073 1.908 2.162 2.228 2.016 2.211 1.897 1.721 1.955 2.030 1.966 1.627 1.461 1.123 1.163 0.843 0.551 0.000 0.821 0.736 0.964 1.110 1.445 1.685 1.590 1.805 1.718 1.916 1.626 1.366 1.540 1.577 1.227 1.211 1.567 1.516 1.240 1.692 1.681 1.470 1.096 1.041 0.945 1.211 1.453 1.725 2.240 3.040 4.178 6.554 9.314 13.284 19.971 22.407 27.192 27.491 28.517 29.182 28.823 29.523 28.374 29.010 28.786 27.843 28.769 26.479 27.179 27.783 25.905 26.647 26.592 25.911 26.056 25.017 24.279 24.167 25.168 22.617 22.823 22.365 22.996 25.235 24.218 24.565 25.423 26.099 25.931 25.178
3.678 3.649 3.828 3.650 2.912 2.464 2.484 2.936 2.798 2.447 2.918 2.544 2.396 2.838 3.127 2.902 2.491 2.205 1.742 1.452 1.034 0.752 0.569 0.000 0.580 0.824 1.181 1.520 1.640 1.717 2.267 2.524 2.504 1.946 1.782 2.199 2.031 1.465 1.678 2.068 1.840 1.479 1.901 1.918 1.573 1.358 1.173 1.398 1.700 2.059 2.351 2.999 3.945 5.426 7.228 10.007 14.366 20.275 23.278 27.861 27.044 29.302 28.489 28.731 29.261 29.268 28.906 28.039 28.618 28.348 27.453 27.760 26.187 27.598 25.035 25.134 25.544 25.983 25.062 23.703 22.761 23.877 21.553 22.450 22.028 22.810 25.086 24.292 25.366 23.889 26.001 24.710 25.372
2.953 2.939 3.174 3.192 2.517 2.253 2.118 2.410 2.454 2.264 2.408 2.096 1.726 2.039 1.982 1.885 1.482 1.251 0.963 0.841 0.658 0.644 0.650 0.527 0.000 0.503 0.600 0.759 1.013 1.039 1.309 1.406 1.530 1.236 1.106 1.314 1.359 1.035 1.118 1.389 1.419 1.261 1.645 1.744 1.601 1.269 1.068 1.026 1.207 1.370 1.592 2.063 2.910 4.142 6.506 8.977 12.979 19.806 22.264 27.704 27.173 29.214 28.977 29.029 29.114 29.070 28.869 28.210 28.044 27.935 27.768 26.448 27.027 24.961 24.337 24.456 24.532 24.520 24.598 23.959 23.714 24.072 21.403 22.560 22.379 22.534 23.823 22.799 24.279 24.018 24.935 24.671 24.870
2.787 2.782 2.902 2.952 2.384 2.168 1.967 2.233 2.267 2.073 2.204 1.862 1.551 1.809 1.780 1.509 1.256 1.073 0.883 0.707 0.654 0.711 0.869 0.718 0.501 0.000 0.505 0.580 0.909 0.902 1.149 1.232 1.361 1.162 1.040 1.259 1.291 1.051 1.154 1.433 1.472 1.334 1.799 1.929 1.771 1.352 1.242 1.112 1.218 1.177 1.312 1.712 2.482 3.677 6.189 8.849 12.964 18.691 21.871 27.978 27.453 29.184 28.684 28.721 29.413 28.893 28.749 28.406 28.412 28.248 27.586 26.127 26.533 25.767 25.239 24.332 25.617 25.658 24.429 25.094 24.040 25.025 21.514 23.135 22.084 22.323 24.066 22.879 24.910 24.772 24.945 25.363 24.409
2.946 2.971 3.174 3.275 2.626 2.433 2.255 2.398 2.622 2.336 2.515 2.034 1.754 1.899 1.828 1.678 1.432 1.180 0.991 0.786 0.699 0.840 1.054 0.960 0.659 0.506 0.000 0.535 0.811 0.883 1.026 1.203 1.333 1.124 0.992 1.318 1.363 1.059 1.292 1.588 1.570 1.524 2.006 2.151 1.973 1.569 1.368 1.312 1.273 1.297 1.447 1.898 2.661 3.618 6.194 9.249 13.249 20.031 21.965 27.561 27.527 29.324 28.617 29.374 29.110 28.799 28.697 28.240 27.734 27.414 27.135 26.734 25.868 26.429 24.442 23.870 25.254 24.179 25.413 24.490 23.978 24.781 21.820 22.314 22.283 23.035 24.613 23.451 26.196 24.276 24.044 23.673 25.099
3.449 3.457 3.765 3.989 3.091 2.859 2.670 3.191 3.226 2.979 3.185 2.684 2.370 2.543 2.505 2.317 2.037 1.599 1.209 1.052 1.015 1.123 1.492 1.430 1.038 0.755 0.528 0.000 0.806 1.062 1.427 1.626 1.740 1.484 1.296 1.610 1.620 1.383 1.532 1.763 1.798 1.820 2.296 2.416 2.432 1.934 1.957 1.657 1.729 1.759 1.840 2.358 3.128 4.234 6.604 9.221 12.989 19.252 21.306 26.807 26.782 29.188 28.784 29.028 29.282 29.031 29.169 28.657 28.504 28.478 27.531 26.138 26.681 27.602 24.621 25.670 25.384 25.421 25.636 24.067 24.324 24.244 21.532 22.141 22.845 23.023 24.624 23.451 25.078 24.500 24.813 24.404 25.352
4.357 4.600 4.800 4.997 4.325 3.948 3.553 3.992 4.134 3.507 3.639 2.953 2.741 2.907 3.066 2.653 2.282 1.839 1.558 1.200 1.389 1.758 2.177 2.128 1.738 1.207 1.002 0.612 0.000 0.667 1.036 1.628 1.728 1.581 1.596 2.144 2.205 2.028 2.284 2.781 2.917 2.851 3.810 3.886 3.572 2.875 2.466 2.078 1.853 1.838 1.893 2.348 3.365 4.594 6.722 9.197 13.829 19.779 22.855 27.663 27.491 28.292 28.366 28.410 28.782 28.765 28.989 28.455 28.597 28.334 27.464 27.504 26.934 26.918 24.862 25.951 25.475 26.266 26.123 24.989 24.574 24.353 21.385 21.383 22.629 23.250 25.237 23.898 26.212 24.830 25.598 25.918 25.532
3.299 3.319 3.594 3.606 3.010 2.813 2.589 2.911 3.029 2.823 2.921 2.610 2.267 2.477 2.383 2.093 1.925 1.557 1.363 1.214 1.235 1.409 1.709 1.689 1.253 1.042 0.848 0.836 0.543 0.000 0.529 0.727 0.937 0.835 0.813 1.176 1.276 1.210 1.455 1.654 1.787 1.907 2.390 2.599 2.593 2.178 2.034 1.779 1.804 1.787 1.906 2.354 3.059 4.104 6.339 9.069 12.950 19.765 22.391 27.731 27.472 28.649 28.900 28.504 28.910 28.207 28.648 27.662 27.819 27.912 26.390 26.482 25.690 25.657 25.328 23.585 25.894 24.445 24.680 24.195 23.915 24.435 21.276 21.978 22.302 22.548 22.798 23.675 25.941 24.611 24.686 23.997 24.738
2.742 2.697 2.820 2.916 2.393 2.271 2.114 2.294 2.446 2.387 2.441 2.175 1.824 2.008 1.897 1.798 1.625 1.439 1.284 1.257 1.280 1.301 1.551 1.597 1.309 1.109 0.933 0.940 0.779 0.510 0.000 0.506 0.620 0.642 0.630 0.771 0.961 1.022 1.130 1.251 1.475 1.510 2.053 2.267 2.224 1.804 1.800 1.608 1.737 1.701 1.888 2.129 2.930 4.090 6.240 8.490 12.067 18.759 21.487 27.255 27.068 27.912 28.102 28.175 28.601 28.024 28.473 28.109 27.722 27.907 26.662 26.497 25.779 26.028 25.054 24.815 26.445 27.006 25.907 25.253 24.920 24.550 21.174 22.092 22.758 21.831 24.907 23.699 25.399 23.867 24.557 23.842 25.055
2.628 2.590 2.899 2.997 2.251 2.137 1.854 2.164 2.350 2.144 2.364 2.060 1.709 1.900 1.851 1.697 1.519 1.321 1.161 1.212 1.215 1.172 1.409 1.504 1.245 1.134 0.963 1.042 0.959 0.656 0.494 0.000 0.500 0.564 0.565 0.561 0.735 0.827 0.829 0.939 1.164 1.242 1.699 1.898 1.884 1.543 1.593 1.447 1.566 1.544 1.744 2.094 2.720 3.940 6.214 8.702 12.675 19.484 22.424 27.348 27.617 28.198 28.701 28.701 29.335 28.474 28.401 28.047 27.033 27.514 25.468 24.597 27.160 27.189 26.996 26.060 24.458 26.079 28.140 25.495 24.629 25.127 22.075 21.973 23.427 23.258 24.776 23.143 26.425 24.693 24.881 25.283 23.242
3.065 2.984 3.274 3.457 2.666 2.512 2.401 2.672 2.766 2.626 2.679 2.465 2.118 2.265 2.134 1.974 1.796 1.591 1.419 1.432 1.374 1.252 1.459 1.572 1.298 1.339 1.088 1.278 1.215 0.847 0.576 0.495 0.000 0.500 0.607 0.647 0.640 0.734 0.905 0.937 1.092 1.240 1.749 1.969 2.005 1.677 1.779 1.634 1.835 1.873 2.061 2.345 3.040 4.055 6.127 8.540 12.584 19.221 22.267 27.219 27.184 28.115 28.928 28.450 29.353 28.391 28.561 28.374 27.957 27.438 27.278 25.726 25.401 27.655 25.205 25.291 25.603 25.193 25.257 24.715 25.197 24.034 22.556 22.429 23.172 23.149 25.099 23.739 25.649 23.886 25.252 24.613 25.498
2.842 2.701 2.872 2.867 2.245 2.058 1.915 2.212 2.247 2.083 2.191 1.900 1.682 1.868 1.888 1.769 1.519 1.331 1.112 1.108 1.002 0.924 1.119 1.267 1.003 1.002 0.845 0.999 0.982 0.708 0.567 0.525 0.492 0.000 0.491 0.539 0.575 0.552 0.665 0.781 0.966 1.028 1.526 1.699 1.618 1.271 1.265 1.200 1.367 1.373 1.650 2.028 2.845 3.885 6.080 8.711 12.325 19.787 22.032 27.764 27.344 28.621 28.749 28.447 28.992 28.302 28.485 28.288 27.718 27.784 28.063 26.240 27.064 26.223 25.692 24.185 25.041 24.483 24.478 25.257 24.224 24.614 22.432 22.722 22.525 22.082 24.187 23.293 25.542 22.569 25.290 24.992 25.672
2.492 2.440 2.764 2.795 2.059 1.838 1.655 2.003 2.097 1.901 2.114 1.815 1.556 1.724 1.714 1.655 1.546 1.294 1.122 1.051 0.975 0.923 1.161 1.303 1.067 0.968 0.865 1.001 0.936 0.684 0.588 0.529 0.521 0.489 0.000 0.491 0.541 0.560 0.564 0.679 0.893 0.961 1.475 1.563 1.562 1.223 1.321 1.189 1.497 1.496 1.727 2.000 2.722 3.915 6.186 9.100 13.503 19.984 22.768 27.872 27.315 28.836 28.229 28.891 28.713 28.141 28.245 27.716 26.052 27.595 23.538 25.262 26.245 28.289 24.923 25.765 26.342 23.743 24.945 23.653 24.373 24.604 21.485 22.210 22.055 22.774 24.383 23.602 24.446 24.449 24.640 23.215 22.785
2.490 2.424 2.816 2.888 2.090 1.907 1.805 2.068 2.226 2.093 2.205 1.966 1.646 1.806 1.761 1.632 1.488 1.276 1.094 1.126 1.060 1.006 1.189 1.342 1.143 1.073 0.903 1.046 0.999 0.767 0.673 0.563 0.567 0.543 0.491 0.000 0.497 0.546 0.577 0.608 0.770 0.930 1.406 1.551 1.586 1.283 1.324 1.284 1.371 1.436 1.610 1.977 2.773 3.845 6.129 8.741 12.910 19.628 22.622 27.602 27.382 28.969 28.164 28.992 29.259 28.004 28.889 28.572 28.154 28.326 26.042 26.673 26.867 28.248 24.798 24.370 24.846 26.432 26.070 24.085 24.248 24.624 22.088 21.911 22.636 23.132 24.709 23.407 25.674 24.709 24.560 24.638 23.855
2.901 2.835 3.030 3.110 2.434 2.234 2.127 2.501 2.560 2.426 2.575 2.311 1.970 2.184 2.050 1.910 1.811 1.570 1.342 1.346 1.232 1.045 1.234 1.392 1.129 1.217 1.065 1.288 1.330 1.020 0.868 0.713 0.636 0.617 0.568 0.495 0.000 0.497 0.592 0.647 0.723 0.912 1.432 1.619 1.640 1.350 1.465 1.393 1.607 1.696 1.972 2.328 3.010 4.066 6.155 8.548 12.916 19.800 22.469 27.368 27.455 28.924 28.785 29.010 29.396 28.799 28.796 28.631 27.954 28.232 26.681 27.067 25.829 27.200 24.727 24.082 25.521 24.997 25.864 24.444 24.910 25.324 22.631 22.627 22.867 22.699 24.693 23.634 25.534 24.918 25.508 25.782 25.593
2.443 2.367 2.621 2.624 1.979 1.765 1.632 1.962 1.992 1.805 2.004 1.714 1.450 1.735 1.760 1.655 1.421 1.299 1.045 1.073 0.920 0.784 1.030 1.170 0.944 0.998 0.900 1.089 1.124 0.889 0.778 0.716 0.640 0.563 0.529 0.507 0.491 0.000 0.490 0.539 0.668 0.709 1.270 1.360 1.318 1.057 1.125 1.074 1.279 1.378 1.581 1.993 2.709 3.757 5.962 8.608 12.851 20.139 22.478 27.219 27.029 28.900 28.374 28.562 29.291 27.691 28.226 27.836 26.861 28.892 26.616 26.028 26.112 25.717 23.641 23.696 24.386 24.082 24.053 25.261 24.879 24.438 21.771 22.360 22.835 23.377 23.824 23.497 24.659 22.181 22.578 23.872 24.644
2.324 2.404 2.538 2.534 1.980 1.736 1.603 1.839 1.945 1.813 1.957 1.739 1.488 1.682 1.658 1.605 1.405 1.272 1.039 1.057 0.925 0.813 1.023 1.141 0.951 0.951 0.913 1.099 1.124 0.881 0.855 0.787 0.758 0.635 0.561 0.567 0.531 0.491 0.000 0.501 0.644 0.712 1.312 1.343 1.352 1.072 1.109 1.128 1.238 1.289 1.527 1.890 2.657 3.769 6.174 8.997 13.780 20.059 22.872 27.299 27.751 28.817 28.851 29.075 29.316 28.900 28.122 27.935 27.879 28.199 26.355 26.153 25.977 27.404 24.984 25.250 25.144 25.814 24.872 24.254 25.139 24.555 22.411 22.365 22.581 23.986 25.560 23.151 24.481 24.849 24.119 24.373 22.317
2.866 2.838 3.118 3.130 2.334 2.129 2.078 2.439 2.519 2.418 2.589 2.241 1.902 2.103 2.081 1.964 1.728 1.520 1.257 1.324 1.241 1.069 1.326 1.525 1.294 1.380 1.142 1.369 1.541 1.271 1.232 1.077 1.047 0.958 0.729 0.682 0.645 0.605 0.501 0.000 0.532 0.755 1.385 1.575 1.587 1.331 1.412 1.321 1.538 1.595 1.826 2.199 2.876 3.923 6.083 8.447 12.765 19.249 22.251 27.554 27.090 29.051 28.952 28.848 29.736 29.166 29.178 28.742 28.545 28.737 26.682 27.924 25.948 27.344 24.796 24.757 24.969 25.963 25.114 24.571 23.869 25.561 22.687 22.362 22.261 23.414 25.295 25.024 24.743 25.574 25.389 25.103 25.310
3.758 3.788 4.017 4.147 3.284 3.056 3.069 3.607 3.721 3.742 3.964 3.570 3.008 3.494 3.298 3.280 3.154 2.759 2.390 2.397 2.100 1.575 1.694 1.966 1.822 2.184 2.012 2.442 2.585 2.199 1.999 1.705 1.504 1.498 1.265 0.951 0.937 0.949 0.823 0.555 0.000 0.645 1.379 1.808 1.877 1.625 2.057 2.181 2.756 2.842 3.242 3.653 4.514 5.590 7.223 9.479 13.338 20.571 22.719 27.643 27.110 29.081 28.570 28.667 29.741 28.533 28.653 28.631 28.457 28.224 26.831 27.043 26.701 25.123 26.456 25.547 25.393 25.924 25.743 25.351 23.578 24.905 21.824 22.366 21.924 22.133 24.990 24.101 23.176 24.594 25.740 25.807 25.539
4.519 4.670 4.682 4.670 3.691 3.232 3.253 3.729 3.760 3.388 3.848 3.495 3.270 3.818 4.104 4.031 3.496 3.409 2.856 2.967 2.324 1.871 1.721 2.241 2.227 2.602 2.617 3.213 3.528 3.072 3.196 3.085 2.476 2.409 2.272 2.109 1.583 1.425 1.285 1.092 0.578 0.000 1.061 1.611 1.734 1.620 1.947 2.378 2.826 3.142 3.663 4.127 4.869 5.946 7.582 9.832 13.203 20.382 22.801 26.936 27.413 28.672 28.583 28.206 29.731 28.695 28.587 27.865 28.406 29.125 27.023 27.319 27.135 27.843 26.478 26.018 26.262 25.792 26.146 25.461 23.806 25.058 21.832 22.515 22.477 22.621 24.679 24.297 25.081 24.747 24.364 26.356 25.921
5.782 5.806 5.756 5.491 4.255 3.652 3.921 4.771 4.294 4.192 5.144 4.898 4.560 5.434 5.898 5.924 5.182 4.664 3.770 3.546 2.951 2.289 2.307 2.989 2.480 2.971 3.002 3.815 4.093 3.379 3.899 4.454 3.745 2.877 2.905 3.149 2.310 1.752 1.908 1.984 1.329 0.895 0.000 0.651 1.233 1.806 2.462 2.940 3.615 4.141 4.804 5.619 6.593 8.084 10.063 11.969 15.054 21.260 23.581 27.442 26.837 29.221 28.751 28.466 29.930 28.721 28.825 28.235 28.419 28.780 27.078 27.314 26.533 27.541 26.334 25.175 25.512 24.398 26.070 25.246 23.574 24.659 22.260 23.728 23.297 22.512 24.731 23.640 25.477 24.376 26.344 25.734 25.488
5.284 4.961 5.216 4.772 3.736 3.132 3.084 3.716 3.488 3.071 3.666 3.423 3.468 4.481 5.157 5.224 4.538 4.204 3.537 3.794 3.178 2.374 2.200 3.006 2.967 3.709 3.649 4.358 5.087 4.572 4.716 4.396 4.194 3.818 3.378 3.204 2.733 2.373 2.073 2.172 1.684 1.253 0.601 0.000 0.710 1.299 1.794 2.385 3.134 3.611 4.398 4.805 5.763 7.013 8.734 10.876 13.876 20.548 23.034 27.316 27.112 29.147 28.868 29.352 30.009 29.357 29.000 28.967 28.977 28.796 27.353 27.149 26.938 27.108 25.604 25.261 25.957 24.484 26.150 25.337 23.925 24.547 22.088 23.167 23.628 22.924 24.686 23.778 25.393 24.335 26.259 25.212 24.719
3.978 3.992 4.097 3.737 2.835 2.363 2.382 3.032 2.786 2.557 2.999 2.579 2.387 3.187 3.692 3.611 2.762 2.740 2.185 2.124 1.750 1.389 1.376 1.922 2.050 2.315 2.431 2.795 3.434 3.241 3.600 3.361 3.278 2.890 2.494 2.502 2.376 1.958 1.702 1.946 1.797 1.289 1.013 0.563 0.000 0.575 0.939 1.204 1.730 2.100 2.649 3.238 4.075 5.054 7.283 9.704 13.788 20.482 22.967 27.602 27.516 29.567 29.797 29.536 29.538 29.301 29.089 28.480 28.657 28.933 26.582 26.857 27.456 27.333 25.612 24.981 25.655 24.188 25.335 24.968 23.364 24.497 21.749 22.733 22.526 22.568 24.067 24.014 25.131 24.487 25.184 25.195 25.171
3.036 3.107 3.280 3.311 2.399 1.989 1.959 2.244 2.214 1.910 2.206 1.870 1.739 2.130 2.353 2.256 1.822 1.746 1.523 1.450 1.174 1.032 1.108 1.419 1.572 1.669 1.842 2.051 2.452 2.356 2.664 2.515 2.468 2.129 1.907 1.899 1.866 1.543 1.348 1.520 1.441 1.150 1.131 0.859 0.536 0.000 0.536 0.749 1.055 1.286 1.610 2.048 2.879 3.972 6.351 8.864 13.112 19.568 22.741 27.117 27.689 28.485 29.620 29.715 29.564 28.946 28.723 27.999 28.003 29.475 26.656 27.452 24.918 26.131 24.939 24.845 24.773 24.134 25.227 23.984 22.570 23.598 21.427 22.370 21.842 22.487 23.516 23.498 23.136 23.815 24.616 24.816 24.309
2.596 2.681 2.896 2.817 2.103 1.822 1.616 1.899 1.879 1.645 1.868 1.492 1.372 1.597 1.894 1.626 1.305 1.120 1.031 0.951 0.784 0.697 0.720 1.017 1.058 1.149 1.180 1.362 1.619 1.594 1.810 1.860 1.913 1.607 1.424 1.515 1.502 1.235 1.171 1.403 1.349 1.089 1.256 1.128 0.830 0.512 0.000 0.512 0.715 0.911 1.213 1.631 2.499 3.812 6.402 9.135 13.736 19.802 23.058 27.990 27.989 28.823 29.013 28.592 29.389 28.594 29.318 28.752 27.264 28.420 25.910 26.647 27.046 26.269 26.329 25.628 25.718 24.767 25.172 24.504 23.793 24.554 21.814 22.707 22.055 22.403 23.963 22.926 23.356 24.148 24.839 25.759 25.043
2.465 2.501 2.665 2.672 1.950 1.705 1.564 1.763 1.795 1.680 1.698 1.445 1.206 1.433 1.520 1.446 1.160 1.020 0.805 0.797 0.641 0.662 0.771 1.050 0.949 0.938 1.048 1.154 1.313 1.351 1.376 1.431 1.466 1.314 1.124 1.249 1.295 1.079 1.029 1.251 1.299 1.135 1.355 1.303 1.014 0.694 0.501 0.000 0.509 0.689 1.023 1.484 2.224 3.314 6.151 9.624 13.767 21.094 23.965 27.451 28.020 29.617 29.528 29.472 29.135 28.783 29.127 28.177 27.639 28.319 26.851 26.838 25.812 25.209 23.033 23.050 25.249 24.969 25.430 23.977 23.157 24.392 21.797 22.101 21.494 22.806 24.507 23.489 22.816 23.387 24.396 23.203 24.139
2.687 2.821 3.074 2.974 2.268 1.978 1.734 2.063 2.049 1.741 1.804 1.361 1.265 1.468 1.575 1.405 1.086 0.891 0.716 0.723 0.696 0.767 0.931 1.147 1.118 1.095 1.137 1.209 1.451 1.477 1.644 1.579 1.705 1.574 1.348 1.430 1.466 1.241 1.224 1.448 1.538 1.328 1.680 1.656 1.334 0.939 0.712 0.514 0.000 0.523 0.780 1.224 2.082 3.334 6.105 9.526 14.076 20.348 23.582 28.170 27.875 29.039 29.065 29.127 29.424 29.280 28.914 28.676 28.918 28.157 27.726 26.535 26.783 26.359 25.936 25.043 25.864 26.465 25.835 25.178 24.597 24.709 22.092 22.339 22.068 22.862 24.438 23.015 24.609 24.307 25.629 25.805 25.513
2.966 3.059 3.367 3.415 2.629 2.304 2.032 2.263 2.461 2.132 2.209 1.598 1.351 1.593 1.683 1.515 1.025 0.899 0.965 0.860 0.905 1.021 1.221 1.411 1.417 1.294 1.333 1.390 1.740 1.808 1.951 1.897 2.100 1.914 1.593 1.821 1.912 1.564 1.560 1.886 1.928 1.596 2.025 2.054 1.615 1.244 0.972 0.719 0.525 0.000 0.528 1.043 1.950 3.109 5.789 8.938 13.482 19.987 22.697 28.211 28.206 29.103 29.198 29.323 29.143 29.135 28.993 28.253 28.234 28.019 27.194 28.334 25.465 26.299 24.181 23.056 23.645 26.176 26.321 25.180 24.073 23.450 22.308 22.404 22.473 23.189 23.810 24.213 23.981 24.477 26.254 24.686 25.023
4.163 4.390 4.679 4.572 3.700 3.319 2.945 3.534 3.596 2.982 3.297 2.334 2.035 2.069 2.492 2.021 1.485 0.997 1.138 1.144 1.416 1.622 1.889 2.170 2.201 2.001 2.024 2.018 2.459 2.733 3.108 2.890 2.935 2.765 2.362 2.540 2.590 2.294 2.234 2.577 2.687 2.365 2.913 2.891 2.709 2.029 1.854 1.311 1.053 0.571 0.000 0.601 1.500 2.767 6.239 9.112 13.056 19.101 21.786 27.613 27.546 29.216 29.497 29.255 29.496 29.138 28.856 28.415 28.383 28.493 28.374 27.369 26.760 26.069 25.026 23.801 24.089 25.502 26.470 25.075 23.100 23.998 22.083 23.282 22.256 22.490 23.007 22.951 23.513 24.028 25.126 24.484 24.463
6.691 7.368 7.689 8.351 7.341 6.831 5.798 6.028 6.612 5.699 5.354 3.946 3.551 3.041 3.544 3.271 1.897 2.076 2.643 2.445 2.869 3.873 4.453 4.400 4.378 3.450 3.865 3.559 4.716 5.335 5.969 6.506 6.432 5.733 5.312 6.201 6.266 5.557 5.567 6.710 6.748 6.186 7.233 7.605 6.958 5.523 4.319 3.170 2.260 1.697 0.693 0.000 1.100 2.522 6.212 9.057 13.238 18.510 22.480 27.429 27.868 29.086 28.854 29.240 29.666 29.246 28.944 28.522 28.712 28.900 27.739 28.224 27.083 26.811 25.291 25.364 25.580 25.836 26.697 25.441 24.043 24.012 21.893 21.817 21.952 22.985 23.625 23.296 25.345 24.109 25.055 24.381 24.506
11.287 12.951 13.218 13.417 11.908 9.440 8.868 10.604 10.627 8.898 9.358 6.538 4.858 5.977 7.350 5.469 3.572 4.930 5.660 7.056 8.184 7.262 8.215 10.337 11.205 11.276 10.296 10.516 12.972 13.448 15.177 14.929 15.322 13.988 11.840 12.505 13.589 11.471 9.624 11.755 12.249 9.975 10.913 10.267 8.858 7.728 7.223 5.196 5.409 3.381 2.703 1.045 0.000 1.633 5.131 9.247 13.381 17.525 20.997 26.589 26.981 28.668 29.152 29.128 29.572 29.130 28.879 28.644 28.934 29.418 28.156 28.179 27.713 27.197 26.009 24.841 25.166 26.022 26.795 25.681 24.312 25.014 21.275 23.517 22.376 21.095 23.885 21.580 24.037 22.487 25.024 25.049 25.713
22.145 24.631 25.658 25.899 25.181 24.508 22.079 24.323 24.763 23.249 22.277 19.277 15.662 13.475 13.498 8.736 8.005 7.412 10.409 11.930 14.901 15.811 18.400 19.206 18.236 17.536 15.131 14.307 15.918 16.513 17.380 16.625 17.758 17.616 15.126 16.678 18.293 17.742 17.188 19.925 21.150 20.915 23.008 24.200 23.358 20.515 19.500 15.634 14.894 10.522 7.619 4.789 1.539 0.000 2.437 6.202 10.312 16.612 19.724 25.518 26.703 28.516 28.434 29.032 29.209 29.184 29.384 28.955 28.966 28.801 28.217 27.380 26.895 26.352 25.441 24.836 25.643 25.337 26.148 25.795 24.231 24.724 21.771 23.082 23.505 21.718 23.569 20.687 23.057 21.944 23.647 24.605 25.113
24.250 26.171 26.848 27.470 27.057 26.919 25.450 25.408 26.943 25.825 24.402 21.643 19.119 14.147 14.300 10.337 12.604 15.081 20.031 22.642 25.074 25.752 26.359 26.703 26.700 26.384 24.999 24.089 25.121 25.397 25.482 24.852 26.127 26.349 24.924 25.421 26.786 26.728 25.971 26.423 27.351 26.958 27.572 27.417 27.381 27.025 26.105 24.624 23.379 17.308 12.983 8.133 4.514 1.562 0.000 1.530 3.995 7.339 12.632 16.935 22.039 23.149 24.835 26.124 26.569 27.597 27.808 27.343 27.286 26.319 26.598 25.790 25.676 23.841 24.135 22.708 23.290 23.853 25.454 24.938 23.019 22.640 19.797 20.166 21.285 19.690 21.992 20.167 22.326 20.801 22.769 23.034 24.416
26.055 27.387 28.105 28.601 28.264 28.663 27.406 27.020 27.991 28.042 25.942 23.905 22.136 18.009 16.944 14.810 16.901 18.243 22.794 23.822 27.328 27.866 28.372 28.194 28.217 28.301 26.362 25.614 26.783 26.905 27.279 26.789 27.605 28.117 26.991 27.541 28.226 28.138 27.955 28.157 28.704 28.771 28.675 28.915 29.099 28.642 28.610 27.283 25.897 21.304 14.973 10.996 7.416 4.162 1.364 0.000 1.337 4.405 7.966 11.629 15.010 17.213 19.363 21.471 22.336 23.538 24.171 23.874 23.755 23.099 23.132 21.885 22.404 21.028 21.448 20.644 20.881 22.511 23.463 22.723 21.062 20.288 18.683 19.119 19.987 18.953 20.857 19.101 20.346 19.732 20.711 21.258 22.317
27.134 27.719 28.001 28.262 28.276 28.652 27.494 27.355 28.300 28.264 26.757 25.226 24.491 20.154 18.902 16.049 18.667 18.753 24.784 25.399 27.674 28.605 29.173 28.370 28.881 28.140 27.184 26.491 26.780 27.174 27.020 26.961 27.745 28.165 28.017 27.766 28.404 28.870 28.699 28.502 28.939 29.174 29.166 29.344 29.345 29.511 28.644 27.672 26.144 22.191 16.813 11.775 9.067 5.940 3.803 1.077 0.000 1.367 3.987 5.026 6.976 8.960 10.260 12.990 13.360 14.060 14.941 14.985 14.468 13.442 15.114 14.931 14.863 14.277 15.482 15.701 15.819 17.255 18.161 17.937 16.808 16.120 16.253 17.097 17.472 15.077 15.854 14.105 14.138 12.449 13.793 15.120 17.123
27.138 27.313 27.711 28.687 28.461 29.171 28.184 27.478 28.480 28.449 26.944 26.260 25.157 20.846 19.727 16.611 20.125 19.740 25.989 26.699 28.743 29.331 29.164 28.872 28.892 28.978 27.864 27.480 26.988 27.178 27.598 26.858 27.938 28.475 28.348 27.898 28.618 29.056 28.840 28.789 29.211 29.422 29.616 29.822 29.805 29.391 29.415 27.917 27.111 23.390 18.115 13.215 9.471 7.552 4.918 3.219 0.867 0.000 0.884 1.604 2.557 3.407 4.328 5.615 6.615 6.633 8.294 7.791 6.811 7.094 7.631 8.151 7.851 7.515 8.378 8.320 8.346 9.400 10.224 9.798 8.928 8.453 8.267 9.083 9.273 8.149 8.497 7.663 9.407 6.596 7.637 8.188 9.945
25.618 27.729 27.121 27.897 27.996 27.920 27.417 27.012 27.987 28.419 26.525 26.111 25.570 21.163 20.313 17.529 20.859 19.814 25.582 26.729 28.191 28.759 28.199 28.620 28.961 28.369 26.471 26.471 27.373 27.124 26.991 26.382 27.585 28.366 27.548 27.883 28.698 28.643 28.450 28.747 29.305 29.327 29.591 29.518 29.374 29.072 28.613 28.430 27.529 24.218 18.164 13.943 10.270 8.056 5.664 3.818 1.595 0.627 0.000 0.608 1.027 1.514 1.924 2.582 2.684 3.612 4.474 4.268 3.658 3.051 3.741 3.564 3.680 3.511 4.350 4.994 5.034 5.686 6.284 6.061 5.830 5.371 5.552 6.099 6.138 5.199 5.454 4.519 4.873 3.948 4.030 4.562 5.769
27.024 27.259 26.707 27.930 28.353 27.856 27.895 27.131 28.046 28.577 27.202 26.311 25.565 20.538 19.908 17.118 20.187 20.165 26.547 27.421 28.738 29.170 28.698 28.623 29.234 28.709 27.221 26.974 27.128 27.367 26.038 26.598 27.583 28.570 28.213 28.054 28.991 28.708 28.257 29.296 29.285 29.281 29.126 29.164 29.595 29.368 29.428 29.165 27.541 24.452 18.996 14.739 11.008 8.121 5.875 4.347 2.191 1.139 0.572 0.000 0.546 0.823 1.106 1.549 1.880 2.458 3.087 3.246 2.509 1.919 2.302 2.127 2.452 2.337 2.959 3.178 3.318 3.765 4.210 4.301 3.874 3.849 4.233 4.911 4.669 4.033 3.904 3.061 3.416 2.641 2.623 3.228 4.415
26.638 27.012 27.134 27.775 27.773 27.999 28.463 26.973 27.511 28.252 25.505 26.205 26.150 20.941 20.310 17.165 21.213 20.795 25.934 27.080 28.170 28.474 28.943 28.449 28.611 28.274 27.383 27.053 27.093 26.806 25.751 25.936 26.664 27.957 26.618 27.358 28.818 28.619 27.246 28.957 29.214 29.145 29.362 29.422 29.366 28.712 28.050 28.440 27.599 24.121 18.731 14.649 10.523 7.633 5.774 4.262 2.141 1.400 0.841 0.521 0.000 0.535 0.719 1.044 1.303 1.824 2.452 2.623 1.927 1.606 1.730 1.805 1.973 1.891 2.543 2.701 2.951 3.482 4.220 3.972 3.661 3.230 3.673 4.399 4.396 3.342 3.479 2.786 2.928 2.254 2.221 2.792 3.593
27.167 27.074 26.257 27.170 27.337 28.582 27.910 26.522 27.936 28.641 26.812 26.917 26.037 19.921 20.661 17.626 19.999 20.307 26.128 26.465 28.495 29.287 28.863 29.049 29.034 28.407 27.203 27.338 25.970 27.201 25.741 26.175 27.309 28.125 28.237 28.562 29.082 28.765 28.645 28.855 29.147 29.725 29.220 29.473 29.959 29.821 29.321 29.235 27.426 25.097 18.375 15.017 10.546 7.896 6.240 4.705 2.667 1.606 1.102 0.809 0.512 0.000 0.520 0.771 1.060 1.511 2.074 2.244 1.591 1.258 1.466 1.534 1.796 1.714 2.162 2.476 2.714 3.111 3.503 3.467 3.159 3.024 3.380 4.057 3.893 3.256 3.085 2.688 2.396 1.917 1.913 2.330 3.119
25.462 25.984 26.044 27.475 28.041 28.203 28.654 27.652 27.723 28.596 26.028 26.794 25.809 20.688 20.342 17.244 20.500 20.547 26.009 26.474 28.399 27.856 28.523 28.419 28.145 28.132 26.192 26.353 26.735 25.883 25.364 25.536 26.437 27.706 26.486 25.930 28.203 28.848 28.531 27.863 28.826 29.298 28.918 28.494 29.185 29.541 29.519 28.775 27.783 25.260 18.516 14.327 10.237 7.738 6.308 4.774 2.894 1.990 1.342 0.996 0.761 0.514 0.000 0.534 0.878 1.382 1.908 2.135 1.585 1.253 1.579 1.609 1.877 1.913 2.553 2.760 2.975 3.600 4.027 3.861 3.697 3.388 3.800 4.486 4.566 3.617 3.510 2.859 2.552 2.413 2.051 2.693 3.178
26.986 26.583 26.732 27.604 28.170 29.245 28.751 27.423 28.193 28.743 26.698 27.000 26.442 20.422 20.761 17.491 20.327 20.752 26.695 27.412 28.067 28.902 29.507 29.105 28.878 28.587 27.787 26.252 25.816 26.366 25.923 26.350 27.607 28.437 28.240 27.912 29.137 28.719 28.543 28.577 29.241 29.754 29.501 29.722 29.921 29.682 29.408 28.564 27.428 25.090 18.616 15.061 11.096 8.679 6.739 5.565 3.981 3.073 2.143 1.649 1.165 0.906 0.535 0.000 0.552 1.027 1.687 1.977 1.371 1.341 1.702 1.857 2.372 2.299 3.086 3.561 3.784 4.320 4.798 4.759 4.430 4.160 4.478 5.158 5.044 4.254 4.104 3.371 3.121 2.811 2.331 3.182 3.685
25.677 26.494 27.066 27.673 28.184 28.914 27.277 27.008 27.634 28.286 26.329 26.813 26.020 22.337 22.460 18.764 22.286 22.483 25.779 27.324 28.009 29.391 29.245 28.941 28.631 28.592 27.505 26.969 26.081 26.810 26.653 26.775 27.824 28.361 27.515 27.650 28.446 29.070 29.194 29.143 29.434 29.835 29.248 29.613 29.927 29.310 29.396 28.220 27.820 25.339 19.113 15.530 11.540 10.900 8.068 6.553 5.426 4.175 3.268 2.538 1.939 1.429 0.996 0.570 0.000 0.650 1.264 1.723 1.573 1.563 2.194 2.527 2.913 3.348 4.435 5.012 6.052 6.946 7.377 6.540 6.667 5.815 6.201 7.464 8.131 6.257 6.661 5.397 5.461 4.484 3.959 4.342 5.317
26.398 26.927 26.978 27.612 28.406 29.179 28.071 27.214 27.902 28.458 25.966 26.216 26.176 21.658 21.800 18.822 22.037 22.648 27.213 26.385 28.464 29.413 29.378 29.055 28.807 28.567 27.702 26.105 25.865 26.633 26.621 26.332 27.345 28.168 28.055 27.748 28.216 29.058 29.087 28.858 28.606 29.705 29.832 29.569 29.526 29.309 29.479 28.543 27.345 25.440 19.982 17.020 13.945 13.304 11.268 8.896 7.670 5.741 5.163 3.969 3.506 2.495 1.836 1.400 0.797 0.000 0.684 1.241 1.629 1.939 3.040 3.485 4.269 4.800 5.954 6.840 6.928 7.726 8.436 8.427 8.034 7.520 7.976 8.965 9.082 8.032 7.456 6.586 6.406 5.785 5.443 5.898 6.302
26.669 26.675 27.491 28.187 28.572 28.797 28.172 27.677 28.530 28.458 27.265 26.815 26.327 22.141 22.445 19.115 22.531 22.186 27.230 26.683 28.338 29.278 29.366 28.719 28.501 28.371 27.727 26.985 26.656 26.382 26.345 26.224 27.845 27.464 28.235 28.167 28.247 28.727 28.843 28.939 28.775 29.175 29.116 29.600 29.641 29.328 29.692 28.903 27.365 25.763 20.711 17.241 15.981 15.419 12.261 10.344 9.110 7.432 6.582 5.403 5.059 3.683 2.838 1.989 1.324 0.628 0.000 0.751 1.450 2.337 3.049 3.616 4.274 5.055 5.859 7.327 8.097 8.700 9.208 9.038 8.309 8.104 8.795 9.852 9.988 8.946 8.607 7.780 6.838 6.544 5.856 6.194 6.778
26.746 26.617 26.790 27.448 27.963 28.521 27.835 27.233 27.837 28.218 26.248 25.700 25.701 22.087 22.513 19.369 22.190 23.027 26.489 26.420 27.996 28.946 29.318 28.862 28.625 28.396 27.869 26.862 27.185 27.227 27.556 26.934 27.609 28.014 28.075 27.983 28.395 29.052 29.004 29.113 28.796 29.371 29.540 29.627 29.586 29.140 29.111 28.268 26.353 25.538 20.702 18.174 15.937 15.395 12.856 10.847 9.796 8.600 7.702 6.987 6.089 5.086 3.917 3.209 2.213 1.333 0.655 0.000 0.867 1.697 2.623 3.141 3.688 3.995 5.092 6.487 6.822 7.760 8.177 7.788 7.339 6.966 8.013 8.765 9.097 7.734 7.160 6.867 5.931 5.626 5.226 5.800 6.250
26.171 26.669 26.494 27.292 28.549 28.238 26.803 27.597 28.166 28.563 25.717 25.359 25.539 20.613 21.241 17.727 20.909 21.644 26.016 26.556 28.394 29.050 28.672 29.118 28.813 28.262 27.993 26.689 25.883 27.088 26.239 26.628 27.611 27.993 27.694 28.072 28.281 28.949 28.870 28.908 29.101 29.070 29.086 29.254 29.615 28.934 29.019 28.393 26.919 24.876 18.332 15.450 12.589 11.497 9.476 7.321 5.701 4.874 3.876 3.505 3.047 2.671 2.185 2.187 1.691 1.893 1.505 1.001 0.000 0.671 1.565 2.185 3.116 3.673 4.670 5.234 5.871 6.762 7.417 6.823 6.479 6.087 6.343 7.352 7.811 6.210 6.209 5.150 4.723 4.205 3.703 4.610 4.825
25.789 25.980 27.647 27.084 27.524 28.736 28.907 27.196 26.924 27.095 25.901 25.962 25.930 19.462 20.507 17.358 20.777 21.441 25.795 25.418 27.398 28.865 28.461 28.269 28.508 27.651 26.566 25.496 25.503 25.821 26.803 25.323 26.859 27.194 27.693 27.791 28.661 29.005 29.329 29.001 28.797 29.074 28.091 28.386 27.627 29.144 27.777 28.881 25.874 25.241 19.115 14.919 11.279 9.206 7.415 5.824 4.633 3.834 3.183 2.665 2.365 2.015 1.762 1.630 1.468 1.651 1.740 1.368 0.545 0.000 0.566 0.874 1.367 1.710 2.349 2.782 2.921 3.840 4.142 3.872 3.835 3.521 3.826 4.600 4.854 3.680 3.576 2.945 2.698 2.338 1.898 2.167 2.351
27.504 27.252 27.680 27.721 27.593 29.090 28.448 27.970 27.981 27.776 25.835 25.604 25.601 19.447 21.428 17.079 19.854 21.355 24.808 26.244 27.353 27.596 28.731 28.342 28.276 27.297 26.485 25.340 25.307 26.109 26.443 25.866 26.858 27.973 26.565 27.514 27.580 28.147 28.162 28.737 28.255 29.239 29.308 29.519 29.131 29.395 28.413 28.374 26.201 24.921 19.196 15.713 11.986 9.836 7.847 6.106 5.204 4.351 3.584 3.080 2.898 2.590 2.115 2.016 1.655 2.020 2.150 1.983 1.031 0.593 0.000 0.601 1.083 1.656 2.047 2.681 3.029 3.575 4.081 3.799 3.615 2.995 3.532 3.919 4.244 3.630 3.486 2.937 2.583 2.033 1.589 1.662 1.828
27.175 27.078 27.370 27.941 27.932 28.699 28.661 27.412 27.488 27.013 25.641 25.122 26.987 21.226 21.320 17.383 20.818 21.085 25.911 25.225 27.161 27.620 28.287 28.708 28.129 27.948 25.907 26.326 26.653 25.617 26.299 26.276 26.792 27.594 26.981 27.831 28.487 28.601 29.413 28.557 28.634 28.957 28.510 28.874 29.237 29.094 27.762 28.323 25.442 24.637 18.610 14.876 11.449 8.500 6.596 5.354 4.237 3.450 2.961 2.652 2.578 2.110 1.955 1.809 1.707 1.945 2.122 1.951 1.310 0.982 0.555 0.000 0.544 0.798 1.074 1.315 1.555 1.943 2.072 1.951 2.009 1.777 2.333 2.711 2.736 2.285 2.030 1.713 1.590 1.362 1.153 1.194 1.876
26.919 27.324 26.738 27.269 28.464 28.061 27.223 27.500 28.008 28.439 26.728 25.629 24.921 20.296 20.795 17.871 20.676 21.565 25.589 26.083 27.843 27.388 28.905 28.265 28.701 28.588 27.462 26.811 26.428 25.979 27.113 26.159 27.462 27.882 28.186 27.835 28.589 28.479 27.952 28.451 28.532 28.557 28.682 28.871 29.469 28.660 28.774 27.429 26.501 24.663 19.109 15.055 11.935 8.733 6.716 5.241 3.952 3.369 2.940 2.747 2.398 2.271 2.080 2.100 1.916 2.372 2.612 2.331 1.610 1.338 0.875 0.528 0.000 0.510 0.788 1.111 1.281 1.582 1.996 1.881 1.743 1.620 2.056 2.475 2.370 1.735 1.533 1.336 1.309 1.058 1.116 1.200 1.809
25.467 27.577 27.294 27.924 27.312 27.945 27.763 27.666 28.336 27.491 26.986 26.368 25.714 20.756 22.092 17.854 22.010 22.043 26.724 25.342 26.167 28.061 27.347 28.408 27.795 27.265 25.709 25.566 26.018 24.365 25.598 27.843 26.635 27.175 28.311 28.742 28.224 28.229 29.475 29.018 28.678 28.623 27.895 29.143 29.120 28.890 27.541 27.777 25.689 25.002 18.520 14.779 11.611 8.494 6.358 4.963 3.636 3.103 2.727 2.475 2.235 2.115 1.883 1.988 1.851 2.212 2.452 2.243 1.537 1.243 1.074 0.793 0.527 0.000 0.509 0.726 1.100 1.329 1.562 1.523 1.408 1.335 1.741 2.067 2.010 1.568 1.459 1.179 1.239 0.840 0.928 1.055 1.779
26.278 26.066 26.421 27.484 27.523 28.479 26.641 26.850 27.144 28.027 26.186 25.541 25.083 20.403 20.992 18.032 20.105 21.980 25.423 25.391 27.310 27.527 28.823 27.846 27.587 27.036 27.104 24.743 25.471 25.480 26.927 26.564 27.676 27.304 27.228 27.573 27.510 28.064 27.971 28.162 28.398 28.166 28.575 28.345 28.710 28.205 28.382 27.314 26.401 24.453 18.591 15.011 11.933 8.982 7.003 5.498 4.008 3.439 2.973 2.823 2.378 2.388 2.046 2.378 2.207 2.580 2.772 2.519 1.884 1.522 1.319 1.029 0.777 0.514 0.000 0.518 0.937 1.185 1.570 1.476 1.388 1.280 1.805 2.188 2.258 1.534 1.313 1.110 1.590 1.140 1.144 1.213 1.759
26.861 27.525 26.571 27.606 27.534 27.461 27.890 26.529 26.993 27.856 25.396 25.425 25.088 20.146 20.474 17.584 19.850 21.488 25.005 25.047 27.045 28.492 28.695 28.168 28.437 27.602 25.740 25.155 24.386 24.327 25.449 26.720 26.043 27.065 27.743 27.488 27.172 28.544 27.138 28.102 28.048 29.006 27.950 27.614 28.175 28.827 28.332 27.652 25.343 23.698 18.420 15.202 12.154 9.610 7.602 5.924 4.946 4.624 4.251 4.294 3.867 3.848 3.758 4.015 3.693 3.858 4.084 3.581 2.805 2.597 2.256 1.802 1.395 1.129 0.601 0.000 0.617 0.964 1.556 1.844 1.705 1.649 2.135 2.483 2.429 2.102 1.514 1.832 1.986 1.336 1.691 1.659 2.375
27.103 26.579 26.615 27.578 28.197 28.313 28.297 27.105 26.962 28.384 25.799 25.639 26.092 21.380 21.538 18.008 20.391 22.716 25.287 26.307 26.786 28.900 28.747 28.779 29.076 28.093 27.028 26.820 25.775 27.814 28.373 27.493 27.880 27.944 28.320 27.480 28.414 29.008 28.093 27.874 28.616 29.106 28.936 28.332 28.942 29.093 29.269 27.878 26.091 24.507 19.118 14.970 12.430 10.178 7.920 6.204 5.004 4.823 4.195 4.006 3.904 3.803 3.867 4.058 3.890 4.084 4.527 3.974 3.303 2.772 2.684 2.047 1.678 1.279 0.859 0.606 0.000 0.540 0.975 1.256 1.362 1.376 2.098 2.464 2.313 1.776 1.402 1.390 1.452 1.358 1.658 1.815 2.737
26.298 26.194 26.187 27.620 27.139 27.385 27.623 25.850 27.155 27.402 25.343 25.701 25.753 20.549 20.232 17.737 20.714 22.139 25.350 25.404 26.791 27.994 28.852 29.078 28.143 28.413 26.953 26.236 25.976 29.485 27.868 24.573 27.192 27.159 27.950 27.269 28.318 28.726 28.029 28.357 28.904 29.170 28.593 28.316 28.673 28.503 28.412 28.110 26.349 25.161 19.264 14.739 12.174 9.845 8.074 6.603 5.653 5.027 4.582 4.334 4.036 3.818 3.488 3.906 3.842 4.035 4.758 4.136 3.397 2.951 2.901 2.288 2.093 1.458 1.261 0.874 0.530 0.000 0.642 1.037 1.216 1.424 1.960 2.239 2.027 1.636 1.329 1.257 1.417 1.494 1.845 2.310 3.362
25.772 26.397 26.275 27.328 27.134 27.370 26.764 25.646 27.228 27.138 25.443 25.242 25.445 21.201 21.038 18.499 21.165 22.446 24.906 26.346 28.537 28.134 28.120 28.226 28.312 28.488 26.342 26.161 25.291 26.085 28.782 26.110 27.135 27.705 27.408 26.761 28.419 28.277 28.554 28.401 28.391 28.168 27.911 27.921 28.519 28.501 28.426 27.562 26.236 24.899 19.664 15.072 13.158 11.642 9.465 7.920 7.489 6.895 7.529 7.207 7.529 7.089 7.481 7.369 7.748 7.616 8.253 7.382 6.518 6.114 5.738 5.167 4.149 3.104 2.401 1.873 0.973 0.615 0.000 0.836 1.602 2.035 2.670 2.631 2.532 2.302 1.692 1.960 2.647 2.947 3.602 3.961 5.597
25.733 26.777 26.647 27.804 27.942 27.762 27.054 26.420 27.444 27.619 25.710 25.080 25.105 21.535 21.194 18.475 20.823 22.563 24.335 25.728 27.951 27.741 28.310 28.263 28.361 27.807 27.010 25.226 25.349 26.489 26.462 26.105 27.095 27.768 27.318 26.833 27.465 27.823 28.337 28.246 28.530 28.549 28.753 28.518 28.430 28.678 29.254 28.099 26.441 25.118 20.268 16.342 14.112 12.286 10.646 9.444 8.509 8.134 8.329 7.951 7.956 7.653 7.359 7.586 7.648 7.402 7.902 7.044 6.519 5.775 5.412 4.550 3.547 3.062 2.129 1.753 1.345 1.173 0.656 0.000 0.601 1.011 1.709 2.397 2.552 2.134 2.218 2.257 2.769 2.692 3.191 3.447 5.215
26.484 26.288 25.948 27.667 27.206 27.684 27.128 26.066 26.931 27.297 25.178 25.030 25.444 20.359 21.277 17.927 19.569 21.978 24.426 24.782 27.816 28.076 28.014 27.813 28.497 27.513 25.969 25.616 25.045 26.239 26.766 25.317 27.087 26.518 26.409 26.506 27.559 27.306 27.824 28.338 27.862 28.511 28.365 28.017 28.590 28.541 28.365 27.751 26.324 24.431 19.145 15.669 13.211 11.451 9.582 8.607 7.829 7.544 7.624 8.023 7.244 7.604 7.397 7.381 7.663 6.854 7.292 6.652 6.620 5.876 5.510 4.862 4.152 3.181 2.450 1.770 1.947 1.925 1.253 0.561 0.000 0.635 1.511 2.463 3.094 2.467 2.667 2.419 3.559 3.079 3.661 3.568 5.018
25.880 26.515 26.873 27.941 27.214 28.170 27.270 26.161 27.301 27.768 25.923 25.074 25.216 21.288 22.153 18.824 21.890 22.952 25.519 25.758 28.546 28.742 28.960 28.682 28.832 28.264 26.644 26.182 25.609 26.727 26.748 26.811 26.518 28.272 28.052 26.546 28.081 28.651 28.436 28.528 28.798 29.248 29.124 28.868 29.061 29.021 28.785 28.271 26.543 25.026 19.596 16.004 14.062 10.868 9.099 7.751 6.699 6.043 6.408 6.151 6.124 6.137 5.598 6.384 5.809 6.247 6.610 5.848 5.000 4.540 4.522 3.993 3.226 2.406 2.559 1.922 1.684 1.559 1.674 1.323 0.593 0.000 0.885 1.762 2.285 1.801 1.776 2.100 2.390 2.578 2.998 2.872 4.816
26.583 26.523 26.749 27.935 27.350 27.765 27.482 26.298 27.025 27.396 25.995 25.004 25.072 20.986 21.583 18.384 21.337 22.479 25.755 25.407 28.389 29.137 28.532 28.183 28.185 28.542 26.529 25.620 25.680 25.643 26.870 25.595 27.158 27.115 27.029 26.806 28.244 28.623 29.063 28.796 28.386 28.761 28.701 28.702 28.837 28.975 28.701 28.256 26.666 24.622 19.796 15.889 13.001 11.183 9.644 8.568 7.920 8.240 7.893 7.776 8.073 7.629 7.408 7.533 6.641 6.925 7.016 6.125 5.554 5.510 5.574 4.518 3.725 2.818 2.447 1.974 2.593 3.058 3.482 2.198 1.688 0.625 0.000 0.689 1.685 2.184 2.339 2.572 3.256 2.649 3.846 3.786 5.319
25.802 26.185 26.401 27.534 27.067 27.726 27.110 26.114 27.390 27.375 25.572 25.550 25.599 21.130 20.957 18.474 20.157 22.223 26.122 25.873 27.897 28.126 28.428 27.845 27.822 28.054 26.527 26.521 25.724 26.422 25.520 24.962 25.953 27.134 27.383 26.914 27.186 27.701 28.045 27.482 27.655 28.226 28.259 28.482 28.546 28.633 28.713 27.884 26.238 25.040 20.169 16.942 15.259 14.140 12.367 11.294 10.542 10.022 10.568 10.967 11.288 10.816 10.739 10.752 10.899 10.573 10.401 10.097 9.729 9.081 8.400 7.434 6.614 4.967 4.505 4.517 4.615 4.114 5.720 4.330 2.693 2.222 0.856 0.000 1.048 2.285 3.098 4.212 4.886 4.519 4.814 4.851 6.315
25.968 26.504 26.682 27.830 26.916 27.420 26.427 25.983 27.500 26.829 25.850 24.459 25.086 21.323 21.838 19.027 20.794 21.899 25.151 25.440 27.662 28.019 28.025 27.867 27.926 28.156 25.826 25.549 26.176 24.812 26.326 25.225 26.806 26.972 26.765 26.696 27.692 28.012 28.012 27.839 28.107 27.962 28.143 28.280 28.375 27.891 28.275 26.974 25.559 24.733 19.476 16.098 13.968 13.045 10.877 9.389 8.668 7.722 8.354 8.409 9.057 9.025 9.224 9.807 9.432 9.717 9.817 9.223 8.691 8.499 8.543 7.748 6.822 5.259 4.695 3.798 3.066 3.192 4.242 3.805 2.558 2.890 1.564 0.685 0.000 0.710 1.293 1.708 3.234 4.167 5.353 6.128 8.629
25.343 25.913 25.893 27.588 27.140 27.497 26.387 25.529 26.414 27.108 25.645 24.608 25.001 19.971 19.849 17.746 20.092 21.795 25.474 25.551 26.711 27.462 28.371 28.062 28.160 26.974 25.804 25.214 24.333 26.071 25.824 24.559 26.721 26.670 26.608 26.609 28.216 27.436 27.721 28.157 28.580 28.570 28.529 28.207 28.633 28.285 28.422 27.073 25.677 24.127 19.010 15.040 12.714 11.305 9.106 7.727 7.056 6.532 6.177 6.246 5.645 5.896 5.466 5.768 5.312 5.594 5.996 5.540 4.736 4.121 4.264 3.620 3.064 2.296 2.051 1.797 1.671 1.870 2.495 2.303 1.816 1.739 1.936 1.205 0.622 0.000 0.546 0.972 1.404 2.201 2.540 2.840 4.217
25.949 26.367 26.061 27.668 27.265 27.696 27.463 25.769 26.788 27.262 25.257 25.227 25.683 20.763 20.936 18.192 19.618 22.563 25.201 25.515 26.598 27.495 28.677 28.812 27.668 27.815 25.415 25.740 26.125 25.992 26.758 24.904 26.233 27.018 27.087 26.322 27.777 27.929 27.825 28.272 28.106 28.701 28.800 28.627 28.578 28.328 28.077 27.320 26.099 24.192 18.732 15.227 12.882 10.567 8.123 7.042 5.849 5.347 4.919 4.805 4.542 4.522 4.104 4.163 4.117 4.196 4.649 4.231 3.629 3.208 3.259 2.721 2.483 1.900 1.856 1.459 1.605 1.677 2.126 2.036 1.787 2.023 1.896 1.594 1.056 0.513 0.000 0.594 0.954 1.388 1.938 2.424 3.653
25.466 25.876 25.512 26.858 27.308 27.873 26.949 25.156 26.316 27.422 25.702 25.159 24.475 20.469 20.631 17.818 20.709 21.021 25.971 26.099 26.795 27.520 28.468 27.775 28.096 27.893 25.761 26.860 25.761 25.594 26.346 25.086 24.969 26.302 27.837 27.041 27.567 28.726 27.793 28.518 28.421 28.652 28.194 28.255 28.624 28.383 28.403 26.491 24.823 23.559 18.981 14.895 12.188 9.982 7.569 6.331 5.627 5.202 5.294 4.560 4.190 3.960 3.567 3.650 3.163 3.353 3.587 3.164 2.463 2.083 2.115 1.653 1.359 1.027 1.044 1.337 1.200 1.485 1.990 1.834 1.604 1.616 1.691 1.697 1.321 0.812 0.526 0.000 0.526 0.838 1.128 1.508 2.233
24.346 24.923 25.595 27.142 27.067 26.984 25.247 26.843 26.503 27.196 26.199 25.572 25.292 19.883 21.002 18.377 21.232 21.640 27.093 26.722 26.088 27.899 26.594 26.466 27.312 26.765 27.835 26.527 25.444 26.548 23.811 25.656 24.967 26.082 25.508 26.811 28.182 27.531 26.641 26.561 28.028 27.715 27.064 27.971 28.104 27.366 26.651 25.613 25.214 24.246 18.573 14.900 12.243 9.278 7.323 6.032 4.690 4.636 3.931 3.882 3.530 3.078 3.013 2.952 2.745 2.972 3.496 2.911 2.170 1.936 1.805 1.574 1.168 1.162 1.077 1.408 1.060 1.346 1.728 1.616 1.459 1.609 1.820 1.900 1.854 1.307 0.805 0.512 0.000 0.521 0.760 1.149 1.749
25.619 25.467 26.091 27.008 26.002 27.181 26.412 26.288 27.248 27.125 25.075 25.176 25.436 21.533 21.129 18.765 21.809 24.459 25.323 26.188 26.070 25.975 27.312 28.497 27.424 27.082 27.129 26.134 25.811 27.572 26.780 25.677 26.192 27.778 28.496 27.502 27.543 27.434 27.577 27.412 28.650 27.867 28.545 27.742 28.465 26.911 27.877 27.551 25.300 24.354 18.784 15.511 11.818 9.640 7.472 6.411 5.129 4.420 4.185 3.263 3.259 2.828 2.685 2.639 2.545 2.676 2.928 2.570 1.914 1.689 1.497 1.285 0.994 1.442 1.341 1.711 1.158 1.550 1.885 1.964 1.539 1.597 1.864 2.125 1.936 1.514 0.999 0.675 0.502 0.000 0.513 0.804 1.436
26.940 25.555 25.816 26.597 27.137 27.672 28.095 26.098 26.426 27.371 25.672 25.061 24.885 20.573 22.762 19.409 21.327 22.136 27.143 26.744 28.083 27.966 28.240 28.911 27.837 28.684 27.309 26.212 26.273 25.905 27.121 27.517 26.315 27.798 28.557 27.566 28.431 28.383 28.898 28.010 28.887 28.563 29.207 29.246 29.091 28.626 28.001 28.067 26.541 25.762 19.441 15.592 11.940 9.042 6.897 5.424 4.382 3.759 3.518 3.150 3.086 2.853 2.710 2.524 2.361 2.434 2.757 2.380 1.786 1.547 1.348 1.059 0.750 0.919 0.945 1.126 1.218 1.478 1.792 1.760 1.670 1.467 1.840 2.188 2.120 1.502 1.334 0.986 0.709 0.504 0.000 0.546 1.225
26.183 26.248 26.485 27.189 26.726 27.415 27.135 26.554 26.800 26.815 26.044 24.867 24.089 20.506 20.664 18.233 21.208 22.019 26.106 25.381 28.253 28.074 28.460 28.168 28.351 28.457 26.782 26.412 26.281 26.498 26.990 26.447 27.260 28.245 28.160 27.027 28.223 28.597 28.185 28.169 28.334 28.683 28.630 28.377 28.805 28.221 28.569 27.339 26.639 24.870 18.404 15.366 13.012 10.804 8.845 7.603 6.655 6.237 5.900 5.178 4.862 4.888 5.214 5.119 4.841 5.175 5.446 4.868 4.090 3.673 3.389 2.335 1.434 1.556 2.417 3.301 3.674 4.367 4.714 4.312 4.072 3.205 3.916 4.699 4.687 4.057 3.535 2.730 2.010 1.343 0.624 0.000 1.532
24.352 25.945 26.613 27.791 28.006 27.092 26.971 27.460 26.685 26.667 26.185 25.309 24.363 20.630 20.940 18.422 19.926 20.203 24.674 25.655 26.842 27.872 27.324 27.246 27.223 27.614 26.213 25.910 24.873 25.969 26.574 25.250 26.219 26.606 25.971 26.173 26.138 26.874 26.953 26.680 27.009 27.580 27.460 27.415 27.882 27.718 27.805 27.036 26.319 24.056 20.536 18.766 17.232 16.410 16.047 15.182 15.044 15.312 15.416 16.209 15.099 16.494 15.229 15.567 15.259 15.103 15.081 13.594 12.414 11.886 9.844 6.516 4.342 3.942 4.341 5.164 6.465 7.301 9.007 8.721 5.365 5.426 5.917 7.479 6.841 5.398 5.709 5.518 5.599 3.884 3.472 1.306 0.000
