65.359
66.482
65.540
63.451
55.942
58.987
48.903
48.180
51.892
63.867
72.683
77.516
80.470
80.787
83.322
82.070
82.805
77.569
75.531
70.372
71.794
73.721
81.040
85.622
87.296
89.779
92.251
92.736
93.430
92.949
93.140
93.920
94.443
93.514
92.254
89.887
88.562
88.587
90.900
89.877
91.401
90.726
90.853
90.566
90.844
91.920
92.481
90.623
90.911
90.691
87.384
86.445
85.659
87.054
88.808
87.424
85.169
86.010
85.196
86.281
86.413
88.337
86.687
86.356
88.203
89.090
87.804
86.500
86.546
83.166
80.355
86.233
87.908
88.709
88.719
90.231
93.055
94.524
93.969
93.656
92.795
91.335
91.038
89.208
87.811
87.320
83.866
78.582
71.936
56.666
47.232
39.729
29.294
