82.857
92.843
93.640
95.331
95.722
96.058
95.879
95.479
95.534
95.333
95.500
94.754
93.341
91.383
88.811
88.121
91.388
91.914
93.734
94.247
95.486
94.635
94.952
95.052
95.232
94.619
93.982
92.355
90.332
91.619
92.148
93.806
93.686
92.680
92.144
91.595
92.302
92.514
91.882
92.353
91.157
93.101
93.849
95.359
94.649
95.179
95.365
93.532
91.857
94.632
95.415
95.589
94.360
94.377
96.109
96.150
96.165
96.095
96.135
96.458
95.867
95.757
95.640
95.542
93.471
92.263
91.708
87.921
89.688
91.769
93.146
94.423
95.039
94.004
93.453
92.431
86.424
72.343
70.566
71.033
75.035
84.645
86.696
88.687
89.378
89.185
90.601
89.563
88.865
85.710
74.992
53.375
48.037
