81.146
84.614
82.256
85.624
86.677
84.693
84.021
85.302
86.327
81.762
77.154
81.801
83.889
84.253
84.914
84.684
85.062
83.896
80.673
78.252
74.279
72.370
71.021
69.885
74.930
81.600
85.486
86.883
87.887
87.914
87.662
85.689
82.040
75.267
77.633
76.888
83.669
89.131
89.467
90.689
92.292
91.193
91.033
87.657
86.004
85.733
85.856
87.243
87.007
86.877
87.144
86.518
86.308
85.587
86.767
87.019
89.034
90.459
91.976
92.786
93.792
92.806
91.452
89.923
85.538
86.794
87.735
88.738
90.203
89.419
87.682
89.279
89.834
89.745
90.154
91.776
89.010
88.904
89.021
88.604
86.886
86.034
87.416
85.353
81.589
82.227
83.141
80.232
79.986
75.189
79.599
71.568
57.689
