0.000 0.581 1.168 1.912 2.443 2.284 1.996 2.176 2.127 2.709 3.035 2.913 2.458 2.374 2.001 1.390 1.456 1.130 1.204 1.632 1.905 2.134 2.687 2.897 2.475 2.497 2.210 2.490 2.829 2.836 2.896 2.771 2.433 2.282 2.198 2.035 2.097 1.874 1.993 2.408 2.557 2.584 2.921 3.218 2.940 2.972 2.438 2.706 2.833 2.375 2.301 1.906 2.015 2.319 1.916 1.676 2.408 2.494 2.056 2.219 2.887 2.870 3.260 3.134 3.102 2.958 2.901 2.795 2.830 2.676 2.934 3.399 3.420 4.049 4.766 5.852 6.680 7.950 9.940 10.904 11.763 13.010 13.810 15.487 16.076 17.040 17.661 18.020 17.248 15.295 15.860 15.453 16.856
0.549 0.000 0.528 0.922 1.200 1.436 1.326 1.430 1.387 1.923 2.177 1.918 1.486 1.183 1.185 0.927 0.861 0.975 1.010 1.245 1.377 1.747 2.020 2.258 2.072 2.144 1.901 1.956 2.161 2.269 2.339 2.184 1.846 1.813 1.532 1.507 1.480 1.520 1.610 1.842 2.040 2.032 2.475 2.586 2.386 2.144 1.685 1.740 1.565 1.497 1.392 1.143 1.581 1.774 1.492 1.446 2.025 1.929 1.799 2.108 2.501 2.539 2.983 2.884 2.780 2.578 2.439 2.134 2.144 1.929 2.195 2.270 2.856 3.274 4.199 5.107 5.614 7.052 8.594 9.927 11.141 12.894 13.420 15.559 15.709 16.934 18.148 17.792 16.023 15.315 15.483 15.900 17.082
1.072 0.588 0.000 0.544 0.789 1.129 1.291 1.462 1.587 2.134 2.263 1.917 1.676 1.191 1.394 1.055 1.145 1.327 1.291 1.558 1.890 2.340 2.403 2.903 2.764 2.941 2.578 2.627 3.017 3.088 3.005 3.008 2.350 2.248 1.863 1.758 1.941 1.558 1.732 1.933 2.163 2.281 2.642 2.980 2.376 2.068 1.685 1.637 1.299 1.176 1.036 1.017 1.428 1.556 1.462 1.593 2.001 2.035 2.151 2.411 2.721 2.898 3.392 3.601 3.533 3.014 3.094 2.457 2.630 2.408 2.664 2.774 2.992 3.574 4.516 5.258 6.249 7.461 9.239 10.544 11.832 13.605 14.448 16.258 17.032 17.901 19.090 18.348 17.140 16.049 16.343 16.190 17.953
1.311 0.823 0.581 0.000 0.523 0.803 1.015 1.260 1.402 1.821 1.934 1.716 1.354 1.051 1.141 1.044 1.130 1.449 1.484 1.795 1.998 2.451 2.687 2.956 2.770 2.770 2.372 2.539 2.873 2.822 2.710 2.592 2.109 2.120 1.834 1.708 1.696 1.490 1.517 1.791 1.991 2.165 2.598 2.632 2.247 1.988 1.574 1.513 1.259 1.193 0.928 0.966 1.328 1.478 1.398 1.492 1.853 1.961 1.999 2.199 2.434 2.624 3.188 3.297 3.160 2.797 2.716 2.362 2.318 2.124 2.167 2.357 2.739 3.176 4.123 5.073 5.642 7.191 8.457 9.653 11.065 12.383 13.731 14.849 15.792 16.544 17.753 17.094 16.304 15.283 15.401 15.578 16.912
1.394 1.183 0.832 0.516 0.000 0.570 0.973 1.246 1.546 1.838 1.911 1.564 1.389 1.073 1.130 1.083 1.356 1.585 1.846 2.027 2.139 2.502 2.899 2.954 2.601 2.507 2.307 2.552 2.716 2.575 2.675 2.545 2.193 2.314 2.174 1.981 1.798 1.567 1.436 1.597 1.721 1.692 1.976 2.144 1.863 1.679 1.278 1.407 1.115 0.919 0.790 0.966 1.243 1.332 1.183 1.428 1.664 1.697 1.661 1.993 2.196 2.172 2.780 2.820 2.544 2.199 2.196 1.929 1.977 2.011 2.224 2.394 2.871 3.538 4.332 5.242 6.008 7.249 8.921 9.757 11.335 12.706 13.773 15.285 15.787 17.088 17.928 17.502 16.341 15.180 15.325 15.419 17.055
2.375 1.942 1.475 0.866 0.584 0.000 0.706 1.491 1.996 2.350 2.405 1.937 1.876 1.288 1.590 1.801 2.241 2.705 2.941 3.336 3.830 4.220 4.720 5.034 4.569 4.353 3.966 4.380 4.767 4.279 4.525 4.185 3.654 3.926 3.554 3.118 2.896 2.495 2.333 2.247 2.380 2.604 2.977 2.955 2.583 2.167 1.826 1.636 1.333 1.232 1.065 1.456 1.907 2.120 1.923 2.479 2.663 2.790 2.645 3.237 3.502 3.531 4.510 4.646 4.308 3.659 3.600 3.122 2.941 3.079 3.113 3.488 3.853 4.731 5.364 6.185 6.865 8.365 9.796 10.869 12.369 13.797 14.306 16.065 17.036 17.644 18.652 17.896 16.752 15.774 15.836 15.852 17.223
2.641 1.809 1.350 1.153 1.047 0.644 0.000 0.613 1.100 1.646 2.142 1.974 1.867 1.692 1.907 2.366 2.208 2.744 2.752 3.392 4.014 4.611 5.021 5.641 5.260 5.201 4.751 4.952 5.333 5.160 4.939 4.767 4.055 3.875 3.275 2.999 3.021 3.021 3.284 3.592 4.011 4.437 4.536 4.732 4.358 3.861 3.252 3.023 2.499 2.185 1.648 1.724 2.450 2.701 3.095 3.382 3.865 3.849 3.973 4.825 5.036 4.976 5.820 6.171 5.847 5.302 5.114 4.782 4.480 4.249 4.000 4.056 4.417 4.833 5.557 6.398 6.789 8.387 9.645 11.029 11.999 13.458 13.990 15.608 16.334 16.889 18.025 17.501 16.428 15.784 15.730 15.928 17.197
2.654 1.985 1.453 1.602 1.575 1.065 0.546 0.000 0.635 1.385 2.125 2.000 1.884 1.718 2.032 2.565 2.427 2.921 3.049 3.737 4.039 4.728 5.105 5.546 5.492 5.173 4.714 5.240 5.313 5.348 5.393 5.049 4.299 3.834 3.641 3.214 3.123 3.212 3.639 3.672 4.280 4.240 4.852 5.090 4.602 4.405 3.395 3.437 2.906 2.490 1.989 2.096 2.483 3.136 2.907 3.409 3.742 3.963 3.904 4.173 4.560 5.001 5.563 5.822 5.652 5.201 5.251 4.692 4.327 4.244 3.924 4.010 4.203 4.449 5.254 5.873 6.505 8.015 9.485 10.635 11.669 13.413 14.578 16.090 16.345 17.421 18.158 17.599 16.802 16.096 16.026 16.598 17.477
2.886 2.206 1.650 1.700 1.589 1.680 1.285 0.619 0.000 0.807 1.572 1.763 1.559 1.455 1.936 2.302 2.466 3.145 2.991 3.830 4.294 5.040 5.422 6.023 5.471 5.591 5.158 5.321 5.943 5.852 5.594 5.247 4.799 4.585 3.926 3.417 3.332 3.290 3.691 3.611 4.433 4.567 5.048 5.619 4.940 4.361 3.580 3.242 2.835 2.995 2.411 2.465 3.483 3.717 3.518 3.931 4.575 4.106 4.335 5.222 5.403 5.258 6.649 6.578 6.322 5.453 5.377 5.037 4.952 4.467 3.989 4.780 4.197 4.721 5.551 6.160 6.873 8.273 9.724 11.011 11.826 13.814 14.334 16.101 16.401 17.199 18.369 17.516 16.581 15.966 15.762 16.109 17.241
2.711 2.052 1.744 2.208 2.535 2.524 1.988 1.481 0.647 0.000 0.595 1.276 1.759 2.096 2.217 2.631 2.505 3.276 3.324 3.683 4.261 4.877 5.360 6.027 5.284 5.453 5.275 5.534 6.101 5.895 5.986 5.867 5.069 4.960 4.274 3.504 3.900 3.329 4.095 4.048 4.721 5.018 5.322 5.823 5.206 4.685 3.939 3.757 3.307 3.460 3.409 2.691 3.550 3.941 3.539 3.602 4.249 4.460 4.218 4.510 5.174 5.231 5.996 6.073 6.021 5.696 5.794 5.525 5.309 4.783 4.338 4.562 4.569 5.029 5.874 6.396 7.161 8.683 9.895 11.579 12.248 13.752 14.663 15.820 16.638 17.566 18.385 17.719 16.971 15.618 15.961 15.926 17.015
3.961 3.302 2.947 3.143 2.758 3.332 2.903 1.852 1.673 0.758 0.000 0.760 1.564 2.219 2.935 3.349 3.535 3.683 4.003 4.492 5.166 6.292 6.650 7.298 7.275 6.815 6.892 6.525 7.180 6.870 6.747 6.428 5.561 5.095 4.247 4.104 4.036 3.827 4.435 4.698 5.324 6.144 6.488 6.569 6.332 5.509 4.374 3.980 3.810 3.665 4.099 4.375 5.033 5.187 5.031 5.680 6.296 6.104 6.121 6.970 7.221 7.389 7.735 7.841 7.800 7.347 6.605 6.192 5.616 5.475 4.649 4.756 4.714 5.612 6.241 7.319 8.095 9.576 10.846 12.237 13.080 14.743 15.781 17.045 18.002 18.678 19.858 19.045 18.195 16.578 16.660 16.511 17.911
3.465 2.791 1.997 1.859 1.829 2.208 2.126 1.697 1.857 1.245 0.608 0.000 0.644 1.033 1.328 2.069 2.670 3.557 3.796 4.582 5.104 5.807 6.595 6.718 6.192 5.832 5.482 6.012 6.206 5.787 5.911 5.208 4.656 4.548 4.283 3.520 3.312 2.576 2.721 2.400 2.628 3.265 3.509 3.359 3.011 2.556 2.416 1.912 1.916 2.333 2.638 2.848 3.443 3.297 3.043 3.741 4.154 3.542 3.898 4.793 4.729 4.667 5.533 5.664 5.216 4.703 4.147 3.779 3.096 3.308 3.306 3.473 3.874 4.543 5.378 6.169 7.115 8.420 9.831 11.076 12.242 13.676 14.673 16.111 17.176 17.665 18.755 18.021 17.236 16.267 15.981 16.733 18.206
1.869 1.495 1.130 1.103 1.249 1.573 1.493 1.232 1.541 1.421 0.934 0.580 0.000 0.516 0.779 1.116 1.517 1.880 2.109 2.733 2.969 3.466 3.949 4.009 3.641 3.438 3.160 3.579 3.755 3.573 3.615 3.206 2.947 2.808 2.547 2.116 2.049 1.634 1.659 1.837 2.158 2.217 2.545 2.622 2.232 2.074 1.556 1.533 1.464 1.447 1.457 1.560 1.731 1.787 1.560 1.843 1.949 2.052 2.177 2.344 2.528 2.770 3.224 3.429 3.296 2.958 2.870 2.619 2.614 2.360 2.473 2.689 2.969 3.508 4.271 5.150 5.973 7.379 8.820 10.238 11.275 13.006 14.218 15.822 16.123 17.598 18.222 17.660 16.965 15.676 15.753 15.553 17.436
1.618 1.474 1.011 1.018 1.086 1.407 1.486 1.375 1.675 1.606 1.277 0.874 0.503 0.000 0.553 0.760 1.097 1.560 1.892 2.357 2.450 3.011 3.258 3.318 2.942 2.623 2.465 2.902 2.957 2.669 2.998 2.616 2.280 2.347 2.240 1.918 1.745 1.249 1.216 1.398 1.594 1.666 1.965 2.164 1.872 1.700 1.311 1.320 1.228 1.259 1.292 1.343 1.682 1.576 1.372 1.656 1.911 1.777 1.781 2.105 2.279 2.257 2.867 2.854 2.589 2.245 2.142 1.899 1.904 1.833 1.903 2.221 2.615 3.177 4.241 5.009 5.825 7.120 8.546 9.589 10.998 12.213 13.447 14.772 15.676 16.586 17.383 17.036 15.938 15.049 15.024 15.192 16.651
0.961 0.909 0.788 0.863 1.062 1.302 1.334 1.262 1.626 1.592 1.420 1.077 0.677 0.515 0.000 0.503 0.699 0.957 1.208 1.426 1.595 1.921 2.196 2.308 2.008 2.026 1.794 2.045 2.236 2.162 2.216 2.051 1.650 1.681 1.576 1.373 1.255 0.941 0.897 1.191 1.363 1.471 1.759 1.921 1.656 1.485 1.155 1.219 1.122 1.118 1.148 1.097 1.383 1.409 1.150 1.258 1.530 1.492 1.393 1.621 1.883 1.896 2.342 2.314 2.188 1.868 1.814 1.517 1.606 1.451 1.667 1.893 2.270 2.823 3.699 4.616 5.276 6.360 8.134 9.230 10.623 12.128 13.451 15.177 15.765 16.719 17.808 17.344 16.537 15.217 15.513 15.061 17.090
0.832 0.777 0.748 0.766 0.972 1.111 1.155 1.200 1.444 1.561 1.625 1.383 0.992 0.681 0.505 0.000 0.506 0.613 0.858 1.035 1.156 1.489 1.654 1.907 1.667 1.579 1.407 1.478 1.651 1.542 1.530 1.359 1.093 1.108 1.019 0.964 0.762 0.649 0.676 0.849 0.980 1.090 1.293 1.453 1.244 1.116 0.897 1.019 1.015 0.990 0.924 0.905 1.081 1.085 0.883 1.048 1.228 1.191 1.173 1.396 1.608 1.636 2.025 1.998 1.755 1.531 1.349 1.121 1.085 0.994 1.094 1.287 1.803 2.304 3.245 4.090 4.677 6.030 7.764 8.658 10.028 11.370 12.079 14.021 14.639 15.672 16.777 16.188 15.893 14.148 14.978 15.137 16.797
0.803 0.789 0.776 0.833 1.079 1.250 1.340 1.328 1.429 1.644 1.757 1.497 1.157 0.857 0.642 0.500 0.000 0.498 0.639 0.807 0.929 1.238 1.411 1.674 1.496 1.484 1.256 1.276 1.506 1.428 1.374 1.251 0.998 0.963 0.852 0.783 0.716 0.658 0.753 0.948 1.089 1.220 1.451 1.585 1.378 1.214 1.044 1.116 1.096 1.038 1.036 0.988 1.190 1.167 0.999 1.143 1.337 1.288 1.288 1.470 1.718 1.722 2.157 2.082 1.897 1.621 1.488 1.220 1.218 1.039 1.126 1.324 1.791 2.322 3.278 4.246 5.023 6.376 8.190 9.218 10.396 12.076 13.136 15.082 15.912 16.832 17.733 17.230 16.658 15.254 16.005 15.950 17.507
0.815 0.769 0.887 1.085 1.293 1.507 1.512 1.504 1.542 1.728 1.924 1.670 1.291 1.126 0.865 0.627 0.497 0.000 0.504 0.618 0.793 1.103 1.321 1.553 1.382 1.408 1.182 1.226 1.436 1.376 1.313 1.155 0.897 0.819 0.696 0.718 0.666 0.692 0.768 0.980 1.122 1.227 1.467 1.618 1.446 1.291 1.158 1.241 1.314 1.267 1.246 1.131 1.324 1.333 1.112 1.179 1.423 1.360 1.275 1.494 1.733 1.793 2.146 2.068 1.897 1.635 1.480 1.211 1.184 1.058 1.107 1.253 1.774 2.171 3.250 4.106 4.754 6.420 8.036 9.254 10.919 11.755 12.923 14.547 14.596 15.916 17.074 16.595 16.069 14.552 15.305 15.506 16.586
0.940 1.028 1.299 1.607 1.908 2.132 2.007 2.031 1.866 2.179 2.569 2.373 1.923 1.640 1.311 0.985 0.744 0.509 0.000 0.531 0.925 1.318 1.585 1.973 1.826 1.940 1.574 1.658 2.096 1.951 1.916 1.777 1.319 1.192 0.887 0.966 0.969 1.011 1.068 1.358 1.432 1.563 1.832 2.046 1.822 1.671 1.503 1.576 1.760 1.716 1.833 1.612 1.942 1.836 1.516 1.610 2.040 1.743 1.682 2.078 2.337 2.223 2.773 2.653 2.401 2.034 1.888 1.533 1.518 1.342 1.557 1.686 2.267 2.707 3.707 4.737 5.457 6.977 8.822 9.697 11.270 13.061 13.566 15.610 16.069 16.895 18.587 17.389 16.305 15.517 15.500 16.368 16.995
1.215 1.257 1.530 1.941 2.197 2.381 2.200 2.022 1.937 2.160 2.433 2.373 2.028 2.019 1.793 1.541 1.131 0.862 0.541 0.000 0.516 0.863 1.160 1.433 1.256 1.401 1.230 1.120 1.386 1.593 1.607 1.806 1.424 1.294 1.049 1.315 1.425 1.588 1.796 2.279 2.504 2.387 2.748 3.324 3.027 2.907 2.421 2.501 2.540 2.504 2.373 2.110 2.509 2.646 2.240 2.198 2.705 2.597 2.233 2.532 2.980 2.851 3.132 2.864 2.692 2.500 2.557 2.251 2.396 2.064 2.233 2.196 2.561 3.129 4.119 5.043 5.789 7.245 8.728 10.171 11.183 13.178 13.690 15.595 16.105 16.998 18.120 17.666 16.360 15.033 15.893 15.790 16.627
1.205 1.393 1.723 1.973 2.281 2.432 2.321 2.241 2.228 2.383 2.674 2.585 2.186 2.052 1.726 1.441 1.210 0.888 0.788 0.516 0.000 0.528 0.764 1.080 0.990 1.141 0.955 0.844 1.120 1.204 1.172 1.243 1.032 1.082 0.945 1.233 1.227 1.391 1.428 1.776 1.883 1.760 2.004 2.395 2.294 2.212 1.999 2.149 2.338 2.197 2.241 1.951 2.191 2.239 1.866 1.888 2.153 2.008 1.739 1.972 2.284 2.211 2.444 2.256 2.077 1.900 1.828 1.644 1.786 1.614 1.841 1.762 2.352 2.765 3.648 4.703 5.423 6.646 8.547 9.543 11.106 12.366 13.428 15.135 15.547 16.577 18.019 17.245 16.280 15.090 15.579 15.536 16.761
1.575 1.829 2.140 2.409 2.712 2.975 2.859 2.699 2.640 2.836 3.187 3.132 2.555 2.406 2.015 1.787 1.470 1.148 1.182 0.854 0.523 0.000 0.521 0.773 0.933 1.276 1.072 1.014 1.264 1.573 1.610 1.726 1.382 1.425 1.338 1.609 1.552 1.671 1.889 2.210 2.426 2.385 2.708 3.260 2.978 2.798 2.503 2.497 2.688 2.693 2.734 2.522 2.910 2.830 2.382 2.502 2.888 2.671 2.279 2.689 3.072 2.923 3.137 2.902 2.735 2.534 2.494 2.201 2.312 2.121 2.194 2.225 2.678 3.268 4.113 5.185 5.953 7.389 9.042 10.705 11.573 13.448 13.910 15.874 16.271 17.783 18.146 17.834 16.329 15.850 15.920 16.224 17.263
2.011 2.342 2.677 3.108 3.575 3.641 3.491 3.402 3.283 3.488 3.948 4.083 3.452 3.327 2.812 2.424 2.176 1.610 1.590 1.173 0.864 0.509 0.000 0.605 0.847 1.186 1.204 0.981 1.233 1.592 1.643 2.001 1.723 1.847 1.803 2.195 2.137 2.372 2.370 2.876 2.909 2.567 2.944 3.522 3.391 3.403 3.083 3.345 3.634 3.478 3.430 2.909 3.238 3.305 2.776 2.745 3.108 2.925 2.489 2.827 3.191 3.006 3.306 2.873 2.711 2.571 2.569 2.445 2.746 2.676 2.991 2.903 3.464 3.973 4.841 5.753 6.767 7.804 9.892 11.444 12.829 14.699 14.985 16.883 17.296 18.330 19.505 19.236 17.660 16.579 17.548 16.589 17.645
2.724 3.244 3.758 4.352 4.737 4.919 4.722 4.620 4.307 4.547 5.194 5.354 4.865 4.520 3.908 3.379 2.904 2.364 2.282 1.847 1.357 0.946 0.615 0.000 0.662 1.052 1.375 1.102 1.292 1.737 1.979 2.272 2.187 2.334 2.278 2.822 2.853 3.117 3.140 3.546 3.443 3.106 3.104 3.801 3.779 4.161 4.025 4.329 4.642 4.501 4.413 4.084 4.024 3.902 3.533 3.389 3.510 3.316 2.804 2.974 3.229 2.985 3.013 2.586 2.597 2.581 2.725 2.898 3.153 3.266 3.671 3.648 4.198 4.636 5.416 6.194 7.218 8.307 9.788 11.449 12.316 14.076 14.897 16.562 17.505 18.229 19.124 18.611 17.242 16.664 16.577 16.211 18.022
2.194 2.714 3.100 3.265 3.607 3.889 3.823 3.688 3.644 3.752 4.277 4.251 3.694 3.418 3.000 2.589 2.371 1.878 2.029 1.744 1.183 1.070 0.768 0.585 0.000 0.526 0.678 0.793 0.843 0.887 1.380 1.600 1.508 1.824 2.045 2.486 2.222 2.499 2.196 2.500 2.322 2.061 2.149 2.549 2.692 2.878 2.838 3.125 3.388 3.305 3.378 3.027 3.193 3.106 2.707 2.579 2.887 2.588 2.078 2.349 2.639 2.420 2.561 2.184 1.954 1.817 1.757 1.882 2.157 2.322 2.691 2.792 3.413 3.879 4.692 5.832 6.510 7.642 9.309 10.341 11.597 13.402 14.514 16.264 17.190 18.838 19.421 18.751 17.347 16.498 16.261 16.613 17.312
1.855 2.110 2.414 2.610 3.003 3.104 3.067 3.102 2.902 3.137 3.489 3.458 2.990 2.788 2.335 2.062 1.827 1.500 1.633 1.411 1.043 1.052 0.983 0.827 0.503 0.000 0.496 0.604 0.661 0.636 0.840 0.953 1.020 1.292 1.539 1.786 1.655 1.805 1.789 1.965 1.918 1.840 1.947 2.320 2.332 2.420 2.345 2.521 2.856 2.683 2.779 2.484 2.607 2.603 2.255 2.157 2.379 2.155 1.812 2.003 2.316 2.121 2.384 2.060 1.860 1.668 1.592 1.526 1.683 1.710 1.924 2.008 2.496 2.876 3.694 4.721 5.386 6.640 8.127 9.117 10.433 11.788 13.038 14.969 15.456 17.652 18.041 17.923 16.542 15.082 15.296 15.471 16.566
1.610 1.908 2.212 2.351 2.719 2.815 2.812 2.798 2.773 2.931 3.216 3.111 2.671 2.491 2.124 1.842 1.687 1.306 1.437 1.184 0.854 0.951 0.965 0.889 0.588 0.493 0.000 0.495 0.581 0.660 0.716 0.927 0.945 1.141 1.351 1.619 1.430 1.697 1.550 1.885 1.832 1.682 1.820 2.204 2.161 2.264 2.109 2.318 2.551 2.419 2.452 2.290 2.365 2.304 1.958 1.933 2.120 1.970 1.662 1.834 2.101 1.937 2.105 1.929 1.688 1.594 1.561 1.435 1.716 1.589 1.931 1.883 2.458 2.781 3.662 4.767 5.421 6.755 8.389 9.276 10.600 12.066 12.845 14.828 15.614 16.974 17.540 17.952 16.695 15.204 15.733 15.091 17.072
1.496 1.794 2.016 2.079 2.447 2.557 2.542 2.601 2.598 2.715 2.975 2.960 2.423 2.254 1.938 1.699 1.512 1.246 1.363 1.136 0.842 0.936 0.908 0.855 0.625 0.566 0.490 0.000 0.499 0.588 0.763 0.949 0.971 1.185 1.300 1.537 1.364 1.545 1.518 1.718 1.770 1.592 1.772 2.085 2.046 2.077 1.967 2.140 2.353 2.202 2.246 2.042 2.201 2.172 1.869 1.827 2.042 1.877 1.615 1.804 2.043 1.922 2.145 1.904 1.705 1.565 1.545 1.416 1.639 1.575 1.787 1.874 2.332 2.725 3.737 4.788 5.527 6.946 8.786 9.672 11.186 12.537 13.824 15.587 16.192 17.417 18.531 18.446 17.016 16.093 16.606 16.213 17.107
1.770 2.046 2.404 2.628 2.971 3.063 2.968 3.053 2.874 3.084 3.381 3.363 3.003 2.816 2.430 2.137 1.874 1.515 1.566 1.302 0.969 1.021 1.019 0.961 0.748 0.674 0.605 0.499 0.000 0.515 0.707 0.973 1.099 1.376 1.542 1.818 1.755 1.988 1.867 2.135 2.168 1.919 2.053 2.481 2.433 2.609 2.362 2.666 2.950 2.734 2.792 2.416 2.602 2.620 2.222 2.137 2.443 2.248 1.889 2.079 2.475 2.228 2.441 2.127 1.901 1.787 1.773 1.685 2.002 1.916 2.115 2.231 2.671 3.082 4.056 4.964 5.902 7.159 8.699 10.077 10.981 12.733 13.986 15.156 15.876 17.132 17.796 17.556 16.206 15.886 16.131 15.422 16.830
1.992 2.325 2.567 2.732 3.007 3.118 3.107 3.195 3.105 3.242 3.552 3.467 3.032 2.766 2.388 2.112 1.952 1.665 1.734 1.554 1.252 1.318 1.239 1.137 0.870 0.747 0.711 0.654 0.510 0.000 0.612 0.758 0.928 1.366 1.577 1.775 1.635 1.830 1.765 2.017 1.949 1.837 1.951 2.335 2.307 2.413 2.341 2.503 2.868 2.726 2.820 2.626 2.724 2.696 2.338 2.243 2.556 2.283 1.943 2.143 2.453 2.196 2.430 2.134 1.809 1.802 1.576 1.551 1.668 1.718 2.022 2.009 2.474 2.719 3.856 5.071 5.612 7.087 8.591 9.893 10.894 12.576 13.423 14.887 15.920 17.432 18.425 17.946 16.911 15.413 15.282 15.344 16.765
2.513 2.857 3.106 3.501 3.752 4.006 3.859 3.746 3.474 3.511 4.062 4.050 3.370 3.318 2.829 2.568 2.281 1.915 2.114 1.997 1.569 1.742 1.650 1.500 1.327 1.051 0.994 0.952 0.752 0.564 0.000 0.563 0.789 1.285 1.686 1.907 1.654 2.032 2.129 2.386 2.474 2.244 2.416 3.009 2.974 3.169 3.022 3.058 3.599 3.520 3.698 3.481 3.635 3.547 3.022 2.970 3.229 2.969 2.517 2.792 3.002 2.704 2.800 2.346 2.150 2.031 2.022 1.861 2.059 1.900 2.044 1.919 2.337 2.608 3.675 4.765 5.228 6.519 8.608 9.810 11.439 12.815 13.779 15.297 16.111 17.338 18.428 17.732 16.467 15.969 16.320 16.133 17.226
1.868 1.995 2.198 2.340 2.585 2.937 2.788 2.644 2.531 2.607 2.839 2.791 2.219 2.160 1.791 1.722 1.492 1.274 1.543 1.549 1.287 1.598 1.584 1.534 1.490 1.293 0.994 0.935 0.907 0.655 0.527 0.000 0.540 0.885 1.169 1.274 1.022 1.236 1.463 1.602 1.777 1.865 2.036 2.374 2.308 2.219 2.076 2.034 2.349 2.382 2.619 2.427 2.678 2.606 2.254 2.388 2.623 2.398 2.150 2.489 2.752 2.480 2.770 2.541 2.192 1.874 1.798 1.419 1.424 1.325 1.380 1.513 2.012 2.560 3.565 4.593 5.110 6.282 8.323 9.376 10.749 12.598 13.199 14.911 15.445 16.896 18.079 17.801 16.426 15.499 15.835 15.598 16.886
1.346 1.568 1.710 1.928 2.100 2.362 2.333 2.205 2.272 2.310 2.509 2.397 2.016 1.874 1.583 1.378 1.107 0.915 1.080 1.051 0.965 1.287 1.379 1.502 1.358 1.232 0.962 1.001 1.082 0.850 0.726 0.520 0.000 0.513 0.690 0.933 0.784 1.034 1.123 1.388 1.448 1.453 1.655 1.921 1.847 1.789 1.690 1.809 2.000 2.008 2.047 1.931 2.165 2.099 1.700 1.801 2.098 1.798 1.622 1.924 2.166 1.980 2.362 2.181 1.831 1.604 1.422 1.206 1.269 1.150 1.259 1.337 1.881 2.338 3.309 4.305 4.881 6.086 8.228 9.311 10.670 12.065 12.854 14.285 15.668 16.099 17.129 16.816 16.303 14.931 15.280 15.376 16.411
1.425 1.522 1.568 1.924 2.205 2.393 2.232 2.213 2.055 2.153 2.419 2.406 1.948 1.902 1.576 1.366 1.022 0.789 0.888 0.963 1.087 1.529 1.638 1.864 1.729 1.590 1.218 1.252 1.419 1.195 0.975 0.755 0.521 0.000 0.500 0.701 0.677 1.000 1.215 1.457 1.584 1.620 1.869 2.176 2.106 2.024 1.865 1.965 2.149 2.114 2.169 1.979 2.209 2.275 1.862 2.019 2.295 2.112 1.915 2.261 2.497 2.303 2.708 2.523 2.163 1.891 1.669 1.428 1.404 1.265 1.266 1.270 1.906 2.354 3.393 4.353 5.085 6.492 8.573 9.495 11.023 12.226 13.499 15.218 16.335 16.828 18.035 17.457 16.671 15.986 15.857 15.987 17.272
1.271 1.352 1.514 1.744 2.003 2.173 2.173 2.100 2.004 2.153 2.403 2.235 1.817 1.733 1.458 1.232 0.959 0.736 0.832 0.908 1.018 1.395 1.579 1.845 1.740 1.739 1.373 1.354 1.539 1.424 1.247 1.063 0.763 0.512 0.000 0.561 0.631 0.928 1.145 1.426 1.654 1.705 1.968 2.202 2.123 2.008 1.792 1.861 1.979 2.013 2.037 1.836 2.118 2.140 1.785 1.917 2.183 2.069 1.900 2.222 2.452 2.358 2.717 2.648 2.328 2.126 1.923 1.556 1.524 1.281 1.305 1.297 1.818 2.229 3.303 4.416 5.072 6.484 8.179 9.203 10.678 12.028 13.244 14.969 16.125 16.723 18.279 17.176 16.605 15.546 15.511 16.135 17.207
1.468 1.585 1.737 2.028 2.379 2.612 2.545 2.464 2.394 2.405 2.655 2.470 2.006 1.897 1.492 1.346 0.985 0.821 0.945 1.007 1.164 1.563 1.780 2.122 2.016 2.091 1.651 1.665 2.025 1.850 1.706 1.463 1.036 0.814 0.543 0.000 0.548 0.781 1.080 1.339 1.767 2.006 2.230 2.494 2.386 2.137 1.955 1.730 2.041 2.262 2.394 2.254 2.585 2.642 2.141 2.282 2.694 2.568 2.300 2.637 2.977 2.814 3.306 3.182 2.840 2.442 2.197 1.752 1.585 1.158 1.053 1.156 1.722 2.275 3.346 4.616 5.439 6.881 8.524 9.695 10.671 12.150 13.163 14.923 15.614 16.685 17.787 17.466 16.462 15.225 15.788 15.623 17.345
1.148 1.159 1.160 1.318 1.568 1.773 1.782 1.789 1.820 1.888 2.100 1.879 1.485 1.343 0.998 0.827 0.663 0.769 0.889 1.015 1.095 1.414 1.625 1.888 1.705 1.627 1.347 1.357 1.562 1.378 1.316 1.132 0.841 0.683 0.655 0.515 0.000 0.508 0.656 0.868 1.094 1.278 1.551 1.641 1.574 1.293 1.177 1.171 1.362 1.374 1.462 1.441 1.586 1.565 1.359 1.493 1.710 1.587 1.522 1.846 1.982 2.032 2.420 2.371 2.108 1.712 1.495 1.167 1.104 0.840 0.906 0.958 1.586 2.200 3.140 4.110 4.754 5.984 7.894 9.300 10.512 11.499 12.780 14.385 14.911 15.772 16.670 16.478 15.800 14.805 15.034 15.081 16.216
1.251 1.288 1.320 1.411 1.784 1.949 2.010 1.974 1.942 2.100 2.296 2.148 1.682 1.498 1.052 0.900 0.774 0.866 1.171 1.401 1.503 1.959 2.126 2.389 2.091 2.018 1.677 1.827 2.031 1.800 1.764 1.480 1.105 0.974 0.954 0.753 0.522 0.000 0.521 0.699 0.849 1.034 1.295 1.395 1.258 1.138 1.028 1.191 1.452 1.467 1.620 1.543 1.689 1.573 1.273 1.494 1.657 1.424 1.451 1.761 1.842 1.853 2.323 2.350 2.079 1.655 1.417 1.060 0.959 0.754 0.796 0.917 1.535 2.098 3.132 4.179 4.775 6.038 7.838 9.183 10.529 11.785 13.046 14.830 15.558 16.651 17.312 17.163 16.261 15.122 15.781 15.625 17.124
1.010 1.019 0.975 1.001 1.162 1.370 1.472 1.504 1.744 1.788 1.879 1.657 1.263 1.104 0.817 0.640 0.637 0.724 0.983 1.114 1.166 1.483 1.622 1.815 1.580 1.470 1.248 1.370 1.491 1.377 1.392 1.177 0.937 0.955 0.943 0.868 0.617 0.500 0.000 0.498 0.562 0.704 0.898 0.994 0.883 0.735 0.682 0.851 1.029 0.985 1.066 1.096 1.183 1.095 0.927 1.070 1.140 1.009 1.008 1.248 1.361 1.366 1.760 1.762 1.504 1.187 1.013 0.731 0.672 0.635 0.740 1.025 1.637 2.127 3.032 4.114 4.782 6.110 8.292 9.327 10.861 11.823 13.099 14.013 14.785 15.696 16.627 16.420 15.661 14.707 15.388 15.296 16.258
1.250 1.244 1.235 1.181 1.347 1.594 1.628 1.746 1.829 2.000 2.185 1.895 1.457 1.282 1.002 0.843 0.857 0.890 1.138 1.232 1.275 1.608 1.775 1.893 1.661 1.559 1.358 1.451 1.578 1.416 1.416 1.249 0.991 1.075 1.086 1.005 0.797 0.627 0.492 0.000 0.499 0.630 0.847 0.930 0.752 0.638 0.708 0.884 1.056 1.071 1.232 1.240 1.301 1.205 1.016 1.175 1.254 1.072 1.107 1.325 1.404 1.426 1.845 1.803 1.589 1.236 1.028 0.745 0.631 0.644 0.819 1.115 1.678 2.238 3.240 4.229 5.052 6.388 8.740 9.540 10.925 12.075 12.950 15.104 15.622 17.151 17.521 17.484 16.342 15.192 15.657 15.166 16.644
1.324 1.337 1.261 1.210 1.316 1.553 1.672 1.668 1.828 1.942 2.117 1.801 1.414 1.248 1.051 0.929 1.007 1.072 1.393 1.449 1.453 1.713 1.861 1.926 1.656 1.473 1.341 1.502 1.591 1.395 1.509 1.317 1.141 1.273 1.334 1.247 0.971 0.770 0.580 0.496 0.000 0.491 0.592 0.739 0.649 0.599 0.657 0.844 1.043 0.999 1.146 1.194 1.255 1.066 0.919 1.052 1.082 0.846 0.888 1.087 1.145 1.099 1.516 1.424 1.276 0.887 0.816 0.613 0.659 0.818 0.901 1.181 1.737 2.267 3.348 4.412 5.070 6.238 8.089 8.985 10.965 12.197 13.370 14.835 15.660 17.097 17.689 17.359 16.617 15.361 15.860 15.581 17.132
1.327 1.402 1.370 1.274 1.375 1.609 1.798 1.911 2.065 2.214 2.315 2.004 1.632 1.389 1.168 1.027 1.137 1.132 1.437 1.525 1.425 1.684 1.869 1.902 1.606 1.425 1.317 1.507 1.532 1.406 1.506 1.379 1.184 1.354 1.446 1.382 1.116 0.960 0.708 0.623 0.498 0.000 0.509 0.719 0.596 0.605 0.683 0.905 1.093 1.032 1.192 1.228 1.295 1.100 0.949 1.064 1.079 0.875 0.812 1.063 1.121 1.048 1.505 1.469 1.218 0.911 0.805 0.631 0.716 0.890 1.133 1.429 2.016 2.398 3.466 4.433 5.068 6.473 8.042 9.210 10.852 12.225 13.280 14.711 15.387 16.686 17.522 17.211 16.570 15.084 15.523 15.518 16.539
1.714 1.886 1.924 1.871 2.078 2.390 2.488 2.634 2.663 2.823 3.114 2.836 2.304 2.039 1.735 1.473 1.519 1.584 1.840 2.015 1.888 2.191 2.281 2.452 2.054 1.849 1.704 1.937 2.036 1.870 2.046 1.850 1.656 1.897 1.932 1.957 1.624 1.470 1.108 1.164 0.815 0.537 0.000 0.799 0.701 0.958 1.095 1.479 1.712 1.552 1.787 1.770 1.886 1.573 1.317 1.537 1.552 1.206 1.174 1.557 1.519 1.328 1.817 1.759 1.448 1.035 0.914 0.802 1.079 1.367 1.728 2.039 2.542 3.107 3.953 4.927 5.647 6.683 8.450 9.132 10.669 11.464 13.158 14.754 15.285 17.037 17.879 17.488 16.588 15.289 15.858 15.703 17.212
2.619 2.986 2.858 2.449 2.407 2.886 3.329 3.368 3.724 3.730 3.982 3.531 2.951 2.583 2.346 2.228 2.665 2.526 3.136 3.265 2.835 3.167 3.344 3.187 2.699 2.309 2.282 2.733 2.657 2.316 2.804 2.571 2.416 2.888 3.214 3.068 2.629 2.352 1.811 1.541 1.057 0.770 0.567 0.000 0.568 0.865 1.245 1.634 1.689 1.697 2.218 2.441 2.485 1.938 1.819 2.244 2.049 1.480 1.686 2.117 1.909 1.614 2.026 2.014 1.612 1.264 1.136 1.302 1.620 2.014 2.471 2.902 3.548 4.294 5.174 6.168 7.060 7.920 9.740 10.899 12.455 13.689 14.631 15.873 16.350 17.893 18.626 18.091 17.129 16.239 16.427 16.122 17.548
1.713 1.728 1.612 1.391 1.467 1.727 1.919 2.022 2.272 2.341 2.404 2.098 1.697 1.441 1.297 1.178 1.416 1.516 1.932 2.155 2.145 2.475 2.674 2.648 2.339 2.094 1.961 2.253 2.303 2.157 2.270 2.087 1.750 2.014 2.032 1.905 1.540 1.305 0.976 0.837 0.648 0.646 0.648 0.529 0.000 0.503 0.614 0.818 1.062 1.056 1.316 1.437 1.530 1.232 1.096 1.361 1.378 1.035 1.149 1.446 1.463 1.392 1.811 1.866 1.619 1.225 1.074 0.973 1.098 1.285 1.577 1.920 2.402 2.852 3.913 4.876 5.574 7.080 9.038 9.764 11.560 12.614 13.799 14.997 15.918 17.236 18.259 17.808 16.900 15.152 15.834 15.456 16.946
1.492 1.448 1.293 1.125 1.271 1.517 1.629 1.811 1.964 2.158 2.226 1.966 1.548 1.296 1.117 1.031 1.251 1.348 1.641 1.884 1.850 2.187 2.388 2.469 2.144 1.994 1.769 2.103 2.129 1.933 2.046 1.812 1.542 1.713 1.766 1.541 1.277 1.135 0.868 0.691 0.654 0.710 0.872 0.739 0.501 0.000 0.505 0.611 0.933 0.862 1.113 1.196 1.321 1.111 1.001 1.231 1.270 1.036 1.165 1.433 1.510 1.453 1.967 2.009 1.807 1.375 1.257 1.017 1.079 1.138 1.331 1.629 2.141 2.621 3.648 4.690 5.506 6.536 8.469 9.285 11.107 12.279 13.470 15.621 15.971 17.652 17.814 18.014 16.944 15.617 15.990 15.646 17.520
1.460 1.415 1.293 1.077 1.169 1.461 1.679 1.724 1.987 2.111 2.161 1.863 1.487 1.168 1.058 0.949 1.245 1.444 1.735 1.920 2.015 2.407 2.597 2.789 2.424 2.243 2.097 2.284 2.411 2.241 2.363 2.084 1.766 1.903 1.822 1.651 1.450 1.143 0.958 0.762 0.694 0.853 1.060 0.973 0.650 0.508 0.000 0.553 0.837 0.817 0.999 1.131 1.293 1.102 0.931 1.279 1.334 1.039 1.273 1.589 1.609 1.655 2.146 2.268 1.984 1.577 1.388 1.183 1.175 1.215 1.444 1.782 2.300 2.703 3.726 4.759 5.299 6.786 8.456 9.686 11.210 12.405 13.527 14.983 16.467 16.911 17.786 17.288 16.310 15.372 15.501 15.256 16.484
2.348 2.306 1.992 1.500 1.631 1.969 2.286 2.449 2.773 3.013 2.912 2.394 2.041 1.461 1.384 1.451 2.086 2.313 2.935 3.004 2.947 3.361 3.660 3.837 3.211 2.997 2.850 3.429 3.418 3.179 3.477 3.107 2.742 2.978 2.984 2.685 2.389 1.704 1.355 1.093 1.104 1.303 1.611 1.550 1.105 0.799 0.541 0.000 0.823 1.082 1.539 1.797 1.941 1.660 1.437 1.824 1.814 1.496 1.709 2.000 1.985 2.079 2.549 2.755 2.641 2.125 2.147 1.759 1.821 1.860 2.069 2.611 3.114 3.495 4.600 5.632 6.374 7.863 9.526 10.859 11.942 13.339 14.299 16.275 16.390 17.823 18.442 18.537 17.127 16.167 16.365 16.154 17.654
2.312 2.264 1.824 1.255 1.280 1.486 2.106 2.289 2.739 2.904 3.005 2.548 2.017 1.452 1.467 1.525 2.028 2.313 2.876 3.305 3.322 3.797 4.225 4.372 3.904 3.670 3.306 3.723 3.848 3.387 3.509 2.933 2.767 2.813 2.903 2.616 2.236 1.739 1.574 1.208 1.400 1.783 2.187 2.086 1.679 1.238 0.975 0.635 0.000 0.675 1.026 1.556 1.635 1.482 1.510 2.025 2.059 1.938 2.167 2.624 2.737 2.760 3.690 3.707 3.290 2.756 2.436 1.992 1.734 1.819 1.905 2.256 2.995 3.559 4.520 5.546 6.334 7.675 9.566 10.789 12.631 13.944 14.975 17.157 17.698 18.682 19.195 18.855 17.779 17.527 17.040 17.090 18.099
1.549 1.401 1.110 0.756 0.801 0.997 1.291 1.549 1.860 2.178 2.218 1.919 1.537 1.059 1.110 1.085 1.506 1.667 1.927 2.229 2.304 2.635 2.861 2.980 2.646 2.527 2.368 2.620 2.694 2.602 2.686 2.456 2.211 2.331 2.221 2.064 1.813 1.481 1.310 1.134 1.161 1.372 1.635 1.650 1.231 0.997 0.822 0.846 0.541 0.000 0.512 0.703 0.865 0.792 0.795 1.101 1.203 1.170 1.381 1.597 1.744 1.894 2.395 2.557 2.401 2.026 1.925 1.646 1.637 1.651 1.847 2.111 2.579 3.155 4.060 5.062 5.621 6.907 8.667 9.654 11.228 12.351 13.962 15.122 16.474 17.026 17.800 17.675 16.695 15.489 15.681 15.652 16.776
1.164 1.028 0.881 0.687 0.761 0.907 1.042 1.296 1.587 1.799 1.968 1.696 1.338 1.015 1.043 0.956 1.160 1.264 1.399 1.504 1.632 1.871 2.081 2.241 1.984 1.926 1.793 1.942 2.090 2.094 2.164 2.056 1.694 1.831 1.633 1.596 1.476 1.322 1.185 1.177 1.220 1.259 1.475 1.534 1.228 1.064 0.884 0.962 0.790 0.501 0.000 0.497 0.583 0.614 0.601 0.706 0.887 0.949 1.061 1.185 1.410 1.508 2.067 2.165 2.048 1.707 1.714 1.473 1.585 1.565 1.724 1.879 2.363 2.778 3.667 4.624 5.203 6.603 8.300 9.233 11.042 12.360 13.222 15.071 15.803 16.830 17.987 17.411 15.977 15.167 15.020 15.252 16.851
1.141 1.005 0.776 0.717 0.814 0.868 1.097 1.259 1.488 1.753 1.773 1.547 1.288 1.011 1.014 0.902 1.072 1.212 1.320 1.486 1.549 1.820 2.036 2.126 1.837 1.777 1.659 1.818 2.000 1.910 1.990 1.924 1.632 1.747 1.574 1.485 1.378 1.220 1.166 1.155 1.177 1.187 1.373 1.476 1.206 1.119 0.932 1.083 0.950 0.622 0.493 0.000 0.493 0.539 0.552 0.561 0.689 0.799 0.848 0.949 1.181 1.309 1.773 1.879 1.802 1.526 1.567 1.384 1.493 1.451 1.607 1.863 2.201 2.727 3.662 4.487 5.281 6.571 8.405 9.808 10.952 12.624 13.040 15.386 15.863 17.352 18.329 17.527 16.133 15.078 15.298 15.231 16.903
1.365 1.152 1.034 0.879 0.951 1.085 1.135 1.386 1.605 1.824 1.932 1.739 1.556 1.270 1.302 1.162 1.437 1.528 1.647 1.848 2.022 2.314 2.557 2.663 2.283 2.200 2.143 2.326 2.445 2.417 2.449 2.438 2.062 2.146 1.958 1.880 1.801 1.552 1.436 1.447 1.387 1.283 1.433 1.532 1.277 1.368 1.106 1.342 1.197 0.823 0.574 0.492 0.000 0.497 0.601 0.647 0.630 0.736 0.920 0.949 1.099 1.322 1.828 2.005 1.966 1.680 1.780 1.615 1.824 1.859 2.049 2.229 2.617 3.056 3.988 4.815 5.367 6.832 8.375 9.678 10.919 12.567 13.450 15.001 15.615 16.797 17.629 17.254 15.733 15.057 15.321 15.250 17.077
1.233 1.169 1.050 0.890 0.984 1.070 1.201 1.498 1.666 1.967 2.030 1.820 1.494 1.182 1.193 1.000 1.211 1.290 1.463 1.647 1.676 1.997 2.216 2.254 1.942 1.802 1.694 1.898 1.966 1.860 1.970 1.816 1.609 1.735 1.684 1.586 1.474 1.297 1.075 1.099 0.992 0.936 1.107 1.264 1.001 1.018 0.847 1.067 0.991 0.701 0.571 0.530 0.491 0.000 0.491 0.545 0.574 0.561 0.685 0.792 0.989 1.112 1.657 1.763 1.623 1.299 1.287 1.164 1.294 1.345 1.598 1.796 2.245 2.716 3.625 4.632 5.329 6.742 8.573 9.575 11.227 12.560 13.889 15.155 15.594 17.275 17.712 17.437 16.146 14.984 15.173 15.050 17.040
1.083 1.041 1.029 0.904 0.949 1.048 1.198 1.394 1.598 1.954 2.037 1.745 1.461 1.147 1.076 0.911 1.043 1.109 1.344 1.440 1.457 1.748 1.946 2.003 1.725 1.571 1.500 1.656 1.751 1.673 1.816 1.688 1.474 1.560 1.524 1.486 1.372 1.171 1.022 1.020 0.974 0.942 1.141 1.302 1.068 0.986 0.852 1.045 0.940 0.681 0.593 0.536 0.521 0.489 0.000 0.491 0.537 0.562 0.576 0.700 0.902 1.048 1.603 1.637 1.549 1.228 1.286 1.128 1.297 1.332 1.582 1.757 2.268 2.776 3.747 4.667 5.539 6.697 8.737 9.591 11.167 12.429 13.713 15.594 15.961 17.467 18.393 18.033 16.825 15.519 15.725 15.740 17.029
1.131 1.043 0.958 0.880 0.976 1.122 1.265 1.499 1.705 1.910 1.961 1.687 1.425 1.193 1.078 0.922 1.101 1.168 1.357 1.505 1.546 1.818 2.066 2.126 1.793 1.711 1.609 1.814 1.904 1.867 1.937 1.818 1.564 1.625 1.604 1.513 1.367 1.185 1.018 1.097 1.045 0.986 1.177 1.334 1.115 1.067 0.897 1.099 1.031 0.740 0.671 0.567 0.558 0.531 0.489 0.000 0.494 0.539 0.579 0.615 0.785 1.005 1.532 1.608 1.596 1.291 1.336 1.213 1.315 1.381 1.532 1.734 2.184 2.659 3.618 4.583 5.280 6.838 8.400 9.754 11.036 12.569 13.465 15.349 15.715 16.967 18.247 17.422 16.343 15.119 15.395 15.399 17.275
1.312 1.285 1.219 1.121 1.325 1.301 1.411 1.735 1.886 2.162 2.289 2.101 1.875 1.512 1.395 1.205 1.388 1.445 1.609 1.780 1.910 2.148 2.400 2.496 2.126 1.992 1.898 2.191 2.290 2.221 2.365 2.237 1.929 2.081 1.913 1.817 1.753 1.511 1.352 1.353 1.265 1.065 1.207 1.359 1.114 1.246 1.078 1.381 1.371 1.007 0.863 0.683 0.619 0.618 0.565 0.493 0.000 0.496 0.593 0.656 0.744 0.982 1.539 1.721 1.672 1.374 1.475 1.374 1.580 1.670 1.943 2.186 2.609 3.089 3.934 4.783 5.418 6.898 8.511 9.674 11.059 12.476 13.699 14.976 15.834 16.913 17.723 17.465 16.471 15.344 15.541 15.649 17.215
1.187 1.214 1.220 1.056 1.228 1.287 1.414 1.742 1.815 2.140 2.265 1.951 1.711 1.402 1.271 1.073 1.221 1.232 1.391 1.553 1.545 1.831 2.045 2.068 1.763 1.619 1.517 1.746 1.802 1.674 1.825 1.708 1.454 1.629 1.613 1.587 1.380 1.301 1.018 1.088 0.949 0.797 1.043 1.192 0.962 1.049 0.915 1.182 1.199 0.918 0.807 0.734 0.633 0.568 0.540 0.514 0.490 0.000 0.491 0.553 0.693 0.786 1.424 1.508 1.390 1.120 1.150 1.045 1.233 1.305 1.575 1.789 2.262 2.663 3.630 4.582 5.312 6.494 8.607 9.297 11.104 12.151 13.688 14.849 15.807 17.319 17.813 17.738 16.689 15.265 15.591 15.768 16.921
1.240 1.280 1.259 1.153 1.283 1.427 1.589 1.778 2.028 2.340 2.417 2.126 1.738 1.424 1.307 1.119 1.287 1.223 1.482 1.594 1.540 1.853 2.015 2.058 1.751 1.611 1.514 1.758 1.829 1.780 1.909 1.788 1.543 1.725 1.675 1.646 1.482 1.293 1.063 1.109 0.983 0.843 1.046 1.196 0.990 1.012 0.961 1.219 1.233 0.945 0.889 0.837 0.783 0.655 0.579 0.579 0.538 0.491 0.000 0.501 0.671 0.799 1.465 1.506 1.429 1.161 1.193 1.077 1.237 1.320 1.608 1.863 2.361 2.787 3.874 4.832 5.652 6.895 8.614 9.621 11.299 12.342 13.567 15.531 16.260 17.351 18.728 18.356 16.915 15.956 16.057 16.342 17.312
1.449 1.570 1.579 1.481 1.797 1.918 2.047 2.187 2.326 2.531 2.760 2.598 2.093 1.806 1.575 1.298 1.527 1.538 1.854 2.008 2.047 2.303 2.602 2.725 2.161 2.022 1.961 2.335 2.433 2.353 2.504 2.298 1.995 2.093 2.048 1.959 1.823 1.567 1.282 1.409 1.313 1.132 1.358 1.619 1.348 1.493 1.212 1.558 1.659 1.319 1.295 1.189 1.103 0.984 0.764 0.714 0.664 0.618 0.502 0.000 0.541 0.816 1.524 1.698 1.727 1.418 1.545 1.361 1.609 1.689 1.923 2.143 2.608 3.079 3.950 4.793 5.475 6.901 8.607 10.142 11.361 12.685 14.101 15.342 16.267 17.373 17.939 17.750 16.199 15.875 15.767 15.951 17.447
2.106 2.315 2.339 2.370 2.920 2.724 2.909 3.153 3.383 3.714 4.042 3.998 3.557 3.057 2.788 2.433 2.570 2.522 2.796 2.964 3.106 3.346 3.791 3.838 3.076 2.982 2.971 3.476 3.761 3.774 4.001 3.862 3.238 3.629 3.295 3.360 3.229 2.938 2.548 2.676 2.390 1.779 1.853 2.223 2.043 2.475 2.211 2.816 2.861 2.353 2.126 1.859 1.613 1.622 1.370 1.021 1.017 1.044 0.874 0.571 0.000 0.711 1.620 2.051 2.154 1.819 2.253 2.304 2.931 3.109 3.518 3.841 4.420 5.033 5.590 6.488 7.096 8.454 10.502 11.343 13.178 14.483 15.433 17.268 17.886 18.583 19.376 19.174 18.203 17.048 17.137 17.193 18.366
3.470 3.997 4.231 4.039 4.675 4.570 4.717 5.442 5.373 5.886 6.635 6.371 5.667 4.738 4.372 3.664 4.007 3.802 4.402 4.503 4.263 4.712 5.090 5.012 4.152 3.391 3.507 4.214 4.166 3.753 4.449 3.944 3.743 4.461 4.632 4.800 4.081 3.979 3.298 3.602 2.885 2.183 2.045 2.810 2.704 3.281 3.128 3.996 4.356 3.597 3.606 3.377 2.694 2.736 2.636 2.320 1.742 1.685 1.414 1.219 0.589 0.000 1.255 1.875 2.060 1.818 2.234 2.623 3.137 3.552 4.450 4.702 5.526 6.098 6.724 7.821 8.611 10.013 11.414 12.159 13.644 14.826 16.026 18.015 18.806 19.788 20.740 20.232 19.279 18.094 17.866 17.921 18.694
5.137 5.739 5.993 5.308 5.185 6.043 6.653 6.957 7.483 7.737 8.127 7.440 7.079 5.550 5.540 4.908 5.596 5.522 6.406 6.367 5.872 5.854 6.185 5.824 4.401 3.539 4.132 5.182 4.697 4.505 5.675 5.436 5.176 6.018 6.619 6.757 5.875 5.328 4.296 4.131 3.606 2.628 2.730 3.703 2.917 3.596 3.355 4.454 4.555 3.672 4.190 4.847 4.256 3.072 3.277 3.584 2.515 2.007 2.179 2.152 1.411 0.929 0.000 0.704 1.402 2.030 2.826 3.347 4.168 4.729 5.606 6.505 7.236 8.019 9.084 9.951 10.787 11.752 13.840 14.526 15.542 17.751 18.093 20.433 20.468 21.672 22.306 22.213 21.361 19.344 20.089 19.351 20.872
5.024 5.762 6.105 5.974 6.520 6.744 6.944 6.873 7.257 7.245 8.004 7.598 7.045 6.409 5.699 5.254 5.321 5.223 5.953 5.758 5.123 5.244 5.353 5.035 4.080 3.074 3.283 4.117 3.878 3.226 3.990 3.708 3.895 4.886 5.496 5.699 5.187 4.832 4.172 4.201 3.667 2.736 2.488 3.494 3.462 4.269 4.302 5.066 5.845 5.303 5.394 5.118 4.972 4.389 3.913 3.856 3.268 2.693 2.454 2.552 1.937 1.462 0.628 0.000 0.762 1.492 2.056 2.761 3.565 4.072 4.916 5.324 6.068 6.611 7.152 8.001 8.897 10.090 12.229 12.969 13.803 15.574 16.125 18.432 19.612 20.623 20.328 20.743 19.560 18.132 18.633 18.402 19.946
3.581 4.323 4.479 4.385 4.664 5.132 5.243 5.208 5.250 5.323 5.721 5.593 4.983 4.596 3.835 3.567 3.652 3.558 4.166 4.135 3.581 3.919 4.098 3.797 2.994 2.344 2.459 3.382 3.186 2.680 3.330 2.969 2.763 3.518 4.079 4.127 3.349 3.212 2.650 2.456 2.126 1.668 1.558 2.248 2.507 2.815 2.875 3.256 4.034 3.732 4.184 4.013 4.002 3.425 2.987 3.051 2.831 2.350 2.032 2.363 2.128 1.580 1.189 0.583 0.000 0.618 1.096 1.374 1.975 2.493 3.009 3.596 4.367 5.026 5.764 6.451 7.543 8.805 10.182 10.519 12.111 13.862 15.185 17.061 17.955 18.895 19.243 19.355 18.111 16.901 17.048 16.980 18.548
2.918 3.393 3.509 3.470 3.758 4.164 4.178 4.134 4.141 4.171 4.281 4.263 3.722 3.439 2.940 2.676 2.795 2.679 3.240 3.324 2.773 3.120 3.375 3.282 2.558 2.068 2.072 2.520 2.483 2.053 2.478 2.208 2.109 2.579 2.946 2.827 2.343 2.301 1.883 1.822 1.525 1.264 1.234 1.750 2.004 2.137 2.314 2.607 3.083 3.036 3.430 3.222 3.263 2.861 2.469 2.598 2.436 2.007 1.732 1.960 1.862 1.492 1.412 1.032 0.583 0.000 0.562 0.891 1.206 1.561 1.896 2.314 2.957 3.373 4.388 5.365 5.979 7.575 8.865 9.879 11.660 13.631 14.353 16.653 16.727 18.155 18.995 18.374 17.683 15.720 16.153 15.877 17.573
1.963 2.152 2.157 2.030 2.257 2.615 2.671 2.665 2.727 2.736 2.891 2.767 2.244 2.045 1.658 1.582 1.642 1.641 2.046 2.137 1.903 2.290 2.433 2.407 2.030 1.742 1.539 1.881 1.925 1.654 1.875 1.618 1.480 1.717 1.947 1.782 1.491 1.289 1.095 1.050 0.922 0.775 0.792 1.190 1.198 1.331 1.340 1.604 1.897 1.815 2.067 2.090 2.126 1.885 1.660 1.768 1.753 1.421 1.307 1.629 1.562 1.332 1.507 1.313 0.940 0.528 0.000 0.525 0.783 1.001 1.267 1.593 2.156 2.733 3.743 4.628 5.541 6.626 8.996 9.695 11.011 12.628 14.181 15.533 14.954 16.985 17.887 17.634 16.454 15.433 15.996 15.349 17.306
1.496 1.669 1.607 1.558 1.697 1.953 2.107 2.111 2.321 2.406 2.500 2.222 1.837 1.588 1.323 1.187 1.293 1.351 1.608 1.728 1.632 1.969 2.121 2.173 1.769 1.567 1.408 1.612 1.662 1.474 1.560 1.408 1.209 1.426 1.523 1.452 1.157 1.014 0.771 0.799 0.687 0.672 0.777 1.090 0.989 1.006 1.078 1.220 1.416 1.387 1.463 1.502 1.605 1.421 1.212 1.356 1.396 1.160 1.070 1.335 1.421 1.315 1.606 1.528 1.164 0.795 0.512 0.000 0.511 0.716 0.986 1.268 1.840 2.347 3.317 4.473 4.916 6.226 8.380 9.702 11.152 12.709 13.563 15.191 16.146 16.721 17.831 17.204 16.210 14.852 15.268 15.305 16.603
1.541 1.670 1.586 1.590 1.851 2.072 2.140 2.188 2.278 2.343 2.490 2.316 1.865 1.634 1.334 1.166 1.262 1.245 1.644 1.765 1.696 2.082 2.253 2.235 1.968 1.738 1.501 1.769 1.833 1.547 1.602 1.322 1.159 1.383 1.505 1.382 1.011 0.841 0.659 0.675 0.679 0.736 0.944 1.134 1.075 1.048 1.048 1.250 1.477 1.430 1.632 1.595 1.697 1.550 1.294 1.427 1.482 1.234 1.197 1.468 1.532 1.428 1.811 1.774 1.463 1.024 0.768 0.514 0.000 0.516 0.721 1.056 1.698 2.254 3.365 4.326 5.243 6.505 9.104 9.573 11.290 12.694 13.277 15.331 14.960 17.412 17.568 17.914 16.744 15.278 15.958 15.522 17.314
1.717 1.862 1.730 1.808 2.036 2.356 2.351 2.261 2.241 2.298 2.495 2.372 1.921 1.781 1.426 1.307 1.324 1.388 1.786 1.955 2.107 2.442 2.722 2.780 2.357 2.028 1.833 2.070 2.172 1.882 1.947 1.556 1.251 1.550 1.600 1.380 0.975 0.845 0.768 0.795 0.890 1.014 1.111 1.376 1.331 1.313 1.320 1.434 1.758 1.730 1.871 1.847 2.087 1.854 1.544 1.794 1.895 1.537 1.521 1.889 1.910 1.701 2.177 2.192 1.718 1.314 1.015 0.737 0.531 0.000 0.521 0.912 1.450 2.120 3.198 3.999 4.517 6.143 7.926 9.760 10.761 12.214 13.301 15.038 15.623 16.464 17.453 17.117 16.054 15.058 15.373 15.546 16.824
2.005 2.160 2.041 2.137 2.503 2.830 2.854 2.763 2.739 2.769 3.058 2.891 2.172 2.129 1.588 1.413 1.396 1.516 1.955 2.159 2.082 2.669 2.973 3.017 2.716 2.510 2.089 2.485 2.578 2.245 2.238 1.781 1.445 1.498 1.664 1.472 0.963 0.822 0.850 0.940 1.153 1.300 1.491 1.712 1.640 1.587 1.528 1.651 2.063 2.051 2.298 2.143 2.334 2.199 1.826 2.009 2.100 1.816 1.783 2.109 2.180 2.072 2.549 2.548 2.288 1.775 1.582 1.144 0.947 0.550 0.000 0.550 1.120 1.867 3.177 4.191 4.932 6.192 8.797 9.668 11.060 12.264 13.662 15.488 16.203 17.401 17.435 17.807 17.067 16.061 16.487 16.035 17.813
2.794 3.253 3.008 3.356 3.660 4.207 3.997 3.828 3.542 3.490 3.996 3.836 3.151 3.119 2.299 2.244 2.056 2.147 2.739 2.986 3.048 4.069 4.187 4.545 4.129 4.001 3.146 3.374 3.820 3.151 3.166 2.453 2.028 1.773 2.013 1.768 1.139 1.245 1.628 1.578 1.931 2.376 2.689 2.763 2.824 2.361 2.496 2.398 3.025 3.268 3.592 3.599 3.959 3.674 3.097 3.635 3.902 3.371 3.347 4.061 4.155 3.763 4.565 4.687 4.079 3.318 2.715 1.976 1.611 1.183 0.582 0.000 0.680 1.521 2.623 3.768 4.447 6.030 7.484 9.432 10.890 11.897 13.292 15.180 15.261 17.119 17.833 17.356 16.488 15.753 16.334 16.408 17.875
4.647 5.168 5.097 5.540 6.208 7.350 6.714 5.993 5.697 5.435 5.783 5.922 5.043 5.213 3.904 3.913 3.343 3.313 4.404 5.085 4.946 6.177 6.527 6.876 6.104 5.298 4.738 5.325 5.701 4.775 4.777 3.603 2.795 2.995 3.235 2.641 1.880 2.194 2.813 3.185 3.689 3.795 4.227 4.956 5.115 4.928 4.613 4.574 5.490 5.737 6.582 5.987 6.932 6.580 5.427 5.794 6.314 5.493 5.092 5.879 6.093 5.185 6.122 5.980 5.132 4.410 4.124 3.019 2.804 1.924 1.380 0.678 0.000 0.751 1.840 3.038 3.624 4.973 6.309 8.035 9.697 11.379 12.787 14.133 15.440 15.964 17.061 17.126 16.475 15.655 15.961 16.112 17.462
7.248 7.497 7.067 7.004 7.439 9.079 9.044 7.775 7.424 6.683 7.508 7.822 6.218 6.027 4.582 5.060 5.171 5.928 7.205 8.539 8.659 10.704 11.448 12.155 11.268 10.106 9.041 10.149 10.612 9.084 8.865 7.380 6.199 5.584 5.802 4.644 3.884 3.391 4.272 3.974 4.896 6.000 7.018 7.130 6.464 5.578 5.366 4.871 5.837 6.145 7.670 7.912 8.708 7.725 6.872 8.413 8.339 7.293 7.748 9.116 9.065 8.608 10.150 10.397 9.730 8.127 7.286 5.953 4.839 3.528 2.575 1.743 0.694 0.000 0.697 1.596 2.502 3.705 5.430 6.658 7.965 10.128 11.760 12.228 13.307 15.160 15.686 16.178 15.232 14.610 15.398 15.790 17.170
9.068 9.038 8.948 9.559 10.095 10.980 10.603 9.454 8.952 8.091 9.126 9.399 7.743 8.180 6.935 7.380 6.888 7.415 8.364 9.769 9.859 11.984 12.412 13.548 12.343 11.490 10.270 10.962 11.853 10.306 9.815 7.545 7.108 6.009 6.556 5.069 4.553 4.725 5.987 6.275 7.269 8.104 8.551 9.082 8.646 7.972 8.102 7.303 8.373 9.158 10.270 10.236 11.230 10.350 9.823 10.742 10.965 9.795 9.991 11.209 11.291 10.664 11.988 12.080 11.136 9.614 8.472 7.483 5.914 4.413 3.475 2.654 1.476 0.684 0.000 0.626 1.352 2.235 3.469 5.179 5.625 7.870 9.109 10.594 11.235 13.155 14.551 14.480 13.232 12.469 13.456 13.416 15.536
9.403 9.961 9.656 10.586 11.405 12.299 11.714 10.187 9.788 8.592 9.683 10.316 8.610 9.269 7.738 8.379 7.442 8.200 8.575 9.707 10.191 11.940 12.484 13.439 12.435 11.569 10.106 10.894 11.884 10.245 9.902 8.067 7.621 6.420 6.669 5.229 5.379 5.850 7.511 7.537 8.656 9.381 9.770 10.580 10.607 9.806 9.377 8.698 9.915 10.869 11.762 11.183 12.470 11.916 10.561 11.422 11.760 10.978 10.378 11.592 12.011 11.284 12.454 12.320 11.336 10.350 9.426 8.265 7.428 5.788 4.555 3.416 2.488 1.418 0.615 0.000 0.723 1.475 2.454 3.775 4.658 6.438 7.952 9.454 10.194 11.301 12.571 12.672 12.074 11.240 11.962 12.612 14.031
10.993 11.357 10.902 11.436 11.999 12.843 12.760 10.910 10.299 8.856 10.083 10.951 9.446 10.283 8.770 9.818 8.717 9.306 10.198 11.390 11.631 13.748 13.943 15.302 14.533 13.608 12.418 12.869 13.784 11.898 11.827 10.246 9.337 8.427 8.334 6.950 7.042 7.409 8.710 9.139 10.471 11.343 12.170 12.800 12.579 11.448 11.059 10.061 11.378 11.563 12.485 12.444 13.212 12.836 12.001 12.942 13.282 12.726 12.476 13.918 14.039 13.497 14.750 14.806 13.758 12.613 11.794 10.429 9.416 8.026 6.760 5.035 3.705 2.960 1.907 0.728 0.000 0.827 1.636 2.324 2.956 3.794 4.469 5.825 6.547 7.836 9.045 9.348 8.187 7.239 8.207 8.522 11.008
12.434 12.592 12.640 12.971 13.801 14.680 13.696 12.751 11.575 9.963 11.189 11.838 10.900 11.663 10.356 11.042 9.876 10.706 11.340 12.742 13.033 14.838 15.987 16.739 15.783 15.123 13.313 13.974 14.734 13.145 12.214 10.918 10.371 9.119 9.332 7.832 8.190 8.732 10.359 10.751 11.370 12.594 12.910 13.924 13.398 13.013 12.267 11.927 13.115 13.481 14.262 14.125 15.028 14.806 13.949 14.550 15.430 14.606 14.083 15.364 16.089 14.850 16.279 15.829 14.721 13.545 12.360 11.467 10.293 8.914 7.019 5.980 4.237 3.180 2.648 1.868 0.690 0.001 0.679 1.345 1.686 2.353 2.913 3.816 4.488 5.313 6.730 6.960 6.129 5.547 6.435 6.791 8.615
12.478 12.599 12.533 13.280 13.980 14.702 14.053 12.380 11.363 9.785 10.811 11.942 10.603 12.094 10.463 11.594 10.304 10.490 11.509 12.793 13.087 14.982 15.558 16.886 15.952 15.166 13.647 14.060 14.979 13.559 13.336 11.907 10.553 9.807 9.870 7.992 8.646 9.189 10.276 11.350 12.682 13.358 14.016 15.085 14.719 13.955 13.258 12.688 13.814 13.730 14.574 14.509 15.131 15.072 14.037 14.681 15.455 14.749 14.296 15.891 16.375 15.273 16.731 16.690 15.253 14.474 13.844 12.376 11.585 9.954 8.719 7.018 5.420 4.129 3.252 2.402 1.418 0.648 0.000 0.622 1.084 1.453 1.841 2.418 2.720 3.660 5.103 5.121 4.193 3.946 4.416 5.182 6.813
13.009 13.207 12.892 13.386 14.306 14.918 13.885 12.953 12.185 10.003 11.145 11.984 11.261 12.276 11.442 11.683 11.061 11.035 11.905 13.463 13.541 15.662 16.977 17.691 16.703 15.636 14.240 15.046 15.722 14.232 13.855 12.774 11.349 10.172 10.439 8.729 9.075 9.813 10.726 11.704 12.425 13.411 13.482 14.328 14.178 13.749 13.031 13.279 14.139 13.954 14.658 14.621 15.299 15.602 14.613 15.152 15.945 15.016 14.651 16.643 16.777 15.383 17.168 16.847 15.713 15.105 13.762 12.839 11.785 10.424 8.873 7.299 5.936 4.678 3.996 2.949 1.925 1.246 0.585 0.001 0.576 0.996 1.235 1.791 2.261 3.022 3.896 4.488 3.604 3.107 4.042 4.410 6.321
12.841 13.000 13.416 14.038 14.654 15.393 14.459 13.119 12.345 10.517 11.277 12.736 11.519 12.959 11.922 12.148 11.496 10.908 11.833 13.150 13.163 14.846 15.607 17.389 15.934 15.372 13.709 14.433 14.864 13.817 13.218 12.346 11.345 10.391 10.535 9.180 9.595 10.261 11.265 12.167 13.435 13.905 14.245 15.950 15.773 14.835 13.554 13.518 14.575 14.746 15.489 15.109 16.051 15.945 14.472 15.444 16.575 15.106 15.018 16.657 17.529 15.603 17.473 17.147 15.812 14.712 14.068 13.125 12.159 10.896 9.491 8.296 6.336 4.849 4.025 3.071 2.184 1.598 0.940 0.550 0.000 0.563 0.950 1.314 1.848 2.466 3.284 3.774 3.190 3.098 3.533 4.481 6.176
13.723 13.795 13.638 13.847 14.855 15.451 14.297 13.598 12.606 10.713 11.519 12.666 12.136 12.992 12.325 12.895 12.260 12.069 12.696 14.257 14.130 16.319 17.251 18.505 17.066 16.749 15.167 15.545 16.156 14.948 14.461 13.163 12.182 11.299 11.481 9.810 10.401 11.319 11.603 12.833 13.519 13.872 14.636 15.438 14.867 15.139 14.121 14.738 14.816 14.868 15.415 15.295 16.337 16.314 14.944 15.986 16.620 15.579 15.371 17.051 17.491 16.797 17.318 18.253 16.610 15.510 15.332 13.726 12.794 11.885 10.961 8.746 7.323 5.764 4.890 3.795 2.598 1.992 1.278 1.014 0.549 0.000 0.561 1.053 1.427 1.995 2.816 3.210 2.763 2.843 3.322 4.105 5.277
14.999 14.675 15.356 15.823 16.497 17.142 16.007 15.070 14.096 11.530 12.741 14.223 12.932 14.753 13.726 13.893 13.443 13.001 13.936 15.226 15.012 17.234 17.971 18.403 17.508 16.817 16.316 16.098 16.706 16.172 15.561 14.043 13.345 12.339 12.560 11.045 11.536 12.379 13.121 14.100 14.228 15.777 15.833 16.878 16.761 16.575 14.898 15.042 16.213 16.428 17.318 16.631 17.941 18.001 15.785 17.129 18.602 16.235 17.134 18.116 19.107 17.792 19.044 20.291 17.547 16.504 15.655 14.957 14.177 12.641 11.580 10.038 7.513 6.153 5.270 4.209 3.194 2.391 1.768 1.288 0.943 0.557 0.000 0.595 1.170 1.838 2.508 2.784 2.591 2.754 3.540 4.416 5.922
15.818 15.515 15.210 15.803 16.782 17.503 16.454 15.434 14.229 12.468 13.024 15.181 13.768 15.035 13.869 15.128 13.935 13.756 14.587 15.770 15.937 18.176 18.894 19.767 19.020 18.526 17.435 17.495 18.349 16.936 16.218 15.080 13.866 13.403 13.148 11.503 12.480 12.811 13.585 15.054 15.976 16.312 17.253 17.667 18.317 17.253 16.309 15.875 16.717 16.903 17.538 16.590 18.409 18.386 17.169 17.962 18.956 18.305 17.666 19.217 20.221 19.059 20.464 20.704 19.620 17.847 16.431 15.356 14.938 13.490 12.638 10.526 8.952 7.444 6.595 5.545 4.383 3.668 2.568 2.208 1.536 1.158 0.639 0.000 0.628 1.381 2.231 2.608 2.334 2.649 3.511 4.392 6.062
18.432 17.843 18.029 18.360 19.247 19.427 18.130 18.257 16.462 15.520 15.800 17.189 17.219 17.413 16.722 16.853 16.696 16.498 17.232 18.625 19.099 20.663 21.424 21.727 20.847 20.655 19.512 20.051 20.419 19.711 19.163 17.716 16.411 16.103 15.884 14.351 15.407 15.890 16.373 17.400 17.843 18.391 19.745 20.159 19.886 18.919 17.891 18.339 18.774 19.052 19.983 19.455 20.615 20.936 19.387 20.190 21.373 20.532 20.333 21.263 22.247 21.509 22.646 22.122 22.012 20.479 19.442 17.038 17.447 15.716 15.405 13.454 11.751 9.805 8.936 7.834 6.341 5.608 4.383 3.299 2.597 1.752 1.279 0.689 0.000 0.853 2.029 2.593 2.736 2.830 4.185 5.345 7.122
19.456 19.407 19.024 19.701 20.372 21.098 19.879 19.104 18.211 16.843 16.994 18.055 18.062 18.849 18.053 18.891 17.953 17.488 18.213 19.519 19.323 21.568 22.088 23.040 22.231 22.086 20.101 20.551 21.754 21.018 20.487 19.128 17.416 17.471 17.104 16.213 17.095 17.067 17.912 18.814 20.095 20.483 21.865 22.231 22.438 21.294 20.050 20.046 20.388 20.710 21.760 20.886 22.348 22.334 21.022 21.722 23.336 22.406 21.744 23.072 23.787 22.800 23.924 23.452 22.940 21.454 21.064 18.948 19.179 17.919 17.177 15.647 14.201 13.107 11.755 10.111 9.243 7.311 6.541 5.304 4.161 3.213 2.201 1.560 0.837 0.000 0.851 1.585 2.274 3.000 4.562 5.463 7.127
20.401 20.054 19.894 20.362 20.222 21.002 20.346 19.142 18.628 17.503 17.347 18.874 18.191 19.206 18.812 19.235 18.557 18.383 19.082 20.513 20.658 22.044 22.714 23.208 22.340 22.230 21.518 21.692 22.191 21.559 21.241 20.266 18.675 18.561 17.770 16.878 17.487 17.705 18.695 19.748 20.611 21.062 22.166 22.329 22.422 21.515 20.667 20.447 20.624 20.874 21.611 21.530 22.507 22.318 21.513 22.071 23.283 22.801 22.207 23.051 23.831 23.353 23.775 23.313 23.029 21.793 21.772 19.910 20.231 18.619 17.812 16.569 14.833 14.076 13.040 11.359 10.174 8.965 7.882 6.639 5.717 4.505 3.278 2.196 1.634 0.722 0.000 0.810 1.695 2.660 3.715 4.523 6.426
19.391 19.228 18.932 19.636 19.587 20.631 19.908 18.243 18.022 16.338 16.328 17.981 17.680 18.477 18.293 18.707 18.072 17.754 18.395 19.291 19.540 21.319 22.019 22.794 21.992 21.952 20.598 21.185 22.264 21.239 20.816 19.807 18.732 18.358 17.069 16.706 17.646 17.649 18.600 19.514 20.762 21.130 22.042 22.360 22.209 21.335 20.613 20.038 20.193 20.559 21.054 20.603 21.607 21.800 20.825 21.159 22.644 22.099 21.789 22.429 22.990 22.721 22.801 23.096 22.738 22.028 21.572 19.895 20.217 18.592 18.033 16.582 14.951 14.118 13.303 12.083 10.942 10.401 9.670 8.935 7.477 6.475 5.137 3.845 2.798 1.639 0.728 0.000 1.247 2.288 3.443 4.325 5.583
19.447 17.807 18.172 18.785 19.314 19.722 19.017 17.822 16.980 16.136 16.548 17.492 17.244 17.824 17.309 18.026 17.064 16.962 17.313 18.660 19.597 21.173 21.552 22.040 21.706 20.886 19.526 20.277 21.086 20.221 19.114 18.574 17.062 16.575 16.078 15.574 16.094 16.195 17.035 17.807 18.832 19.613 20.371 20.797 20.749 20.037 19.157 18.991 19.206 19.528 20.316 19.860 20.775 21.145 20.083 20.989 21.860 21.248 21.149 21.839 22.566 21.992 22.610 22.413 21.397 20.896 19.882 17.957 18.212 16.371 15.811 14.145 12.847 11.124 10.431 9.614 7.537 7.081 5.961 5.131 4.480 3.821 3.272 3.050 2.426 2.337 1.941 1.236 0.000 0.785 2.568 3.095 5.705
17.556 16.693 16.793 17.382 17.958 18.687 17.455 16.405 15.819 14.186 14.893 16.751 16.064 16.715 16.127 15.919 15.964 16.174 16.327 17.601 18.126 20.089 20.533 20.538 19.783 20.630 18.638 18.321 19.609 19.256 17.277 17.186 16.398 15.675 15.374 14.019 14.657 14.794 16.066 16.704 16.587 17.906 18.007 18.957 18.297 18.066 17.007 17.677 18.034 17.701 18.353 18.200 19.399 19.255 17.973 19.145 19.901 18.500 19.226 20.250 20.079 19.657 20.525 21.839 20.823 18.673 18.061 16.785 16.607 14.764 14.705 12.996 11.702 10.376 9.599 8.594 6.765 6.169 5.247 4.687 4.323 3.952 3.418 3.266 2.552 2.867 2.616 2.015 0.670 0.000 0.712 1.544 3.491
18.392 17.824 17.824 18.397 18.965 19.844 18.488 17.373 16.696 15.502 15.308 16.826 16.295 17.158 16.858 17.834 16.731 16.972 16.896 18.275 18.175 20.298 20.745 21.464 21.252 20.448 19.080 20.249 19.966 19.830 18.973 18.317 17.343 16.034 15.674 15.247 15.855 16.107 17.585 17.680 19.416 19.720 20.219 20.666 20.431 19.744 19.156 18.553 18.976 19.439 20.295 19.774 20.519 20.533 19.805 20.122 21.284 20.707 20.385 21.455 21.669 20.914 21.909 21.981 21.042 20.167 19.972 18.512 18.472 17.402 16.054 14.791 12.790 11.897 11.508 11.309 9.913 9.203 7.653 7.262 5.673 5.410 4.072 3.907 3.153 3.308 3.442 2.973 1.469 0.732 0.001 0.836 2.416
19.679 19.376 18.440 19.031 19.618 19.941 18.943 18.626 16.530 16.139 16.298 17.774 17.948 18.527 17.851 18.870 18.476 18.670 19.428 20.741 20.431 22.535 22.820 22.846 22.878 22.504 20.916 21.626 21.845 21.431 20.805 19.902 18.657 18.027 18.321 16.478 17.034 17.692 18.425 19.267 19.878 20.282 20.834 21.613 21.288 20.690 20.007 19.682 20.098 20.023 20.571 20.506 21.242 21.488 20.602 21.550 22.045 21.662 20.847 22.801 23.079 22.066 22.876 23.031 22.459 21.283 21.112 19.794 19.572 17.855 17.531 16.285 14.380 12.681 11.649 11.315 9.862 9.286 8.020 7.793 6.579 5.954 4.965 4.839 5.010 4.234 4.921 4.146 3.093 2.049 0.787 0.000 1.246
24.874 24.644 24.356 25.031 24.863 24.832 24.470 23.593 22.814 22.419 22.016 23.125 23.350 24.439 24.130 24.458 23.971 23.465 24.589 25.392 24.512 25.474 26.499 26.324 26.195 25.545 24.809 25.742 25.717 24.914 25.219 24.557 23.744 23.589 23.225 22.584 23.075 23.623 23.897 24.832 25.303 25.146 26.092 26.043 26.287 25.805 25.172 25.208 25.157 25.430 25.611 24.961 25.902 25.961 25.268 25.831 26.288 26.052 26.075 26.519 26.898 26.322 26.933 26.740 26.343 25.863 25.525 24.621 24.788 23.998 23.490 22.595 20.685 20.432 19.783 18.335 16.661 15.601 12.875 11.734 8.670 8.793 7.309 8.023 8.523 8.967 10.813 9.225 7.957 4.632 3.805 1.262 0.001
