0.000 1.038 2.004 2.430 4.936 5.735 8.852 9.626 9.676 10.699 12.009 11.491 11.238 9.676 9.549 9.947 10.413 9.562 9.540 10.061 10.950 9.968 10.357 11.427 11.031 10.578 12.560 12.392 11.659 12.936 12.819 11.608 9.736 9.448 7.706 8.643 6.285 6.349 5.152 5.612 6.689 6.802 9.269 11.080 12.252 14.533 15.503 17.463 18.360 19.186 20.107 21.100 21.829 22.131 21.728 20.917 19.853 20.203 19.038 18.798 17.325 16.912 15.442 14.280 14.280 16.279 15.916 14.986 15.554 14.837 14.453 13.392 12.428 12.264 12.195 13.885 15.034 16.855 17.945 19.360 19.432 20.363 21.586 22.077 20.997 20.921 19.790 20.634 21.033 20.396 19.516 18.635 18.219
0.664 0.000 1.018 1.300 2.103 2.975 4.075 5.360 5.262 6.135 6.427 6.712 5.672 5.482 4.497 4.776 5.060 5.780 5.960 5.817 6.313 4.956 5.313 6.571 6.070 5.243 6.062 6.581 5.886 6.748 6.368 6.114 5.275 5.622 4.874 4.555 3.546 3.258 2.900 3.516 4.235 5.143 6.436 7.260 8.930 10.029 11.167 12.418 13.390 14.454 15.534 15.513 16.338 17.486 16.479 16.050 15.130 15.082 14.367 14.282 13.322 12.730 11.605 11.497 11.586 13.129 12.284 11.631 11.767 10.859 10.837 10.601 9.394 9.833 9.385 10.770 10.904 12.068 12.894 13.917 14.455 15.441 16.082 16.829 15.604 14.985 14.618 15.278 15.907 14.875 14.813 13.510 13.989
1.419 0.711 0.000 0.697 1.048 1.552 2.005 2.662 2.898 3.343 4.126 3.626 3.226 2.689 2.459 2.850 3.077 3.428 3.527 4.059 4.095 3.448 3.678 4.374 4.071 4.063 4.520 4.702 4.338 5.072 4.865 4.451 4.012 3.407 2.805 2.531 1.863 1.755 1.963 2.628 3.525 4.647 5.790 7.150 8.367 9.577 10.414 11.227 12.714 12.991 14.459 14.998 15.670 16.568 15.939 15.595 13.788 14.555 13.522 13.617 12.134 11.840 11.046 10.584 10.830 12.251 11.553 10.790 10.705 9.918 10.092 9.807 8.296 9.102 8.830 9.914 10.426 11.580 11.831 13.306 13.990 14.440 14.997 15.846 15.221 14.372 13.322 14.288 14.666 13.932 13.771 12.400 12.505
1.478 1.079 0.572 0.000 0.558 0.846 1.178 1.598 1.801 2.376 2.466 2.160 1.864 1.616 1.558 2.013 2.044 2.212 2.356 2.467 2.450 2.169 2.465 2.642 2.551 2.455 2.845 3.266 3.205 3.852 3.617 3.339 2.767 2.392 2.016 1.729 1.278 1.458 1.388 2.386 3.124 4.081 5.239 5.822 7.106 8.348 9.171 10.008 11.630 11.721 13.683 13.632 14.758 15.393 14.809 14.386 12.733 13.220 12.001 12.120 11.055 10.952 10.196 9.898 10.064 11.947 11.475 10.258 10.469 9.752 9.768 8.961 7.948 8.635 7.797 9.076 9.683 10.048 11.182 12.928 12.435 13.474 14.256 15.033 13.919 13.455 12.208 13.243 13.821 12.613 12.702 11.350 11.580
1.695 1.469 1.018 0.544 0.000 0.535 0.773 0.966 1.199 1.563 1.731 1.559 1.374 1.319 1.456 1.856 1.978 2.204 2.130 2.447 2.227 1.878 2.078 2.388 2.044 2.068 2.429 2.604 2.554 3.033 2.911 2.631 2.149 1.805 1.362 1.145 1.120 1.171 1.530 2.051 2.734 3.734 4.734 5.414 6.520 7.402 8.641 9.397 10.688 11.189 13.273 13.151 14.049 14.743 14.493 13.485 12.260 12.530 11.800 11.716 10.793 10.754 10.134 10.007 9.928 11.189 10.785 9.799 10.084 9.364 9.067 8.807 7.861 8.339 7.917 8.566 8.793 9.722 10.819 11.929 11.933 12.914 13.573 14.023 13.266 12.705 11.914 12.749 12.873 12.235 11.627 10.625 10.904
1.866 1.690 1.457 0.809 0.510 0.000 0.511 0.638 0.869 1.146 1.244 1.130 0.880 0.933 1.055 1.361 1.485 1.649 1.684 1.881 1.761 1.489 1.694 1.805 1.651 1.619 1.828 2.028 1.987 2.371 2.323 2.042 1.649 1.282 0.971 0.929 0.980 0.984 1.432 2.246 2.618 3.487 4.622 5.049 6.315 7.356 8.382 9.154 9.970 10.779 11.834 12.232 13.198 14.455 13.333 13.027 11.882 11.779 11.022 11.236 10.603 9.912 9.726 9.013 9.375 10.727 10.044 9.234 9.413 8.518 8.914 8.314 7.169 7.759 7.238 8.344 8.529 8.726 10.317 11.468 11.180 12.095 12.849 13.486 12.663 12.002 11.221 11.866 12.115 11.389 11.756 10.102 10.371
1.856 1.730 1.399 1.050 0.732 0.501 0.000 0.515 0.732 1.040 1.120 0.915 0.787 0.924 1.047 1.324 1.435 1.658 1.827 1.768 1.690 1.450 1.657 1.686 1.472 1.566 1.726 1.904 1.924 2.242 2.214 1.936 1.575 1.280 0.953 0.754 0.882 1.066 1.567 2.291 2.808 3.790 4.723 5.323 6.613 7.880 8.577 9.832 10.521 11.290 12.546 13.175 14.211 14.697 14.257 13.451 12.394 12.357 11.607 11.641 10.858 10.399 10.191 9.733 10.100 11.534 10.701 9.938 9.705 8.665 9.089 8.644 7.846 8.095 7.676 8.727 8.776 9.507 10.309 11.864 11.833 12.998 13.537 14.029 13.335 12.586 12.017 12.563 12.839 12.158 11.707 10.615 10.842
2.310 2.176 1.734 1.337 0.962 0.696 0.504 0.000 0.497 0.692 0.928 0.870 0.716 0.903 1.042 1.316 1.340 1.488 1.632 1.662 1.533 1.321 1.409 1.476 1.149 1.245 1.411 1.541 1.534 1.856 1.778 1.549 1.202 1.089 0.848 0.876 1.171 1.167 1.569 2.453 2.962 3.960 4.841 5.470 6.650 7.609 8.424 9.247 10.041 10.522 11.886 12.140 13.051 13.645 13.215 12.378 11.459 11.383 10.742 10.779 10.017 9.691 9.061 9.299 9.752 10.695 10.330 9.676 9.405 8.547 8.787 8.469 7.481 7.980 7.333 8.182 8.091 8.911 9.666 10.948 10.902 12.214 12.447 12.520 12.243 11.776 10.997 11.333 11.895 11.457 10.873 9.944 9.997
2.526 2.406 2.131 1.653 1.323 0.952 0.743 0.509 0.000 0.541 0.918 0.738 0.765 0.871 1.104 1.383 1.400 1.564 1.672 1.701 1.563 1.282 1.402 1.499 1.158 1.038 1.363 1.579 1.471 1.970 1.839 1.568 1.234 1.252 0.840 0.975 1.222 1.617 1.914 2.809 3.045 4.158 5.017 5.613 6.836 7.722 8.696 9.674 10.588 11.530 12.373 13.089 13.933 14.775 13.888 13.476 12.107 12.561 11.332 11.615 10.746 10.113 9.776 9.519 9.857 11.312 10.522 9.800 9.595 9.000 9.495 8.732 7.700 8.098 7.826 8.679 8.843 9.360 10.390 11.621 11.757 12.883 13.418 13.867 12.965 12.847 11.470 12.296 12.606 12.201 12.072 10.517 10.585
2.815 2.815 2.581 2.118 1.850 1.384 1.430 1.079 0.588 0.000 1.335 0.886 1.196 1.366 1.853 2.180 1.979 2.297 2.222 2.486 2.083 1.794 2.012 1.991 1.604 1.548 1.970 2.001 1.779 2.345 2.193 1.842 1.336 1.255 1.032 1.367 1.707 2.234 2.657 3.253 3.896 4.713 5.667 6.269 7.437 8.504 9.261 9.988 11.149 12.310 13.323 13.554 14.749 15.251 14.367 14.053 12.631 13.072 12.078 12.311 11.478 10.943 10.229 9.874 10.291 11.418 10.911 10.460 10.200 9.595 9.738 9.073 8.046 8.724 8.345 8.917 9.383 10.161 11.226 12.652 12.469 13.497 14.364 14.534 13.617 13.170 12.241 13.187 13.416 12.800 13.018 11.522 11.678
4.033 4.133 3.909 3.250 2.888 2.172 1.771 1.298 0.910 0.617 0.000 0.609 1.044 1.425 1.904 2.029 2.081 2.670 3.080 3.059 2.437 2.247 2.729 2.469 1.794 2.064 2.552 2.333 2.030 2.451 2.377 1.895 1.496 1.404 1.623 1.984 2.554 2.882 3.447 4.321 5.068 6.125 6.902 7.772 8.930 9.875 10.831 11.663 12.906 13.402 14.897 15.194 15.848 16.910 15.466 15.063 14.083 14.472 13.349 13.221 12.292 11.886 11.191 11.081 11.656 12.945 12.492 11.069 10.849 9.780 10.182 9.831 9.114 9.768 9.474 10.160 10.636 11.411 11.842 13.601 13.690 14.736 15.609 15.713 15.123 14.927 13.965 14.465 15.520 14.695 13.965 12.727 13.107
3.213 3.031 2.726 2.098 1.860 1.374 1.036 0.781 0.759 0.774 0.556 0.000 0.518 0.702 0.935 1.296 1.360 1.677 1.899 2.064 1.677 1.617 1.781 1.815 1.321 1.534 1.805 1.932 1.790 2.240 2.271 1.960 1.551 1.306 1.248 1.396 1.702 2.146 2.457 3.259 3.779 4.741 5.576 6.251 7.593 8.592 9.527 10.580 11.551 12.264 12.984 13.659 14.451 15.276 14.403 13.880 12.430 12.923 11.759 12.025 10.703 10.874 9.837 9.823 10.129 11.683 11.261 9.934 9.886 8.848 9.188 8.815 7.851 8.520 8.188 8.763 8.877 9.836 10.853 12.178 12.359 13.518 13.944 14.090 13.663 13.052 12.222 12.863 13.142 13.021 12.874 11.333 11.692
2.818 2.686 2.143 1.758 1.546 1.170 1.016 0.836 0.920 1.105 0.873 0.517 0.000 0.526 0.677 1.179 1.172 1.460 1.595 1.725 1.543 1.354 1.648 1.717 1.353 1.537 1.832 2.004 1.937 2.358 2.450 2.175 1.673 1.631 1.379 1.511 1.613 1.862 2.241 2.904 3.298 4.275 5.316 5.785 6.755 8.117 8.606 10.048 10.854 11.906 13.004 13.470 14.749 14.989 14.471 13.920 12.474 12.713 11.524 11.928 10.432 10.570 9.489 9.225 10.030 11.452 10.826 9.946 9.963 8.971 9.527 8.910 7.905 8.140 7.968 8.384 8.730 9.505 10.427 12.381 12.215 13.418 13.691 14.220 13.417 12.428 11.888 12.413 13.088 12.031 12.406 11.182 11.136
2.872 2.659 2.318 1.829 1.560 1.159 0.974 0.805 0.954 1.220 1.051 0.716 0.517 0.000 0.556 0.962 1.016 1.246 1.502 1.579 1.399 1.152 1.618 1.626 1.274 1.610 1.911 1.956 1.974 2.530 2.660 2.300 1.836 1.585 1.401 1.408 1.515 1.784 2.176 2.921 3.263 4.257 5.274 5.757 7.383 7.946 9.115 9.961 11.153 11.964 12.733 13.270 13.911 15.308 14.334 13.383 12.846 12.639 11.714 11.646 10.728 10.257 10.399 10.145 10.220 11.663 10.521 10.059 9.875 9.201 9.065 8.768 7.626 8.256 7.955 8.825 9.257 9.667 10.329 11.716 12.386 13.063 13.751 13.773 13.374 12.862 12.021 12.567 12.678 12.472 11.881 10.781 10.936
3.709 3.265 3.030 2.475 1.857 1.432 1.215 1.154 1.287 1.681 1.622 1.138 0.835 0.545 0.000 0.879 1.172 1.533 1.861 1.966 1.693 1.514 1.978 1.865 1.642 1.834 2.067 2.146 2.270 2.688 2.867 2.596 2.170 2.161 1.783 1.891 2.044 2.168 2.766 3.597 3.897 4.849 5.833 6.667 7.891 9.182 10.147 11.213 12.149 12.919 14.305 14.323 15.339 15.941 15.422 14.455 13.337 13.702 12.403 12.516 11.437 11.110 10.482 10.495 11.058 12.239 11.343 10.440 10.242 9.467 9.872 9.606 8.492 8.932 8.639 9.402 9.578 10.234 11.273 12.887 13.144 14.036 14.736 15.199 14.799 13.912 13.127 13.805 14.640 13.443 13.162 11.885 11.608
4.369 4.330 3.778 3.288 2.458 2.178 1.548 1.871 2.321 2.768 2.772 2.275 1.555 1.231 0.720 0.000 0.864 1.412 2.304 2.329 2.031 2.090 2.869 2.840 2.668 3.107 3.852 4.004 3.968 5.014 5.069 4.528 3.848 3.184 2.643 2.374 2.464 2.622 3.137 4.145 4.776 5.787 6.827 7.633 9.069 10.410 11.309 12.616 13.679 14.465 15.759 16.238 17.808 17.776 17.014 15.979 15.358 15.349 14.499 14.086 13.264 12.411 11.997 11.751 12.104 13.612 12.357 11.323 11.429 10.542 10.295 9.992 9.538 9.909 9.807 10.663 11.244 11.954 12.857 14.338 15.062 15.744 16.623 16.863 16.097 15.362 14.707 15.084 15.877 14.744 14.552 13.142 13.236
4.036 3.643 3.296 2.913 2.460 2.099 1.799 1.996 2.334 2.546 2.497 1.836 1.497 1.121 1.073 0.609 0.000 0.592 1.006 1.286 1.162 1.152 1.860 2.018 2.140 2.267 2.638 2.895 3.118 3.523 3.853 3.556 3.252 2.939 2.563 2.549 2.650 2.870 3.153 3.907 4.456 5.298 6.418 6.799 8.327 9.014 10.141 11.235 12.285 13.538 14.405 14.965 15.612 16.454 15.997 14.950 13.944 13.927 12.759 12.833 11.725 11.299 10.787 10.616 11.351 12.617 11.524 10.467 10.301 9.874 9.658 9.174 8.287 8.895 8.507 9.256 9.841 10.288 11.323 12.683 13.172 14.410 15.240 14.921 14.875 14.126 13.440 13.777 14.174 13.498 13.262 11.742 12.196
3.643 3.256 2.902 2.520 2.275 1.993 1.951 1.998 2.023 2.189 2.298 1.900 1.509 1.253 1.226 1.035 0.536 0.000 0.570 0.759 0.919 0.871 1.018 1.388 1.468 1.612 1.882 2.134 2.264 2.852 3.096 3.063 2.623 2.609 2.353 2.515 2.583 2.783 2.898 3.696 4.164 5.021 5.808 6.509 7.897 8.417 9.737 10.762 12.001 12.706 14.138 14.257 15.694 15.896 15.158 14.200 13.195 13.516 12.567 12.482 11.632 10.890 10.450 10.347 10.779 11.889 10.891 9.821 9.953 9.145 9.431 9.268 8.105 8.614 8.304 9.254 9.390 10.023 11.193 12.646 12.861 14.113 14.611 14.916 14.314 13.855 13.164 13.338 13.850 13.337 12.603 11.398 11.908
3.644 3.234 2.901 2.575 2.280 1.874 1.892 1.907 1.962 1.963 2.114 1.772 1.602 1.329 1.488 1.331 0.836 0.509 0.000 0.520 0.651 0.677 0.693 0.900 1.088 1.159 1.296 1.563 1.787 2.266 2.500 2.494 2.154 2.223 2.105 2.175 2.275 2.496 2.881 3.440 4.159 4.979 5.772 6.511 7.628 8.648 9.978 10.772 11.968 12.516 13.832 14.034 15.143 15.789 15.172 14.338 12.778 13.575 11.692 12.139 10.943 10.650 9.646 9.746 10.233 11.848 10.423 9.782 9.690 9.152 9.619 9.487 8.434 8.460 8.148 8.748 9.344 9.854 10.640 12.094 12.174 13.684 14.346 15.018 14.243 13.740 12.753 13.217 13.882 13.241 12.415 11.600 11.710
3.657 3.268 2.919 2.620 2.297 2.116 1.964 1.892 1.720 1.921 2.024 1.638 1.805 1.354 1.684 1.582 1.101 0.665 0.506 0.000 0.512 0.672 0.739 0.729 0.865 1.114 1.180 1.427 1.757 2.255 2.523 2.540 2.184 2.307 2.132 2.391 2.533 2.744 3.096 3.712 4.149 5.130 5.945 6.504 7.815 8.596 10.081 10.584 12.071 12.480 13.932 13.804 15.019 15.723 14.989 13.735 12.456 12.942 12.115 12.061 11.144 10.721 10.179 10.104 10.167 11.559 10.712 9.826 9.613 9.038 9.196 8.846 8.280 8.222 7.965 9.009 8.945 9.743 10.717 12.036 12.473 13.460 14.334 14.684 13.777 13.479 12.750 13.379 13.674 13.451 13.025 11.897 11.875
3.178 2.882 2.554 2.297 2.001 1.725 1.648 1.404 1.266 1.479 1.700 1.307 1.322 1.129 1.342 1.285 0.965 0.678 0.602 0.497 0.000 0.498 0.593 0.650 0.652 0.818 0.932 1.261 1.456 1.982 2.153 2.023 1.659 1.685 1.597 1.885 1.864 2.357 2.528 3.324 3.844 4.669 5.623 6.253 7.625 8.484 9.630 10.655 11.664 12.434 13.335 13.764 14.867 15.555 14.813 13.913 12.749 13.065 12.189 12.244 11.020 10.611 10.410 10.313 10.628 12.104 10.923 10.325 9.892 9.388 9.503 9.190 8.170 8.888 8.079 9.037 8.987 9.909 10.919 12.338 12.617 13.800 14.206 14.284 13.651 12.967 12.382 13.144 13.362 12.990 12.618 11.414 11.638
3.082 2.891 2.397 2.251 1.913 1.575 1.446 1.335 1.290 1.534 1.668 1.419 1.305 1.081 1.321 1.226 0.909 0.740 0.600 0.550 0.492 0.000 0.499 0.581 0.642 0.652 0.809 1.098 1.286 1.851 1.946 1.827 1.517 1.656 1.475 1.814 1.880 2.339 2.445 3.081 3.642 4.517 5.490 6.149 7.344 8.440 9.528 10.514 11.690 12.296 13.821 13.775 14.848 15.994 15.238 14.201 13.118 13.622 12.324 12.044 10.791 10.811 10.214 10.064 10.695 11.979 11.027 10.214 10.274 9.139 9.558 8.727 8.091 8.701 8.412 8.884 9.357 9.863 10.614 11.883 12.184 13.346 14.127 14.472 13.976 13.221 12.584 13.068 13.433 12.808 12.450 11.184 11.549
3.282 3.121 2.673 2.349 1.970 1.616 1.556 1.413 1.301 1.554 1.663 1.411 1.345 1.108 1.372 1.252 0.932 0.789 0.693 0.635 0.576 0.494 0.000 0.505 0.589 0.646 0.699 0.911 1.213 1.791 1.929 1.887 1.635 1.671 1.637 1.778 1.938 2.239 2.485 3.187 3.687 4.670 5.480 6.078 7.604 8.188 9.847 10.489 11.987 12.316 13.895 13.798 14.972 16.007 15.063 13.929 12.482 13.245 11.617 12.107 10.997 10.914 10.488 9.791 10.078 11.908 10.958 10.242 9.821 9.360 9.500 9.125 8.085 8.449 8.045 9.210 8.637 9.754 10.609 11.874 12.223 13.468 14.145 14.690 14.068 13.447 12.332 13.049 13.784 13.208 12.426 11.405 11.462
3.416 3.067 2.719 2.560 2.212 1.900 1.782 1.643 1.313 1.571 1.778 1.405 1.584 1.330 1.678 1.669 1.233 0.992 0.834 0.706 0.705 0.624 0.501 0.000 0.505 0.645 0.724 0.868 1.160 1.809 2.020 1.976 1.645 1.790 1.694 2.026 2.155 2.545 2.860 3.564 4.021 4.782 5.571 6.150 7.515 8.373 9.611 10.318 11.775 12.293 13.433 13.604 14.263 15.214 14.599 13.989 12.447 12.408 11.939 12.167 11.240 10.772 9.930 9.870 10.229 11.779 10.752 9.727 9.764 9.282 9.712 8.925 8.045 8.477 7.784 8.736 9.045 9.946 10.924 12.461 12.624 13.673 14.035 14.212 13.605 13.120 12.391 13.208 13.552 13.091 12.899 11.745 11.636
2.730 2.635 2.468 2.105 1.941 1.527 1.500 1.245 1.022 1.404 1.525 1.211 1.320 1.171 1.429 1.494 1.163 0.988 0.922 0.748 0.644 0.598 0.540 0.495 0.000 0.498 0.578 0.793 0.935 1.585 1.694 1.552 1.309 1.429 1.372 1.656 1.815 2.207 2.463 3.125 3.556 4.390 5.265 5.896 7.139 8.074 9.148 10.157 11.437 11.894 13.063 13.555 14.313 15.384 14.522 13.983 12.804 12.500 11.687 11.637 10.671 10.270 10.060 9.723 10.109 11.813 10.552 9.853 9.486 8.744 9.359 8.781 7.672 8.343 7.607 8.644 8.433 9.491 10.309 11.703 12.064 13.029 13.636 13.855 12.994 12.581 11.827 12.423 12.985 12.465 12.183 10.731 10.985
3.406 3.020 2.555 2.244 1.950 1.575 1.432 1.254 1.108 1.393 1.511 1.290 1.244 1.244 1.485 1.486 1.188 1.098 1.012 0.941 0.755 0.646 0.630 0.583 0.495 0.000 0.510 0.743 0.947 1.595 1.652 1.626 1.360 1.467 1.443 1.618 1.738 2.102 2.447 3.039 3.601 4.477 5.345 5.966 7.152 8.003 9.335 10.054 11.514 12.018 13.525 13.861 15.009 16.203 15.165 13.801 12.540 12.707 11.649 11.280 10.714 10.325 9.856 9.850 10.146 12.085 10.816 9.930 9.532 9.206 9.603 8.740 7.830 8.451 7.965 8.800 9.061 9.859 10.572 12.097 12.216 13.650 14.003 15.113 13.900 13.491 12.301 12.940 13.295 12.840 12.400 10.901 11.401
3.537 3.294 2.929 2.474 2.236 1.882 1.837 1.671 1.407 1.729 1.997 1.695 1.840 1.543 1.990 2.069 1.729 1.662 1.427 1.299 1.182 0.885 0.792 0.763 0.703 0.512 0.000 0.573 0.934 1.742 1.940 1.942 1.641 1.820 1.663 1.994 2.123 2.442 2.845 3.460 4.020 4.837 5.629 6.359 7.438 8.549 9.624 10.539 11.772 12.330 13.598 13.645 15.345 15.881 15.087 13.604 12.345 12.825 11.985 12.020 11.074 10.988 10.440 10.393 10.908 12.251 11.055 10.869 10.008 9.403 10.083 9.679 8.480 9.120 8.470 9.378 9.399 10.204 11.020 12.161 12.624 13.668 14.344 14.678 14.028 13.474 12.650 13.157 13.587 13.135 12.761 11.743 11.764
4.750 4.495 4.370 4.069 3.839 3.202 3.285 2.977 2.233 2.295 2.716 2.474 3.092 2.724 3.465 3.678 3.006 2.691 2.328 2.015 1.936 1.673 1.182 1.159 1.185 0.953 0.578 0.000 0.787 1.810 2.306 2.327 2.056 2.651 2.693 3.542 3.657 4.103 4.526 5.168 5.990 6.557 7.345 8.179 9.408 10.551 11.744 12.556 13.803 14.248 15.703 15.611 16.983 17.703 16.876 16.057 14.486 14.576 13.692 13.910 12.860 12.571 11.547 11.270 11.860 12.958 12.143 11.626 11.516 10.670 10.795 10.080 9.143 10.044 9.523 10.591 11.061 12.116 12.864 14.198 14.625 15.525 16.236 16.422 15.757 15.243 14.380 15.294 15.850 15.204 14.730 13.452 13.654
5.525 5.939 5.715 5.037 5.178 3.889 4.194 3.383 2.635 2.456 3.208 3.139 3.718 3.628 4.561 4.651 4.073 4.114 3.836 3.185 3.149 2.990 2.665 1.919 1.848 1.560 1.297 0.631 0.000 1.458 1.971 2.236 2.078 2.634 3.102 3.797 4.137 5.173 5.226 5.974 6.676 7.424 8.326 9.018 10.204 11.020 12.367 13.210 14.259 15.457 17.535 17.559 18.894 19.885 18.701 17.511 16.635 16.839 15.278 15.427 14.159 13.856 13.397 13.122 13.137 14.322 13.453 13.165 12.694 11.840 12.363 11.771 10.841 11.592 10.988 12.037 12.228 13.321 14.056 15.679 15.868 17.045 17.868 18.616 17.527 16.987 15.789 16.292 17.268 16.195 15.436 14.011 14.518
7.254 6.918 7.214 6.412 6.021 4.734 4.735 3.949 2.969 2.860 3.865 3.220 4.045 3.793 5.061 5.352 4.453 5.084 5.410 4.871 3.725 3.567 3.779 2.863 2.213 2.203 2.194 1.488 0.997 0.000 0.841 1.409 2.129 3.028 3.530 4.502 5.272 6.059 6.710 7.902 8.791 9.533 10.571 11.173 12.652 13.767 14.855 15.114 16.436 17.227 18.640 18.974 19.898 20.669 20.010 19.097 17.605 17.736 16.654 16.638 15.663 15.215 14.434 14.334 14.393 15.477 14.944 13.955 13.586 12.869 12.937 12.653 12.113 12.412 12.463 13.320 13.984 14.462 15.165 16.934 17.099 18.172 18.844 19.295 18.844 18.083 17.139 18.270 18.505 18.004 17.112 15.971 15.846
6.172 6.365 6.465 5.605 5.437 4.755 4.837 4.213 3.308 2.923 4.082 4.263 5.088 4.869 5.854 6.578 5.995 5.950 5.794 5.553 4.993 4.420 4.324 3.791 3.132 2.747 2.748 2.159 1.688 0.674 0.000 0.842 1.604 2.277 2.966 3.800 4.408 5.318 5.719 6.505 7.195 7.758 8.551 9.505 10.416 12.059 12.636 13.336 14.211 15.218 16.588 18.175 19.828 19.654 19.606 18.112 16.026 17.379 16.032 16.103 14.884 14.781 14.369 14.039 14.454 15.389 14.977 14.235 13.911 12.925 13.446 13.093 12.242 12.677 12.171 12.876 13.450 14.154 14.864 16.519 16.216 17.897 18.533 18.472 18.145 17.128 15.937 16.963 17.250 16.036 15.918 14.856 15.168
4.705 5.144 4.946 3.987 3.827 3.055 2.905 2.515 1.890 1.903 2.701 2.946 3.196 3.275 3.603 4.490 4.196 4.729 4.470 4.442 3.885 3.469 3.359 3.249 2.754 2.281 2.558 2.423 1.774 1.302 0.618 0.000 0.652 1.227 1.557 2.197 2.653 3.348 4.050 4.891 5.849 6.454 7.197 8.070 9.578 10.554 11.446 12.069 13.997 14.667 15.606 16.326 17.607 17.537 17.333 16.466 14.309 15.128 13.614 14.020 12.891 12.809 11.909 11.927 12.550 13.720 13.242 11.955 11.689 10.879 11.272 10.965 10.001 10.344 10.122 10.678 11.107 11.918 12.547 14.144 13.796 15.425 16.046 16.766 15.706 15.477 13.982 14.520 15.133 14.543 14.246 12.807 13.065
3.958 4.125 3.853 3.044 2.885 2.344 2.200 1.898 1.445 1.542 2.186 2.504 2.565 2.746 3.238 3.584 3.432 3.957 3.680 3.679 3.306 2.890 3.004 2.831 2.386 1.975 2.146 2.225 1.700 1.625 1.161 0.628 0.000 0.621 1.034 1.434 1.804 2.258 2.701 3.537 3.774 4.885 5.818 6.524 7.955 8.957 9.777 11.028 12.078 12.728 13.773 14.378 15.389 16.864 16.136 16.248 13.522 13.719 12.389 12.989 11.339 11.842 11.405 11.235 11.322 12.969 12.056 11.371 10.917 9.833 10.220 9.934 8.939 9.386 9.057 9.762 9.893 10.598 11.521 12.837 12.811 14.252 15.032 15.931 15.190 13.367 12.574 13.343 13.698 13.134 13.182 11.366 11.677
2.864 2.937 2.535 1.989 1.612 1.388 1.295 1.099 0.953 0.979 1.463 1.436 1.606 1.618 2.011 2.336 2.305 2.581 2.759 2.652 2.409 2.135 2.203 2.180 1.729 1.548 1.878 1.898 1.579 1.702 1.441 1.035 0.557 0.000 0.558 0.893 1.130 1.460 1.923 2.660 3.314 4.333 5.084 6.076 7.312 8.677 10.215 10.579 11.320 12.029 12.945 13.383 14.428 15.233 14.377 13.628 12.398 12.762 11.273 11.785 10.997 10.743 10.098 10.182 10.717 11.679 11.031 10.651 9.840 9.579 9.911 9.429 8.412 8.864 8.270 8.848 9.189 9.586 10.747 12.175 11.680 13.137 13.481 14.580 13.243 12.664 11.406 12.364 13.223 12.342 12.361 11.151 11.059
2.725 2.524 2.147 1.746 1.437 1.004 1.054 0.842 0.842 0.987 1.364 1.228 1.249 1.447 1.562 1.840 1.839 1.987 1.993 2.139 1.956 1.626 1.749 1.815 1.543 1.352 1.628 1.774 1.627 1.901 1.742 1.335 0.907 0.523 0.000 0.529 0.872 1.167 1.642 2.305 2.745 3.667 4.647 5.171 6.462 7.776 8.862 9.920 10.987 11.931 12.915 13.160 14.599 15.386 14.464 13.452 12.204 12.369 11.856 11.457 10.705 10.169 9.811 9.572 10.072 11.368 10.521 9.830 9.568 8.765 9.016 8.631 7.578 7.862 7.687 8.417 8.457 9.236 10.377 11.822 11.717 12.755 13.988 14.753 13.405 12.552 11.666 12.242 12.884 12.199 12.415 10.558 10.693
2.465 2.298 1.941 1.418 1.151 0.781 0.834 0.785 0.872 1.093 1.339 1.337 1.281 1.354 1.516 1.784 1.849 2.105 2.058 2.140 2.086 1.692 1.806 1.865 1.545 1.465 1.752 1.963 1.825 2.147 2.072 1.697 1.142 0.836 0.527 0.000 0.552 0.842 1.283 2.136 2.561 3.724 4.665 5.713 6.564 8.273 8.887 9.720 10.596 11.178 12.587 12.599 14.061 14.218 14.109 13.120 11.836 12.117 11.149 11.352 10.357 10.190 9.713 9.594 10.127 11.098 10.887 10.062 9.735 8.852 9.213 8.490 7.885 8.189 7.559 7.796 8.448 9.397 10.419 11.712 11.624 12.872 13.111 14.048 12.883 12.419 11.395 12.069 12.808 11.883 11.715 10.724 10.975
2.630 2.483 2.144 1.297 1.210 0.983 1.017 1.079 1.227 1.323 1.667 1.632 1.556 1.653 1.733 2.169 2.242 2.420 2.339 2.599 2.466 2.098 2.204 2.397 1.964 1.875 2.243 2.358 2.121 2.597 2.560 2.006 1.537 1.168 0.833 0.544 0.000 0.552 1.081 1.764 2.422 3.281 4.049 4.514 5.583 6.695 8.003 9.128 9.985 10.700 12.087 12.003 13.575 14.616 13.939 12.702 11.822 12.180 11.140 11.054 10.235 10.067 9.718 9.387 9.653 11.172 10.500 9.674 9.723 8.831 9.005 8.448 7.471 7.687 7.242 7.721 8.519 8.824 10.077 11.362 11.235 12.425 13.003 13.795 12.643 12.092 11.156 11.739 12.406 11.494 11.377 10.297 10.410
2.336 2.520 1.935 1.185 1.003 0.986 1.102 1.349 1.489 1.765 2.078 2.081 1.923 1.963 1.958 2.456 2.644 2.838 2.703 3.040 2.900 2.327 2.627 2.759 2.462 2.323 2.706 2.894 2.620 3.138 3.132 2.739 2.080 1.760 1.290 1.025 0.569 0.000 0.596 1.348 2.077 3.212 4.028 4.576 5.393 6.900 8.199 9.417 10.471 10.863 12.417 12.761 13.623 14.203 13.965 13.056 12.230 12.046 11.315 11.452 10.373 10.417 9.888 10.050 10.123 11.427 10.866 9.991 10.002 8.968 9.324 8.808 7.759 8.149 7.875 8.389 8.595 9.510 10.287 11.476 11.395 12.825 12.897 13.199 12.622 12.629 11.283 11.838 12.383 11.365 11.114 10.143 10.737
2.977 2.956 2.550 1.586 1.584 1.845 1.858 2.226 2.728 3.237 3.199 3.421 3.015 2.938 2.991 3.791 4.009 4.613 4.664 5.021 4.717 4.230 4.677 4.997 4.221 4.159 5.216 5.270 4.712 5.640 5.815 4.807 3.911 3.002 2.274 1.828 1.247 0.622 0.000 0.775 1.583 2.528 3.122 3.778 4.620 5.678 6.812 8.005 9.579 10.264 11.632 11.729 13.046 13.933 13.308 12.735 11.250 11.509 10.608 10.732 9.778 9.922 9.362 9.283 9.506 11.232 10.647 9.581 9.575 8.761 8.950 8.775 7.503 7.959 6.929 7.617 7.776 8.727 9.761 10.763 10.644 11.802 12.509 13.181 11.679 11.402 10.329 11.399 11.843 11.069 11.024 9.525 9.993
4.138 4.301 3.753 2.465 2.714 3.178 3.456 3.870 4.267 4.661 5.286 5.556 5.410 5.539 5.277 6.345 6.950 7.890 7.603 8.550 7.766 6.741 7.338 7.692 6.486 6.412 7.167 7.068 6.066 7.006 6.994 5.559 5.073 4.323 3.341 2.805 2.063 1.524 0.765 0.000 0.742 1.540 2.391 2.885 3.772 4.670 5.569 6.840 8.375 9.162 10.658 11.069 12.110 13.085 12.545 11.863 10.419 10.554 9.959 10.092 9.232 9.224 8.761 9.106 9.353 10.447 10.062 9.115 9.270 8.476 9.084 8.627 7.406 7.725 6.706 7.597 7.336 8.518 9.051 10.034 10.383 11.184 11.623 12.273 11.552 10.666 9.594 10.502 10.859 9.656 9.695 8.432 8.897
5.193 5.456 4.481 3.664 3.667 4.084 4.446 4.949 5.729 6.482 6.903 6.741 6.064 6.139 5.875 6.920 7.372 8.592 8.435 9.423 8.744 7.400 8.581 8.950 7.720 7.671 8.848 9.022 8.285 9.514 9.670 8.510 7.137 6.142 5.252 4.306 3.348 2.558 1.721 0.680 0.000 0.642 1.263 2.107 2.889 3.913 4.540 5.540 6.793 7.830 9.057 9.549 10.586 11.627 10.995 10.171 8.949 9.372 8.816 8.413 7.507 7.895 7.480 7.657 7.877 9.250 8.994 8.040 7.604 7.148 7.540 7.576 6.226 6.376 5.508 5.966 6.069 6.904 7.842 8.872 9.072 9.813 10.285 11.147 10.301 9.586 8.929 9.519 9.794 9.117 8.868 7.822 8.495
5.543 6.096 4.856 4.060 4.422 5.175 5.728 6.439 6.789 7.608 8.251 7.973 7.546 7.333 6.978 8.182 8.491 9.792 9.360 10.829 10.014 9.025 9.587 10.605 9.088 8.837 10.454 10.539 9.589 11.065 10.640 9.415 8.258 7.176 6.147 5.233 3.925 3.135 2.375 1.352 0.592 0.000 0.592 1.153 1.893 2.815 3.593 4.080 5.085 6.054 6.862 7.730 8.828 9.725 9.409 8.417 7.097 7.608 7.117 7.233 6.440 7.036 6.823 6.976 7.278 8.255 7.946 7.271 7.135 6.733 7.147 6.972 5.873 6.019 5.077 5.333 5.385 5.902 6.558 7.395 7.341 7.951 8.686 9.137 8.180 7.228 6.695 7.448 7.694 6.910 7.173 6.087 6.365
6.016 6.341 4.933 4.652 4.711 6.049 6.229 7.187 7.559 8.214 8.876 8.758 8.346 7.909 7.418 8.657 9.147 10.103 9.592 11.022 10.419 9.117 10.096 10.653 9.288 9.228 10.407 10.543 9.858 11.288 11.237 10.058 8.964 7.964 6.885 5.942 4.687 3.704 2.981 2.134 1.177 0.569 0.000 0.603 1.225 1.932 2.733 3.402 4.468 5.183 6.137 6.801 7.703 8.681 8.491 7.897 6.517 7.003 6.516 6.703 5.869 6.337 5.930 5.862 6.016 7.227 7.052 6.166 6.138 5.778 6.012 5.874 4.906 5.055 4.423 4.765 4.695 5.222 6.082 6.865 6.710 7.217 8.008 8.247 7.489 6.756 6.172 6.972 7.127 6.272 6.403 5.436 5.637
6.453 6.862 5.728 5.292 5.561 6.522 7.116 7.917 8.263 8.771 9.376 9.225 8.908 8.330 8.042 8.829 9.328 10.009 10.303 10.960 10.641 9.638 10.345 11.145 10.018 9.890 10.983 11.382 10.724 11.962 11.716 10.168 9.389 8.349 7.718 6.830 5.607 4.645 3.586 2.844 2.097 1.394 0.631 0.000 0.670 1.250 1.654 2.095 2.691 3.000 3.812 4.090 4.888 5.801 5.580 4.717 3.903 4.420 4.060 4.342 3.806 4.392 4.459 4.535 5.045 5.616 5.604 5.085 4.760 4.555 5.040 5.116 4.034 4.157 3.221 3.206 3.094 3.351 3.984 4.527 4.455 4.950 5.506 5.791 4.990 4.450 4.190 4.778 5.115 4.782 4.957 4.299 4.538
6.999 7.190 6.023 5.690 5.943 6.709 7.242 8.057 8.377 8.877 10.105 9.434 9.319 8.549 8.626 9.565 9.836 10.976 10.410 11.661 11.067 9.821 10.836 11.479 10.482 10.217 11.506 11.815 10.657 12.027 11.797 10.486 9.606 8.536 7.842 6.986 5.723 4.882 4.068 2.953 2.298 1.866 1.272 0.574 0.000 0.603 1.088 1.421 1.949 2.249 2.844 3.300 3.843 4.578 4.328 3.647 3.027 3.338 3.010 3.203 2.907 3.311 3.076 3.206 3.560 4.178 3.951 3.574 3.605 3.780 4.088 3.973 3.277 3.213 2.633 2.579 2.548 2.640 3.232 3.525 3.462 3.608 3.967 4.185 3.620 3.252 2.993 3.586 3.724 3.564 3.837 3.286 3.787
7.413 7.457 6.200 5.785 5.981 6.986 7.779 8.574 8.990 9.331 10.263 9.715 9.578 8.749 8.750 9.409 9.654 10.520 10.629 11.084 10.991 9.880 10.799 11.359 10.695 10.172 11.717 11.983 11.240 12.281 12.324 10.733 10.091 9.229 8.590 7.745 6.646 5.484 4.326 3.579 2.803 2.307 1.659 1.033 0.553 0.000 0.568 0.918 1.235 1.515 1.935 2.231 2.834 3.419 3.389 2.785 2.137 2.509 2.381 2.628 2.429 2.836 2.899 2.968 3.316 3.713 3.592 3.317 3.108 3.285 3.748 3.592 2.939 2.902 2.297 2.141 2.149 2.146 2.656 2.832 2.680 3.013 3.313 3.482 2.813 2.594 2.422 2.919 3.146 2.919 3.451 2.826 3.585
7.285 7.480 6.387 6.072 6.406 7.334 8.312 8.595 9.223 9.627 10.358 9.745 9.721 8.949 9.269 9.695 10.189 11.243 11.002 11.925 11.272 10.343 11.179 11.778 10.684 10.510 11.943 12.044 11.434 12.572 12.489 11.077 10.595 9.733 8.855 7.942 6.641 5.858 5.010 4.293 3.309 2.841 2.160 1.479 0.958 0.550 0.000 0.548 0.883 1.075 1.531 1.893 2.450 3.001 2.999 2.384 1.809 2.074 1.982 2.309 2.192 2.579 2.585 2.681 2.999 3.407 3.278 3.107 3.122 3.326 3.702 3.546 2.901 2.681 2.279 1.991 2.083 2.034 2.439 2.519 2.259 2.648 2.834 2.895 2.360 2.035 1.967 2.453 2.684 2.694 2.933 2.560 3.049
7.720 7.682 6.584 6.493 6.847 7.994 8.626 9.248 9.974 10.469 11.068 10.808 10.285 9.387 9.233 9.966 10.358 11.136 10.818 11.416 11.418 10.029 11.286 11.759 11.182 10.842 12.096 12.413 11.874 12.723 12.933 11.667 10.553 10.165 9.418 8.421 7.432 6.343 5.512 4.455 3.604 3.100 2.355 1.710 1.195 0.859 0.535 0.000 0.556 0.831 1.203 1.554 2.047 2.523 2.643 2.030 1.639 1.878 1.903 2.186 2.112 2.620 2.676 2.766 3.136 3.587 3.424 3.211 3.021 3.310 3.723 3.635 2.884 2.870 2.332 2.076 2.080 1.992 2.431 2.434 2.260 2.403 2.636 2.711 2.150 1.892 1.847 2.210 2.284 2.169 2.710 2.436 2.839
7.993 7.743 6.633 6.572 6.873 7.689 8.554 8.923 9.570 9.815 10.408 10.219 10.080 9.464 9.439 9.993 10.296 11.058 11.014 11.868 11.471 10.465 11.160 12.092 11.085 10.626 12.071 12.600 12.236 13.163 13.149 11.706 10.344 10.041 9.001 8.272 7.382 6.502 5.656 4.741 3.829 3.299 2.628 1.955 1.494 1.094 0.858 0.524 0.000 0.523 0.871 1.194 1.699 2.190 2.251 1.650 1.299 1.540 1.651 1.944 2.004 2.398 2.578 2.696 3.070 3.410 3.314 3.086 3.022 3.315 3.722 3.614 2.976 2.828 2.395 2.067 2.077 1.883 2.238 2.233 1.950 2.107 2.373 2.277 1.784 1.581 1.605 1.996 2.239 2.240 2.530 2.605 2.860
8.310 8.275 6.858 6.942 7.367 8.429 8.937 9.760 10.533 11.024 11.291 11.246 10.798 10.195 9.584 10.288 10.956 11.503 10.833 11.991 11.860 10.376 11.811 12.337 11.476 11.619 12.952 13.044 12.538 13.546 14.192 12.228 11.196 10.665 9.956 8.830 7.889 6.984 5.984 5.191 4.162 3.644 2.875 2.303 1.803 1.452 1.074 0.847 0.525 0.000 0.556 1.037 1.617 2.019 2.052 1.652 1.221 1.484 1.588 1.931 2.010 2.579 2.739 2.907 3.433 3.752 3.473 3.385 3.204 3.449 3.763 3.814 3.196 3.207 2.608 2.272 2.209 1.893 2.252 2.134 1.828 1.939 2.152 2.230 1.705 1.353 1.446 1.880 2.220 2.178 2.530 2.488 3.059
8.974 9.036 7.846 7.925 8.171 9.096 10.139 10.637 11.281 11.935 12.256 12.139 11.780 11.061 10.851 11.513 12.223 12.808 12.635 13.529 13.325 12.099 12.834 13.726 12.626 12.289 13.847 14.379 13.921 14.759 14.921 12.766 12.625 11.572 10.397 9.872 8.761 7.767 6.927 5.965 5.048 4.452 3.701 3.018 2.561 2.024 1.771 1.259 0.995 0.554 0.000 0.624 1.168 1.756 2.074 1.586 1.453 1.807 2.101 2.672 2.771 3.526 3.874 3.959 4.616 5.135 5.032 4.773 4.450 4.745 5.368 5.187 4.476 4.249 3.435 3.051 2.948 2.529 3.157 3.069 2.486 2.603 2.802 2.710 2.046 1.583 1.803 2.366 2.554 2.546 2.992 3.185 3.395
11.945 11.858 10.696 11.559 11.756 13.376 13.775 13.877 14.483 15.877 16.173 16.029 15.033 14.363 14.065 14.243 15.380 15.577 15.183 16.509 16.656 15.335 16.363 17.164 16.617 16.648 17.745 18.240 18.057 18.016 18.474 17.554 16.306 15.642 13.892 13.542 12.221 10.910 10.247 8.992 7.705 7.215 6.141 5.354 4.492 3.751 3.025 2.435 1.749 1.284 0.628 0.000 0.720 1.474 2.035 1.705 1.720 2.458 2.983 3.605 4.077 5.069 5.568 6.032 7.437 7.517 6.805 7.125 6.546 6.703 7.711 8.132 7.089 6.991 5.736 5.060 5.012 4.273 4.738 4.618 3.707 3.558 4.010 3.621 2.693 2.262 2.857 3.485 3.599 3.596 4.376 4.481 4.922
12.629 12.255 11.667 12.097 12.318 13.952 14.429 15.830 15.905 17.413 17.425 17.371 16.344 15.292 14.748 15.407 16.179 16.749 16.484 17.794 17.860 16.249 17.392 18.694 17.595 17.628 18.923 19.740 19.025 20.333 20.456 18.367 16.938 16.256 15.026 14.750 13.257 12.208 11.232 10.005 9.315 8.315 7.073 6.812 5.370 5.068 4.223 3.463 2.711 1.991 1.429 0.821 0.000 0.741 1.340 1.757 1.991 3.052 3.594 4.596 5.116 6.329 6.970 6.751 8.078 8.436 8.423 8.218 7.801 8.603 9.267 9.489 8.381 7.660 6.561 5.889 5.967 5.190 6.055 5.833 4.858 4.441 5.094 4.633 3.418 2.823 3.716 4.509 4.670 4.578 5.572 5.658 5.853
13.964 13.667 13.200 12.935 13.314 14.908 15.364 16.438 17.013 17.874 17.974 17.819 16.867 16.127 15.257 15.877 16.613 16.979 16.940 18.410 18.098 16.923 18.333 19.069 18.254 18.322 19.054 20.021 19.601 20.205 20.103 18.882 17.894 17.703 16.105 15.817 14.268 12.929 12.049 11.093 9.926 9.585 8.542 7.759 6.779 5.909 5.052 4.400 3.660 2.784 2.018 1.414 0.647 0.000 0.793 1.587 2.257 2.788 3.378 4.315 4.930 5.745 6.734 7.130 8.241 8.398 8.283 7.928 7.681 8.249 9.264 9.553 8.551 7.983 6.941 5.893 6.020 5.210 5.607 5.187 4.603 3.958 4.455 4.100 3.364 2.936 3.793 4.509 4.663 5.001 5.916 6.057 6.284
13.294 12.690 11.993 12.189 12.314 13.456 14.117 15.024 15.185 16.841 16.726 16.481 15.291 14.066 14.132 14.609 14.730 15.384 15.596 16.390 16.406 15.606 16.344 17.759 16.777 16.658 17.975 18.913 18.470 19.131 19.152 18.152 17.269 16.607 14.823 14.628 13.084 12.193 11.366 10.291 9.472 9.146 7.726 7.446 6.759 6.363 5.846 4.808 4.564 3.519 2.934 2.168 1.324 0.679 0.000 0.858 1.655 2.319 2.618 3.220 3.599 4.454 5.300 5.650 6.701 6.676 6.264 6.388 5.936 6.683 7.253 7.681 6.661 6.216 5.507 4.691 4.571 4.032 4.625 4.139 3.711 3.332 4.099 4.109 3.264 3.226 3.833 4.400 4.944 5.095 5.861 5.999 6.064
10.663 10.770 10.233 10.344 11.044 11.940 12.469 12.819 13.700 14.197 14.841 14.432 13.852 13.249 12.978 13.399 14.167 14.800 15.027 16.174 15.490 14.363 15.806 16.329 15.211 14.886 15.965 16.766 15.915 16.774 16.960 15.238 14.868 13.785 12.528 12.100 11.070 9.902 8.890 8.054 6.711 6.450 5.363 4.318 4.103 3.163 3.162 2.634 2.584 1.842 2.090 1.601 1.771 1.473 0.968 0.000 0.663 1.532 1.934 2.976 3.474 4.640 5.110 5.628 6.353 6.660 6.236 6.068 5.617 5.686 6.608 6.933 5.790 6.044 4.877 4.445 3.910 3.230 3.939 3.415 2.701 2.693 2.951 3.036 2.211 1.937 2.116 2.773 3.128 3.607 3.967 3.999 4.408
9.183 9.079 7.929 8.007 8.380 9.550 9.929 10.461 11.315 11.972 12.261 12.034 11.425 10.935 10.308 10.912 11.645 12.137 11.584 13.108 12.673 11.966 12.567 13.539 12.511 12.427 13.582 14.249 13.439 14.527 14.810 13.078 12.268 11.709 10.533 9.864 9.134 7.934 7.400 6.506 5.362 5.038 3.948 3.573 3.016 2.745 2.415 2.021 1.944 1.536 1.675 1.413 1.740 1.765 1.399 0.568 0.000 0.575 0.862 1.395 1.749 2.461 2.771 2.966 3.881 4.078 3.639 3.500 3.278 3.512 4.017 4.391 3.540 3.508 2.885 2.399 2.243 1.674 1.850 1.549 1.223 1.411 1.760 1.945 1.595 1.529 1.611 1.758 2.383 2.665 3.028 3.080 3.448
8.628 8.697 7.379 7.352 7.464 8.887 9.159 10.098 10.693 11.135 11.667 11.377 10.600 9.961 9.593 10.297 10.947 11.272 11.526 12.360 12.370 11.301 12.372 12.690 12.155 12.489 13.244 13.213 13.202 13.806 14.124 13.047 12.196 11.245 10.181 9.254 8.324 7.267 6.427 5.748 5.114 4.665 3.902 3.383 2.964 2.775 2.515 2.259 2.116 1.556 1.702 1.463 1.944 2.016 1.861 0.993 0.576 0.000 0.591 1.004 1.512 1.961 2.480 2.835 3.362 3.548 3.255 3.033 2.602 2.854 3.303 3.633 3.179 3.106 2.638 2.129 1.781 1.315 1.277 1.036 0.873 1.168 1.612 1.889 1.447 1.491 1.453 1.800 2.175 2.501 2.838 2.839 3.149
7.616 7.590 6.421 6.446 6.468 7.337 7.988 8.512 9.158 9.881 10.593 10.004 9.595 8.591 8.384 9.074 9.594 9.941 9.869 10.849 10.585 9.790 10.595 11.009 10.416 10.468 11.971 11.816 11.433 12.095 12.540 11.498 10.604 9.722 8.826 7.886 6.896 6.135 5.312 4.749 3.844 3.387 2.712 2.370 2.102 1.933 1.846 1.589 1.638 1.393 1.553 1.538 1.841 2.057 1.782 1.224 0.786 0.520 0.000 0.506 0.670 0.911 1.141 1.393 1.741 1.838 1.634 1.587 1.466 1.754 2.093 2.075 1.812 1.706 1.448 1.139 1.046 0.780 0.776 0.754 0.766 0.941 1.315 1.554 1.209 1.459 1.190 1.505 1.879 2.256 2.555 2.441 2.640
7.430 7.293 6.263 6.080 6.133 7.184 7.846 8.724 9.001 9.765 10.162 10.036 9.672 8.582 8.266 8.734 9.473 9.961 10.406 10.780 10.638 9.566 10.190 11.129 10.404 9.952 11.407 11.635 11.302 12.153 12.194 11.227 10.377 9.627 8.587 8.122 6.846 6.023 5.366 4.684 3.931 3.594 2.905 2.481 2.253 2.104 2.095 1.828 1.914 1.708 1.874 1.856 2.208 2.372 2.111 1.529 1.149 0.765 0.509 0.000 0.510 0.685 0.986 1.188 1.475 1.682 1.476 1.394 1.307 1.609 1.956 1.816 1.499 1.385 1.231 0.942 0.828 0.666 0.712 0.736 0.754 0.964 1.352 1.593 1.361 1.529 1.296 1.498 1.934 2.237 2.536 2.426 2.734
7.262 6.991 5.920 6.113 5.992 7.522 7.649 8.401 9.095 9.761 10.446 9.932 9.557 8.513 8.274 8.888 9.391 9.626 9.966 10.875 10.673 9.758 10.760 11.137 10.241 10.279 11.562 11.850 11.458 12.127 12.201 11.207 10.703 9.643 8.537 8.092 6.928 5.758 5.058 4.231 3.654 3.199 2.519 2.198 1.936 1.954 1.906 1.768 1.909 1.672 1.994 1.922 2.274 2.442 2.157 1.562 1.243 1.000 0.714 0.516 0.000 0.509 0.715 1.017 1.279 1.406 1.257 1.116 1.101 1.392 1.679 1.592 1.298 1.247 1.055 0.836 0.737 0.648 0.759 0.880 0.920 1.172 1.502 1.788 1.510 1.633 1.444 1.637 2.015 2.361 2.657 2.439 2.621
7.431 7.367 6.485 6.134 6.105 7.066 7.529 8.446 9.150 9.545 9.927 9.880 9.509 8.474 8.092 8.481 9.260 9.842 9.757 10.889 10.589 9.518 10.270 10.920 10.058 9.839 10.891 11.306 10.913 11.744 11.767 10.683 10.182 9.371 8.534 8.104 6.854 5.859 5.249 4.651 3.797 3.467 2.750 2.409 2.203 2.119 2.179 1.948 2.112 1.894 2.209 2.146 2.474 2.641 2.351 1.902 1.489 1.241 0.963 0.733 0.508 0.000 0.504 0.858 1.131 1.325 1.084 1.025 0.991 1.347 1.627 1.554 1.227 1.109 0.964 0.784 0.784 0.733 0.846 0.996 1.151 1.445 1.860 2.152 1.844 1.940 1.717 1.974 2.378 2.624 2.998 2.772 2.952
7.504 7.467 6.450 6.427 6.291 7.385 7.919 8.872 9.540 10.401 10.850 10.291 9.748 8.884 8.755 9.000 9.514 10.244 10.317 11.180 10.847 9.358 10.827 11.364 10.202 10.202 11.616 12.160 11.391 12.805 12.814 11.830 10.684 10.179 8.881 8.518 7.171 6.572 5.712 4.870 4.085 3.733 3.070 2.936 2.731 2.895 3.022 2.762 3.044 2.923 3.314 3.129 3.458 3.564 3.192 2.720 2.401 2.115 1.703 1.229 0.953 0.577 0.000 0.622 0.891 1.202 1.206 1.125 1.171 1.627 1.918 1.771 1.496 1.111 1.114 0.895 1.108 1.249 1.227 1.408 1.828 2.089 2.481 3.059 2.732 3.158 2.795 3.001 3.563 3.947 3.979 3.809 3.821
8.212 7.986 7.053 6.842 7.253 8.295 8.675 9.191 10.091 10.568 10.691 10.768 10.437 9.379 8.977 9.998 9.828 10.789 10.683 11.751 11.443 10.388 11.558 12.115 11.279 11.145 12.484 12.423 12.080 12.935 13.429 12.202 11.454 10.119 9.622 8.862 7.984 6.750 6.123 5.436 4.597 4.289 3.523 3.170 3.040 3.140 3.233 3.048 3.374 3.246 3.701 3.474 3.934 4.125 3.699 3.139 2.794 2.474 1.984 1.689 1.247 0.818 0.572 0.000 0.555 0.903 0.963 1.007 1.183 1.596 1.910 1.734 1.394 1.099 1.116 0.994 1.167 1.452 1.501 1.876 2.224 2.685 3.087 3.537 3.288 3.496 3.041 3.352 3.849 4.114 4.167 4.006 4.113
8.611 7.975 7.126 7.079 7.292 8.282 9.028 9.778 10.587 11.180 11.552 11.538 10.599 9.975 9.641 9.949 10.436 11.138 10.903 12.091 11.939 10.793 11.505 12.502 11.939 11.649 12.798 13.223 12.834 13.657 14.295 13.047 12.284 11.531 10.147 9.520 7.965 7.170 6.411 5.567 4.917 4.467 3.626 3.491 3.065 3.183 3.205 3.117 3.360 3.266 3.942 3.840 4.164 4.695 4.191 3.444 3.010 2.845 2.351 2.177 1.560 1.337 0.984 0.544 0.000 0.634 1.002 1.115 1.415 1.758 1.992 1.739 1.540 1.174 1.200 1.181 1.434 1.745 2.059 2.526 2.820 3.245 3.731 4.074 3.676 3.563 3.215 3.718 4.011 4.166 4.401 4.114 4.084
9.068 8.856 7.328 7.987 7.670 9.287 9.733 10.580 11.763 12.452 12.273 12.347 11.541 10.589 10.187 10.640 11.173 11.474 11.769 12.614 12.510 11.438 12.761 13.297 12.380 12.669 14.103 14.028 13.680 14.568 15.060 13.635 13.012 11.938 11.081 9.928 9.070 7.854 7.086 6.224 5.606 5.038 4.227 4.388 3.977 4.418 4.459 4.696 5.082 5.222 5.945 5.626 6.337 7.088 6.454 5.419 4.836 4.774 4.020 3.399 2.571 2.009 1.549 0.904 0.577 0.000 0.736 1.251 1.730 2.186 2.217 2.057 1.929 1.423 1.634 1.778 2.317 2.840 3.141 4.137 4.688 5.491 5.787 6.532 6.225 6.194 5.422 5.998 6.622 6.507 6.682 6.301 5.627
9.036 8.813 7.523 7.619 7.860 8.774 9.185 10.178 11.304 11.409 11.571 11.767 10.995 10.676 9.573 10.085 11.020 11.450 11.838 12.604 12.553 11.412 12.609 12.955 12.411 12.181 13.448 13.360 13.278 13.890 14.060 13.125 12.494 11.328 10.520 9.766 8.647 7.661 6.889 6.250 5.395 5.178 4.331 4.204 4.025 4.385 4.447 4.525 4.858 4.639 5.299 5.327 5.544 6.111 5.370 4.759 3.947 3.768 3.089 2.592 1.972 1.423 1.131 1.064 1.028 0.641 0.000 0.564 0.910 1.350 1.748 1.741 1.606 1.473 1.560 1.536 1.583 2.089 2.207 2.840 3.440 3.822 4.398 5.234 4.915 4.837 4.266 4.687 5.225 5.294 5.222 5.071 4.893
8.682 8.581 7.154 7.164 6.985 8.183 8.522 9.804 10.270 11.188 11.692 10.984 10.434 9.646 9.162 9.999 10.441 11.139 11.222 11.955 11.598 10.469 11.535 12.085 11.421 11.390 12.625 13.062 12.751 13.627 13.607 12.466 11.651 11.026 10.048 9.215 7.901 6.788 6.300 5.279 4.751 4.563 3.704 3.627 3.336 3.589 3.759 3.721 4.072 3.993 4.402 4.394 4.653 4.862 4.476 3.839 3.426 3.244 2.580 2.347 1.741 1.281 0.950 1.047 1.080 0.935 0.535 0.000 0.544 1.022 1.461 1.455 1.309 1.150 1.279 1.377 1.430 1.915 1.873 2.354 2.778 3.239 3.741 4.292 4.129 4.284 3.618 4.035 4.534 4.693 4.834 4.541 4.245
8.438 8.447 7.213 7.296 7.280 8.313 8.530 9.551 10.199 11.262 11.550 10.891 10.627 9.819 8.794 9.546 10.326 10.841 11.417 11.940 11.568 10.573 11.653 12.431 11.594 11.612 12.598 13.226 12.680 13.486 13.350 12.622 11.459 11.098 9.821 9.623 8.083 6.895 6.079 5.180 4.724 4.233 3.651 3.600 3.195 3.639 3.724 3.574 4.016 3.726 4.469 4.277 4.687 5.080 4.495 3.928 3.415 3.128 2.727 2.251 1.756 1.396 1.124 1.090 1.194 1.360 1.024 0.550 0.000 0.645 1.230 1.423 1.180 1.064 1.243 1.294 1.394 1.772 1.705 2.277 2.622 3.288 3.468 4.121 3.724 3.880 3.630 3.793 4.259 4.367 4.386 4.375 4.215
8.949 8.719 7.795 7.686 7.713 9.167 9.002 9.999 11.070 11.853 11.859 11.667 10.852 10.402 9.516 10.408 11.076 11.688 11.624 12.409 12.620 11.332 12.106 13.228 12.385 12.169 13.429 13.897 13.308 14.138 14.146 13.296 12.171 11.689 10.282 9.584 8.589 7.147 6.782 5.982 5.032 4.828 4.198 4.220 4.289 4.382 4.566 4.504 4.783 4.726 5.131 4.584 5.043 5.034 4.586 4.078 3.792 3.599 3.055 2.541 1.851 1.516 1.301 1.704 1.993 2.162 1.647 1.121 0.594 0.000 0.611 1.157 1.278 1.439 1.524 1.611 1.718 2.494 2.196 2.728 3.285 3.719 4.366 4.985 4.360 4.751 4.387 4.810 5.430 5.544 5.561 5.344 5.394
9.706 9.193 8.134 8.160 8.340 9.085 9.734 11.133 11.603 13.022 13.719 12.723 11.855 10.885 10.550 11.052 11.330 11.811 11.544 12.622 12.507 11.204 12.448 13.571 12.550 12.192 14.041 14.573 14.013 15.104 15.312 14.431 13.093 12.719 11.213 10.714 9.509 8.525 7.889 6.941 6.412 6.052 5.373 5.688 5.556 6.078 6.401 6.504 6.825 7.146 7.375 7.401 7.696 7.549 7.325 6.998 6.339 5.776 4.967 4.573 3.666 2.821 2.638 2.711 2.380 3.124 2.432 1.643 1.524 0.770 0.000 0.772 1.486 1.939 2.605 2.881 2.884 3.228 3.194 3.701 4.528 4.971 5.374 6.507 6.610 6.794 6.326 6.155 7.031 7.253 7.087 6.775 6.032
8.681 8.221 7.078 7.265 7.558 8.551 9.635 10.772 11.350 12.684 13.274 12.446 11.666 10.394 10.305 11.009 11.414 12.244 11.842 12.856 12.485 11.119 12.578 13.399 12.452 12.324 14.035 14.469 13.705 15.099 15.226 14.060 13.033 12.695 10.798 10.310 8.634 7.545 6.664 5.658 5.112 4.471 3.792 4.082 3.562 4.296 4.011 4.703 5.104 5.536 6.131 6.273 6.964 7.143 6.796 6.144 5.764 5.594 4.759 4.187 3.291 2.665 2.075 1.835 1.716 2.213 2.061 1.504 1.750 1.132 0.613 0.000 0.603 0.942 1.215 1.965 2.461 3.363 3.572 4.463 5.200 5.958 6.641 6.957 6.625 6.533 5.507 6.493 6.884 6.744 6.909 6.149 5.649
7.697 7.292 6.404 6.469 6.396 7.673 7.878 9.114 9.426 10.277 10.495 10.253 9.981 9.293 8.777 9.351 9.916 10.362 10.135 11.039 10.995 9.814 10.828 11.507 10.814 10.794 11.975 12.298 11.700 12.680 12.873 11.839 10.542 10.312 9.031 8.541 7.135 6.041 5.504 4.752 3.924 3.530 2.905 2.775 2.571 2.756 2.866 2.783 3.031 3.026 3.509 3.334 3.772 4.050 3.780 3.172 2.716 2.771 2.255 2.036 1.531 1.334 1.093 1.084 1.206 1.541 1.398 1.012 1.135 1.134 0.850 0.559 0.000 0.511 0.672 0.994 1.254 1.567 1.717 2.274 2.545 2.995 3.439 3.866 3.519 3.475 3.116 3.533 3.786 3.954 4.192 3.988 4.002
7.390 7.195 6.365 6.189 6.287 7.248 7.790 8.203 9.077 9.657 10.046 9.934 9.422 8.641 8.274 8.973 9.314 10.316 10.265 10.862 10.931 9.979 10.341 11.039 10.296 10.331 11.464 11.692 11.222 12.494 12.594 11.401 10.598 9.707 8.938 8.186 7.046 5.838 5.363 4.543 3.988 3.573 2.815 2.689 2.347 2.519 2.504 2.507 2.615 2.693 2.936 3.032 3.446 3.706 3.481 2.960 2.476 2.513 2.133 1.964 1.440 1.369 1.034 0.984 1.122 1.404 1.319 1.079 1.313 1.258 1.147 0.797 0.497 0.000 0.535 0.774 1.102 1.581 1.803 2.336 2.553 3.029 3.400 3.579 3.248 3.085 2.887 3.398 3.630 3.740 4.159 3.812 3.845
7.424 7.118 6.089 6.200 6.013 6.905 7.015 8.347 8.976 9.423 9.892 9.462 9.279 8.186 7.645 8.686 9.219 9.791 9.515 10.222 10.105 8.821 9.608 10.544 9.899 9.327 10.674 11.122 10.745 11.889 11.945 11.260 10.037 9.641 8.611 7.979 6.701 5.750 5.258 4.509 3.874 3.549 2.746 2.515 2.262 2.257 2.217 2.082 2.308 2.149 2.453 2.437 2.691 2.964 2.677 2.190 1.784 1.640 1.363 1.170 0.888 0.900 0.771 0.879 1.119 1.445 1.280 1.042 1.120 1.185 1.249 0.964 0.639 0.512 0.000 0.508 0.726 0.977 1.206 1.448 1.642 1.921 2.309 2.596 2.317 2.360 2.186 2.420 2.775 3.050 3.313 3.156 3.259
6.615 6.699 5.826 5.810 5.861 6.901 6.976 7.579 8.629 8.677 9.524 9.283 8.771 7.962 7.534 8.748 8.818 9.480 9.133 10.353 9.966 8.888 9.870 10.437 9.768 9.530 10.715 11.184 10.347 10.942 11.272 10.313 9.786 8.795 8.231 7.286 6.428 5.276 4.751 4.023 3.351 2.999 2.324 1.985 1.636 1.688 1.712 1.717 1.889 1.861 2.213 2.250 2.638 2.914 2.611 2.085 1.610 1.481 1.172 0.998 0.753 0.746 0.701 0.801 1.120 1.302 1.129 1.035 1.106 1.265 1.471 1.392 0.951 0.746 0.508 0.000 0.506 0.656 0.916 1.085 1.234 1.659 1.973 2.366 2.076 2.045 1.852 2.007 2.418 2.684 2.853 2.655 3.028
6.697 6.621 5.970 5.958 5.734 7.329 7.826 8.258 8.908 9.489 10.094 9.760 9.444 8.803 8.524 8.709 9.419 9.796 10.326 10.189 10.282 9.379 9.824 10.439 9.693 9.775 10.594 11.098 10.683 11.187 11.746 10.597 9.878 9.374 8.696 7.945 7.048 5.901 5.158 4.270 3.505 3.082 2.371 2.049 1.756 1.722 1.754 1.636 1.803 1.760 1.997 2.053 2.347 2.561 2.351 1.858 1.444 1.207 0.904 0.790 0.644 0.671 0.705 0.858 1.123 1.322 1.205 1.061 1.050 1.298 1.567 1.416 1.117 0.894 0.671 0.501 0.000 0.500 0.672 0.858 0.983 1.252 1.541 1.884 1.698 1.743 1.542 1.662 2.012 2.391 2.565 2.470 2.724
6.909 7.219 6.141 5.891 6.304 7.100 7.932 8.393 8.793 9.279 10.150 9.921 9.711 8.711 8.617 9.116 9.625 10.160 10.067 10.766 10.448 9.672 10.075 10.964 10.357 9.991 11.083 11.445 10.930 11.439 11.901 10.996 10.052 9.440 8.512 7.808 6.762 5.706 4.849 4.215 3.401 2.973 2.385 1.986 1.682 1.637 1.697 1.588 1.741 1.604 1.855 1.794 2.178 2.404 2.083 1.617 1.220 0.998 0.720 0.647 0.605 0.672 0.863 1.049 1.354 1.556 1.361 1.226 1.116 1.355 1.695 1.637 1.272 1.183 0.901 0.643 0.496 0.000 0.503 0.619 0.797 1.075 1.415 1.729 1.512 1.573 1.419 1.584 1.923 2.376 2.484 2.420 2.429
7.388 7.678 6.497 6.700 6.677 8.000 8.478 9.420 9.656 10.528 11.170 10.825 10.330 9.821 8.900 9.616 10.602 10.988 11.148 11.502 11.781 10.847 11.144 11.737 11.248 11.050 12.007 12.239 11.877 12.489 12.605 11.507 10.765 10.143 9.330 8.770 7.318 6.346 5.481 4.786 3.910 3.457 2.777 2.445 2.071 2.078 1.986 1.924 2.047 1.939 2.320 2.270 2.677 2.858 2.579 1.986 1.508 1.292 0.888 0.711 0.692 0.923 1.277 1.523 1.910 2.241 1.987 1.861 1.523 1.841 2.410 2.400 1.905 1.648 1.303 0.934 0.709 0.509 0.000 0.547 0.893 1.333 1.671 2.098 2.000 2.114 1.806 1.987 2.524 2.825 3.015 2.819 3.057
7.900 8.020 7.096 6.817 6.742 7.753 8.092 9.193 9.931 10.927 11.131 10.846 10.300 9.482 9.161 9.805 10.110 10.849 10.499 11.536 11.420 10.337 11.105 11.933 11.357 11.319 12.166 12.698 12.661 13.100 13.261 12.301 11.460 10.557 9.651 8.591 7.615 6.605 5.987 5.252 4.586 4.167 3.523 3.137 2.835 2.752 2.660 2.348 2.416 2.043 2.252 2.250 2.491 2.844 2.414 1.865 1.470 1.088 0.832 0.827 0.934 1.091 1.426 1.851 2.197 2.393 2.026 1.777 1.578 1.799 2.184 2.261 2.001 1.940 1.735 1.374 1.054 0.831 0.549 0.000 0.524 0.866 1.275 1.682 1.480 1.681 1.597 1.517 1.926 2.519 2.787 2.818 2.942
7.842 8.112 6.671 6.893 6.853 7.995 8.511 9.564 9.969 10.927 11.321 11.294 10.542 9.594 9.091 10.102 10.454 11.042 10.566 11.553 11.666 10.324 11.057 12.466 11.479 11.047 12.271 13.092 12.110 13.333 13.531 12.089 11.104 10.509 9.545 9.029 7.713 6.514 5.921 5.016 4.293 3.998 3.286 2.945 2.554 2.378 2.263 1.998 1.932 1.631 1.906 1.816 2.222 2.451 2.156 1.652 1.193 0.892 0.750 0.904 1.160 1.473 1.859 2.189 2.674 2.871 2.546 2.262 1.945 2.160 2.650 2.783 2.378 2.408 2.029 1.654 1.298 0.989 0.856 0.527 0.000 0.535 0.899 1.310 1.248 1.429 1.249 1.304 1.782 2.184 2.403 2.390 2.677
8.609 8.295 7.124 7.219 7.388 8.484 9.235 9.736 10.521 11.200 11.519 11.407 10.825 10.078 9.816 10.614 10.995 11.764 11.147 12.722 12.407 11.044 12.018 13.078 12.148 11.733 13.294 13.501 12.962 13.554 13.961 12.628 11.684 11.094 9.839 9.093 8.097 6.979 6.279 5.478 4.705 4.304 3.523 3.220 2.897 2.798 2.686 2.282 2.354 1.862 2.211 2.099 2.401 2.663 2.403 1.921 1.318 0.974 0.937 1.296 1.545 2.021 2.423 2.885 3.373 3.763 3.262 2.913 2.684 2.927 3.323 3.540 2.952 2.961 2.449 2.049 1.715 1.226 1.354 0.933 0.548 0.000 0.550 0.900 1.100 1.372 1.302 1.246 1.675 2.156 2.552 2.585 2.868
10.166 9.488 8.623 8.711 8.652 10.024 10.443 11.467 12.085 13.209 13.199 13.037 12.157 11.243 10.740 11.287 12.008 12.744 12.280 13.497 13.444 12.320 12.991 14.309 13.493 13.405 14.330 15.085 14.813 15.202 15.496 14.259 13.239 12.757 11.486 11.141 9.585 8.937 8.001 7.140 6.460 5.912 5.102 4.761 4.340 3.917 3.816 3.317 3.305 2.647 2.920 2.852 3.050 3.368 2.875 2.494 1.981 1.385 1.384 1.786 2.353 2.846 3.413 4.067 4.557 4.845 4.322 3.945 3.551 3.892 4.631 4.928 4.216 4.260 3.618 3.133 2.757 1.973 1.994 1.477 1.067 0.526 0.000 0.725 1.099 1.692 1.748 1.431 1.995 2.771 3.076 3.399 3.640
12.009 11.332 10.905 10.893 10.759 12.084 12.221 13.147 13.873 14.756 14.758 14.394 13.671 12.692 12.302 12.860 13.311 14.044 14.167 15.405 15.068 14.210 15.278 16.074 15.403 15.257 16.466 16.971 16.843 17.274 17.642 16.614 15.386 14.901 13.433 12.830 11.482 10.886 9.524 8.969 8.277 7.835 7.071 6.168 5.747 5.044 4.885 3.886 3.563 2.623 2.660 2.683 2.816 3.268 2.996 2.512 2.173 1.755 2.331 2.816 3.425 4.269 5.041 5.825 6.378 6.476 6.298 5.900 5.288 5.648 6.422 6.723 6.514 6.035 5.399 4.589 4.023 3.098 2.936 2.398 1.788 1.282 0.687 0.000 0.798 1.395 1.787 1.578 2.010 2.813 3.457 3.864 4.179
10.404 10.088 9.449 9.430 9.830 10.664 11.400 12.168 12.399 13.464 13.771 13.334 13.027 11.835 11.798 12.359 12.665 13.378 12.941 14.441 14.040 12.788 13.822 14.958 13.805 13.798 15.054 15.572 15.118 15.766 16.025 14.801 14.022 13.033 11.821 11.661 10.317 9.510 8.647 7.850 6.879 6.513 5.412 4.516 4.156 3.481 3.157 2.590 2.310 1.709 1.963 2.180 2.580 3.079 2.811 2.317 1.753 1.482 2.090 2.608 3.235 4.040 4.870 5.053 5.481 5.717 5.432 5.229 4.811 5.062 5.675 6.060 5.394 5.063 4.579 4.119 3.584 2.880 2.992 2.625 1.835 1.543 1.010 0.740 0.000 0.584 1.033 1.220 1.459 1.785 2.862 3.036 3.402
8.974 8.571 8.108 7.829 8.253 9.179 9.952 10.456 10.928 11.536 12.012 11.609 11.396 10.541 10.530 10.807 11.502 11.849 12.162 12.767 12.469 11.365 12.378 12.990 11.973 11.894 13.058 13.394 13.135 13.606 14.039 12.990 12.253 11.789 10.344 10.078 8.864 8.115 6.991 6.339 5.461 5.073 4.349 3.575 3.406 2.991 2.649 2.308 2.061 1.533 1.922 1.968 2.469 2.840 2.554 2.087 1.361 1.310 1.593 2.257 2.451 3.043 3.593 3.755 4.393 4.462 4.261 4.390 3.841 4.248 4.530 4.781 4.630 4.265 3.536 2.983 2.816 2.438 2.366 2.119 1.579 1.438 1.401 1.216 0.542 0.000 0.536 0.796 1.271 1.535 2.176 2.458 2.936
9.331 9.208 8.235 8.246 8.660 9.589 10.250 10.809 11.252 11.894 12.401 11.668 11.595 10.647 10.532 10.930 11.313 11.786 11.783 12.439 12.438 11.559 12.144 12.867 11.988 12.207 13.162 13.439 13.282 14.055 14.013 13.495 12.086 12.091 10.588 10.621 9.305 8.459 7.472 6.689 5.679 5.406 4.262 3.723 3.396 3.008 2.811 2.416 2.232 1.768 2.243 2.016 2.464 2.954 2.728 1.934 1.439 1.264 1.516 2.076 2.602 2.985 3.417 3.908 4.439 4.583 4.235 4.382 4.030 4.150 4.704 4.770 4.140 4.100 3.500 3.009 2.788 2.407 2.366 1.969 1.382 1.470 1.578 1.387 0.792 0.509 0.000 0.544 0.949 1.450 2.200 2.335 2.816
9.699 9.678 8.856 8.804 8.927 10.118 10.866 11.561 11.905 13.195 13.746 13.210 12.604 11.672 11.303 11.912 12.155 12.540 12.623 13.374 13.432 12.354 13.207 13.892 13.421 12.758 13.901 14.522 14.196 15.036 14.966 13.889 12.746 12.414 11.137 11.026 9.752 8.884 7.867 7.244 6.310 5.829 5.030 4.133 3.829 3.219 3.247 2.520 2.520 1.939 2.568 2.445 2.986 3.401 3.060 2.397 1.654 1.505 1.866 2.472 2.780 3.554 4.073 4.300 4.931 5.220 4.809 4.714 4.427 4.796 5.259 5.565 4.858 4.676 3.850 3.495 3.175 2.674 2.624 2.182 1.713 1.663 1.769 1.565 1.095 0.812 0.519 0.000 0.651 1.248 2.151 2.328 3.039
11.785 11.244 10.708 10.793 10.807 12.316 12.540 13.460 13.923 14.690 15.011 14.541 13.812 13.048 12.767 13.323 13.517 14.482 14.274 15.169 15.064 13.925 15.009 15.504 15.052 14.939 15.725 16.111 16.109 16.431 16.761 15.855 14.996 14.717 13.105 13.056 11.642 10.967 9.704 8.954 8.111 7.541 6.743 5.749 5.409 4.765 4.942 3.462 3.840 2.905 3.453 3.453 4.061 4.493 3.820 3.324 2.580 2.070 2.484 3.365 3.968 4.579 5.409 5.949 6.356 6.603 6.619 6.489 6.206 6.330 7.330 7.163 6.736 6.388 5.750 4.807 4.665 3.605 3.682 3.240 2.203 2.011 2.049 1.948 1.423 1.368 1.018 0.558 0.000 0.817 2.029 2.651 3.210
13.250 12.837 12.559 12.940 13.079 14.368 15.241 16.065 16.063 16.990 17.353 16.958 16.754 15.783 15.895 15.991 16.525 16.917 16.853 17.643 17.581 16.665 17.428 17.672 17.194 16.793 18.030 17.998 17.796 18.189 18.047 17.119 16.414 16.029 15.279 15.451 14.331 13.025 12.006 10.779 9.500 8.788 7.945 7.484 7.022 6.092 5.942 4.462 4.529 3.990 4.656 4.680 4.705 5.460 5.313 5.849 4.555 4.020 5.371 6.813 7.533 8.610 9.338 9.800 10.659 10.958 10.857 10.744 9.818 10.414 12.217 11.277 10.509 9.874 9.095 8.612 8.017 6.343 7.601 6.519 4.876 4.041 3.686 3.152 2.483 2.359 2.729 1.675 0.689 0.000 1.578 2.527 3.372
13.362 13.530 12.922 12.127 12.744 13.761 14.206 15.371 15.477 16.951 16.823 16.450 15.635 14.965 14.614 14.950 15.622 16.269 16.266 17.336 17.034 16.242 17.040 17.586 16.856 16.833 17.529 17.935 17.783 18.326 17.739 17.559 16.010 15.688 14.486 14.193 12.574 11.798 11.026 9.876 8.669 8.700 7.261 6.292 6.211 5.546 5.756 4.349 4.817 4.221 4.595 5.438 4.966 6.310 7.086 7.105 5.673 5.681 6.549 8.069 8.413 9.486 10.409 11.283 11.444 12.480 11.928 11.202 10.349 9.774 11.404 11.648 10.732 11.052 9.297 8.655 7.780 7.097 7.147 7.073 5.679 6.043 5.796 4.986 4.146 2.942 3.299 3.100 2.021 1.135 0.000 0.983 2.215
12.237 12.067 11.170 11.284 11.701 13.130 13.712 14.568 14.989 15.931 16.062 15.566 15.435 14.488 14.179 14.431 14.520 15.341 15.620 15.962 15.891 15.230 16.071 16.736 16.070 15.996 17.018 17.277 16.758 17.407 17.894 16.929 15.975 15.501 14.391 13.856 12.750 11.722 10.155 9.284 8.530 7.593 6.935 6.070 5.191 5.601 5.297 4.627 5.371 4.906 5.625 6.125 6.894 7.344 7.597 7.073 5.956 5.137 5.265 6.859 6.569 7.824 8.663 8.677 9.369 10.020 9.755 9.245 8.394 8.123 9.528 9.555 8.205 8.212 6.994 6.719 5.841 5.476 5.953 6.233 4.806 5.679 5.852 5.184 4.776 4.198 3.393 3.079 2.781 2.023 0.737 0.000 1.072
16.490 16.509 15.797 16.230 16.244 17.718 18.081 19.032 19.339 19.923 19.982 20.456 19.481 18.836 18.359 17.619 18.730 19.275 19.290 19.673 20.333 19.366 20.203 20.354 20.819 20.831 20.744 20.963 21.471 21.081 21.290 21.052 20.427 19.684 18.829 18.988 17.365 16.723 14.736 13.784 12.624 12.032 10.003 8.055 7.956 7.188 7.253 6.282 6.936 6.826 8.145 9.081 9.309 10.427 9.744 9.659 7.788 7.016 6.737 7.626 8.066 8.662 9.940 11.062 11.840 12.694 11.503 11.015 10.652 10.370 11.739 12.367 11.197 10.573 9.706 8.548 7.425 7.144 6.884 6.485 6.030 7.039 7.308 7.454 6.996 5.924 4.874 4.717 4.995 3.477 2.680 0.985 0.000
