0.001 1.124 2.644 6.231 7.206 9.873 11.325 13.520 15.244 16.824 18.169 18.804 19.277 20.014 20.021 18.889 18.024 18.325 16.991 17.540 16.850 16.657 16.170 15.642 15.447 17.065 17.667 16.512 16.448 15.153 16.008 16.100 13.919 13.356 12.462 13.105 14.622 14.669 16.298 17.762 17.026 18.899 19.249 19.381 19.199 18.718 16.991 18.225 18.960 17.639 16.406 14.153 14.353 14.649 15.660 13.472 12.270 11.539 11.615 9.852 11.398 14.019 14.894 13.508 13.376 11.085 12.484 10.244 11.726 14.143 16.314 17.048 17.856 16.325 15.910 17.316 17.360 15.723 16.600 17.982 17.683 16.856 17.788 18.522 17.722 16.417 14.539 12.724 10.499 10.240 7.329 7.841 8.016
0.755 0.002 0.754 1.596 2.430 3.253 4.788 4.860 6.078 6.242 7.594 8.081 8.899 9.807 9.546 8.458 7.305 7.952 7.000 7.919 7.470 8.111 8.218 8.641 9.265 10.044 10.035 9.178 8.377 8.192 8.654 9.035 7.753 7.714 6.664 6.643 6.261 6.378 7.233 8.026 7.571 8.332 9.424 9.682 8.391 7.375 6.393 7.624 7.939 6.650 6.688 5.426 4.953 5.626 6.138 5.736 4.173 4.515 4.650 5.002 5.644 6.118 6.862 7.568 7.513 7.075 6.786 6.629 7.574 8.547 9.504 9.470 9.827 9.564 8.388 8.919 8.859 8.439 7.550 8.786 8.827 8.219 8.795 8.301 8.145 6.748 5.965 5.058 4.497 3.228 2.852 2.824 4.154
1.656 0.616 0.000 0.683 1.329 2.020 2.898 3.747 4.652 5.594 6.537 7.495 8.247 9.267 9.331 8.249 7.217 7.784 6.949 7.549 6.616 6.969 6.420 6.676 6.758 8.050 7.966 6.734 6.627 6.258 6.297 6.494 5.516 5.791 5.247 5.645 5.731 5.904 6.643 7.363 7.215 8.016 8.618 8.665 8.296 7.243 6.283 7.088 7.121 5.800 5.683 4.385 4.593 4.821 5.372 4.794 3.964 4.077 4.351 4.099 4.466 5.089 5.351 5.601 5.844 5.350 5.634 4.893 5.629 6.743 7.629 7.768 8.301 7.934 6.900 7.760 7.705 7.220 6.836 7.897 7.713 6.889 7.601 7.150 6.236 5.674 4.530 4.232 3.260 2.811 2.089 2.355 3.459
2.299 1.461 0.643 0.000 0.592 0.966 1.304 1.811 2.252 2.683 3.302 3.563 4.373 4.958 4.835 3.954 3.471 3.854 3.685 3.648 3.452 3.761 3.666 3.816 4.274 4.773 4.796 4.392 4.136 4.038 4.363 4.506 3.769 3.627 2.890 2.725 2.779 2.822 3.621 3.983 4.125 4.431 4.958 5.013 4.503 3.857 3.530 4.100 4.296 3.591 3.500 2.712 2.415 2.752 3.052 2.726 1.928 1.789 1.774 1.724 1.900 1.978 2.023 2.394 2.453 2.529 2.593 2.772 3.409 3.620 4.028 3.952 4.043 3.697 3.201 3.577 3.393 2.963 2.919 3.390 3.265 2.879 3.284 3.217 2.941 2.292 1.926 1.546 1.270 1.017 0.951 1.264 2.496
2.738 1.739 1.065 0.532 0.000 0.523 0.729 0.943 1.164 1.395 1.657 1.877 2.244 2.600 2.496 2.086 1.788 1.963 1.718 1.817 1.623 1.841 1.783 1.834 2.049 2.260 2.244 2.088 2.074 2.190 2.432 2.283 1.870 1.777 1.427 1.363 1.376 1.436 1.746 1.919 1.897 2.162 2.338 2.356 2.132 1.851 1.634 1.935 1.943 1.599 1.686 1.299 1.279 1.475 1.612 1.499 1.156 0.980 1.027 0.995 1.156 1.277 1.430 1.621 1.601 1.486 1.448 1.438 1.820 1.881 1.999 1.955 2.098 2.010 1.714 1.884 2.016 1.803 1.706 1.947 2.021 1.814 2.011 1.845 1.638 1.402 1.161 1.009 0.825 0.685 0.651 1.047 1.988
2.952 1.999 1.293 0.832 0.507 0.000 0.501 0.667 0.865 1.134 1.363 1.585 1.924 2.189 2.288 1.854 1.563 1.818 1.739 1.875 1.757 2.022 2.015 2.121 2.331 2.563 2.500 2.376 2.286 2.309 2.531 2.436 1.980 2.005 1.620 1.502 1.502 1.521 1.859 2.017 1.922 2.126 2.405 2.329 2.006 1.680 1.556 1.852 1.882 1.493 1.723 1.261 1.195 1.480 1.733 1.561 1.178 1.101 1.044 1.045 1.129 1.121 1.163 1.502 1.522 1.534 1.503 1.618 1.947 2.059 2.203 2.166 2.230 2.100 1.717 1.910 1.980 1.702 1.507 1.773 1.847 1.528 1.607 1.434 1.253 1.061 0.889 0.789 0.659 0.655 0.710 1.083 1.865
3.357 2.360 1.617 1.128 0.726 0.505 0.000 0.506 0.672 0.855 1.142 1.347 1.704 1.981 2.080 1.631 1.317 1.523 1.450 1.657 1.514 1.779 1.794 1.729 1.948 2.155 2.230 2.142 2.087 2.238 2.476 2.265 1.931 1.779 1.489 1.365 1.394 1.371 1.704 1.817 1.617 1.870 2.009 1.944 1.662 1.366 1.224 1.533 1.504 1.202 1.383 1.071 1.101 1.394 1.638 1.570 1.235 1.147 0.975 0.976 0.972 0.975 1.070 1.318 1.370 1.324 1.281 1.432 1.682 1.680 1.854 1.869 1.851 1.759 1.469 1.624 1.644 1.416 1.298 1.562 1.572 1.347 1.485 1.374 1.168 0.930 0.765 0.663 0.636 0.719 0.949 1.286 2.113
3.249 2.361 1.690 1.149 0.817 0.617 0.499 0.000 0.503 0.604 0.830 1.001 1.321 1.661 1.673 1.311 1.053 1.241 1.230 1.357 1.370 1.603 1.651 1.684 1.886 2.042 2.115 2.007 1.954 2.111 2.233 2.119 1.758 1.688 1.426 1.287 1.296 1.257 1.463 1.457 1.353 1.499 1.666 1.586 1.357 1.086 0.983 1.224 1.235 0.986 1.100 0.943 0.928 1.168 1.381 1.374 1.088 1.081 0.972 0.927 0.935 0.880 0.972 1.283 1.230 1.229 1.215 1.367 1.585 1.579 1.767 1.709 1.738 1.616 1.373 1.466 1.497 1.259 1.166 1.351 1.377 1.158 1.189 1.016 0.822 0.686 0.607 0.584 0.617 0.738 0.928 1.236 2.005
3.336 2.457 1.814 1.341 1.027 0.815 0.638 0.497 0.000 0.497 0.618 0.808 1.104 1.472 1.506 1.118 0.924 1.094 1.152 1.378 1.361 1.619 1.719 1.716 1.862 2.018 2.064 2.023 1.978 2.177 2.442 2.289 1.949 1.783 1.553 1.338 1.405 1.300 1.505 1.495 1.299 1.411 1.544 1.434 1.198 0.935 0.932 1.127 1.128 0.937 1.072 0.972 0.989 1.270 1.422 1.517 1.261 1.206 1.055 1.069 0.986 0.866 0.879 1.149 1.177 1.210 1.239 1.417 1.652 1.553 1.714 1.658 1.617 1.500 1.296 1.345 1.334 1.147 1.033 1.153 1.191 0.971 0.993 0.846 0.651 0.580 0.586 0.655 0.782 0.926 1.126 1.413 2.104
3.536 2.642 1.987 1.463 1.151 0.975 0.768 0.597 0.496 0.000 0.500 0.665 0.953 1.319 1.356 0.994 0.782 0.979 1.020 1.192 1.274 1.529 1.651 1.667 1.844 1.966 1.990 1.949 1.919 2.073 2.277 2.158 1.836 1.725 1.483 1.311 1.336 1.173 1.350 1.305 1.156 1.263 1.398 1.324 1.097 0.810 0.825 1.021 1.072 0.903 1.071 1.005 0.977 1.192 1.331 1.431 1.176 1.214 1.024 1.089 0.965 0.843 0.888 1.168 1.171 1.226 1.242 1.425 1.628 1.604 1.666 1.568 1.572 1.469 1.281 1.258 1.272 1.103 0.974 1.106 1.140 0.927 0.934 0.762 0.605 0.562 0.582 0.673 0.820 0.969 1.196 1.451 2.177
3.954 3.120 2.417 1.867 1.548 1.331 1.125 0.880 0.686 0.501 0.000 0.504 0.732 1.156 1.295 0.958 0.871 1.114 1.297 1.534 1.708 2.030 2.207 2.285 2.492 2.652 2.655 2.617 2.545 2.749 3.053 2.896 2.584 2.410 2.120 1.899 1.873 1.601 1.814 1.721 1.438 1.483 1.647 1.497 1.193 0.882 0.996 1.216 1.222 1.103 1.295 1.268 1.291 1.594 1.797 1.928 1.650 1.707 1.449 1.583 1.396 1.243 1.222 1.530 1.563 1.737 1.740 2.004 2.191 2.198 2.274 2.129 2.058 1.982 1.707 1.656 1.667 1.408 1.237 1.274 1.320 1.117 0.965 0.700 0.651 0.749 0.899 1.034 1.228 1.358 1.659 1.887 2.533
4.761 3.992 3.200 2.666 2.307 1.916 1.579 1.331 1.005 0.732 0.510 0.000 0.531 0.900 1.133 0.910 0.878 1.262 1.424 1.710 2.016 2.393 2.565 2.751 3.133 3.220 3.044 3.117 2.961 3.137 3.605 3.600 3.193 3.051 2.747 2.357 2.358 1.952 2.203 2.038 1.775 1.743 1.939 1.727 1.323 1.081 1.297 1.560 1.495 1.424 1.753 1.740 1.799 2.145 2.285 2.539 2.307 2.353 1.992 2.259 1.905 1.648 1.585 1.961 2.109 2.387 2.282 2.726 2.929 2.806 2.791 2.403 2.350 2.417 2.118 1.940 2.039 1.915 1.493 1.450 1.583 1.326 1.115 0.788 0.813 0.992 1.230 1.442 1.736 1.949 2.509 2.582 3.191
5.884 5.330 4.417 4.187 3.350 3.021 2.313 2.010 1.595 1.258 0.943 0.655 0.000 0.595 0.955 1.018 1.207 1.704 2.050 2.555 3.022 3.455 3.879 3.944 4.365 4.524 4.403 4.467 4.319 4.716 5.104 5.202 4.546 4.216 3.721 3.321 3.247 3.017 3.306 3.312 2.546 2.530 2.827 2.534 1.869 1.391 1.952 2.340 2.359 2.282 2.941 2.789 2.617 3.251 3.419 3.970 3.208 3.262 2.813 2.929 2.486 2.179 2.101 2.746 2.859 3.182 3.111 3.557 3.937 3.950 3.912 3.655 3.380 3.374 2.917 2.881 2.840 2.516 2.080 2.072 2.318 1.947 1.782 1.271 1.321 1.375 1.678 1.981 2.293 2.700 3.425 3.730 4.320
7.638 7.102 6.325 5.791 5.221 4.784 3.920 3.285 2.701 1.983 1.542 1.076 0.570 0.000 0.653 1.256 1.788 2.072 2.688 3.339 3.984 4.590 5.129 5.459 5.879 6.048 6.020 5.870 5.775 6.357 6.930 7.007 6.505 5.929 5.406 4.804 4.731 4.219 4.397 4.007 3.481 3.013 3.325 2.822 2.321 1.844 2.527 3.072 2.762 2.771 3.654 3.808 3.648 4.514 4.594 5.332 4.802 4.807 4.315 4.683 4.276 3.661 3.615 4.409 4.487 5.008 4.776 5.313 5.662 5.475 5.301 4.887 4.461 4.579 4.136 3.704 3.893 3.719 2.944 2.843 3.191 2.831 2.677 1.926 2.125 2.442 3.047 3.268 4.252 4.404 5.105 5.432 6.091
7.016 6.683 5.671 5.541 4.981 4.733 4.414 3.568 3.453 2.466 2.194 1.545 1.066 0.597 0.000 0.720 1.293 1.802 2.022 2.249 2.645 3.108 3.547 3.741 4.229 4.264 4.097 4.045 4.014 4.463 4.777 4.956 4.440 4.148 3.765 3.375 3.282 2.975 3.192 2.987 2.716 2.511 2.889 2.779 2.199 2.075 2.428 2.859 2.952 2.978 3.569 3.752 3.244 3.790 3.583 4.047 3.701 3.810 3.332 3.958 3.820 3.258 3.720 4.572 4.100 4.298 3.764 4.102 4.287 4.058 3.920 3.413 3.525 3.648 3.129 2.809 3.265 3.192 2.376 2.552 3.235 2.810 2.883 2.396 2.838 2.605 3.315 3.145 4.098 3.888 4.531 4.786 5.086
4.983 4.217 3.391 2.699 2.358 2.025 1.864 1.591 1.545 1.126 1.279 0.998 1.081 0.958 0.635 0.000 0.535 1.034 1.296 1.847 2.317 2.902 3.293 3.464 3.898 4.135 3.819 3.786 3.621 3.780 4.381 4.435 3.827 3.840 3.246 2.729 2.660 2.105 2.471 2.122 1.689 1.669 1.954 1.858 1.310 1.065 1.172 1.659 1.696 1.625 1.873 1.886 1.723 2.144 2.387 2.671 2.403 2.484 2.103 2.439 2.296 1.960 2.040 2.597 2.771 2.969 2.898 3.160 3.591 3.612 3.550 3.226 3.222 3.237 2.621 2.399 2.658 2.395 1.785 1.808 2.217 1.832 1.807 1.506 1.536 1.418 1.609 1.611 1.936 2.157 2.528 2.667 3.358
4.004 3.163 2.452 1.998 1.760 1.610 1.501 1.212 1.151 0.931 0.956 0.840 0.942 1.117 0.948 0.508 0.000 0.507 0.601 0.890 1.111 1.403 1.650 1.752 2.014 2.133 2.085 2.077 1.986 2.129 2.503 2.445 2.108 1.954 1.678 1.393 1.325 1.028 1.159 0.984 0.781 0.881 1.040 1.082 0.816 0.735 0.689 0.829 1.070 1.147 1.189 1.237 1.054 1.185 1.197 1.407 1.314 1.369 1.247 1.492 1.413 1.221 1.359 1.741 1.564 1.654 1.530 1.766 1.959 1.823 1.783 1.596 1.656 1.613 1.362 1.224 1.368 1.273 1.014 1.102 1.258 1.096 1.137 1.060 1.095 1.016 1.163 1.115 1.366 1.349 1.582 1.746 2.398
4.026 3.304 2.552 2.183 1.987 1.821 1.740 1.437 1.405 1.054 1.102 0.888 1.143 1.326 1.205 0.669 0.508 0.000 0.510 0.709 1.077 1.338 1.733 1.949 2.179 2.229 2.155 2.127 1.865 2.101 2.373 2.445 2.183 2.082 1.812 1.518 1.282 0.935 0.921 0.758 0.635 0.743 0.979 1.096 0.837 0.819 0.756 0.876 1.083 1.159 1.220 1.302 1.039 1.088 1.013 1.257 1.347 1.412 1.398 1.736 1.679 1.420 1.539 1.916 1.801 1.985 1.822 2.102 2.227 2.075 1.978 1.800 1.795 1.799 1.596 1.353 1.539 1.487 1.168 1.180 1.410 1.257 1.224 1.122 1.255 1.127 1.445 1.324 1.564 1.554 1.683 1.780 2.381
3.509 2.622 1.987 1.594 1.408 1.311 1.300 1.100 1.122 0.944 1.037 0.980 1.148 1.373 1.250 0.826 0.598 0.499 0.000 0.492 0.591 0.730 0.926 1.066 1.304 1.317 1.272 1.239 1.167 1.409 1.599 1.527 1.339 1.227 1.060 0.892 0.802 0.625 0.624 0.589 0.587 0.656 0.910 0.963 0.748 0.762 0.684 0.758 0.925 0.969 1.038 1.056 0.874 0.965 0.841 0.967 0.951 0.973 0.921 1.131 1.167 1.068 1.262 1.534 1.394 1.325 1.151 1.293 1.365 1.287 1.224 1.073 1.198 1.232 1.024 0.997 1.177 1.080 0.957 1.077 1.316 1.196 1.307 1.228 1.207 1.034 1.148 1.003 1.132 1.074 1.188 1.358 2.064
3.833 3.003 2.277 1.869 1.672 1.639 1.650 1.486 1.528 1.380 1.444 1.364 1.449 1.687 1.506 1.126 0.936 0.645 0.495 0.000 0.493 0.589 0.777 0.919 1.096 1.199 1.147 1.111 1.048 1.356 1.581 1.389 1.198 1.046 0.958 0.770 0.688 0.595 0.597 0.649 0.644 0.762 0.994 1.084 0.908 1.015 0.876 0.930 1.137 1.213 1.255 1.292 1.067 1.061 0.911 1.011 1.033 0.970 1.017 1.264 1.444 1.397 1.683 1.883 1.650 1.553 1.254 1.301 1.269 1.231 1.124 0.958 1.173 1.274 1.034 1.042 1.362 1.325 1.180 1.331 1.655 1.615 1.770 1.650 1.692 1.498 1.556 1.321 1.450 1.248 1.367 1.510 2.251
3.363 2.553 1.913 1.559 1.375 1.353 1.333 1.215 1.281 1.180 1.315 1.255 1.417 1.590 1.439 1.107 0.952 0.782 0.600 0.503 0.000 0.494 0.590 0.798 0.988 1.048 0.984 0.915 0.890 1.161 1.394 1.249 1.018 0.947 0.834 0.661 0.596 0.573 0.600 0.710 0.741 0.888 1.113 1.210 1.020 1.051 0.910 1.012 1.198 1.165 1.243 1.168 0.967 0.983 0.864 0.891 0.876 0.830 0.840 1.047 1.152 1.139 1.377 1.596 1.346 1.295 1.098 1.137 1.170 1.079 1.000 0.833 0.999 1.058 0.890 0.896 1.113 1.137 0.997 1.134 1.382 1.352 1.509 1.456 1.444 1.252 1.292 1.100 1.149 1.036 1.123 1.290 2.077
3.711 2.857 2.214 1.799 1.616 1.562 1.560 1.415 1.515 1.426 1.520 1.488 1.660 1.787 1.644 1.333 1.102 0.980 0.794 0.623 0.494 0.000 0.495 0.661 0.816 0.932 0.832 0.802 0.801 1.091 1.290 1.136 0.969 0.810 0.776 0.621 0.618 0.622 0.669 0.790 0.886 1.049 1.279 1.401 1.226 1.281 1.097 1.205 1.395 1.391 1.423 1.348 1.109 1.123 0.957 0.978 0.975 0.936 0.966 1.160 1.292 1.309 1.553 1.735 1.505 1.391 1.138 1.142 1.090 1.013 0.928 0.822 1.059 1.157 1.011 1.044 1.315 1.262 1.195 1.360 1.624 1.552 1.756 1.696 1.663 1.486 1.517 1.264 1.351 1.170 1.326 1.459 2.163
4.195 3.268 2.518 2.257 2.125 2.079 2.161 2.043 2.202 2.203 2.323 2.217 2.405 2.547 2.243 1.888 1.705 1.630 1.282 0.981 0.789 0.521 0.000 0.509 0.641 0.829 0.887 0.895 0.976 1.294 1.473 1.261 1.090 0.849 0.894 0.772 0.854 0.988 0.911 1.059 1.318 1.489 1.711 2.017 1.875 2.075 1.782 1.810 2.120 2.212 2.090 2.028 1.704 1.608 1.259 1.234 1.381 1.152 1.187 1.389 1.569 1.613 1.930 2.076 1.671 1.482 1.188 1.146 0.985 0.887 0.805 0.776 1.078 1.123 1.031 1.185 1.443 1.454 1.494 1.728 1.962 1.958 2.275 2.406 2.350 2.014 2.030 1.775 1.765 1.626 1.749 1.901 2.488
3.976 3.121 2.439 2.153 2.001 2.084 2.090 1.978 2.107 2.066 2.300 2.140 2.408 2.544 2.309 1.953 1.749 1.661 1.381 1.165 0.950 0.665 0.535 0.000 0.502 0.663 0.755 0.835 0.936 1.234 1.439 1.229 1.017 0.806 0.863 0.815 0.878 1.069 1.060 1.310 1.467 1.708 1.945 2.152 2.004 2.006 1.748 1.896 2.160 2.137 2.048 1.977 1.605 1.609 1.357 1.287 1.309 1.146 1.147 1.353 1.549 1.628 1.955 2.053 1.692 1.532 1.170 1.162 0.978 0.879 0.737 0.753 1.010 1.100 1.022 1.156 1.427 1.471 1.494 1.677 1.888 1.949 2.231 2.317 2.274 1.989 2.008 1.734 1.717 1.517 1.596 1.809 2.423
3.954 3.177 2.343 2.081 1.840 1.839 1.726 1.698 1.757 1.751 1.945 1.890 2.146 2.397 2.233 1.843 1.627 1.656 1.429 1.320 1.037 0.912 0.683 0.500 0.000 0.516 0.759 0.866 1.029 1.299 1.362 1.143 1.013 0.804 0.860 0.830 0.998 1.174 1.317 1.508 1.683 1.850 2.151 2.225 2.008 1.860 1.724 1.954 2.062 1.956 1.999 1.876 1.639 1.715 1.552 1.442 1.364 1.161 1.045 1.165 1.276 1.277 1.526 1.641 1.392 1.265 0.958 1.030 0.849 0.687 0.634 0.768 0.961 0.973 0.899 1.079 1.270 1.247 1.265 1.460 1.649 1.575 1.870 1.941 1.863 1.631 1.606 1.407 1.430 1.399 1.528 1.786 2.438
4.342 3.566 2.773 2.680 2.382 2.549 2.455 2.579 2.736 2.802 3.097 3.032 3.357 3.710 3.284 2.931 2.582 2.574 2.284 1.950 1.686 1.317 0.997 0.667 0.529 0.000 0.561 0.955 1.266 1.564 1.634 1.357 1.288 0.950 1.135 1.248 1.557 1.824 1.914 2.342 2.749 2.895 3.196 3.516 3.205 2.976 2.812 3.087 3.425 3.048 3.210 2.998 2.699 2.739 2.439 2.197 2.073 1.674 1.612 1.544 1.699 1.827 2.221 2.207 1.854 1.521 1.307 1.150 1.013 0.928 0.792 0.994 1.365 1.426 1.383 1.762 1.954 1.951 1.954 2.302 2.490 2.574 3.050 3.180 2.955 2.588 2.441 2.184 2.041 2.053 2.062 2.476 2.961
4.581 4.034 3.228 3.088 3.078 3.250 3.331 3.588 3.673 3.748 3.970 3.953 4.133 4.516 4.085 3.670 3.200 3.057 2.530 1.978 1.696 1.132 0.900 0.872 0.787 0.556 0.000 0.532 0.793 1.142 1.460 1.302 1.273 1.110 1.278 1.459 1.292 1.702 1.581 2.064 2.563 2.934 3.205 3.715 3.574 3.489 3.198 3.242 3.584 3.515 3.305 3.140 2.728 2.419 1.955 1.718 1.963 1.822 2.050 2.239 2.675 2.864 3.213 3.306 2.903 2.486 2.046 1.852 1.561 1.430 1.085 1.206 1.544 1.742 1.939 2.143 2.419 2.562 2.678 3.159 3.319 3.382 3.980 4.133 4.038 3.672 3.427 3.083 2.920 2.602 2.481 2.586 2.915
4.496 3.635 2.913 2.704 2.732 2.918 3.068 3.116 3.273 3.243 3.541 3.436 3.622 3.718 3.443 3.087 2.801 2.763 2.193 1.969 1.520 1.131 0.874 0.902 0.914 0.760 0.512 0.000 0.531 0.939 1.204 1.129 1.104 1.000 1.221 1.329 1.280 1.656 1.595 2.025 2.365 2.698 2.990 3.360 3.288 3.215 2.848 3.008 3.382 3.207 3.127 2.874 2.533 2.183 1.878 1.645 1.799 1.648 1.886 2.005 2.420 2.485 2.884 2.973 2.612 2.364 1.857 1.786 1.550 1.487 1.177 1.224 1.530 1.764 1.709 1.987 2.184 2.296 2.383 2.665 2.899 3.061 3.310 3.600 3.534 3.151 3.125 2.710 2.571 2.263 2.166 2.297 2.740
4.599 3.959 3.210 3.014 3.024 3.140 3.304 3.334 3.554 3.351 3.916 3.679 3.860 4.142 3.719 3.266 3.069 2.886 2.391 1.970 1.686 1.223 0.920 1.049 1.102 1.184 0.918 0.553 0.000 0.648 1.115 1.089 0.967 0.935 1.135 1.273 1.302 1.612 1.513 2.087 2.467 2.923 3.203 3.544 3.315 3.311 3.104 3.176 3.547 3.484 3.276 3.026 2.677 2.403 1.984 1.694 1.860 1.765 1.909 2.142 2.601 2.700 3.161 3.533 2.898 2.550 2.054 1.856 1.598 1.693 1.424 1.478 2.119 2.078 2.010 2.358 2.736 2.648 2.673 3.230 3.393 3.302 3.858 4.005 3.952 3.402 3.267 2.941 2.805 2.401 2.320 2.587 2.872
5.113 4.351 3.674 3.638 3.530 3.737 3.792 3.896 3.957 3.813 4.156 3.747 4.115 4.078 3.615 3.222 3.191 3.052 2.645 2.100 1.705 1.354 1.188 1.482 1.715 1.802 1.453 1.004 0.577 0.000 0.546 0.947 1.173 1.404 1.492 1.604 1.501 2.095 1.990 2.413 2.852 3.088 3.718 4.055 3.627 3.652 3.446 3.766 4.220 4.089 4.071 3.787 3.288 3.166 2.607 2.270 2.485 2.077 2.455 2.599 3.058 3.197 3.588 3.966 3.365 3.012 2.469 2.337 2.164 2.138 2.085 1.745 2.259 2.519 2.240 2.333 2.803 2.966 2.831 3.122 3.577 3.509 4.093 4.069 4.164 3.708 3.779 3.476 3.400 2.967 2.881 3.162 3.289
5.606 4.871 4.130 4.077 4.101 4.432 4.765 4.963 5.163 5.375 5.731 5.660 5.796 5.918 5.715 5.299 4.863 4.635 3.926 3.426 2.883 2.331 2.111 2.374 1.937 2.516 2.103 1.278 1.284 0.687 0.000 0.635 1.163 1.676 2.135 2.434 2.348 2.650 2.697 3.029 3.601 4.089 4.390 5.253 5.191 4.923 4.841 4.593 5.225 5.093 4.929 4.627 4.054 3.610 2.876 2.671 2.883 2.629 3.073 3.344 3.856 4.362 4.543 4.876 4.444 3.903 3.206 2.956 2.611 2.727 2.994 3.288 3.765 3.663 3.533 4.117 4.539 4.323 4.590 5.138 5.204 5.402 5.607 5.758 5.822 5.409 4.894 4.389 4.011 3.689 3.240 3.560 3.763
4.986 4.057 3.142 3.192 2.887 3.204 2.987 3.405 3.597 3.844 4.354 4.260 4.780 5.003 4.600 4.159 3.889 3.855 3.371 2.909 2.411 1.962 1.428 1.366 1.304 1.565 1.491 1.179 1.261 0.957 0.565 0.000 0.568 0.801 1.033 1.548 1.894 2.496 2.600 3.274 3.739 4.162 4.795 5.052 4.688 4.374 3.954 4.478 4.785 4.437 4.484 4.038 3.481 3.442 3.062 2.508 2.517 1.925 2.037 1.796 2.072 2.480 2.772 2.641 2.305 1.944 1.805 1.432 1.408 1.675 1.835 1.988 2.439 2.332 2.157 2.690 2.974 2.621 2.888 3.521 3.514 3.432 3.995 4.210 3.952 3.491 3.075 2.835 2.461 2.545 2.373 2.859 3.258
3.899 3.109 2.358 2.192 2.026 2.103 2.135 2.191 2.286 2.331 2.523 2.466 2.738 2.943 2.760 2.327 2.163 2.190 1.857 1.658 1.329 1.152 0.863 0.863 0.940 1.170 1.109 0.826 1.002 0.978 0.739 0.533 0.000 0.498 0.630 0.881 1.080 1.383 1.480 1.921 2.140 2.408 2.771 2.921 2.692 2.516 2.331 2.578 2.758 2.617 2.627 2.321 2.088 1.972 1.776 1.492 1.455 1.184 1.220 1.349 1.559 1.621 1.930 1.971 1.675 1.497 1.185 1.131 1.079 1.138 1.130 1.207 1.366 1.357 1.213 1.444 1.555 1.567 1.679 1.854 2.011 2.058 2.288 2.367 2.375 2.137 2.050 1.823 1.786 1.606 1.672 1.936 2.495
3.952 3.122 2.308 2.057 1.847 1.886 1.837 1.792 1.834 1.857 1.984 1.961 2.315 2.533 2.425 1.994 1.760 1.905 1.670 1.535 1.197 1.110 0.823 0.769 0.836 1.059 1.083 0.889 1.074 1.090 0.989 0.707 0.492 0.000 0.515 0.642 0.922 1.254 1.442 1.793 1.933 2.210 2.496 2.557 2.231 2.009 1.939 2.285 2.336 2.126 2.399 2.062 1.793 1.871 1.712 1.449 1.417 1.015 0.981 1.106 1.252 1.327 1.543 1.704 1.454 1.326 1.000 1.011 0.964 0.981 1.011 1.043 1.291 1.207 1.033 1.298 1.476 1.348 1.398 1.578 1.735 1.652 1.999 1.986 1.878 1.661 1.632 1.436 1.449 1.382 1.400 1.771 2.388
3.699 2.855 2.098 1.787 1.566 1.588 1.506 1.440 1.547 1.453 1.604 1.566 1.782 1.946 1.839 1.485 1.249 1.257 1.061 0.948 0.730 0.726 0.625 0.681 0.835 1.017 0.991 0.842 0.977 1.081 1.088 0.859 0.586 0.499 0.000 0.492 0.608 0.786 0.944 1.139 1.279 1.410 1.705 1.800 1.573 1.537 1.345 1.610 1.740 1.706 1.761 1.592 1.320 1.345 1.203 1.088 0.998 0.802 0.714 0.928 1.063 1.126 1.370 1.556 1.333 1.183 0.908 0.944 0.919 0.907 0.939 0.904 1.111 1.095 0.930 1.034 1.248 1.179 1.114 1.302 1.518 1.412 1.660 1.609 1.600 1.372 1.345 1.153 1.196 1.062 1.177 1.508 2.106
3.289 2.439 1.704 1.269 1.046 1.052 1.024 0.987 1.079 1.092 1.244 1.256 1.517 1.729 1.570 1.248 0.985 0.985 0.793 0.718 0.576 0.566 0.544 0.590 0.751 0.883 0.851 0.796 0.842 1.026 1.205 1.057 0.752 0.594 0.495 0.000 0.495 0.541 0.689 0.800 0.865 1.069 1.205 1.376 1.183 1.133 0.968 1.078 1.229 1.152 1.167 1.067 0.869 0.891 0.787 0.774 0.651 0.573 0.558 0.679 0.786 0.830 1.021 1.159 0.994 0.883 0.699 0.781 0.808 0.780 0.754 0.716 0.859 0.840 0.707 0.819 0.954 0.907 0.868 1.060 1.239 1.135 1.321 1.331 1.230 1.057 1.002 0.843 0.840 0.732 0.814 1.054 1.803
3.338 2.368 1.673 1.240 1.050 1.066 1.059 1.032 1.149 1.127 1.259 1.260 1.473 1.658 1.555 1.210 0.975 0.888 0.690 0.623 0.550 0.552 0.570 0.648 0.808 0.932 0.923 0.860 0.853 1.115 1.280 1.112 0.872 0.717 0.559 0.491 0.000 0.490 0.541 0.649 0.726 0.898 1.066 1.202 1.078 1.076 0.902 0.967 1.137 1.086 1.057 0.966 0.805 0.779 0.650 0.645 0.581 0.565 0.602 0.752 0.867 0.927 1.127 1.249 1.081 0.962 0.820 0.848 0.878 0.828 0.830 0.772 0.925 0.915 0.798 0.872 1.032 0.996 0.974 1.115 1.293 1.219 1.403 1.358 1.319 1.133 1.086 0.914 0.890 0.759 0.814 1.016 1.799
3.140 2.343 1.640 1.228 1.056 1.044 1.097 1.031 1.159 1.099 1.239 1.198 1.388 1.603 1.425 1.102 0.879 0.786 0.604 0.553 0.533 0.575 0.698 0.827 1.014 1.129 1.119 1.043 0.944 1.163 1.430 1.300 1.023 0.909 0.710 0.547 0.489 0.000 0.491 0.531 0.629 0.818 1.007 1.175 0.998 1.018 0.848 0.949 1.133 1.087 1.045 0.950 0.764 0.659 0.559 0.595 0.573 0.574 0.614 0.784 0.883 0.924 1.128 1.285 1.106 1.004 0.886 0.943 1.039 0.992 0.995 0.887 1.016 1.025 0.865 0.880 1.069 1.010 0.924 1.091 1.247 1.205 1.350 1.320 1.291 1.078 1.092 0.881 0.875 0.762 0.804 0.971 1.774
3.538 2.699 1.983 1.522 1.320 1.303 1.329 1.311 1.403 1.424 1.626 1.538 1.813 2.020 1.806 1.442 1.153 1.020 0.716 0.588 0.605 0.733 0.948 1.145 1.372 1.547 1.452 1.371 1.170 1.440 1.778 1.669 1.372 1.210 0.968 0.744 0.583 0.494 0.000 0.502 0.748 0.979 1.207 1.476 1.330 1.369 1.151 1.287 1.560 1.454 1.458 1.244 0.977 0.921 0.661 0.758 0.759 0.772 0.791 1.002 1.030 1.107 1.277 1.450 1.297 1.211 1.076 1.144 1.284 1.262 1.315 1.187 1.347 1.284 1.066 1.143 1.334 1.206 1.131 1.354 1.521 1.427 1.653 1.679 1.595 1.330 1.253 1.071 1.063 0.960 1.078 1.239 2.055
3.953 3.160 2.453 2.079 1.952 1.873 1.914 1.633 1.678 1.437 1.520 1.483 1.569 1.811 1.660 1.277 1.060 0.776 0.654 0.651 0.770 0.832 1.078 1.361 1.575 1.639 1.495 1.315 1.169 1.418 1.655 1.572 1.420 1.413 1.282 1.072 0.823 0.619 0.503 0.000 0.495 0.662 0.857 1.070 0.895 1.006 0.869 0.832 1.042 1.168 1.170 1.257 1.037 0.976 0.742 0.968 1.074 1.164 1.287 1.649 1.820 1.673 1.972 2.323 2.092 2.033 1.673 1.757 1.764 1.762 1.622 1.428 1.677 1.798 1.518 1.475 1.825 1.786 1.513 1.723 2.027 1.943 2.056 1.846 1.860 1.701 1.824 1.605 1.735 1.510 1.592 1.592 2.234
3.540 2.736 2.043 1.626 1.444 1.331 1.320 1.129 1.174 1.016 1.172 1.111 1.283 1.516 1.351 1.008 0.796 0.620 0.550 0.652 0.818 0.991 1.202 1.373 1.620 1.690 1.599 1.488 1.348 1.568 1.838 1.782 1.542 1.479 1.259 1.052 0.882 0.677 0.638 0.494 0.000 0.497 0.609 0.805 0.699 0.771 0.653 0.622 0.847 0.886 0.893 0.918 0.781 0.839 0.705 0.911 0.916 1.028 1.035 1.255 1.327 1.210 1.386 1.639 1.566 1.531 1.356 1.476 1.638 1.528 1.608 1.387 1.493 1.559 1.306 1.265 1.488 1.364 1.166 1.314 1.540 1.391 1.491 1.342 1.305 1.183 1.232 1.098 1.210 1.103 1.257 1.312 2.038
3.716 3.058 2.267 1.886 1.688 1.595 1.551 1.346 1.378 1.188 1.345 1.230 1.405 1.612 1.478 1.074 0.850 0.646 0.624 0.847 1.036 1.264 1.450 1.656 1.867 1.930 1.891 1.763 1.662 1.876 2.161 2.108 1.799 1.718 1.480 1.270 1.086 0.859 0.895 0.673 0.501 0.000 0.497 0.598 0.625 0.781 0.725 0.683 0.862 1.002 1.063 1.094 0.946 1.009 0.952 1.163 1.126 1.206 1.239 1.431 1.512 1.456 1.598 1.886 1.804 1.710 1.583 1.674 1.804 1.798 1.812 1.609 1.790 1.789 1.519 1.497 1.710 1.596 1.381 1.505 1.743 1.655 1.764 1.560 1.529 1.410 1.442 1.325 1.409 1.339 1.447 1.545 2.168
4.449 3.723 3.042 2.629 2.490 2.265 2.200 1.849 1.866 1.559 1.632 1.564 1.663 1.893 1.702 1.418 1.177 0.857 0.880 1.063 1.377 1.570 1.898 2.183 2.450 2.485 2.337 2.246 2.105 2.286 2.613 2.733 2.378 2.317 2.058 1.793 1.623 1.228 1.190 0.906 0.708 0.495 0.000 0.538 0.663 0.919 0.937 0.758 0.980 1.232 1.278 1.516 1.312 1.422 1.319 1.655 1.624 1.829 1.775 2.152 2.211 2.026 2.262 2.678 2.512 2.528 2.242 2.404 2.553 2.446 2.382 2.068 2.230 2.328 2.037 1.888 2.211 2.195 1.883 1.999 2.308 2.154 2.267 1.975 1.972 1.917 1.999 1.896 2.082 1.963 2.173 2.196 2.786
5.014 4.421 3.657 3.197 2.994 2.631 2.477 2.037 1.898 1.491 1.442 1.351 1.408 1.709 1.625 1.332 1.186 0.976 1.259 1.534 1.945 2.335 2.707 3.072 3.376 3.419 3.301 3.127 2.882 3.076 3.514 3.720 3.353 3.238 2.877 2.531 2.292 1.791 1.683 1.342 0.997 0.675 0.526 0.000 0.556 0.750 1.008 0.855 1.006 1.294 1.477 1.671 1.637 1.698 1.628 2.100 2.159 2.393 2.387 2.683 2.619 2.340 2.354 2.846 2.773 3.032 2.929 3.084 3.338 3.210 3.145 2.815 2.852 2.867 2.605 2.332 2.445 2.409 2.012 2.060 2.252 2.132 1.988 1.681 1.823 1.793 2.078 2.168 2.444 2.475 2.728 2.612 3.172
4.236 3.449 2.717 2.169 1.939 1.664 1.467 1.225 1.128 0.904 1.000 1.043 1.170 1.557 1.453 1.070 0.799 0.772 0.892 1.181 1.470 1.747 2.032 2.215 2.339 2.490 2.460 2.345 2.251 2.433 2.773 2.799 2.450 2.326 2.094 1.775 1.607 1.337 1.361 1.148 0.864 0.734 0.611 0.526 0.000 0.496 0.579 0.639 0.676 0.732 1.021 1.148 1.122 1.297 1.422 1.694 1.542 1.696 1.559 1.791 1.669 1.452 1.489 1.813 1.837 1.972 1.969 2.146 2.322 2.262 2.249 2.049 2.120 2.072 1.847 1.711 1.879 1.720 1.448 1.554 1.737 1.544 1.542 1.324 1.242 1.176 1.251 1.301 1.504 1.598 1.865 1.936 2.603
3.583 2.765 2.109 1.602 1.396 1.231 1.198 0.958 0.989 0.800 0.940 0.934 1.083 1.352 1.272 0.961 0.672 0.650 0.752 0.987 1.181 1.402 1.629 1.768 1.951 2.053 2.003 1.978 1.852 2.046 2.336 2.300 2.014 1.878 1.651 1.412 1.253 1.088 1.116 0.993 0.770 0.751 0.763 0.666 0.492 0.000 0.488 0.529 0.563 0.560 0.670 0.760 0.779 0.989 1.107 1.279 1.197 1.288 1.236 1.382 1.377 1.277 1.400 1.683 1.637 1.655 1.580 1.705 1.899 1.829 1.850 1.661 1.704 1.734 1.451 1.398 1.565 1.452 1.212 1.300 1.508 1.378 1.432 1.246 1.183 1.077 1.140 1.078 1.232 1.214 1.350 1.470 2.152
3.684 2.789 2.105 1.590 1.411 1.251 1.247 0.986 1.005 0.830 0.929 0.892 1.028 1.355 1.314 0.873 0.642 0.628 0.690 0.898 1.023 1.260 1.466 1.621 1.794 1.851 1.847 1.776 1.715 1.897 2.131 2.089 1.805 1.709 1.467 1.267 1.167 0.920 1.008 0.846 0.640 0.712 0.742 0.722 0.533 0.487 0.000 0.488 0.532 0.564 0.587 0.730 0.746 0.875 0.959 1.157 1.086 1.189 1.117 1.346 1.323 1.176 1.315 1.630 1.501 1.586 1.464 1.606 1.756 1.662 1.664 1.514 1.567 1.564 1.330 1.265 1.390 1.307 1.075 1.204 1.369 1.220 1.249 1.141 1.101 1.008 1.112 1.052 1.215 1.137 1.296 1.395 2.108
3.592 2.728 2.094 1.612 1.446 1.278 1.229 1.013 1.030 0.878 1.004 0.979 1.173 1.450 1.337 0.956 0.687 0.634 0.680 0.883 0.994 1.230 1.388 1.481 1.693 1.751 1.728 1.723 1.650 1.820 2.062 2.036 1.738 1.634 1.458 1.233 1.131 0.945 0.989 0.860 0.640 0.682 0.669 0.684 0.544 0.518 0.486 0.000 0.490 0.537 0.619 0.762 0.768 0.936 0.996 1.182 1.065 1.192 1.131 1.304 1.324 1.192 1.303 1.569 1.512 1.528 1.409 1.563 1.697 1.564 1.577 1.395 1.485 1.500 1.287 1.242 1.415 1.306 1.120 1.240 1.419 1.248 1.311 1.203 1.150 1.036 1.120 1.049 1.198 1.168 1.337 1.417 2.125
3.933 3.143 2.440 1.935 1.729 1.546 1.464 1.165 1.152 0.980 1.152 1.149 1.265 1.576 1.449 1.144 0.845 0.775 0.834 1.025 1.252 1.490 1.803 1.951 2.215 2.239 2.115 2.113 1.965 2.174 2.514 2.507 2.235 2.153 1.912 1.657 1.473 1.194 1.164 0.991 0.781 0.785 0.808 0.776 0.606 0.579 0.543 0.490 0.000 0.502 0.611 0.818 0.915 1.131 1.209 1.445 1.440 1.625 1.482 1.759 1.757 1.545 1.661 1.992 1.942 2.055 1.858 2.091 2.272 2.081 2.057 1.768 1.836 1.953 1.713 1.512 1.784 1.724 1.421 1.507 1.793 1.603 1.641 1.456 1.392 1.282 1.374 1.343 1.551 1.509 1.732 1.777 2.442
3.767 2.791 2.110 1.590 1.399 1.202 1.203 0.931 1.029 0.927 1.105 1.116 1.290 1.596 1.568 1.227 0.959 0.874 1.022 1.162 1.337 1.580 1.808 1.903 2.093 2.154 2.164 2.103 2.031 2.202 2.475 2.393 2.118 1.965 1.781 1.518 1.385 1.185 1.220 1.124 0.942 0.939 0.945 0.909 0.689 0.611 0.577 0.564 0.498 0.000 0.540 0.613 0.762 1.029 1.160 1.311 1.212 1.336 1.300 1.484 1.462 1.355 1.471 1.823 1.768 1.799 1.712 1.840 2.017 1.992 1.977 1.847 1.892 1.866 1.674 1.568 1.754 1.619 1.415 1.498 1.692 1.520 1.583 1.370 1.254 1.182 1.176 1.154 1.230 1.256 1.381 1.508 2.205
3.604 2.789 2.124 1.650 1.582 1.306 1.439 1.163 1.284 1.132 1.240 1.348 1.453 1.744 1.810 1.457 1.246 1.205 1.363 1.608 1.873 2.145 2.358 2.604 2.800 2.972 2.776 2.676 2.483 2.503 2.846 2.955 2.521 2.555 2.253 2.024 1.851 1.546 1.651 1.473 1.177 1.274 1.247 1.142 0.990 0.810 0.725 0.689 0.624 0.523 0.000 0.527 0.679 1.032 1.325 1.509 1.358 1.674 1.725 1.973 1.989 1.819 1.925 2.409 2.384 2.442 2.358 2.369 2.727 2.726 2.781 2.625 2.656 2.713 2.308 2.225 2.407 2.253 1.917 2.032 2.258 1.985 1.955 1.609 1.579 1.513 1.615 1.538 1.630 1.515 1.556 1.527 2.225
3.404 2.545 1.816 1.376 1.159 1.038 1.070 0.857 1.092 1.074 1.262 1.380 1.626 1.942 1.848 1.535 1.200 1.163 1.108 1.287 1.310 1.440 1.558 1.718 1.868 2.056 1.979 1.827 1.702 1.823 2.083 2.018 1.672 1.626 1.360 1.295 1.155 0.989 1.191 1.172 0.980 1.173 1.226 1.189 1.094 0.969 0.736 0.752 0.773 0.570 0.505 0.000 0.517 0.723 0.978 1.041 0.844 1.000 1.061 1.184 1.291 1.320 1.503 1.732 1.695 1.610 1.491 1.488 1.717 1.812 1.885 1.757 1.892 1.847 1.590 1.679 1.832 1.664 1.491 1.748 1.872 1.640 1.803 1.651 1.471 1.289 1.257 1.075 1.053 0.936 1.035 1.200 1.909
3.357 2.533 1.863 1.391 1.178 1.084 1.092 0.915 1.048 1.043 1.243 1.295 1.513 1.849 1.721 1.364 1.054 0.968 0.851 1.007 1.054 1.242 1.392 1.511 1.689 1.853 1.782 1.638 1.553 1.659 1.894 1.858 1.609 1.536 1.292 1.144 0.970 0.786 0.930 0.894 0.776 1.027 1.152 1.224 1.063 0.959 0.737 0.812 0.921 0.670 0.630 0.499 0.000 0.502 0.633 0.818 0.690 0.917 0.960 1.144 1.228 1.227 1.407 1.644 1.537 1.494 1.382 1.455 1.645 1.646 1.688 1.562 1.696 1.696 1.393 1.438 1.670 1.476 1.295 1.508 1.680 1.482 1.637 1.527 1.377 1.203 1.155 1.000 1.039 0.922 1.030 1.115 1.851
3.691 2.798 2.079 1.568 1.378 1.248 1.212 1.083 1.221 1.349 1.554 1.758 1.992 2.267 2.197 1.867 1.466 1.361 1.114 1.145 1.158 1.204 1.368 1.720 1.962 2.044 1.838 1.684 1.445 1.600 1.879 1.941 1.671 1.695 1.430 1.225 0.901 0.727 0.781 0.871 0.951 1.304 1.487 1.671 1.524 1.374 1.073 1.130 1.296 1.051 0.901 0.692 0.509 0.000 0.494 0.662 0.648 0.954 1.128 1.371 1.491 1.496 1.690 1.978 1.959 1.881 1.723 1.781 1.964 1.967 2.023 1.808 2.015 2.126 1.716 1.823 2.069 1.941 1.716 2.029 2.198 1.939 2.110 1.945 1.685 1.538 1.379 1.246 1.221 1.019 1.106 1.134 1.996
3.699 2.670 1.922 1.467 1.310 1.300 1.368 1.296 1.435 1.486 1.639 1.651 1.848 2.049 1.931 1.572 1.313 1.181 0.945 0.917 0.917 0.986 1.158 1.371 1.555 1.658 1.583 1.454 1.303 1.496 1.756 1.683 1.405 1.376 1.161 0.992 0.786 0.632 0.666 0.749 0.818 1.081 1.258 1.485 1.370 1.346 1.061 1.094 1.305 1.203 1.088 0.932 0.682 0.501 0.000 0.531 0.588 0.810 0.974 1.213 1.349 1.361 1.589 1.802 1.710 1.641 1.398 1.480 1.568 1.611 1.607 1.436 1.589 1.665 1.404 1.441 1.700 1.617 1.495 1.680 1.841 1.738 1.851 1.802 1.682 1.501 1.478 1.250 1.218 0.999 1.026 1.117 1.842
3.629 2.642 1.847 1.462 1.310 1.407 1.619 1.641 1.947 1.952 2.305 2.251 2.517 2.665 2.402 2.121 1.801 1.557 1.222 1.180 1.206 1.324 1.494 1.789 2.037 2.237 2.166 1.975 1.730 1.863 2.179 2.076 1.681 1.664 1.290 1.176 0.866 0.709 0.767 0.836 0.978 1.267 1.469 1.793 1.707 1.824 1.454 1.445 1.806 1.722 1.567 1.334 0.958 0.739 0.525 0.000 0.525 0.699 0.983 1.201 1.580 1.800 2.047 2.264 2.097 1.847 1.736 1.504 1.780 2.031 2.117 2.029 2.275 2.332 1.935 2.039 2.386 2.256 2.069 2.345 2.652 2.413 2.706 2.603 2.466 2.082 1.930 1.562 1.384 1.019 0.900 1.086 1.889
3.378 2.462 1.687 1.208 1.062 1.087 1.199 1.151 1.339 1.369 1.599 1.641 1.982 2.220 2.012 1.608 1.331 1.203 1.008 0.956 0.919 0.951 1.009 1.129 1.318 1.495 1.488 1.412 1.267 1.482 1.707 1.571 1.274 1.153 0.882 0.750 0.611 0.650 0.765 0.865 0.931 1.173 1.356 1.590 1.415 1.355 1.144 1.183 1.411 1.244 1.168 1.021 0.759 0.636 0.596 0.505 0.000 0.501 0.619 0.802 1.016 1.153 1.383 1.503 1.430 1.164 1.041 1.008 1.192 1.221 1.309 1.291 1.395 1.370 1.193 1.304 1.466 1.381 1.318 1.559 1.697 1.634 1.837 1.815 1.698 1.424 1.326 1.027 0.966 0.748 0.724 0.941 1.847
3.370 2.510 1.643 1.210 1.007 1.093 1.151 1.186 1.377 1.475 1.759 1.804 2.121 2.346 2.237 1.792 1.525 1.548 1.286 1.216 1.010 1.097 1.135 1.225 1.497 1.662 1.665 1.577 1.363 1.528 1.841 1.805 1.387 1.286 0.933 0.775 0.683 0.757 0.988 1.184 1.279 1.613 1.842 2.032 1.792 1.712 1.426 1.629 1.823 1.623 1.601 1.287 0.999 0.871 0.839 0.685 0.509 0.000 0.507 0.625 0.750 0.883 1.115 1.227 1.089 0.997 0.870 1.000 1.257 1.262 1.401 1.339 1.445 1.324 1.074 1.270 1.402 1.180 1.204 1.473 1.532 1.439 1.684 1.770 1.664 1.334 1.155 0.903 0.797 0.634 0.670 0.833 1.718
3.049 2.283 1.491 1.039 0.790 0.786 0.750 0.783 0.873 0.930 1.099 1.148 1.440 1.710 1.595 1.217 0.972 0.997 0.861 0.835 0.710 0.766 0.763 0.784 0.917 1.064 1.107 1.026 1.041 1.212 1.389 1.245 0.991 0.868 0.661 0.554 0.551 0.609 0.772 0.878 0.898 1.097 1.268 1.379 1.211 1.110 0.941 1.083 1.193 1.080 1.095 0.939 0.781 0.811 0.779 0.739 0.566 0.493 0.000 0.490 0.521 0.592 0.741 0.843 0.736 0.627 0.577 0.674 0.839 0.789 0.882 0.878 0.957 0.883 0.747 0.867 0.928 0.808 0.785 0.985 1.081 0.972 1.148 1.154 1.039 0.851 0.756 0.599 0.556 0.529 0.610 0.917 1.782
3.194 2.184 1.509 1.039 0.871 0.798 0.777 0.798 0.905 0.990 1.165 1.248 1.555 1.774 1.670 1.331 1.126 1.127 0.969 0.960 0.853 0.918 0.911 0.908 1.021 1.197 1.216 1.194 1.184 1.398 1.559 1.399 1.101 0.974 0.787 0.674 0.703 0.734 0.913 0.982 1.007 1.186 1.351 1.446 1.271 1.196 1.050 1.122 1.257 1.129 1.110 1.001 0.821 0.898 0.895 0.848 0.683 0.564 0.488 0.000 0.490 0.561 0.708 0.797 0.637 0.555 0.580 0.683 0.838 0.849 0.972 0.978 1.040 0.944 0.822 0.941 1.024 0.867 0.883 1.060 1.128 1.018 1.197 1.202 1.096 0.888 0.770 0.598 0.541 0.541 0.658 0.972 1.759
3.165 2.160 1.501 1.063 0.829 0.806 0.759 0.761 0.790 0.827 0.964 1.030 1.309 1.558 1.507 1.164 0.965 1.080 1.015 1.061 0.939 1.014 0.977 0.935 1.035 1.183 1.256 1.205 1.248 1.393 1.568 1.358 1.106 0.977 0.823 0.749 0.819 0.847 1.075 1.125 1.120 1.268 1.436 1.446 1.239 1.098 0.995 1.173 1.228 1.104 1.173 1.054 0.908 1.048 1.050 1.018 0.811 0.667 0.524 0.489 0.000 0.487 0.529 0.638 0.550 0.530 0.551 0.654 0.819 0.801 0.939 0.964 1.009 0.858 0.748 0.859 0.882 0.688 0.711 0.868 0.918 0.734 0.924 0.946 0.862 0.651 0.609 0.535 0.545 0.604 0.712 1.037 1.789
3.285 2.370 1.704 1.249 0.982 0.921 0.806 0.754 0.750 0.790 0.936 0.996 1.288 1.527 1.479 1.109 0.916 1.031 1.005 1.019 0.934 1.057 1.026 0.966 1.081 1.234 1.336 1.288 1.354 1.554 1.706 1.512 1.244 1.065 0.900 0.802 0.883 0.872 1.081 1.133 1.072 1.235 1.388 1.398 1.198 1.068 0.964 1.136 1.213 1.081 1.163 1.060 0.930 1.092 1.110 1.103 0.915 0.784 0.587 0.549 0.490 0.000 0.494 0.624 0.533 0.543 0.573 0.729 0.882 0.830 0.971 0.983 1.038 0.876 0.763 0.847 0.860 0.707 0.644 0.828 0.860 0.672 0.863 0.911 0.822 0.626 0.574 0.542 0.596 0.681 0.855 1.191 1.970
3.752 3.021 2.285 1.802 1.489 1.325 1.104 1.057 0.998 1.092 1.206 1.328 1.637 1.983 1.904 1.442 1.252 1.372 1.346 1.389 1.326 1.464 1.497 1.457 1.631 1.863 1.903 1.896 1.872 2.074 2.360 2.155 1.812 1.627 1.386 1.192 1.249 1.277 1.446 1.571 1.482 1.628 1.799 1.867 1.604 1.401 1.341 1.557 1.645 1.526 1.669 1.523 1.353 1.561 1.616 1.567 1.343 1.203 0.927 0.956 0.679 0.508 0.000 0.640 0.603 0.794 0.907 1.183 1.377 1.263 1.443 1.422 1.505 1.267 1.070 1.213 1.244 0.961 0.937 1.190 1.192 0.874 1.115 1.170 1.001 0.750 0.692 0.666 0.877 1.096 1.355 1.677 2.360
4.585 3.850 2.984 2.586 2.153 1.956 1.591 1.443 1.256 1.389 1.443 1.631 2.116 2.464 2.544 2.017 1.785 2.158 2.080 2.360 2.215 2.467 2.399 2.119 2.022 2.430 2.793 2.724 2.903 2.976 3.276 2.828 2.519 2.200 2.015 1.938 2.253 2.171 2.626 2.683 2.468 2.661 2.873 2.663 2.342 1.926 1.901 2.393 2.233 1.977 2.359 2.158 2.030 2.476 2.701 2.609 2.271 2.003 1.612 1.334 0.896 0.671 0.528 0.000 0.535 0.761 1.077 1.390 1.492 1.484 1.886 2.102 2.117 1.672 1.561 1.915 1.710 1.252 1.444 1.767 1.575 1.188 1.392 1.403 1.184 1.026 0.899 1.100 1.347 1.682 2.064 2.514 3.193
3.604 2.811 2.100 1.659 1.355 1.307 1.159 1.138 1.095 1.172 1.316 1.409 1.770 2.018 1.993 1.546 1.364 1.548 1.417 1.418 1.254 1.287 1.221 1.075 1.140 1.341 1.448 1.422 1.533 1.710 1.796 1.572 1.324 1.115 1.024 0.955 1.148 1.199 1.455 1.606 1.628 1.800 1.998 2.012 1.810 1.609 1.415 1.723 1.803 1.666 1.779 1.602 1.346 1.598 1.580 1.473 1.249 1.039 0.791 0.709 0.574 0.565 0.565 0.510 0.000 0.494 0.547 0.684 0.867 0.871 1.075 1.136 1.221 0.985 0.870 1.087 1.089 0.845 0.906 1.142 1.158 0.970 1.160 1.245 1.094 0.886 0.825 0.788 0.880 0.988 1.194 1.569 2.282
3.463 2.604 1.861 1.448 1.165 1.150 1.110 1.101 1.169 1.217 1.444 1.483 1.856 2.073 2.007 1.571 1.370 1.492 1.317 1.314 1.099 1.132 1.018 0.912 1.000 1.200 1.276 1.274 1.342 1.530 1.663 1.480 1.182 1.010 0.879 0.827 0.998 1.067 1.274 1.512 1.477 1.714 1.937 1.991 1.777 1.587 1.346 1.700 1.763 1.586 1.659 1.402 1.258 1.369 1.403 1.258 1.038 0.886 0.691 0.585 0.571 0.602 0.725 0.648 0.492 0.000 0.495 0.548 0.758 0.732 0.922 0.992 1.103 0.912 0.838 1.031 1.047 0.867 0.946 1.185 1.231 1.063 1.335 1.411 1.291 1.059 0.941 0.817 0.838 0.880 0.997 1.322 2.039
3.610 2.730 2.023 1.631 1.347 1.318 1.222 1.263 1.288 1.408 1.611 1.650 2.031 2.224 2.129 1.715 1.515 1.607 1.441 1.318 1.106 1.090 0.963 0.829 0.927 1.144 1.239 1.183 1.316 1.485 1.600 1.380 1.144 0.906 0.819 0.764 0.982 1.127 1.316 1.484 1.603 1.812 2.026 2.174 1.933 1.745 1.575 1.796 1.905 1.769 1.885 1.636 1.404 1.504 1.448 1.299 1.162 0.902 0.762 0.636 0.603 0.703 0.885 0.847 0.578 0.496 0.000 0.517 0.697 0.686 0.832 0.928 1.053 0.904 0.788 1.038 1.076 0.855 1.013 1.258 1.288 1.191 1.443 1.593 1.416 1.180 1.030 0.946 0.915 0.963 1.114 1.452 2.222
3.978 3.140 2.417 2.147 1.821 1.925 1.757 1.862 1.829 1.918 2.076 2.057 2.439 2.644 2.579 2.135 1.960 2.215 2.047 1.994 1.657 1.672 1.437 1.108 1.130 1.439 1.656 1.632 1.884 2.066 2.075 1.670 1.424 1.041 1.064 1.068 1.521 1.720 2.084 2.244 2.316 2.534 2.817 2.960 2.535 2.311 2.145 2.655 2.642 2.451 2.638 2.320 2.115 2.234 2.227 2.011 1.814 1.317 1.038 0.856 0.859 0.985 1.192 1.236 0.874 0.654 0.504 0.000 0.594 0.820 1.134 1.400 1.522 1.274 1.115 1.419 1.453 1.188 1.329 1.551 1.565 1.518 1.776 1.909 1.883 1.573 1.534 1.353 1.371 1.413 1.519 2.042 2.766
3.949 3.099 2.307 1.970 1.701 1.851 1.834 2.109 2.336 2.599 2.939 3.078 3.387 3.631 3.411 2.985 2.661 2.911 2.469 2.352 1.903 1.815 1.480 1.045 0.972 1.228 1.632 1.634 1.968 2.154 2.254 1.879 1.518 1.129 1.181 1.276 1.640 1.914 2.282 2.693 2.813 3.082 3.438 3.631 3.293 3.099 2.806 3.128 3.303 2.914 3.006 2.542 2.335 2.375 2.389 2.134 1.889 1.436 1.333 1.018 1.213 1.564 1.866 1.809 1.439 1.026 0.820 0.541 0.000 0.628 0.877 1.362 1.456 1.298 1.321 1.797 1.801 1.691 1.886 2.287 2.374 2.288 2.967 2.963 2.707 2.327 2.069 1.721 1.438 1.557 1.515 2.016 2.703
3.649 2.752 2.138 1.823 1.532 1.613 1.552 1.642 1.680 1.775 1.899 1.901 2.176 2.328 2.176 1.792 1.633 1.777 1.566 1.361 1.147 1.061 0.886 0.612 0.645 0.792 0.972 1.074 1.282 1.548 1.615 1.400 1.132 0.857 0.872 0.862 1.165 1.293 1.455 1.694 1.827 1.982 2.195 2.348 2.087 1.947 1.821 2.054 2.166 2.073 2.158 1.926 1.707 1.829 1.687 1.579 1.420 1.151 1.017 0.916 0.954 1.075 1.297 1.340 0.999 0.831 0.692 0.690 0.513 0.000 0.495 0.616 0.730 0.674 0.677 0.889 0.971 0.952 1.107 1.280 1.402 1.416 1.685 1.799 1.743 1.512 1.453 1.274 1.225 1.251 1.366 1.686 2.365
3.402 2.653 1.988 1.735 1.493 1.564 1.502 1.483 1.511 1.455 1.545 1.444 1.681 1.796 1.698 1.376 1.231 1.271 1.102 0.966 0.829 0.753 0.682 0.561 0.598 0.658 0.763 0.881 0.991 1.237 1.368 1.211 0.982 0.793 0.820 0.757 0.904 0.980 1.048 1.145 1.264 1.359 1.551 1.687 1.510 1.457 1.369 1.517 1.648 1.633 1.670 1.588 1.351 1.429 1.259 1.238 1.181 1.025 0.945 0.933 0.986 0.999 1.198 1.259 0.997 0.875 0.723 0.768 0.666 0.491 0.000 0.488 0.526 0.532 0.536 0.602 0.727 0.781 0.860 0.948 1.120 1.142 1.400 1.482 1.481 1.272 1.309 1.175 1.213 1.180 1.306 1.534 2.146
3.488 2.705 1.999 1.699 1.513 1.503 1.432 1.403 1.400 1.342 1.435 1.323 1.571 1.744 1.621 1.288 1.132 1.186 1.021 0.928 0.789 0.726 0.619 0.592 0.623 0.647 0.805 0.841 0.954 1.215 1.311 1.151 0.991 0.802 0.822 0.719 0.850 0.955 0.997 1.131 1.246 1.341 1.571 1.672 1.444 1.387 1.281 1.470 1.613 1.559 1.575 1.519 1.310 1.403 1.246 1.192 1.132 0.994 0.906 0.961 0.979 0.951 1.140 1.232 1.004 0.934 0.785 0.882 0.798 0.557 0.488 0.000 0.488 0.511 0.516 0.521 0.612 0.699 0.707 0.798 0.990 1.017 1.225 1.310 1.337 1.155 1.227 1.103 1.174 1.139 1.267 1.497 2.132
3.955 3.242 2.488 2.166 1.972 1.959 1.826 1.797 1.700 1.703 1.654 1.565 1.863 2.025 1.988 1.574 1.485 1.602 1.462 1.195 1.040 0.898 0.834 0.712 0.776 0.798 0.869 0.979 1.096 1.365 1.479 1.329 1.206 1.004 1.051 0.952 1.130 1.255 1.314 1.520 1.691 1.864 2.073 2.159 1.930 1.842 1.779 1.981 2.075 2.070 2.084 2.053 1.757 1.828 1.647 1.548 1.562 1.318 1.183 1.270 1.190 1.091 1.203 1.325 1.088 1.162 0.953 1.104 1.004 0.703 0.531 0.489 0.000 0.490 0.552 0.579 0.570 0.653 0.807 0.826 0.930 1.033 1.260 1.393 1.473 1.315 1.445 1.382 1.510 1.549 1.721 1.942 2.526
3.481 2.664 2.004 1.638 1.388 1.351 1.224 1.193 1.163 1.185 1.265 1.260 1.579 1.762 1.725 1.306 1.143 1.269 1.142 1.047 0.878 0.879 0.783 0.689 0.760 0.780 0.893 1.022 1.127 1.357 1.477 1.340 1.109 0.919 0.912 0.795 0.941 1.015 1.123 1.276 1.353 1.487 1.745 1.778 1.551 1.397 1.303 1.538 1.589 1.488 1.594 1.445 1.292 1.410 1.353 1.291 1.182 1.023 0.850 0.894 0.827 0.768 0.917 1.064 0.824 0.839 0.709 0.851 0.813 0.591 0.523 0.506 0.488 0.000 0.487 0.512 0.528 0.519 0.591 0.691 0.818 0.833 1.071 1.178 1.142 0.959 0.996 0.930 1.035 1.053 1.221 1.496 2.152
3.623 2.732 2.081 1.717 1.433 1.378 1.249 1.183 1.150 1.090 1.192 1.112 1.386 1.636 1.528 1.145 0.980 1.076 0.989 0.905 0.800 0.828 0.784 0.684 0.755 0.808 0.906 0.996 1.076 1.377 1.513 1.337 1.151 0.934 0.907 0.751 0.888 0.912 1.042 1.151 1.169 1.297 1.524 1.534 1.305 1.209 1.123 1.343 1.413 1.360 1.473 1.383 1.188 1.286 1.245 1.236 1.132 1.006 0.841 0.888 0.849 0.776 0.956 1.121 0.902 0.852 0.736 0.859 0.807 0.597 0.542 0.512 0.504 0.487 0.000 0.487 0.514 0.524 0.530 0.609 0.775 0.796 1.052 1.126 1.135 0.932 1.010 0.915 1.030 1.061 1.249 1.482 2.182
3.532 2.752 2.033 1.696 1.490 1.477 1.352 1.271 1.259 1.205 1.252 1.189 1.455 1.649 1.568 1.180 1.077 1.198 1.089 0.987 0.842 0.830 0.775 0.698 0.790 0.859 0.955 1.026 1.098 1.346 1.467 1.296 1.103 0.955 0.877 0.738 0.885 0.969 1.102 1.283 1.321 1.450 1.689 1.708 1.445 1.349 1.308 1.524 1.582 1.552 1.590 1.516 1.324 1.421 1.347 1.266 1.171 0.997 0.863 0.942 0.906 0.829 1.001 1.172 0.961 0.933 0.760 0.908 0.875 0.640 0.592 0.520 0.519 0.507 0.487 0.000 0.489 0.512 0.530 0.553 0.659 0.773 0.985 1.081 1.164 0.996 1.077 0.994 1.087 1.118 1.250 1.499 2.134
3.875 3.186 2.406 2.079 1.831 1.782 1.552 1.515 1.380 1.378 1.416 1.347 1.707 1.880 1.812 1.351 1.289 1.406 1.323 1.141 1.009 1.000 0.968 0.881 1.026 1.004 1.071 1.209 1.296 1.626 1.767 1.603 1.476 1.197 1.168 1.010 1.164 1.223 1.289 1.481 1.589 1.723 1.978 2.041 1.748 1.661 1.582 1.847 1.942 1.897 1.996 1.897 1.653 1.768 1.640 1.568 1.515 1.279 1.124 1.152 1.039 0.888 0.998 1.140 0.923 1.025 0.903 1.120 1.129 0.832 0.735 0.610 0.552 0.550 0.527 0.489 0.000 0.489 0.543 0.584 0.650 0.741 0.991 1.160 1.185 1.058 1.152 1.149 1.299 1.391 1.628 1.879 2.492
3.555 2.706 2.082 1.608 1.359 1.262 1.149 1.056 1.006 0.980 1.064 1.038 1.356 1.636 1.552 1.133 0.964 1.111 1.026 0.994 0.878 0.953 0.928 0.828 0.942 0.997 1.088 1.184 1.251 1.537 1.673 1.486 1.290 1.098 1.000 0.862 0.976 0.980 1.109 1.228 1.217 1.358 1.586 1.588 1.330 1.191 1.119 1.364 1.397 1.294 1.440 1.331 1.154 1.322 1.304 1.290 1.123 1.030 0.837 0.905 0.797 0.658 0.841 0.984 0.805 0.871 0.756 0.948 0.977 0.756 0.695 0.649 0.576 0.523 0.510 0.499 0.488 0.000 0.487 0.524 0.596 0.587 0.869 0.973 0.952 0.786 0.851 0.824 0.957 1.021 1.217 1.476 2.143
3.579 2.710 2.058 1.657 1.352 1.279 1.161 1.065 1.022 0.968 1.054 1.041 1.253 1.525 1.428 1.062 0.901 1.010 0.964 0.964 0.853 0.951 0.957 0.881 0.992 1.094 1.184 1.202 1.321 1.563 1.716 1.536 1.287 1.091 0.998 0.851 0.967 0.942 1.097 1.188 1.159 1.300 1.487 1.491 1.251 1.122 1.080 1.278 1.364 1.297 1.412 1.313 1.150 1.293 1.266 1.260 1.118 0.995 0.816 0.896 0.807 0.674 0.833 0.991 0.801 0.828 0.756 0.932 0.985 0.777 0.753 0.708 0.665 0.574 0.527 0.527 0.508 0.488 0.000 0.490 0.585 0.588 0.870 0.935 0.957 0.820 0.891 0.822 0.952 1.001 1.200 1.465 2.145
3.750 3.036 2.302 2.002 1.740 1.710 1.544 1.415 1.387 1.300 1.382 1.308 1.584 1.799 1.784 1.313 1.184 1.381 1.260 1.222 1.061 1.183 1.178 1.095 1.290 1.368 1.439 1.476 1.529 1.766 1.920 1.801 1.534 1.341 1.187 1.008 1.183 1.184 1.423 1.604 1.602 1.780 2.045 2.053 1.735 1.556 1.523 1.855 1.931 1.836 1.943 1.801 1.569 1.655 1.622 1.531 1.420 1.219 1.015 1.137 1.060 0.900 1.104 1.340 1.099 1.192 0.971 1.192 1.258 1.031 0.992 0.925 0.857 0.785 0.634 0.597 0.573 0.550 0.491 0.000 0.508 0.625 0.928 1.083 1.188 1.034 1.167 1.070 1.264 1.291 1.476 1.753 2.341
5.068 4.498 3.658 3.253 2.999 2.758 2.403 2.196 1.943 1.838 1.842 1.646 2.125 2.307 2.244 1.716 1.695 1.952 1.882 1.600 1.555 1.647 1.707 1.664 2.009 1.872 1.941 2.187 2.260 2.591 2.860 2.731 2.523 2.242 2.065 1.749 1.923 1.898 2.028 2.189 2.299 2.411 2.881 2.908 2.427 2.272 2.182 2.708 2.838 2.725 3.042 2.809 2.439 2.759 2.549 2.548 2.459 2.193 1.900 1.979 1.720 1.321 1.318 1.643 1.545 1.809 1.640 2.041 2.154 1.697 1.488 1.261 1.147 1.212 1.047 0.787 0.780 0.828 0.698 0.528 0.000 0.587 0.952 1.274 1.350 1.283 1.549 1.706 2.067 2.239 2.581 2.959 3.464
4.882 4.079 3.341 2.812 2.459 2.218 1.861 1.700 1.335 1.405 1.369 1.396 2.057 2.399 2.322 1.781 1.504 1.926 1.951 2.014 1.896 2.182 2.279 2.109 2.409 2.311 2.420 2.773 2.790 3.063 3.421 3.217 2.963 2.541 2.312 1.931 2.162 2.032 2.363 2.439 2.263 2.538 2.790 2.769 2.277 2.000 1.931 2.359 2.423 2.100 2.469 2.244 2.124 2.498 2.549 2.601 2.244 2.172 1.775 1.948 1.574 1.233 1.197 1.578 1.522 1.750 1.660 2.183 2.307 1.921 1.947 1.943 1.534 1.502 1.416 1.226 1.033 0.929 0.866 0.774 0.529 0.000 0.745 1.064 1.062 0.981 1.228 1.439 1.726 2.015 2.409 2.681 3.295
5.481 4.729 4.054 3.489 3.033 2.734 2.270 1.940 1.686 1.436 1.048 1.016 1.595 1.979 2.194 1.741 1.634 2.101 2.246 2.505 2.445 2.760 2.845 2.558 2.629 2.921 3.214 3.266 3.515 3.727 4.081 3.737 3.414 2.818 2.717 2.344 2.705 2.566 2.968 3.027 2.789 2.808 3.039 2.833 2.304 1.923 2.119 2.537 2.314 2.247 2.758 2.742 2.545 3.008 3.303 3.357 2.924 2.636 2.188 2.164 1.810 1.358 1.384 1.779 1.511 1.842 1.805 2.297 2.424 1.967 2.168 2.282 2.023 1.677 1.704 1.756 1.371 1.116 1.199 1.156 0.870 0.595 0.000 0.516 0.785 1.036 1.455 1.725 2.091 2.380 2.948 3.384 3.902
5.099 4.383 3.545 2.995 2.615 2.156 1.838 1.438 1.066 1.016 0.784 0.906 1.381 1.842 1.980 1.520 1.444 1.845 2.022 2.339 2.502 2.736 2.933 2.915 3.257 3.326 3.376 3.416 3.430 3.722 4.118 4.042 3.691 3.277 2.920 2.668 2.706 2.518 2.772 2.641 2.356 2.393 2.512 2.327 1.947 1.472 1.677 1.943 1.797 1.600 1.943 1.971 2.048 2.478 2.768 3.005 2.681 2.574 2.197 2.319 2.037 1.541 1.439 1.925 1.899 2.277 2.240 2.690 2.910 2.665 2.709 2.511 2.348 2.187 2.094 1.993 1.727 1.507 1.398 1.394 1.126 0.874 0.516 0.000 0.523 0.860 1.228 1.535 1.976 2.231 2.753 2.953 3.585
3.855 3.012 2.289 1.858 1.497 1.290 1.089 0.893 0.671 0.655 0.642 0.805 1.157 1.528 1.595 1.231 1.042 1.287 1.400 1.646 1.713 1.920 2.048 2.015 2.212 2.435 2.442 2.401 2.414 2.574 2.799 2.695 2.352 2.157 1.856 1.688 1.766 1.645 1.876 1.853 1.610 1.716 1.870 1.783 1.434 1.154 1.174 1.462 1.424 1.287 1.482 1.407 1.328 1.677 1.866 1.912 1.588 1.546 1.335 1.309 1.150 0.948 0.910 1.229 1.293 1.463 1.489 1.716 1.963 1.835 2.008 1.901 1.884 1.726 1.543 1.558 1.538 1.281 1.123 1.250 1.220 0.879 0.726 0.509 0.000 0.516 0.683 0.819 1.059 1.231 1.516 1.842 2.436
3.497 2.556 1.852 1.385 1.092 0.950 0.781 0.661 0.566 0.559 0.603 0.778 1.070 1.370 1.387 1.048 0.850 1.060 1.081 1.228 1.260 1.477 1.506 1.503 1.651 1.824 1.865 1.818 1.831 1.991 2.110 1.971 1.689 1.576 1.315 1.199 1.238 1.165 1.343 1.346 1.204 1.369 1.499 1.470 1.200 0.988 0.956 1.149 1.202 1.058 1.171 1.105 1.011 1.205 1.326 1.374 1.137 1.075 0.894 0.902 0.790 0.665 0.684 0.971 0.967 1.027 1.073 1.233 1.418 1.378 1.499 1.413 1.451 1.304 1.118 1.154 1.141 0.982 0.862 0.978 0.979 0.757 0.724 0.627 0.497 0.000 0.497 0.564 0.729 0.835 1.064 1.337 2.068
3.280 2.390 1.708 1.241 0.991 0.847 0.703 0.602 0.581 0.642 0.797 0.950 1.280 1.552 1.603 1.252 0.991 1.168 1.139 1.266 1.201 1.356 1.342 1.301 1.429 1.605 1.689 1.630 1.652 1.759 1.951 1.780 1.504 1.350 1.155 1.051 1.113 1.069 1.316 1.409 1.255 1.439 1.590 1.567 1.314 1.103 1.022 1.224 1.260 1.086 1.192 1.080 1.007 1.172 1.310 1.238 1.027 0.917 0.758 0.738 0.661 0.566 0.574 0.831 0.799 0.896 0.896 1.053 1.246 1.211 1.311 1.330 1.347 1.203 1.053 1.135 1.145 0.934 0.881 1.037 1.050 0.797 0.860 0.819 0.644 0.493 0.000 0.499 0.596 0.707 0.896 1.200 1.909
3.111 2.227 1.530 1.042 0.757 0.651 0.554 0.537 0.554 0.645 0.828 0.945 1.228 1.515 1.497 1.101 0.883 0.999 0.956 1.000 0.942 1.077 1.082 1.048 1.134 1.301 1.374 1.323 1.355 1.535 1.690 1.508 1.244 1.104 0.928 0.838 0.895 0.879 1.053 1.109 1.033 1.194 1.385 1.399 1.150 1.000 0.886 1.059 1.124 0.963 1.028 0.873 0.812 0.965 1.034 1.033 0.825 0.744 0.577 0.598 0.543 0.532 0.578 0.809 0.727 0.722 0.748 0.850 1.007 0.959 1.029 1.062 1.083 0.983 0.853 0.932 0.977 0.834 0.761 0.923 0.995 0.815 0.932 0.914 0.730 0.560 0.493 0.000 0.494 0.541 0.726 1.043 1.796
3.089 2.101 1.393 0.878 0.624 0.590 0.557 0.631 0.750 0.874 1.073 1.139 1.462 1.720 1.672 1.302 1.064 1.174 1.060 1.111 0.972 1.090 1.074 1.065 1.197 1.321 1.370 1.326 1.332 1.482 1.655 1.503 1.226 1.119 0.916 0.838 0.884 0.891 1.103 1.204 1.183 1.367 1.578 1.644 1.372 1.194 1.051 1.243 1.313 1.122 1.171 0.967 0.885 1.012 1.064 1.006 0.772 0.651 0.541 0.546 0.544 0.569 0.696 0.870 0.780 0.761 0.738 0.871 1.035 0.988 1.089 1.083 1.143 1.065 0.902 1.007 1.038 0.889 0.861 1.042 1.094 0.928 1.096 1.109 0.961 0.733 0.595 0.493 0.000 0.495 0.581 0.940 1.768
3.117 2.116 1.319 0.863 0.640 0.646 0.650 0.758 0.881 1.024 1.259 1.335 1.738 1.973 1.943 1.543 1.239 1.370 1.266 1.281 1.124 1.234 1.180 1.214 1.345 1.560 1.522 1.408 1.389 1.507 1.649 1.559 1.288 1.207 0.978 0.882 0.903 0.938 1.203 1.321 1.427 1.599 1.844 1.851 1.617 1.388 1.230 1.456 1.537 1.316 1.357 1.090 0.930 1.036 1.101 0.966 0.743 0.634 0.574 0.614 0.678 0.742 0.844 1.050 0.956 0.923 0.914 0.998 1.212 1.211 1.308 1.295 1.419 1.263 1.077 1.232 1.288 1.095 1.077 1.278 1.332 1.120 1.304 1.333 1.128 0.922 0.717 0.591 0.499 0.000 0.495 0.791 1.626
3.090 2.158 1.359 0.847 0.757 0.936 1.117 1.258 1.553 1.611 1.919 1.935 2.324 2.505 2.404 1.971 1.669 1.799 1.558 1.549 1.375 1.577 1.531 1.603 1.876 2.102 2.048 1.961 1.896 1.954 2.192 2.114 1.664 1.591 1.249 1.110 1.119 1.162 1.497 1.626 1.666 2.002 2.308 2.406 2.140 1.960 1.657 1.958 2.116 1.844 1.852 1.451 1.196 1.199 1.323 1.134 0.755 0.689 0.698 0.834 1.021 1.153 1.363 1.593 1.477 1.355 1.240 1.307 1.604 1.663 1.804 1.683 1.818 1.767 1.445 1.572 1.693 1.523 1.446 1.686 1.784 1.625 1.951 1.951 1.798 1.458 1.363 0.969 0.811 0.509 0.000 0.533 1.295
3.846 3.111 2.088 1.415 1.265 1.826 2.378 2.787 3.648 4.205 5.256 5.522 5.946 6.648 5.896 5.228 4.647 4.451 3.769 3.737 3.385 3.721 3.784 4.009 4.406 5.206 4.946 4.733 4.128 4.163 4.854 4.952 3.918 3.724 2.822 2.758 2.607 2.511 3.194 3.397 3.569 4.435 4.746 5.213 4.928 4.801 3.726 3.953 4.765 3.997 3.455 2.664 2.261 1.915 2.296 2.030 1.356 1.544 2.053 1.846 2.332 3.060 3.491 3.391 3.395 2.751 2.961 2.668 3.544 4.080 4.513 4.377 4.815 4.450 3.714 4.289 4.719 4.222 4.203 5.046 5.151 4.526 5.406 5.565 5.054 4.104 3.370 2.535 1.881 1.364 0.597 0.000 0.931
6.785 6.711 4.415 3.602 3.275 3.078 3.890 4.016 5.037 6.345 7.810 9.916 11.297 13.498 13.342 12.248 9.357 11.039 9.802 9.912 9.135 9.766 9.575 10.000 11.678 12.393 12.156 10.756 10.090 9.167 10.480 10.368 8.735 8.501 7.609 7.701 6.195 6.487 8.688 10.107 9.504 11.495 11.890 12.580 11.327 9.053 8.235 9.997 9.734 7.531 7.545 5.351 4.221 4.503 6.255 4.417 3.092 4.274 5.069 5.475 6.452 6.726 6.793 8.893 9.310 8.896 8.217 8.816 9.960 10.712 11.907 12.018 13.208 12.316 10.366 11.872 12.747 10.603 10.102 12.034 12.342 9.466 10.248 9.220 7.537 6.431 5.362 4.641 4.056 2.772 2.016 0.919 0.000
