82.118
91.575
93.583
94.793
94.922
94.852
93.999
94.096
94.043
94.011
92.868
90.847
89.136
87.305
86.247
89.571
90.749
92.810
93.471
94.652
93.918
94.177
94.133
94.901
94.477
93.777
92.632
90.632
91.114
89.943
91.448
92.781
92.571
90.301
91.112
92.145
92.330
91.740
91.819
90.648
92.508
93.593
94.352
94.099
93.821
93.483
91.179
89.244
92.606
93.917
93.943
92.915
92.708
94.958
95.048
94.859
94.792
94.646
94.647
94.226
93.818
93.324
92.999
91.455
89.451
86.077
79.736
82.294
86.701
88.525
91.197
93.185
92.606
92.830
91.238
88.764
81.375
76.626
71.091
72.271
76.113
79.450
81.258
83.113
83.353
85.999
81.588
81.237
79.205
77.022
72.853
67.111
57.129
