63.450
76.221
81.830
83.442
89.174
92.219
92.653
93.801
95.019
95.087
95.370
94.703
94.274
91.245
88.321
88.515
93.457
95.993
95.816
96.839
96.607
96.850
96.602
96.259
95.863
95.575
95.613
94.984
94.834
93.010
91.414
90.970
93.327
93.720
95.120
95.659
96.643
96.167
96.643
96.444
96.546
96.305
95.531
94.368
93.172
94.584
94.794
95.677
95.417
94.618
94.296
94.225
94.573
95.048
94.210
94.796
93.288
94.504
95.452
96.457
95.907
96.158
96.314
95.000
93.449
95.227
95.810
96.268
94.999
94.917
96.214
96.228
96.340
96.258
96.351
96.920
96.535
96.295
96.405
96.746
94.982
93.974
94.224
92.446
93.689
94.686
95.491
95.730
96.433
95.557
95.264
93.462
88.017
