71.917
82.396
88.951
89.518
90.699
90.096
88.874
90.199
91.383
89.788
89.784
89.156
90.107
86.880
80.132
85.931
87.292
88.173
88.478
88.454
86.923
85.638
81.836
79.775
75.099
71.728
71.305
71.680
76.711
82.736
86.663
88.478
89.884
89.916
90.457
88.612
84.780
78.412
80.336
79.039
85.166
91.341
91.282
93.024
94.342
94.124
93.819
91.863
90.263
89.016
90.076
91.827
90.564
89.091
88.151
86.961
88.031
87.987
89.865
90.418
92.129
92.444
93.514
94.115
94.723
93.789
92.221
90.235
86.717
88.660
89.888
90.976
91.423
90.436
89.274
90.235
91.048
91.145
90.923
92.162
89.773
90.182
90.265
91.115
88.975
88.750
90.536
88.544
84.200
86.321
86.277
85.366
79.994
