0.000 0.660 1.664 2.771 3.679 4.520 5.125 5.464 5.822 5.502 4.730 5.172 5.445 5.795 6.289 6.992 7.416 7.343 6.861 6.968 7.233 7.459 7.408 7.468 6.998 6.918 7.264 6.972 5.433 5.606 5.318 5.199 6.494 5.894 5.358 5.502 5.150 4.454 4.870 4.021 3.524 4.128 3.261 2.633 3.455 2.781 3.179 4.367 5.761 5.723 4.163 4.290 3.724 3.219 3.110 3.638 2.962 3.900 4.528 4.909 4.779 5.133 6.141 6.672 6.706 7.811 6.416 7.316 6.538 6.687 6.372 5.709 5.828 6.098 5.615 5.207 5.522 5.174 4.599 3.420 2.368 2.898 2.059 2.291 2.628 3.639 5.640 6.265 8.261 10.190 11.449 13.152 14.103
0.570 0.000 0.528 0.743 1.081 1.337 1.788 2.211 2.215 1.763 1.423 1.666 1.670 1.783 1.817 2.131 2.261 2.375 2.624 2.853 2.871 2.704 2.610 2.699 2.935 2.847 2.352 2.307 1.937 1.758 1.700 1.678 1.917 1.942 1.798 1.992 2.254 2.181 1.876 1.477 1.308 1.661 1.689 1.286 1.452 1.203 1.131 1.434 1.775 1.759 1.371 1.420 1.414 1.213 1.221 1.156 1.240 1.634 1.626 1.678 1.688 1.846 2.082 2.260 2.409 2.331 2.382 2.236 1.865 1.979 2.019 1.695 1.566 1.768 1.807 1.495 1.493 1.314 1.064 0.895 0.742 0.743 0.781 1.022 1.250 1.637 2.439 3.290 5.150 6.960 8.359 10.422 12.569
0.830 0.506 0.000 0.504 0.657 0.881 1.196 1.610 1.643 1.204 1.010 1.172 1.261 1.493 1.477 1.748 1.864 1.863 2.023 2.206 2.246 2.174 2.172 2.370 2.658 2.501 2.111 1.934 1.689 1.476 1.541 1.422 1.635 1.627 1.404 1.525 1.641 1.553 1.299 1.015 1.011 1.222 1.215 1.024 1.175 1.093 1.086 1.379 1.580 1.685 1.365 1.336 1.143 1.173 1.059 0.929 0.937 1.212 1.256 1.277 1.331 1.527 1.776 1.680 1.851 1.801 1.748 1.632 1.433 1.451 1.450 1.250 1.124 1.243 1.300 1.057 1.101 0.945 0.709 0.620 0.623 0.746 0.890 1.079 1.315 1.674 2.342 3.176 4.986 6.720 8.280 10.491 12.764
1.031 0.671 0.502 0.000 0.506 0.707 1.020 1.426 1.468 1.079 0.837 1.065 1.125 1.284 1.396 1.679 1.802 1.823 2.028 2.154 2.191 2.117 2.092 2.234 2.466 2.349 1.984 1.871 1.617 1.436 1.447 1.297 1.459 1.419 1.264 1.376 1.497 1.458 1.208 0.881 0.900 1.104 1.161 0.980 1.159 1.110 1.082 1.276 1.439 1.556 1.279 1.327 1.132 1.182 1.052 0.919 0.965 1.231 1.264 1.324 1.349 1.560 1.754 1.758 1.807 1.694 1.716 1.604 1.395 1.352 1.367 1.201 1.064 1.187 1.217 1.013 1.010 0.826 0.647 0.607 0.621 0.747 0.922 1.097 1.344 1.649 2.386 3.214 5.134 6.930 8.420 10.426 12.720
1.385 0.975 0.725 0.507 0.000 0.512 0.780 1.236 1.404 1.024 0.930 1.184 1.394 1.652 1.813 2.187 2.347 2.441 2.651 2.795 2.811 2.793 2.713 2.932 3.205 3.033 2.755 2.556 2.247 2.046 2.028 1.739 1.964 1.871 1.557 1.591 1.743 1.633 1.286 0.951 1.069 1.302 1.309 1.201 1.402 1.382 1.398 1.699 1.952 2.067 1.791 1.835 1.573 1.712 1.503 1.338 1.328 1.621 1.673 1.868 1.855 2.142 2.287 2.363 2.419 2.263 2.188 2.130 1.835 1.787 1.793 1.515 1.333 1.375 1.417 1.201 1.051 0.762 0.718 0.846 0.991 1.148 1.342 1.530 1.797 2.105 2.769 3.533 5.257 6.889 8.594 10.533 13.170
1.935 1.459 1.081 0.776 0.518 0.000 0.542 0.961 1.227 0.977 0.947 1.351 1.552 1.841 2.213 2.629 2.770 2.986 3.424 3.500 3.313 3.353 3.192 3.362 3.837 3.897 3.431 3.298 2.959 2.580 2.549 2.146 2.408 2.239 1.934 1.898 2.092 1.880 1.422 1.179 1.410 1.709 1.624 1.539 1.925 1.876 2.005 2.328 2.500 2.735 2.520 2.547 2.186 2.425 2.026 1.781 1.691 2.093 2.277 2.576 2.436 2.929 3.161 3.008 3.017 2.577 2.544 2.602 2.276 2.105 2.238 2.098 1.611 1.574 1.719 1.436 1.227 0.851 0.881 1.094 1.338 1.583 1.877 2.140 2.659 2.847 3.527 4.268 5.948 7.677 8.915 10.688 13.420
2.675 2.229 1.760 1.359 1.030 0.688 0.000 0.638 1.033 1.114 1.356 1.892 2.284 2.892 3.347 3.851 4.286 4.326 4.727 4.887 4.836 4.859 4.719 5.168 5.534 5.587 4.991 4.581 4.077 3.608 3.543 3.371 3.701 3.788 2.815 2.802 3.135 2.803 2.065 1.562 2.159 2.580 2.634 2.520 3.291 3.079 2.912 3.590 3.825 4.314 3.564 3.542 3.074 3.195 2.681 2.389 2.278 3.027 3.152 3.454 3.367 3.872 4.244 4.344 4.246 4.001 3.726 3.720 3.146 3.213 3.107 2.736 2.297 2.278 2.518 2.122 1.926 1.385 1.425 1.486 1.825 2.153 2.508 2.959 3.710 4.288 4.784 5.932 7.359 8.866 9.995 11.816 14.268
4.202 3.571 2.957 2.142 1.644 1.132 0.584 0.000 0.703 1.335 1.921 2.203 2.869 3.554 4.221 4.821 5.432 5.764 6.240 6.425 6.400 6.222 6.077 6.716 7.329 7.424 6.930 6.276 5.717 5.069 5.014 4.461 4.679 4.308 3.742 3.229 3.588 3.083 2.520 1.987 2.721 3.325 3.003 2.990 3.961 4.136 3.964 4.819 4.879 5.612 5.091 5.093 4.557 4.994 4.560 3.900 3.867 4.689 4.780 5.297 5.044 5.642 5.994 5.781 5.585 5.136 4.739 4.857 4.365 3.960 4.163 3.945 3.177 3.063 3.388 3.018 2.847 2.073 2.325 2.660 3.336 3.495 4.516 4.712 5.419 5.814 6.635 7.409 8.614 9.871 10.905 12.640 14.987
4.704 3.945 3.766 2.736 2.402 1.676 1.158 0.623 0.000 0.784 1.388 1.969 2.228 2.476 2.872 3.414 3.875 4.055 4.588 4.657 4.520 4.418 4.410 4.901 5.223 5.389 4.838 4.475 4.057 3.655 3.543 3.229 3.487 3.300 3.003 2.758 3.173 3.081 2.400 2.302 2.703 3.166 3.291 3.297 3.977 4.133 3.543 4.169 3.943 4.428 4.022 4.068 3.573 4.217 4.083 3.527 4.011 4.866 4.407 4.621 4.081 4.408 4.610 4.357 4.261 3.734 3.860 3.965 3.408 3.088 3.552 3.454 2.593 2.782 3.485 3.051 3.143 2.627 3.107 2.854 3.632 3.430 4.424 4.199 4.928 5.205 5.746 6.667 7.876 9.230 10.412 12.177 14.568
2.165 1.785 1.731 1.240 1.414 1.090 1.200 1.056 0.676 0.000 0.558 1.143 1.466 2.066 2.554 3.245 3.645 3.826 4.341 4.572 4.259 4.148 4.031 4.152 4.859 4.917 4.233 4.203 3.608 3.019 2.969 2.399 2.794 2.403 1.894 1.863 2.163 2.083 1.451 1.179 1.310 1.853 1.887 1.800 2.082 2.079 1.958 2.374 2.704 3.021 2.732 2.776 2.340 2.719 2.573 2.196 2.270 2.906 3.090 3.307 3.211 3.492 3.949 3.976 3.925 3.592 3.566 3.572 2.921 2.650 2.950 2.640 1.978 1.991 2.452 2.010 1.974 1.663 1.702 1.585 1.800 1.859 2.174 2.419 2.793 3.068 3.783 4.560 6.154 7.921 8.912 10.973 13.486
1.810 1.313 1.226 1.001 1.021 0.910 1.026 1.203 1.016 0.518 0.000 0.512 0.624 0.943 1.177 1.504 1.766 1.869 2.158 2.274 2.236 2.225 2.149 2.286 2.689 2.631 2.256 2.090 1.793 1.494 1.411 1.087 1.239 1.041 0.821 0.930 1.093 1.144 0.866 0.790 0.730 0.875 1.137 1.231 1.271 1.314 1.124 1.256 1.277 1.497 1.404 1.454 1.328 1.584 1.502 1.296 1.434 1.821 1.661 1.756 1.638 1.871 2.087 1.943 1.898 1.698 1.764 1.721 1.457 1.297 1.445 1.346 1.072 1.163 1.327 1.158 1.217 1.124 1.161 1.092 1.243 1.206 1.473 1.466 1.715 1.938 2.631 3.473 5.144 6.971 8.254 10.275 12.681
2.017 1.562 1.496 1.151 1.172 0.949 1.245 1.414 1.275 0.699 0.514 0.000 0.515 0.738 1.129 1.411 1.812 2.054 2.291 2.349 2.277 2.227 1.984 2.213 2.497 2.590 2.316 2.206 1.921 1.587 1.355 0.978 0.964 0.788 0.651 0.782 1.024 1.158 0.878 0.856 0.787 0.913 1.132 1.222 1.281 1.353 1.097 1.126 1.053 1.307 1.400 1.464 1.470 1.826 1.749 1.498 1.617 2.004 1.899 2.082 1.915 2.208 2.351 2.187 2.087 1.900 1.885 1.901 1.687 1.424 1.621 1.569 1.228 1.233 1.485 1.322 1.289 1.177 1.330 1.199 1.530 1.421 1.665 1.670 1.823 1.956 2.590 3.365 4.964 6.780 8.340 10.210 12.584
1.549 1.183 1.179 1.009 1.098 1.040 1.225 1.454 1.329 0.863 0.616 0.502 0.000 0.494 0.605 0.759 0.959 1.110 1.347 1.369 1.330 1.291 1.229 1.479 1.673 1.605 1.402 1.283 1.103 0.932 0.836 0.645 0.646 0.605 0.601 0.690 0.947 1.008 0.781 0.797 0.709 0.785 0.958 1.006 1.089 1.094 0.910 1.007 0.871 0.998 0.991 1.016 0.959 1.168 1.212 1.111 1.303 1.578 1.449 1.372 1.199 1.342 1.411 1.341 1.266 1.113 1.235 1.276 1.070 1.034 1.217 1.118 0.995 1.113 1.364 1.243 1.354 1.283 1.255 1.074 1.198 1.060 1.192 1.158 1.289 1.500 2.214 3.026 4.581 6.475 8.104 9.942 12.419
1.906 1.610 1.618 1.459 1.532 1.438 1.517 1.786 1.593 1.179 0.980 0.668 0.497 0.000 0.495 0.606 0.811 0.961 1.152 1.253 1.207 1.165 1.109 1.431 1.674 1.466 1.261 1.106 1.009 0.811 0.721 0.617 0.621 0.677 0.668 0.796 1.037 1.137 0.945 1.064 0.924 0.969 1.185 1.274 1.323 1.361 1.123 1.111 0.968 1.060 1.082 1.026 1.073 1.331 1.524 1.455 1.759 1.963 1.734 1.629 1.318 1.373 1.332 1.286 1.167 0.991 1.220 1.324 1.077 1.081 1.413 1.394 1.230 1.387 1.730 1.691 1.851 1.726 1.762 1.568 1.634 1.403 1.526 1.338 1.466 1.661 2.370 3.230 4.957 6.679 8.093 10.001 12.370
1.579 1.314 1.348 1.253 1.383 1.320 1.485 1.669 1.512 1.151 0.985 0.801 0.612 0.505 0.000 0.495 0.605 0.828 1.020 1.091 1.029 0.958 0.936 1.222 1.469 1.312 1.065 0.988 0.869 0.680 0.613 0.580 0.618 0.734 0.765 0.920 1.150 1.252 1.054 1.092 0.940 1.040 1.231 1.199 1.289 1.202 0.997 1.011 0.891 0.917 0.899 0.856 0.867 1.089 1.196 1.183 1.419 1.641 1.403 1.335 1.138 1.176 1.213 1.115 1.030 0.851 1.029 1.091 0.920 0.915 1.143 1.173 1.027 1.162 1.422 1.413 1.568 1.520 1.497 1.316 1.349 1.153 1.223 1.093 1.203 1.416 2.194 3.007 4.621 6.462 8.090 9.760 12.110
1.791 1.537 1.594 1.503 1.618 1.565 1.754 1.890 1.735 1.385 1.148 1.016 0.829 0.642 0.496 0.000 0.498 0.685 0.855 0.979 0.881 0.850 0.858 1.175 1.395 1.231 1.031 0.854 0.816 0.646 0.642 0.647 0.697 0.821 0.918 1.092 1.335 1.473 1.281 1.338 1.141 1.256 1.455 1.450 1.490 1.406 1.149 1.154 0.999 1.008 1.013 0.981 1.006 1.226 1.344 1.356 1.616 1.790 1.566 1.449 1.189 1.199 1.141 1.062 0.969 0.857 1.098 1.206 1.052 1.077 1.365 1.309 1.236 1.406 1.684 1.611 1.835 1.775 1.737 1.550 1.582 1.326 1.404 1.257 1.417 1.617 2.270 3.175 4.797 6.563 7.975 9.872 12.111
2.419 2.218 2.374 2.360 2.507 2.359 2.563 2.714 2.369 1.987 1.797 1.707 1.354 1.030 0.825 0.529 0.000 0.515 0.665 0.875 0.937 0.952 1.042 1.379 1.574 1.355 1.157 0.893 0.945 0.812 0.895 1.029 0.958 1.115 1.385 1.568 1.798 2.146 1.975 2.202 1.882 1.913 2.253 2.345 2.224 2.165 1.789 1.679 1.325 1.281 1.440 1.201 1.239 1.463 1.651 1.703 2.039 2.192 1.768 1.556 1.248 1.206 1.029 0.929 0.838 0.817 1.122 1.179 1.087 1.241 1.520 1.527 1.581 1.810 2.067 2.082 2.400 2.552 2.507 2.153 2.172 1.882 1.878 1.767 1.852 2.079 2.627 3.589 5.341 7.010 8.615 10.261 12.841
2.365 2.169 2.278 2.237 2.478 2.293 2.585 2.732 2.465 2.065 1.856 1.768 1.462 1.227 0.994 0.685 0.542 0.000 0.505 0.693 0.790 0.877 0.989 1.315 1.520 1.310 1.078 0.853 0.912 0.858 0.925 1.123 1.113 1.372 1.551 1.807 2.057 2.294 2.131 2.148 1.864 2.016 2.314 2.284 2.189 2.096 1.699 1.692 1.424 1.342 1.378 1.205 1.206 1.425 1.629 1.717 2.066 2.137 1.776 1.598 1.232 1.211 1.019 0.926 0.769 0.788 1.048 1.151 1.073 1.206 1.489 1.544 1.573 1.756 1.977 2.052 2.375 2.487 2.442 2.126 2.133 1.849 1.800 1.634 1.704 1.957 2.548 3.378 5.100 6.866 8.259 10.017 12.283
1.956 1.857 1.918 1.915 2.131 2.050 2.323 2.598 2.403 1.960 1.750 1.763 1.526 1.401 1.095 0.963 0.713 0.502 0.000 0.526 0.801 0.907 1.088 1.375 1.443 1.215 1.076 0.857 0.904 0.878 1.060 1.234 1.394 1.601 1.776 1.964 2.290 2.375 2.141 2.000 1.850 2.088 2.213 2.089 2.155 2.001 1.748 1.816 1.650 1.515 1.442 1.234 1.113 1.254 1.363 1.352 1.628 1.736 1.475 1.348 1.010 1.083 0.896 0.724 0.663 0.810 1.014 1.036 0.959 1.150 1.347 1.325 1.347 1.548 1.756 1.697 2.018 2.125 2.021 1.766 1.736 1.523 1.546 1.517 1.677 1.955 2.605 3.523 5.243 6.914 8.363 10.226 12.459
2.810 2.913 3.049 3.133 3.516 3.353 3.702 4.107 3.614 3.246 2.833 2.814 2.552 2.164 1.843 1.439 1.092 0.707 0.540 0.000 0.585 1.042 1.383 1.711 1.769 1.473 1.417 1.025 1.225 1.343 1.701 1.997 2.132 2.617 3.014 3.213 3.505 3.877 3.548 3.292 3.092 3.443 3.801 3.370 3.547 3.344 2.941 3.025 2.669 2.376 2.238 1.837 1.757 1.690 1.861 1.992 2.434 2.384 2.012 1.647 1.406 1.239 1.076 0.992 0.854 1.093 1.498 1.576 1.524 1.945 2.143 2.125 2.134 2.513 2.749 2.829 3.359 3.547 3.294 2.856 2.725 2.421 2.237 2.255 2.307 2.733 3.262 4.116 5.842 7.367 8.707 10.767 12.923
3.797 3.928 3.989 4.068 4.302 4.260 4.428 4.880 4.401 3.936 3.431 3.301 2.760 2.191 1.864 1.245 0.966 0.926 0.836 0.571 0.000 0.549 0.844 1.234 1.577 1.407 1.376 1.196 1.377 1.583 1.399 1.853 1.739 2.263 2.799 3.201 3.466 3.986 3.866 3.766 3.461 3.501 3.863 3.789 3.573 3.446 2.939 2.603 2.103 1.837 2.085 1.984 2.231 2.487 2.935 3.128 3.451 3.566 3.128 2.691 2.214 1.996 1.681 1.539 1.171 1.293 1.685 1.887 2.131 2.317 2.615 2.774 2.903 3.432 3.608 3.654 4.254 4.457 4.363 3.980 3.751 3.345 3.168 2.870 2.696 2.777 3.178 4.112 5.694 7.283 8.854 10.602 12.815
3.238 3.312 3.508 3.463 3.754 3.636 3.858 3.950 3.629 3.254 2.951 2.948 2.329 2.096 1.612 1.202 0.923 0.952 0.969 0.799 0.516 0.000 0.544 1.003 1.297 1.225 1.174 1.056 1.284 1.415 1.363 1.754 1.716 2.176 2.512 2.888 3.194 3.606 3.502 3.419 3.035 3.224 3.589 3.412 3.361 3.062 2.641 2.327 2.023 1.746 1.882 1.734 1.989 2.162 2.570 2.614 3.056 3.137 2.754 2.502 1.966 1.908 1.638 1.563 1.259 1.305 1.621 1.868 1.817 2.100 2.305 2.451 2.530 2.815 3.069 3.244 3.551 3.832 3.767 3.341 3.370 2.868 2.711 2.448 2.377 2.497 2.934 3.717 5.332 7.020 8.508 10.328 12.474
3.669 3.672 3.892 3.686 4.295 4.018 4.242 4.546 4.071 3.548 3.318 3.115 2.590 2.147 1.828 1.347 1.009 1.135 1.182 1.263 0.977 0.565 0.000 0.684 1.203 1.197 1.056 1.018 1.243 1.388 1.406 1.778 1.664 2.300 2.692 3.208 3.464 3.915 3.622 3.626 3.397 3.466 3.879 3.768 3.526 3.293 2.904 2.642 2.181 1.829 1.980 1.886 2.086 2.404 2.836 2.951 3.480 3.889 3.173 2.799 2.269 2.024 1.750 1.848 1.565 1.620 2.294 2.268 2.211 2.556 2.960 2.898 2.877 3.500 3.705 3.605 4.283 4.423 4.355 3.716 3.599 3.252 3.127 2.693 2.571 2.834 3.016 3.852 5.354 6.996 8.511 10.095 12.256
4.252 4.218 4.363 4.222 4.592 4.143 4.533 4.505 3.954 3.502 3.527 3.403 2.899 2.287 1.884 1.472 1.290 1.619 1.884 1.963 1.562 1.089 0.598 0.000 0.554 1.038 1.253 1.524 1.606 1.769 1.627 2.326 2.189 2.633 3.131 3.399 4.085 4.518 3.997 4.044 3.750 4.138 4.659 4.476 4.450 4.106 3.556 3.376 2.794 2.407 2.688 2.264 2.669 2.855 3.385 3.500 3.971 4.328 3.694 3.308 2.678 2.561 2.318 2.352 2.275 1.889 2.400 2.721 2.448 2.502 3.017 3.271 3.086 3.375 3.872 3.851 4.495 4.544 4.627 4.115 4.201 3.771 3.700 3.214 3.110 3.375 3.451 4.183 5.728 7.304 8.735 10.582 12.700
5.218 5.363 5.629 5.954 6.351 6.262 6.481 6.536 6.291 5.835 5.388 5.142 4.338 3.799 3.110 2.562 2.320 2.600 2.190 2.791 2.297 1.414 1.395 0.724 0.000 0.669 1.265 1.822 2.303 2.664 2.576 2.856 2.957 3.303 3.944 4.477 4.855 5.778 5.705 5.398 5.281 5.068 5.718 5.558 5.485 5.017 4.368 3.883 3.146 2.873 3.064 2.860 3.334 3.821 4.247 4.810 5.004 5.374 4.908 4.337 3.514 3.238 2.853 2.997 3.317 3.615 4.170 4.039 3.928 4.515 5.022 4.825 5.072 5.707 5.730 5.974 6.201 6.366 6.421 6.018 5.380 4.871 4.377 4.088 3.537 3.784 3.883 4.905 6.323 7.759 9.186 10.893 13.274
3.433 3.678 3.908 4.212 4.794 4.668 5.213 5.428 4.981 4.511 4.222 4.194 3.654 3.206 2.614 2.159 1.556 1.488 1.433 1.728 1.627 1.276 1.364 1.026 0.579 0.000 0.591 0.862 1.107 1.679 2.056 2.702 2.838 3.578 4.023 4.524 5.183 5.500 5.085 4.731 4.294 4.875 5.174 4.789 4.849 4.341 3.746 3.700 3.306 2.676 2.675 2.085 2.182 2.016 2.273 2.709 3.020 2.869 2.519 2.136 1.963 1.559 1.518 1.830 2.032 2.207 2.685 2.572 2.376 2.951 3.260 2.881 3.151 3.878 3.841 3.749 4.351 4.616 4.286 3.824 3.354 3.109 2.637 2.736 2.592 3.031 3.429 4.298 5.807 7.315 8.779 10.847 12.819
2.520 2.427 2.543 2.593 2.812 2.728 2.998 3.218 2.993 2.527 2.362 2.416 2.039 1.822 1.455 1.240 0.927 0.919 1.004 1.257 1.183 0.885 1.086 1.045 0.786 0.547 0.000 0.504 0.672 0.949 1.177 1.496 1.618 2.121 2.340 2.675 3.034 3.222 2.970 2.770 2.547 2.838 3.008 2.857 2.887 2.525 2.256 2.144 1.940 1.604 1.570 1.289 1.322 1.464 1.709 1.780 2.124 2.142 1.824 1.616 1.273 1.208 1.142 1.202 1.216 1.292 1.463 1.466 1.300 1.559 1.668 1.707 1.825 2.004 2.182 2.241 2.512 2.614 2.626 2.352 2.267 2.043 1.969 1.762 1.851 2.138 2.634 3.481 5.067 6.920 8.434 10.299 12.543
2.196 2.001 1.997 2.045 2.181 2.150 2.518 2.770 2.627 2.153 1.905 2.073 1.795 1.654 1.276 1.184 0.870 0.813 0.883 1.125 1.150 0.938 1.149 1.161 1.048 0.745 0.495 0.000 0.525 0.679 0.979 1.348 1.543 1.937 2.085 2.411 2.699 2.762 2.429 2.194 2.097 2.480 2.532 2.293 2.589 2.236 1.928 1.998 1.830 1.535 1.496 1.089 1.050 1.200 1.353 1.418 1.658 1.806 1.543 1.409 1.061 1.069 1.006 1.035 1.074 1.113 1.382 1.285 1.107 1.386 1.567 1.435 1.494 1.692 1.854 1.772 2.150 2.157 2.053 1.798 1.780 1.576 1.584 1.510 1.537 1.932 2.512 3.380 5.132 6.847 8.331 10.188 12.231
1.748 1.571 1.654 1.574 1.736 1.674 1.912 2.080 1.964 1.572 1.323 1.329 1.121 0.992 0.760 0.755 0.649 0.708 0.870 1.065 1.042 0.885 1.044 1.147 1.159 0.906 0.609 0.502 0.000 0.495 0.632 0.829 0.990 1.198 1.343 1.489 1.797 1.908 1.672 1.641 1.429 1.707 1.843 1.799 1.853 1.677 1.397 1.400 1.275 1.136 1.043 0.838 0.755 0.989 1.132 1.186 1.449 1.617 1.393 1.245 0.955 0.974 0.945 0.947 0.979 0.940 1.165 1.154 0.981 1.081 1.310 1.242 1.173 1.366 1.596 1.497 1.769 1.733 1.712 1.468 1.438 1.245 1.275 1.148 1.306 1.634 2.220 3.176 4.800 6.621 8.091 9.901 11.891
1.330 1.105 1.182 1.190 1.361 1.360 1.636 1.868 1.694 1.336 1.050 1.046 0.841 0.756 0.598 0.586 0.563 0.617 0.786 0.926 0.893 0.842 0.902 1.099 1.297 1.136 0.802 0.619 0.497 0.000 0.497 0.554 0.720 0.840 0.913 1.134 1.279 1.478 1.274 1.211 1.039 1.149 1.313 1.224 1.248 1.121 0.921 0.929 0.827 0.808 0.680 0.599 0.589 0.726 0.834 0.886 1.080 1.219 1.047 0.927 0.737 0.816 0.839 0.819 0.787 0.753 0.902 0.889 0.751 0.866 1.009 0.964 0.924 1.123 1.317 1.213 1.416 1.435 1.320 1.139 1.084 0.917 0.906 0.809 0.915 1.214 1.959 2.872 4.586 6.370 7.644 9.523 11.395
1.344 1.143 1.233 1.204 1.347 1.342 1.561 1.769 1.646 1.267 1.023 0.925 0.719 0.648 0.566 0.570 0.594 0.677 0.842 0.979 0.970 0.901 0.911 1.192 1.374 1.185 0.924 0.744 0.575 0.492 0.000 0.491 0.555 0.676 0.752 0.941 1.105 1.272 1.125 1.128 0.944 1.001 1.187 1.136 1.108 1.015 0.838 0.805 0.673 0.660 0.607 0.579 0.631 0.799 0.912 0.975 1.187 1.302 1.132 1.008 0.856 0.882 0.906 0.862 0.864 0.804 0.969 0.959 0.835 0.913 1.079 1.041 1.021 1.159 1.363 1.283 1.484 1.440 1.392 1.195 1.155 0.976 0.961 0.834 0.911 1.163 1.983 2.862 4.755 6.745 8.318 10.187 12.304
1.362 1.139 1.230 1.179 1.313 1.281 1.480 1.693 1.513 1.157 0.915 0.816 0.626 0.565 0.545 0.593 0.726 0.866 1.059 1.184 1.181 1.094 1.007 1.231 1.515 1.377 1.077 0.958 0.745 0.565 0.490 0.000 0.493 0.541 0.652 0.853 1.049 1.229 1.050 1.072 0.892 0.989 1.180 1.132 1.101 0.978 0.809 0.691 0.578 0.618 0.594 0.601 0.650 0.836 0.935 0.969 1.185 1.339 1.167 1.062 0.931 0.987 1.087 1.040 1.038 0.925 1.059 1.074 0.903 0.912 1.118 1.061 0.965 1.132 1.306 1.272 1.423 1.390 1.363 1.142 1.161 0.948 0.944 0.854 0.918 1.146 1.932 2.767 4.574 6.370 8.003 10.036 11.940
1.602 1.439 1.508 1.531 1.756 1.659 1.945 2.161 1.931 1.537 1.231 1.085 0.755 0.612 0.631 0.768 1.002 1.212 1.447 1.635 1.549 1.462 1.248 1.537 1.906 1.792 1.475 1.285 1.024 0.783 0.604 0.496 0.000 0.506 0.780 1.033 1.282 1.572 1.425 1.477 1.231 1.369 1.645 1.536 1.551 1.329 1.032 0.962 0.688 0.784 0.794 0.818 0.842 1.065 1.093 1.175 1.354 1.525 1.370 1.278 1.133 1.201 1.350 1.329 1.384 1.258 1.424 1.353 1.126 1.209 1.412 1.266 1.192 1.429 1.621 1.518 1.773 1.804 1.705 1.430 1.350 1.155 1.148 1.049 1.210 1.403 2.250 3.034 4.757 6.605 8.011 9.942 12.046
2.100 1.745 1.756 1.515 1.608 1.574 1.658 1.911 1.750 1.337 1.106 0.806 0.680 0.673 0.803 0.866 1.131 1.421 1.643 1.707 1.561 1.382 1.243 1.504 1.758 1.668 1.500 1.480 1.332 1.123 0.851 0.640 0.507 0.000 0.497 0.684 0.893 1.121 0.931 1.049 0.903 0.859 1.076 1.205 1.220 1.309 1.066 0.999 0.762 0.991 1.101 1.200 1.323 1.703 1.863 1.729 2.030 2.386 2.166 2.105 1.734 1.827 1.831 1.828 1.685 1.478 1.729 1.870 1.587 1.524 1.887 1.853 1.572 1.781 2.102 2.026 2.146 1.932 1.936 1.774 1.912 1.649 1.788 1.551 1.669 1.747 2.404 3.306 4.917 6.612 8.154 9.949 12.475
1.596 1.235 1.252 1.086 1.253 1.186 1.381 1.606 1.444 1.075 0.836 0.647 0.567 0.684 0.864 1.052 1.284 1.473 1.713 1.787 1.690 1.575 1.439 1.655 1.953 1.902 1.643 1.570 1.339 1.115 0.933 0.715 0.669 0.496 0.000 0.500 0.629 0.843 0.729 0.806 0.680 0.647 0.876 0.923 0.926 0.963 0.819 0.866 0.731 0.952 0.962 1.077 1.091 1.342 1.416 1.278 1.466 1.722 1.672 1.627 1.444 1.570 1.734 1.621 1.697 1.462 1.578 1.650 1.392 1.334 1.574 1.452 1.237 1.372 1.629 1.475 1.575 1.418 1.366 1.256 1.301 1.173 1.298 1.201 1.384 1.463 2.241 2.988 4.731 6.548 8.201 10.041 12.503
1.861 1.488 1.485 1.277 1.448 1.331 1.506 1.721 1.597 1.162 0.893 0.674 0.657 0.899 1.096 1.336 1.539 1.752 1.978 2.059 2.012 1.860 1.776 1.978 2.303 2.257 1.912 1.819 1.554 1.335 1.135 0.895 0.941 0.702 0.504 0.000 0.500 0.619 0.656 0.823 0.759 0.710 0.902 1.055 1.124 1.156 0.994 1.038 0.991 1.212 1.174 1.252 1.306 1.519 1.601 1.548 1.697 1.998 1.916 1.816 1.684 1.770 1.896 1.903 1.926 1.712 1.929 1.910 1.634 1.596 1.834 1.709 1.484 1.615 1.869 1.795 1.902 1.677 1.639 1.516 1.540 1.423 1.510 1.437 1.582 1.688 2.415 3.280 4.968 6.856 8.307 10.325 12.820
2.364 1.966 1.948 1.637 1.725 1.648 1.774 2.006 1.816 1.487 1.228 0.891 0.921 1.114 1.448 1.652 2.003 2.297 2.586 2.623 2.462 2.364 2.226 2.392 2.769 2.913 2.509 2.445 2.164 1.884 1.696 1.278 1.242 0.944 0.726 0.496 0.000 0.545 0.680 0.959 0.968 0.777 1.004 1.267 1.311 1.568 1.349 1.447 1.364 1.700 1.674 1.883 1.841 2.243 2.294 2.087 2.334 2.763 2.606 2.630 2.339 2.513 2.673 2.572 2.509 2.155 2.348 2.447 2.148 1.970 2.312 2.295 1.953 2.068 2.395 2.246 2.359 2.056 2.045 1.995 2.089 1.972 2.182 2.071 2.287 2.369 3.022 3.812 5.361 7.116 8.614 10.509 13.110
2.724 2.142 2.015 1.577 1.531 1.457 1.512 1.814 1.739 1.408 1.258 1.024 1.337 1.617 2.026 2.443 2.832 3.235 3.555 3.616 3.482 3.292 3.028 3.192 3.695 3.929 3.524 3.406 3.003 2.648 2.375 1.858 1.752 1.407 1.043 0.707 0.539 0.000 0.566 0.781 1.054 0.891 1.039 1.342 1.519 1.710 1.682 1.740 1.689 2.159 2.230 2.463 2.461 2.809 2.713 2.440 2.456 2.979 2.911 3.173 3.074 3.245 3.485 3.396 3.304 2.968 3.008 3.011 2.756 2.462 2.557 2.541 2.140 2.184 2.359 2.252 2.099 1.784 1.922 1.920 2.195 2.276 2.552 2.579 2.850 2.818 3.370 4.084 5.598 7.173 8.585 10.479 12.950
1.725 1.336 1.199 0.956 1.057 1.112 1.265 1.663 1.558 1.152 0.840 0.806 0.935 1.239 1.538 1.848 2.158 2.340 2.475 2.632 2.621 2.475 2.402 2.578 2.948 2.959 2.601 2.458 2.211 1.874 1.689 1.408 1.429 1.200 0.904 0.768 0.629 0.534 0.000 0.499 0.592 0.661 0.705 0.764 1.079 1.208 1.181 1.347 1.494 1.769 1.603 1.784 1.633 1.874 1.761 1.529 1.571 1.903 1.928 2.074 2.090 2.269 2.434 2.382 2.366 2.164 2.248 2.185 1.954 1.803 1.978 1.811 1.535 1.630 1.820 1.633 1.634 1.408 1.307 1.246 1.320 1.395 1.614 1.699 1.963 2.122 2.844 3.627 5.227 7.117 8.368 10.291 12.833
1.424 1.041 1.052 0.852 1.001 1.004 1.170 1.456 1.366 1.024 0.713 0.678 0.787 1.036 1.247 1.476 1.721 1.855 2.058 2.167 2.114 2.082 1.958 2.156 2.476 2.437 2.125 1.967 1.733 1.483 1.311 1.132 1.167 1.035 0.799 0.780 0.789 0.691 0.493 0.000 0.488 0.535 0.575 0.576 0.699 0.790 0.817 1.009 1.145 1.329 1.234 1.340 1.300 1.449 1.439 1.350 1.459 1.743 1.713 1.732 1.663 1.792 1.978 1.920 1.949 1.748 1.797 1.835 1.538 1.473 1.652 1.535 1.294 1.375 1.585 1.456 1.515 1.325 1.244 1.145 1.198 1.153 1.293 1.300 1.442 1.608 2.345 3.137 4.772 6.677 8.048 10.090 12.581
1.507 1.081 1.062 0.874 0.977 0.948 1.099 1.446 1.406 0.924 0.674 0.651 0.717 0.935 1.068 1.321 1.526 1.699 1.876 1.946 1.948 1.862 1.811 1.973 2.240 2.192 1.892 1.782 1.526 1.328 1.217 0.953 1.050 0.878 0.658 0.736 0.761 0.745 0.544 0.488 0.000 0.489 0.539 0.581 0.608 0.762 0.773 0.888 0.988 1.192 1.113 1.236 1.163 1.395 1.370 1.226 1.362 1.682 1.565 1.657 1.533 1.668 1.827 1.741 1.739 1.588 1.641 1.640 1.396 1.317 1.454 1.363 1.129 1.253 1.426 1.274 1.303 1.193 1.145 1.057 1.165 1.112 1.283 1.205 1.375 1.514 2.264 3.076 4.655 6.564 7.919 9.830 12.466
1.470 1.090 1.085 0.921 1.058 1.039 1.250 1.535 1.424 1.005 0.716 0.659 0.704 0.909 1.026 1.280 1.453 1.546 1.774 1.838 1.817 1.804 1.740 1.895 2.160 2.142 1.818 1.708 1.511 1.287 1.171 0.969 1.021 0.885 0.656 0.706 0.687 0.709 0.555 0.527 0.487 0.000 0.491 0.545 0.637 0.783 0.789 0.947 1.015 1.205 1.090 1.224 1.170 1.352 1.374 1.236 1.344 1.614 1.566 1.585 1.471 1.624 1.758 1.637 1.654 1.452 1.555 1.567 1.349 1.289 1.470 1.363 1.163 1.284 1.478 1.302 1.365 1.262 1.198 1.078 1.163 1.100 1.253 1.230 1.412 1.554 2.276 3.080 4.763 6.606 8.216 10.006 12.507
1.666 1.244 1.198 1.023 1.198 1.203 1.344 1.663 1.533 1.195 0.877 0.799 0.865 1.055 1.292 1.537 1.862 2.014 2.286 2.314 2.196 2.181 2.031 2.222 2.601 2.596 2.300 2.213 1.961 1.712 1.528 1.219 1.196 1.007 0.796 0.803 0.828 0.798 0.621 0.592 0.549 0.491 0.000 0.505 0.628 0.841 0.936 1.131 1.221 1.455 1.451 1.652 1.515 1.777 1.784 1.581 1.682 2.008 1.963 2.082 1.898 2.124 2.317 2.130 2.118 1.823 1.910 2.009 1.772 1.568 1.834 1.774 1.470 1.555 1.842 1.656 1.683 1.505 1.421 1.311 1.405 1.384 1.602 1.563 1.761 1.897 2.564 3.335 5.023 6.702 8.370 10.188 12.627
1.420 1.006 1.075 0.968 1.165 1.180 1.364 1.674 1.655 1.276 0.998 0.900 1.052 1.192 1.374 1.639 1.864 1.960 2.159 2.238 2.239 2.169 2.102 2.256 2.608 2.497 2.178 2.020 1.826 1.573 1.422 1.213 1.251 1.146 0.958 0.959 0.955 0.929 0.703 0.630 0.589 0.568 0.500 0.000 0.552 0.626 0.779 1.038 1.175 1.326 1.231 1.375 1.330 1.528 1.497 1.392 1.501 1.849 1.807 1.842 1.763 1.876 2.068 2.036 2.044 1.907 1.962 1.925 1.735 1.616 1.804 1.676 1.459 1.540 1.748 1.569 1.638 1.423 1.293 1.228 1.214 1.197 1.273 1.320 1.479 1.646 2.365 3.138 4.988 6.862 8.327 10.461 12.963
1.679 1.250 1.363 1.224 1.330 1.469 1.575 1.875 1.952 1.550 1.320 1.268 1.436 1.680 1.950 2.241 2.450 2.727 2.952 3.128 2.936 2.790 2.589 2.598 3.019 3.115 2.643 2.677 2.347 2.109 1.909 1.585 1.728 1.550 1.227 1.337 1.287 1.193 1.041 0.852 0.766 0.716 0.646 0.532 0.000 0.535 0.690 1.056 1.368 1.550 1.386 1.710 1.781 2.042 2.108 1.912 2.049 2.527 2.505 2.569 2.473 2.477 2.848 2.861 2.922 2.747 2.806 2.853 2.421 2.342 2.541 2.388 2.022 2.156 2.403 2.110 2.102 1.723 1.685 1.631 1.703 1.621 1.700 1.588 1.665 1.659 2.397 3.073 4.788 6.577 7.994 9.822 11.976
1.347 0.925 1.165 1.158 1.355 1.455 1.718 2.073 1.941 1.583 1.249 1.221 1.169 1.329 1.375 1.500 1.640 1.801 1.947 2.177 2.075 1.908 1.792 1.911 2.187 2.135 1.749 1.690 1.428 1.362 1.197 1.020 1.226 1.205 1.011 1.199 1.238 1.220 1.132 1.006 0.763 0.764 0.788 0.575 0.508 0.000 0.521 0.741 0.990 1.070 0.870 1.034 1.121 1.270 1.376 1.388 1.563 1.781 1.746 1.673 1.563 1.548 1.771 1.868 1.972 1.836 1.977 1.930 1.676 1.758 1.910 1.753 1.574 1.827 1.967 1.741 1.891 1.733 1.538 1.365 1.332 1.157 1.104 1.040 1.144 1.343 2.141 3.011 4.861 6.633 8.063 10.032 12.464
1.339 1.002 1.089 1.098 1.283 1.365 1.588 1.949 1.810 1.421 1.082 0.995 0.880 1.044 1.092 1.293 1.434 1.568 1.760 1.926 1.849 1.702 1.623 1.712 1.984 1.944 1.668 1.592 1.346 1.191 0.994 0.804 0.955 0.918 0.790 1.055 1.166 1.252 1.092 0.983 0.756 0.820 0.928 0.693 0.638 0.502 0.000 0.505 0.639 0.830 0.705 0.944 0.998 1.186 1.262 1.257 1.431 1.652 1.563 1.531 1.429 1.500 1.686 1.700 1.754 1.612 1.754 1.767 1.447 1.478 1.719 1.518 1.345 1.550 1.730 1.529 1.690 1.574 1.408 1.242 1.180 1.044 1.070 0.985 1.115 1.225 2.062 2.936 4.603 6.386 7.836 9.806 11.971
1.401 1.136 1.243 1.354 1.565 1.745 1.990 2.279 2.183 1.821 1.434 1.337 1.095 1.123 1.132 1.189 1.335 1.655 1.875 1.982 1.801 1.657 1.452 1.611 1.904 1.958 1.651 1.640 1.398 1.195 0.893 0.709 0.775 0.856 0.918 1.287 1.440 1.636 1.482 1.346 1.046 1.090 1.255 1.026 0.868 0.677 0.508 0.000 0.494 0.650 0.636 0.933 1.094 1.329 1.439 1.439 1.640 1.915 1.885 1.799 1.643 1.710 1.877 1.880 1.925 1.727 1.935 2.014 1.641 1.730 1.994 1.876 1.659 1.966 2.143 1.901 2.079 1.927 1.687 1.518 1.376 1.223 1.209 1.036 1.129 1.219 2.059 2.829 4.533 6.409 7.908 9.897 12.036
1.625 1.360 1.471 1.515 1.696 1.689 1.900 2.126 1.984 1.576 1.313 1.186 0.951 0.921 0.926 0.995 1.163 1.365 1.571 1.676 1.598 1.468 1.331 1.532 1.801 1.728 1.440 1.392 1.175 0.990 0.790 0.633 0.670 0.746 0.813 1.088 1.253 1.486 1.365 1.342 1.062 1.083 1.287 1.193 1.083 0.925 0.681 0.501 0.000 0.528 0.590 0.813 0.977 1.216 1.368 1.362 1.606 1.816 1.733 1.653 1.402 1.489 1.585 1.625 1.615 1.422 1.593 1.682 1.400 1.423 1.712 1.636 1.477 1.683 1.880 1.771 1.898 1.849 1.716 1.524 1.509 1.275 1.249 1.043 1.103 1.234 2.039 2.797 4.548 6.490 8.004 10.010 12.055
1.883 1.725 2.007 1.991 2.373 2.281 2.547 2.721 2.449 2.141 1.797 1.567 1.237 1.193 1.211 1.339 1.490 1.797 2.039 2.236 2.164 1.980 1.764 1.904 2.210 2.117 1.713 1.679 1.311 1.186 0.873 0.720 0.775 0.835 0.982 1.280 1.470 1.811 1.713 1.831 1.464 1.458 1.800 1.698 1.554 1.327 0.951 0.715 0.523 0.000 0.531 0.716 1.006 1.244 1.634 1.828 2.077 2.302 2.150 1.882 1.761 1.532 1.788 2.024 2.126 2.020 2.268 2.350 1.941 2.037 2.398 2.267 2.057 2.354 2.662 2.429 2.742 2.658 2.494 2.120 1.970 1.603 1.426 1.060 0.981 1.183 2.095 2.925 4.995 6.560 7.950 9.922 12.081
1.422 1.234 1.366 1.387 1.642 1.708 2.037 2.292 2.058 1.636 1.350 1.230 1.022 0.975 0.930 0.970 1.026 1.153 1.345 1.532 1.507 1.424 1.300 1.514 1.742 1.611 1.304 1.186 0.901 0.763 0.618 0.657 0.778 0.878 0.942 1.195 1.365 1.611 1.447 1.392 1.153 1.201 1.410 1.248 1.182 1.022 0.773 0.624 0.600 0.506 0.000 0.506 0.624 0.819 1.034 1.167 1.389 1.496 1.425 1.178 1.066 1.030 1.210 1.241 1.326 1.308 1.415 1.397 1.221 1.318 1.491 1.402 1.333 1.579 1.723 1.657 1.864 1.857 1.731 1.461 1.338 1.060 0.992 0.789 0.803 1.025 1.898 2.798 4.593 6.541 7.838 9.857 11.829
1.410 1.300 1.471 1.535 1.872 1.901 2.248 2.491 2.363 1.872 1.578 1.607 1.324 1.270 1.054 1.133 1.177 1.276 1.575 1.735 1.747 1.648 1.431 1.596 1.908 1.876 1.440 1.361 0.960 0.817 0.710 0.786 1.014 1.230 1.312 1.673 1.875 2.115 1.854 1.786 1.459 1.670 1.863 1.662 1.644 1.339 1.021 0.888 0.861 0.702 0.516 0.000 0.512 0.657 0.785 0.917 1.159 1.279 1.138 1.026 0.912 1.047 1.310 1.327 1.462 1.392 1.521 1.394 1.137 1.339 1.484 1.255 1.275 1.552 1.630 1.511 1.792 1.886 1.743 1.398 1.218 0.957 0.866 0.690 0.742 0.977 1.816 2.792 4.616 6.488 7.933 9.851 11.922
1.075 0.935 0.986 1.054 1.226 1.286 1.622 1.907 1.768 1.350 1.081 1.103 0.942 0.910 0.772 0.839 0.832 0.859 1.000 1.167 1.217 1.125 1.153 1.331 1.522 1.383 1.089 0.946 0.722 0.595 0.585 0.659 0.841 0.954 0.972 1.207 1.374 1.530 1.341 1.228 1.037 1.181 1.309 1.185 1.221 1.022 0.857 0.873 0.848 0.798 0.603 0.497 0.000 0.494 0.541 0.639 0.803 0.892 0.800 0.668 0.610 0.717 0.895 0.856 0.953 0.962 1.053 0.962 0.817 0.945 1.020 0.887 0.861 1.083 1.186 1.074 1.272 1.278 1.143 0.944 0.843 0.660 0.603 0.576 0.709 1.076 1.892 2.834 4.615 6.586 8.255 9.983 11.998
1.054 0.945 1.024 1.094 1.310 1.384 1.727 1.949 1.833 1.453 1.234 1.224 1.057 1.034 0.929 1.006 1.001 0.989 1.118 1.315 1.335 1.325 1.312 1.532 1.723 1.557 1.210 1.058 0.866 0.738 0.755 0.796 0.992 1.064 1.090 1.291 1.458 1.593 1.398 1.304 1.137 1.215 1.359 1.230 1.223 1.091 0.890 0.968 0.972 0.911 0.747 0.605 0.490 0.000 0.496 0.592 0.752 0.822 0.672 0.580 0.620 0.726 0.896 0.915 1.058 1.072 1.134 1.026 0.889 1.020 1.105 0.934 0.961 1.156 1.216 1.113 1.308 1.330 1.203 0.982 0.852 0.658 0.583 0.600 0.766 1.136 1.909 2.869 4.686 6.447 7.891 9.946 11.765
1.072 0.879 0.868 0.908 1.052 1.117 1.431 1.698 1.635 1.250 1.043 1.167 1.115 1.152 1.018 1.105 1.065 1.002 1.103 1.295 1.373 1.306 1.373 1.511 1.712 1.489 1.195 1.048 0.894 0.812 0.893 0.922 1.172 1.227 1.224 1.381 1.553 1.583 1.351 1.187 1.080 1.279 1.332 1.196 1.308 1.153 0.996 1.143 1.156 1.113 0.888 0.724 0.547 0.492 0.000 0.488 0.548 0.657 0.572 0.542 0.573 0.690 0.869 0.855 1.003 1.035 1.080 0.913 0.800 0.914 0.936 0.731 0.757 0.920 0.971 0.780 0.985 1.014 0.924 0.692 0.658 0.562 0.588 0.686 0.841 1.191 1.966 2.894 4.686 6.687 8.253 10.275 12.684
1.065 0.857 0.811 0.854 1.010 1.072 1.378 1.632 1.575 1.171 0.971 1.085 1.068 1.067 0.978 1.112 1.082 1.014 1.125 1.285 1.402 1.359 1.440 1.639 1.812 1.600 1.316 1.126 0.958 0.850 0.929 0.922 1.135 1.189 1.126 1.300 1.456 1.482 1.266 1.139 1.026 1.202 1.268 1.135 1.233 1.126 0.997 1.146 1.172 1.163 0.976 0.846 0.624 0.579 0.492 0.000 0.496 0.646 0.545 0.556 0.591 0.755 0.914 0.862 1.000 1.023 1.078 0.914 0.798 0.886 0.898 0.744 0.675 0.867 0.897 0.710 0.915 0.967 0.863 0.665 0.612 0.567 0.641 0.766 0.977 1.340 2.133 2.959 4.783 6.590 8.067 10.186 12.678
1.307 1.146 1.056 1.159 1.263 1.406 1.705 2.078 1.994 1.510 1.307 1.420 1.407 1.443 1.374 1.523 1.559 1.514 1.681 1.930 1.987 1.974 1.969 2.154 2.446 2.253 1.889 1.679 1.446 1.235 1.298 1.328 1.512 1.642 1.542 1.698 1.863 1.944 1.675 1.467 1.392 1.616 1.696 1.566 1.722 1.573 1.415 1.614 1.681 1.641 1.393 1.258 0.966 1.001 0.704 0.513 0.000 0.647 0.618 0.822 0.931 1.218 1.410 1.301 1.476 1.467 1.553 1.306 1.109 1.263 1.277 0.996 0.976 1.235 1.231 0.915 1.177 1.221 1.037 0.783 0.734 0.697 0.931 1.175 1.427 1.830 2.519 3.368 5.020 6.892 8.185 10.279 12.573
1.762 1.494 1.295 1.427 1.484 1.686 2.194 2.560 2.615 2.061 1.815 2.172 2.101 2.391 2.212 2.482 2.414 2.120 2.037 2.440 2.829 2.730 2.943 2.971 3.307 2.901 2.522 2.216 2.014 1.947 2.250 2.176 2.627 2.706 2.455 2.667 2.885 2.707 2.376 1.973 1.924 2.404 2.242 1.992 2.372 2.167 2.039 2.469 2.684 2.587 2.273 1.991 1.610 1.345 0.910 0.689 0.529 0.000 0.539 0.765 1.087 1.406 1.496 1.495 1.885 2.105 2.128 1.677 1.581 1.908 1.720 1.260 1.464 1.774 1.592 1.216 1.434 1.445 1.201 1.048 0.920 1.126 1.383 1.718 2.112 2.585 3.245 4.293 5.759 7.526 8.816 10.573 12.966
1.399 1.214 1.156 1.243 1.405 1.491 1.858 2.126 2.097 1.621 1.430 1.621 1.481 1.470 1.298 1.336 1.272 1.114 1.183 1.385 1.501 1.475 1.610 1.781 1.879 1.646 1.379 1.158 1.058 0.993 1.185 1.242 1.511 1.674 1.700 1.858 2.074 2.094 1.891 1.684 1.472 1.795 1.866 1.727 1.849 1.663 1.395 1.644 1.626 1.518 1.285 1.080 0.826 0.730 0.589 0.581 0.573 0.512 0.000 0.496 0.555 0.701 0.886 0.895 1.103 1.174 1.261 1.013 0.902 1.123 1.121 0.874 0.941 1.184 1.198 1.012 1.216 1.304 1.141 0.923 0.858 0.821 0.911 1.058 1.289 1.686 2.405 3.259 5.054 6.808 8.431 10.477 12.929
1.341 1.201 1.243 1.301 1.537 1.573 1.953 2.178 2.100 1.635 1.427 1.553 1.388 1.366 1.146 1.182 1.062 0.943 1.035 1.243 1.325 1.324 1.414 1.599 1.743 1.554 1.235 1.056 0.921 0.864 1.037 1.116 1.337 1.579 1.536 1.785 2.012 2.075 1.858 1.665 1.416 1.773 1.817 1.637 1.720 1.464 1.308 1.422 1.462 1.310 1.084 0.936 0.729 0.610 0.590 0.620 0.744 0.660 0.493 0.000 0.497 0.557 0.778 0.752 0.945 1.017 1.128 0.933 0.865 1.054 1.073 0.894 0.979 1.216 1.264 1.101 1.390 1.477 1.352 1.100 0.994 0.861 0.886 0.949 1.114 1.450 2.168 3.096 4.846 6.720 8.234 10.211 12.664
1.504 1.371 1.373 1.495 1.699 1.742 2.136 2.345 2.226 1.782 1.579 1.656 1.516 1.368 1.144 1.130 1.004 0.862 0.960 1.185 1.298 1.233 1.389 1.570 1.675 1.449 1.192 0.940 0.848 0.794 1.019 1.179 1.373 1.543 1.665 1.877 2.093 2.273 2.005 1.817 1.642 1.868 1.969 1.824 1.960 1.705 1.465 1.556 1.508 1.349 1.216 0.947 0.805 0.668 0.624 0.724 0.900 0.858 0.589 0.497 0.000 0.519 0.702 0.700 0.849 0.953 1.078 0.923 0.809 1.067 1.103 0.882 1.048 1.296 1.326 1.238 1.498 1.666 1.475 1.230 1.079 1.001 0.973 1.015 1.212 1.575 2.295 3.128 4.874 6.656 8.066 10.108 12.394
1.958 1.915 1.875 1.982 2.141 2.125 2.523 2.733 2.629 2.177 1.999 2.252 2.081 2.008 1.665 1.686 1.449 1.113 1.145 1.467 1.676 1.645 1.923 2.093 2.109 1.735 1.444 1.055 1.072 1.086 1.531 1.726 2.098 2.277 2.333 2.568 2.857 3.035 2.589 2.364 2.185 2.678 2.675 2.471 2.680 2.355 2.099 2.239 2.232 2.005 1.799 1.334 1.067 0.879 0.876 0.998 1.207 1.239 0.885 0.667 0.507 0.000 0.596 0.827 1.120 1.409 1.513 1.272 1.130 1.427 1.454 1.205 1.351 1.565 1.576 1.543 1.816 1.953 1.913 1.607 1.562 1.378 1.402 1.442 1.594 2.098 2.744 3.532 5.350 7.166 8.628 10.658 12.738
2.001 2.180 2.419 2.681 3.050 3.157 3.469 3.732 3.477 3.031 2.694 2.969 2.526 2.391 1.922 1.861 1.517 1.073 1.006 1.282 1.690 1.686 2.039 2.224 2.332 1.965 1.565 1.156 1.199 1.300 1.679 1.939 2.339 2.759 2.847 3.122 3.522 3.708 3.374 3.173 2.869 3.182 3.352 3.001 3.054 2.593 2.371 2.405 2.429 2.165 1.918 1.472 1.349 1.062 1.243 1.582 1.882 1.823 1.460 1.050 0.829 0.544 0.000 0.652 0.901 1.393 1.503 1.339 1.357 1.821 1.837 1.722 1.902 2.324 2.395 2.317 3.001 3.025 2.769 2.358 2.126 1.759 1.501 1.596 1.610 2.029 2.843 3.692 5.442 7.263 8.656 10.651 12.689
1.750 1.752 1.765 1.865 1.990 1.988 2.285 2.437 2.283 1.871 1.701 1.849 1.635 1.412 1.189 1.104 0.918 0.630 0.670 0.828 1.020 1.124 1.345 1.630 1.693 1.478 1.182 0.886 0.898 0.886 1.210 1.347 1.514 1.771 1.902 2.057 2.282 2.451 2.174 2.032 1.903 2.148 2.241 2.149 2.250 2.011 1.782 1.891 1.758 1.626 1.463 1.192 1.057 0.955 0.983 1.113 1.337 1.360 1.027 0.846 0.704 0.700 0.517 0.000 0.497 0.631 0.748 0.692 0.699 0.920 1.005 0.982 1.141 1.320 1.444 1.466 1.752 1.883 1.800 1.578 1.509 1.337 1.285 1.326 1.444 1.814 2.512 3.337 5.082 6.853 8.357 10.337 12.632
1.751 1.596 1.596 1.560 1.649 1.532 1.786 1.908 1.802 1.448 1.295 1.328 1.160 1.004 0.857 0.781 0.709 0.579 0.621 0.692 0.811 0.929 1.050 1.314 1.449 1.288 1.040 0.830 0.852 0.786 0.943 1.016 1.089 1.192 1.321 1.421 1.627 1.789 1.591 1.537 1.447 1.599 1.731 1.721 1.761 1.671 1.417 1.499 1.311 1.286 1.235 1.069 0.988 0.978 1.029 1.045 1.249 1.300 1.036 0.910 0.746 0.796 0.687 0.493 0.000 0.489 0.534 0.543 0.548 0.622 0.758 0.817 0.902 0.989 1.172 1.196 1.486 1.575 1.565 1.341 1.384 1.235 1.278 1.262 1.388 1.663 2.320 3.076 4.887 6.595 8.096 10.187 12.461
1.655 1.496 1.471 1.415 1.524 1.376 1.651 1.824 1.693 1.336 1.174 1.217 1.055 0.953 0.812 0.751 0.639 0.611 0.642 0.676 0.843 0.878 1.001 1.287 1.394 1.216 1.039 0.832 0.851 0.746 0.876 0.980 1.033 1.166 1.282 1.389 1.616 1.751 1.497 1.444 1.330 1.520 1.667 1.602 1.658 1.573 1.342 1.438 1.278 1.217 1.150 1.029 0.936 0.996 1.018 0.976 1.176 1.265 1.034 0.963 0.806 0.903 0.820 0.566 0.489 0.000 0.488 0.516 0.523 0.527 0.627 0.719 0.734 0.821 1.019 1.057 1.272 1.365 1.387 1.205 1.284 1.154 1.223 1.184 1.328 1.598 2.256 3.110 4.887 6.579 8.323 10.053 12.664
2.048 1.900 1.769 1.775 1.730 1.628 1.943 2.105 2.062 1.622 1.532 1.645 1.511 1.223 1.060 0.920 0.861 0.736 0.804 0.834 0.906 1.016 1.150 1.428 1.549 1.399 1.267 1.049 1.093 0.979 1.170 1.294 1.352 1.561 1.734 1.914 2.128 2.222 1.989 1.904 1.837 2.041 2.137 2.134 2.143 2.129 1.804 1.876 1.691 1.576 1.609 1.353 1.227 1.310 1.226 1.124 1.233 1.347 1.118 1.200 0.979 1.140 1.038 0.725 0.537 0.489 0.000 0.491 0.562 0.591 0.584 0.672 0.834 0.855 0.963 1.073 1.311 1.457 1.531 1.369 1.500 1.425 1.560 1.621 1.763 2.040 2.643 3.373 5.090 6.737 8.328 10.353 12.830
1.475 1.285 1.230 1.255 1.342 1.328 1.665 1.857 1.813 1.368 1.193 1.317 1.191 1.084 0.905 0.913 0.815 0.717 0.792 0.821 0.941 1.073 1.193 1.443 1.561 1.418 1.174 0.965 0.957 0.829 0.983 1.051 1.163 1.327 1.403 1.543 1.815 1.852 1.613 1.461 1.362 1.601 1.649 1.548 1.659 1.501 1.345 1.453 1.398 1.333 1.226 1.071 0.888 0.927 0.858 0.799 0.946 1.095 0.856 0.871 0.734 0.878 0.843 0.606 0.530 0.511 0.488 0.000 0.488 0.518 0.537 0.526 0.607 0.713 0.853 0.870 1.122 1.240 1.195 1.002 1.045 0.975 1.081 1.113 1.310 1.619 2.311 3.131 4.860 6.714 8.408 10.241 12.756
1.474 1.263 1.209 1.146 1.261 1.171 1.467 1.733 1.618 1.198 1.022 1.120 1.039 0.944 0.834 0.862 0.816 0.714 0.782 0.850 0.954 1.044 1.144 1.469 1.603 1.415 1.216 0.975 0.947 0.788 0.926 0.953 1.092 1.206 1.210 1.357 1.586 1.617 1.362 1.263 1.172 1.397 1.468 1.409 1.542 1.431 1.246 1.327 1.298 1.284 1.187 1.049 0.878 0.923 0.879 0.808 0.987 1.152 0.934 0.880 0.759 0.881 0.829 0.613 0.550 0.519 0.508 0.487 0.000 0.488 0.519 0.532 0.540 0.626 0.803 0.830 1.098 1.173 1.184 0.974 1.060 0.966 1.086 1.130 1.336 1.612 2.313 3.211 4.909 6.718 8.357 10.148 12.827
1.582 1.377 1.331 1.276 1.317 1.241 1.523 1.725 1.650 1.227 1.122 1.237 1.132 1.015 0.870 0.857 0.802 0.724 0.823 0.899 0.998 1.070 1.151 1.405 1.536 1.355 1.155 0.996 0.913 0.768 0.919 1.002 1.136 1.321 1.366 1.490 1.729 1.761 1.493 1.403 1.357 1.573 1.624 1.595 1.643 1.571 1.375 1.454 1.387 1.297 1.210 1.040 0.894 0.978 0.938 0.855 1.034 1.195 0.992 0.961 0.782 0.931 0.905 0.657 0.605 0.529 0.526 0.512 0.487 0.000 0.490 0.517 0.541 0.568 0.683 0.803 1.028 1.128 1.208 1.034 1.121 1.047 1.135 1.189 1.340 1.632 2.285 3.092 4.843 6.631 8.184 10.142 12.630
1.815 1.615 1.466 1.452 1.486 1.405 1.783 1.957 1.888 1.401 1.340 1.453 1.369 1.175 1.041 1.042 1.010 0.920 1.072 1.048 1.119 1.261 1.357 1.700 1.862 1.688 1.555 1.256 1.218 1.056 1.213 1.270 1.334 1.535 1.641 1.781 2.032 2.108 1.798 1.717 1.635 1.892 1.986 1.949 2.068 1.959 1.711 1.818 1.683 1.604 1.565 1.326 1.165 1.195 1.083 0.927 1.031 1.171 0.961 1.068 0.937 1.159 1.175 0.864 0.758 0.628 0.564 0.562 0.536 0.490 0.000 0.491 0.555 0.603 0.679 0.772 1.040 1.205 1.239 1.104 1.210 1.197 1.334 1.463 1.690 1.998 2.633 3.456 5.057 6.791 8.410 10.404 13.035
1.401 1.142 1.078 1.043 1.125 1.100 1.433 1.725 1.649 1.193 1.011 1.159 1.079 1.039 0.914 0.996 0.972 0.865 0.986 1.049 1.144 1.246 1.323 1.631 1.783 1.581 1.367 1.155 1.048 0.903 1.024 1.027 1.158 1.283 1.272 1.419 1.655 1.669 1.395 1.250 1.175 1.430 1.461 1.351 1.518 1.395 1.212 1.374 1.362 1.342 1.178 1.079 0.881 0.946 0.828 0.685 0.874 1.018 0.839 0.905 0.783 0.980 1.013 0.784 0.716 0.673 0.592 0.531 0.517 0.503 0.488 0.000 0.488 0.533 0.616 0.613 0.918 1.024 0.999 0.831 0.903 0.873 1.017 1.093 1.317 1.625 2.345 3.159 4.891 6.749 8.399 10.323 12.986
1.425 1.149 1.092 1.031 1.117 1.109 1.328 1.611 1.524 1.119 0.941 1.058 1.010 1.004 0.885 0.996 1.001 0.919 1.034 1.148 1.245 1.261 1.398 1.640 1.804 1.616 1.354 1.146 1.045 0.890 1.008 0.978 1.144 1.241 1.209 1.361 1.534 1.563 1.314 1.183 1.134 1.334 1.418 1.359 1.476 1.383 1.217 1.338 1.315 1.309 1.171 1.041 0.854 0.935 0.841 0.700 0.860 1.015 0.831 0.857 0.782 0.968 1.020 0.801 0.777 0.736 0.688 0.590 0.537 0.538 0.514 0.489 0.000 0.491 0.601 0.611 0.915 0.979 0.999 0.858 0.934 0.869 0.998 1.069 1.295 1.618 2.292 3.112 4.944 6.750 8.291 10.155 12.361
1.755 1.524 1.451 1.374 1.450 1.365 1.650 1.877 1.871 1.361 1.228 1.423 1.313 1.264 1.094 1.230 1.230 1.143 1.346 1.429 1.507 1.540 1.606 1.841 2.028 1.906 1.605 1.399 1.234 1.049 1.226 1.230 1.476 1.668 1.658 1.845 2.110 2.135 1.797 1.618 1.579 1.922 1.996 1.907 2.019 1.881 1.639 1.711 1.678 1.577 1.481 1.264 1.052 1.170 1.101 0.933 1.128 1.369 1.137 1.227 1.000 1.227 1.308 1.069 1.031 0.960 0.896 0.815 0.657 0.619 0.591 0.562 0.492 0.000 0.514 0.646 0.977 1.130 1.240 1.069 1.217 1.116 1.305 1.360 1.559 1.868 2.499 3.331 4.975 6.752 8.125 10.109 12.465
2.555 2.320 2.048 1.913 1.927 1.708 2.198 2.384 2.331 1.768 1.747 2.016 1.950 1.656 1.610 1.709 1.763 1.735 2.100 1.963 2.049 2.278 2.352 2.677 2.963 2.862 2.620 2.323 2.137 1.821 1.987 1.961 2.104 2.280 2.382 2.496 2.963 2.991 2.496 2.353 2.260 2.767 2.879 2.798 3.128 2.885 2.521 2.851 2.602 2.604 2.504 2.238 1.959 2.066 1.781 1.368 1.361 1.684 1.591 1.878 1.692 2.106 2.225 1.766 1.552 1.320 1.201 1.266 1.095 0.824 0.817 0.860 0.724 0.537 0.000 0.603 1.009 1.321 1.415 1.324 1.619 1.767 2.148 2.340 2.655 3.037 3.608 4.475 5.982 7.647 8.964 10.936 13.348
2.174 1.869 1.445 1.558 1.497 1.522 2.223 2.571 2.494 1.908 1.612 2.086 2.104 2.178 2.036 2.338 2.448 2.267 2.594 2.517 2.638 2.996 3.002 3.281 3.683 3.504 3.229 2.731 2.467 2.082 2.320 2.195 2.539 2.626 2.445 2.733 2.987 2.995 2.449 2.170 2.096 2.526 2.590 2.255 2.651 2.423 2.294 2.692 2.742 2.792 2.400 2.319 1.916 2.081 1.675 1.316 1.270 1.668 1.624 1.863 1.770 2.314 2.454 2.068 2.103 2.100 1.663 1.617 1.542 1.338 1.115 0.993 0.937 0.824 0.537 0.000 0.802 1.132 1.140 1.044 1.318 1.556 1.849 2.167 2.553 2.910 3.632 4.405 6.030 7.833 8.939 10.875 13.043
2.570 2.145 1.839 1.576 1.135 1.105 1.707 2.136 2.377 1.878 1.775 2.256 2.445 2.706 2.646 2.982 3.095 2.770 2.820 3.151 3.512 3.527 3.815 4.025 4.369 4.020 3.676 3.008 2.893 2.534 2.937 2.789 3.258 3.312 3.036 3.050 3.309 3.091 2.510 2.091 2.300 2.740 2.505 2.430 3.000 2.950 2.737 3.221 3.564 3.605 3.120 2.802 2.353 2.324 1.960 1.456 1.495 1.918 1.628 1.960 1.939 2.454 2.577 2.092 2.321 2.477 2.197 1.800 1.861 1.921 1.482 1.202 1.307 1.256 0.931 0.628 0.000 0.527 0.843 1.125 1.557 1.891 2.242 2.567 3.094 3.645 4.177 5.124 6.653 8.133 9.341 11.326 13.958
2.110 1.577 1.139 1.084 0.847 0.967 1.474 1.965 2.116 1.612 1.528 1.930 2.121 2.458 2.627 2.860 3.071 3.037 3.420 3.497 3.555 3.544 3.567 3.870 4.270 4.181 3.823 3.390 3.048 2.795 2.829 2.652 2.899 2.781 2.510 2.527 2.626 2.454 2.053 1.572 1.782 2.044 1.897 1.713 2.060 2.105 2.160 2.593 2.869 3.120 2.796 2.679 2.302 2.440 2.130 1.624 1.511 2.037 2.000 2.391 2.349 2.828 3.059 2.790 2.843 2.633 2.492 2.322 2.206 2.112 1.822 1.585 1.473 1.471 1.190 0.927 0.524 0.000 0.539 0.916 1.305 1.627 2.075 2.374 2.877 3.111 3.775 4.589 6.177 7.608 8.900 10.749 13.230
1.345 0.992 0.723 0.705 0.685 0.857 1.229 1.616 1.691 1.287 1.090 1.350 1.474 1.723 1.807 2.027 2.164 2.127 2.327 2.558 2.574 2.526 2.540 2.691 2.949 2.848 2.483 2.276 1.962 1.792 1.867 1.733 1.981 1.951 1.697 1.800 1.947 1.873 1.515 1.222 1.244 1.542 1.493 1.365 1.564 1.492 1.412 1.763 1.964 2.008 1.683 1.634 1.394 1.378 1.208 0.992 0.940 1.266 1.345 1.531 1.558 1.793 2.048 1.917 2.105 1.997 1.974 1.813 1.628 1.630 1.605 1.345 1.177 1.304 1.282 0.914 0.759 0.514 0.000 0.520 0.718 0.858 1.128 1.333 1.641 2.062 2.648 3.535 5.257 6.946 8.576 10.379 12.917
1.052 0.772 0.613 0.607 0.645 0.835 1.144 1.458 1.490 1.120 0.911 1.121 1.161 1.314 1.353 1.591 1.622 1.619 1.772 1.947 2.005 1.948 1.982 2.123 2.250 2.114 1.820 1.685 1.419 1.291 1.325 1.248 1.436 1.442 1.287 1.459 1.577 1.559 1.270 1.052 1.022 1.218 1.266 1.131 1.249 1.192 1.100 1.281 1.423 1.448 1.224 1.166 0.964 0.970 0.839 0.703 0.717 1.001 1.024 1.083 1.150 1.318 1.505 1.465 1.594 1.514 1.545 1.388 1.197 1.225 1.208 1.050 0.915 1.034 1.034 0.796 0.768 0.656 0.502 0.000 0.502 0.589 0.795 0.931 1.194 1.518 2.262 3.142 4.985 6.752 8.123 10.270 12.762
0.962 0.679 0.622 0.701 0.858 1.021 1.362 1.660 1.712 1.325 1.056 1.246 1.224 1.348 1.286 1.459 1.441 1.389 1.527 1.722 1.820 1.738 1.767 1.867 2.082 1.923 1.598 1.440 1.222 1.124 1.195 1.150 1.412 1.507 1.333 1.535 1.676 1.657 1.397 1.174 1.088 1.294 1.327 1.155 1.264 1.151 1.079 1.242 1.395 1.318 1.095 0.989 0.814 0.795 0.699 0.591 0.601 0.865 0.852 0.946 0.957 1.107 1.311 1.283 1.406 1.419 1.449 1.281 1.129 1.210 1.219 0.996 0.946 1.099 1.109 0.843 0.909 0.868 0.672 0.495 0.000 0.505 0.642 0.791 1.022 1.383 2.130 3.096 4.942 6.795 8.470 10.545 12.712
0.784 0.614 0.609 0.738 0.932 1.068 1.386 1.717 1.701 1.237 0.994 1.117 1.069 1.122 1.056 1.225 1.226 1.184 1.270 1.463 1.543 1.480 1.541 1.701 1.890 1.701 1.400 1.235 1.043 0.943 1.007 0.988 1.185 1.251 1.162 1.347 1.546 1.573 1.302 1.123 0.996 1.189 1.246 1.080 1.167 1.001 0.916 1.082 1.166 1.163 0.930 0.844 0.637 0.665 0.584 0.571 0.638 0.882 0.806 0.797 0.831 0.942 1.104 1.072 1.139 1.188 1.215 1.097 0.956 1.047 1.090 0.931 0.849 1.032 1.112 0.923 1.041 1.020 0.804 0.613 0.497 0.000 0.503 0.607 0.879 1.250 2.005 2.918 4.667 6.530 8.104 9.985 12.197
0.875 0.796 0.871 1.042 1.262 1.343 1.718 1.971 1.948 1.545 1.275 1.399 1.273 1.319 1.157 1.308 1.260 1.237 1.401 1.551 1.608 1.564 1.602 1.729 1.924 1.775 1.444 1.302 1.067 0.972 1.031 1.042 1.321 1.441 1.421 1.661 1.845 1.892 1.637 1.407 1.240 1.466 1.526 1.313 1.368 1.095 1.017 1.187 1.268 1.169 0.899 0.743 0.597 0.602 0.616 0.638 0.812 0.977 0.903 0.870 0.854 0.984 1.181 1.147 1.281 1.284 1.339 1.248 1.053 1.186 1.213 1.035 1.018 1.219 1.282 1.082 1.276 1.298 1.143 0.850 0.687 0.502 0.000 0.507 0.688 1.104 1.923 2.888 4.734 6.679 8.412 10.180 12.636
1.061 0.949 1.127 1.329 1.642 1.739 2.232 2.541 2.455 1.998 1.601 1.754 1.626 1.637 1.386 1.592 1.487 1.565 1.732 1.989 1.954 1.774 1.752 1.828 2.044 1.973 1.623 1.532 1.224 1.115 1.147 1.185 1.519 1.688 1.842 2.039 2.328 2.370 2.072 1.777 1.565 1.845 1.922 1.649 1.669 1.334 1.121 1.282 1.392 1.190 0.902 0.770 0.696 0.745 0.836 0.924 1.049 1.260 1.216 1.169 1.165 1.243 1.531 1.545 1.659 1.623 1.854 1.635 1.356 1.587 1.703 1.399 1.379 1.677 1.738 1.435 1.688 1.732 1.442 1.182 0.910 0.716 0.517 0.000 0.521 0.973 1.763 2.762 4.626 6.338 7.771 9.894 11.815
1.686 1.636 1.997 2.108 2.540 2.545 3.110 3.303 3.246 2.621 2.242 2.499 2.166 2.230 1.955 2.327 2.185 2.318 2.729 3.047 2.960 2.866 2.699 2.689 3.028 3.050 2.304 2.293 1.719 1.538 1.521 1.589 2.194 2.399 2.372 2.888 3.435 3.438 3.012 2.720 2.241 2.822 2.917 2.431 2.483 1.897 1.561 1.611 1.839 1.542 1.072 0.886 0.942 1.113 1.377 1.467 1.699 1.985 1.925 1.853 1.703 1.780 2.277 2.300 2.566 2.401 2.580 2.428 2.002 2.167 2.333 2.021 1.938 2.282 2.383 2.081 2.524 2.544 2.348 1.860 1.759 1.292 1.033 0.557 0.000 0.595 1.467 2.686 4.757 6.700 7.976 10.264 12.357
3.157 3.583 4.624 5.533 6.811 7.052 7.715 8.483 7.763 6.923 5.937 5.880 4.962 5.037 4.259 4.791 4.535 4.858 5.326 6.172 5.800 5.437 5.018 4.876 5.610 5.774 4.683 4.534 3.433 3.404 3.300 3.294 4.254 4.666 4.601 5.971 6.332 7.006 6.550 6.148 5.065 5.452 6.188 5.264 4.797 3.637 3.202 2.590 3.151 2.497 1.699 1.905 2.590 2.173 2.706 3.727 4.044 3.853 3.983 3.223 3.609 3.294 4.347 4.829 5.295 5.347 5.858 5.452 4.653 5.597 5.859 5.225 5.258 6.481 6.486 5.850 6.831 7.109 6.399 5.105 4.162 3.170 2.211 1.710 0.697 0.000 0.862 2.293 3.915 6.069 7.105 9.256 11.339
4.998 5.274 6.393 7.179 8.613 8.937 10.526 11.542 11.221 9.838 7.942 8.968 7.578 7.920 7.149 7.911 7.896 8.953 9.913 11.407 10.515 9.045 8.274 7.513 8.749 9.240 7.645 8.391 6.064 6.186 4.920 4.844 6.727 7.995 7.883 9.711 10.370 11.201 9.997 8.775 7.497 8.576 9.383 7.741 7.307 5.575 4.201 4.414 5.289 4.056 2.887 3.427 3.939 4.899 5.855 5.909 6.716 7.892 7.613 7.598 7.111 7.035 8.635 9.082 10.369 9.590 11.101 10.434 8.421 9.437 9.868 8.751 7.843 9.472 9.846 8.381 9.370 9.211 8.341 6.720 6.193 4.760 4.380 2.856 1.984 0.838 0.000 0.940 2.614 4.273 5.096 7.248 9.285
9.849 10.702 12.379 13.361 15.354 15.333 17.028 17.999 17.108 15.852 13.757 14.830 12.492 12.768 10.564 11.090 10.426 10.688 11.388 13.852 13.502 11.780 11.360 10.053 11.749 12.282 9.381 9.323 6.689 7.131 7.112 8.060 10.651 12.584 12.793 15.388 16.239 17.178 16.326 14.823 13.073 14.474 15.674 13.597 12.867 10.649 8.793 7.714 8.146 6.423 5.045 4.494 5.834 5.896 7.245 8.980 10.608 10.843 9.587 8.248 7.709 7.103 8.638 9.380 11.638 12.051 13.376 11.763 10.112 12.512 12.275 10.928 11.454 13.657 13.419 12.774 14.721 15.283 14.392 12.255 11.423 8.762 7.476 5.308 3.781 2.668 0.860 0.000 0.856 1.904 3.064 5.151 7.200
10.469 11.246 13.475 14.343 16.678 17.187 18.856 19.717 18.784 17.646 15.479 16.166 13.894 14.239 12.625 13.108 12.881 13.708 14.922 16.614 15.634 13.951 13.017 11.786 13.673 14.199 11.806 12.397 9.793 10.241 8.859 10.035 12.017 13.805 14.025 16.676 17.563 18.653 17.544 16.382 14.123 15.433 17.030 14.964 13.599 10.752 9.541 8.118 9.266 6.812 6.044 6.149 8.276 8.914 10.346 11.605 12.812 13.577 12.824 12.135 11.505 10.628 12.549 13.605 15.568 14.913 16.511 15.554 13.944 15.250 15.864 14.567 13.954 16.156 16.451 15.348 16.800 17.114 16.223 14.090 13.067 10.498 8.920 6.318 5.156 3.516 1.894 0.787 0.001 0.800 1.941 3.462 5.729
12.730 13.115 15.057 15.896 17.671 17.839 19.324 20.244 19.344 18.096 16.232 16.497 14.504 14.715 13.315 13.912 13.595 14.734 16.168 17.934 16.905 14.916 13.933 12.670 14.602 15.308 13.003 13.606 11.078 11.176 9.916 10.894 12.525 13.968 14.523 16.664 17.772 19.131 17.846 17.006 14.962 15.574 17.286 15.677 14.740 12.275 10.810 9.234 9.756 7.058 6.981 7.490 9.987 10.907 12.537 13.588 14.778 15.634 15.105 14.109 13.124 12.503 14.076 15.273 16.917 15.786 17.834 17.084 15.126 16.334 17.173 16.214 15.300 17.302 17.751 16.794 18.400 18.383 17.593 15.586 14.904 12.548 11.290 8.564 6.998 4.834 3.080 1.645 0.798 0.001 1.139 2.586 4.925
17.084 17.763 20.080 20.646 21.712 21.662 22.848 23.366 22.514 21.565 20.354 20.299 18.181 17.930 16.045 15.851 15.267 16.456 17.321 19.015 17.885 15.976 14.904 13.228 14.913 16.178 13.742 15.113 12.983 13.828 12.691 14.078 14.962 17.106 17.725 20.328 21.477 22.083 21.396 21.019 19.280 19.980 21.296 20.308 18.782 16.754 15.155 13.347 13.126 10.035 11.047 11.166 13.642 14.265 16.643 18.120 19.296 19.718 19.137 17.433 16.312 15.161 16.009 17.220 18.398 17.870 19.611 19.087 17.606 19.191 19.989 19.265 19.153 20.928 21.217 20.529 21.849 22.187 21.445 20.262 19.528 17.084 15.796 12.762 10.382 8.742 5.833 4.620 3.248 1.086 0.000 1.418 3.382
19.576 19.790 21.836 22.531 23.562 23.857 24.559 25.422 24.496 24.098 23.078 22.950 21.612 21.915 21.407 20.931 21.178 22.388 22.974 24.046 23.045 21.870 20.185 18.277 20.603 21.478 19.545 21.176 19.188 19.945 17.496 18.400 19.206 20.952 20.698 23.081 23.619 24.195 23.777 23.200 21.434 22.044 23.090 22.106 20.345 18.617 17.854 15.455 16.241 13.779 14.898 16.016 18.423 19.100 20.587 21.261 22.267 22.844 22.290 21.625 21.329 20.474 21.506 22.605 23.301 22.770 24.032 23.711 22.223 23.109 23.948 23.063 22.412 23.634 24.437 23.151 24.535 24.226 23.283 22.498 21.773 20.310 18.499 16.579 13.931 10.988 8.861 6.774 4.541 3.563 1.183 0.004 1.501
23.795 24.127 25.371 25.795 26.607 26.650 26.841 27.062 26.685 26.087 25.554 25.074 24.039 24.478 23.819 23.385 23.440 24.896 25.450 26.126 25.171 23.548 22.399 19.963 21.531 23.197 21.569 23.695 22.080 23.088 21.255 21.586 21.974 23.183 22.934 24.671 24.879 25.612 25.293 25.660 24.235 24.244 25.423 24.752 23.709 22.340 21.788 19.173 19.292 16.695 19.472 20.107 22.956 23.078 24.538 25.326 26.261 26.190 26.237 25.280 24.883 24.008 24.300 25.319 25.975 25.412 26.559 26.445 25.141 26.044 26.509 26.143 25.849 26.714 27.015 26.477 27.058 27.075 26.654 26.073 25.374 24.507 23.355 21.487 19.537 16.474 12.922 10.651 8.259 5.654 3.921 1.394 0.013
