88.503
92.403
93.177
92.523
93.120
93.497
93.637
92.440
89.626
88.498
86.922
85.990
89.172
90.335
92.194
92.700
93.760
92.965
92.880
92.691
93.029
92.456
89.800
89.989
87.874
87.801
86.464
88.669
90.513
91.018
88.422
90.096
91.111
90.989
90.342
90.198
89.195
91.464
92.895
93.370
93.327
92.957
92.426
89.973
88.352
91.796
93.076
93.081
91.784
92.077
94.382
94.438
94.148
94.441
94.076
93.746
93.273
93.426
92.202
91.590
90.547
89.041
86.101
78.391
81.555
86.039
86.689
89.487
91.498
91.602
91.830
90.505
88.067
81.437
77.202
71.599
72.322
77.767
81.669
84.249
85.581
84.364
86.492
81.151
81.576
80.726
78.322
75.528
71.808
78.418
68.606
69.824
66.859
