69.592
84.359
84.144
82.004
84.682
86.296
87.205
81.124
84.988
84.473
88.799
88.423
87.440
87.687
88.195
85.802
81.510
75.818
60.839
50.145
49.603
58.411
67.398
77.534
84.268
86.390
88.180
89.422
89.433
87.751
84.119
76.456
76.611
75.756
83.345
88.816
89.915
91.260
92.649
91.949
91.129
87.844
86.188
86.417
85.849
87.502
84.689
84.931
86.020
85.142
84.677
85.725
86.483
87.609
89.418
90.408
91.444
92.327
93.678
92.880
91.859
90.628
87.058
87.783
88.703
89.620
90.891
90.121
88.783
88.882
89.550
89.140
88.706
90.301
87.977
87.978
88.645
88.836
87.085
87.197
87.483
85.986
78.957
82.302
83.155
79.921
78.806
74.813
76.317
68.926
67.557
55.090
54.363
