54.340
57.764
58.441
60.685
62.678
69.901
82.248
87.435
90.018
92.675
93.580
94.656
94.583
94.106
90.997
88.036
88.321
93.325
95.737
95.648
96.527
96.512
96.689
96.599
96.189
95.656
95.567
95.809
95.274
94.879
93.492
91.915
91.424
93.634
93.734
94.696
94.731
95.927
95.429
95.895
96.215
96.326
95.775
95.414
94.153
92.939
94.434
94.455
94.899
94.718
94.165
92.769
92.142
91.945
92.917
92.029
93.563
91.676
92.279
93.516
94.855
93.631
94.155
95.013
93.571
90.746
93.725
94.090
94.952
93.357
93.814
95.852
96.261
96.397
96.361
96.280
96.607
96.497
96.249
95.974
96.369
94.805
93.795
93.708
92.094
93.550
94.243
94.488
93.718
94.463
92.294
92.018
86.550
