91.979
93.842
93.040
93.552
93.870
93.840
92.684
89.374
87.988
86.306
85.837
89.025
90.273
92.457
93.095
94.350
93.448
93.692
93.350
93.941
93.974
92.445
92.223
90.896
91.233
90.142
91.780
93.179
93.462
91.267
92.347
92.961
92.865
91.498
91.018
89.718
92.209
93.526
94.457
94.226
94.249
94.053
91.841
90.501
93.150
94.193
94.186
92.764
92.831
94.872
94.860
94.652
95.029
94.904
94.824
94.530
94.757
93.829
93.609
92.445
91.175
88.572
82.075
85.766
88.924
90.172
91.881
93.809
93.044
93.068
91.531
89.234
82.550
78.558
72.352
72.653
78.503
82.305
85.366
86.786
86.608
89.034
85.506
86.542
84.884
81.962
81.026
79.128
83.085
77.008
79.024
80.148
73.786
