65.138
84.469
88.700
90.643
91.292
91.031
92.294
92.108
89.736
85.115
71.187
69.839
77.757
82.338
87.484
90.345
90.044
91.383
91.743
91.966
91.850
89.980
87.812
81.040
81.409
82.643
88.315
92.955
93.508
95.024
95.602
95.791
95.701
95.108
95.127
94.999
95.125
94.448
93.287
91.568
89.281
88.950
91.887
91.539
93.427
93.869
95.084
94.362
94.886
94.893
95.326
94.755
94.339
93.016
90.973
91.825
91.846
93.304
93.384
91.708
90.974
91.326
91.575
92.214
91.662
92.171
91.213
93.015
93.788
94.871
94.254
94.429
94.200
92.039
89.628
93.025
94.449
94.666
93.711
93.725
95.331
95.493
95.493
95.095
94.990
95.573
94.879
93.922
94.086
93.906
91.422
86.912
82.705
