0.003 1.676 2.997 5.404 6.551 7.975 10.654 11.282 10.840 12.084 10.926 10.738 9.699 13.024 14.290 16.539 17.073 17.442 16.726 14.049 16.766 17.508 14.938 16.014 17.832 17.579 16.224 17.446 17.627 16.252 13.836 10.401 8.434 5.768 4.167 3.390 4.644 5.364 8.497 9.368 12.470 15.110 17.051 19.624 20.152 21.737 22.539 23.920 24.675 24.919 25.600 25.453 25.336 25.269 24.630 24.766 24.053 24.066 23.336 22.754 21.778 20.179 19.662 21.469 21.951 20.233 21.127 19.645 18.798 17.996 17.236 17.974 18.471 20.574 21.247 23.108 23.147 24.766 24.605 25.114 25.315 25.586 25.420 25.189 24.476 25.044 25.166 24.448 24.297 23.798 23.680 22.948 24.191
0.798 0.000 0.676 1.207 1.732 2.462 3.044 4.037 4.162 3.401 2.955 2.248 2.179 2.936 2.806 3.088 3.147 3.695 3.374 3.037 3.791 4.216 4.029 4.039 4.859 5.469 5.101 6.263 6.285 5.746 4.882 4.089 3.107 2.771 1.696 1.642 1.546 2.522 3.314 4.267 5.313 5.777 7.190 7.993 9.133 9.752 11.681 11.894 13.717 13.911 14.947 15.709 15.126 14.910 13.258 13.698 12.642 12.965 11.251 11.336 10.297 10.337 10.405 12.363 11.810 10.390 10.852 10.013 9.818 9.375 8.462 9.143 8.592 9.511 10.237 10.772 11.537 13.373 12.932 13.953 14.992 15.399 14.138 13.412 12.348 13.578 13.810 12.249 12.612 10.624 10.599 11.096 11.342
1.399 0.579 0.000 0.567 0.859 1.075 1.334 1.691 1.888 1.754 1.563 1.458 1.590 2.069 2.235 2.427 2.272 2.679 2.495 2.049 2.372 2.676 2.325 2.341 2.764 2.933 2.866 3.422 3.373 3.044 2.384 1.991 1.461 1.241 1.073 1.079 1.295 1.935 2.629 3.486 4.354 4.961 5.828 6.628 7.884 8.602 9.819 10.500 12.129 12.169 12.900 13.604 13.291 12.692 11.652 11.793 10.840 11.169 10.152 10.271 9.808 9.531 9.295 10.499 10.254 9.343 9.544 9.179 8.818 8.517 7.916 7.880 7.430 8.103 8.438 9.309 10.319 11.065 11.162 12.011 12.573 12.931 12.348 11.597 10.949 11.599 11.492 10.852 10.354 9.205 9.125 9.705 9.931
1.825 0.949 0.517 0.000 0.514 0.652 0.875 1.146 1.251 1.141 0.889 0.942 1.056 1.384 1.525 1.649 1.661 1.906 1.788 1.496 1.684 1.867 1.677 1.643 1.914 2.089 2.011 2.447 2.406 2.157 1.702 1.317 0.962 0.902 0.867 0.962 1.355 2.051 2.521 3.348 4.280 4.591 5.554 6.511 7.400 8.306 9.079 9.902 10.672 11.043 12.208 13.478 12.397 12.021 10.935 10.749 10.074 10.353 9.598 9.406 8.978 8.475 8.533 9.949 9.345 8.616 8.717 8.150 8.437 7.902 7.026 7.226 6.934 7.617 8.118 8.341 9.885 10.426 10.204 11.186 11.994 12.513 11.334 10.743 10.127 10.601 10.848 9.862 10.181 8.812 8.573 9.099 9.135
1.948 1.170 0.758 0.503 0.000 0.518 0.727 1.018 1.085 0.899 0.763 0.900 1.036 1.304 1.425 1.593 1.686 1.718 1.629 1.367 1.602 1.646 1.415 1.550 1.708 1.834 1.867 2.213 2.186 1.919 1.550 1.270 0.942 0.732 0.805 1.033 1.442 2.135 2.683 3.590 4.389 4.820 5.840 6.943 7.627 8.888 9.265 10.178 11.137 11.953 12.868 13.387 12.977 12.192 11.338 11.267 10.805 10.829 10.057 9.638 9.214 8.964 8.982 10.479 9.786 8.879 8.959 8.025 8.267 7.828 7.235 7.489 7.077 8.002 8.386 9.188 9.793 11.054 11.193 11.996 12.617 12.650 12.017 11.208 10.837 11.498 11.405 10.632 10.387 9.382 8.997 9.171 9.437
2.403 1.432 0.956 0.696 0.503 0.000 0.496 0.666 0.889 0.814 0.679 0.836 0.987 1.261 1.300 1.398 1.495 1.526 1.383 1.199 1.310 1.363 1.062 1.143 1.313 1.420 1.391 1.749 1.683 1.449 1.085 0.999 0.763 0.805 1.035 1.115 1.508 2.263 2.822 3.743 4.386 4.853 5.821 6.704 7.355 8.471 9.118 9.867 10.514 10.819 11.689 12.417 11.906 11.195 10.480 10.355 9.784 10.009 9.260 8.796 8.036 8.482 8.639 9.695 9.308 8.654 8.679 7.875 8.014 7.816 6.785 7.166 6.733 7.428 7.414 8.510 9.059 10.072 9.786 11.174 11.386 11.281 11.084 10.553 9.838 10.234 10.416 9.975 9.289 8.735 8.457 8.695 8.574
2.590 1.632 1.304 0.929 0.724 0.508 0.000 0.531 0.871 0.703 0.739 0.815 1.053 1.322 1.321 1.426 1.510 1.543 1.411 1.156 1.278 1.367 1.055 0.951 1.268 1.431 1.320 1.825 1.709 1.455 1.130 1.139 0.782 0.891 1.096 1.481 1.791 2.501 2.861 3.885 4.504 5.027 6.009 6.908 7.792 8.595 9.542 10.428 11.102 11.687 12.541 13.223 12.285 12.226 11.068 11.097 10.150 10.493 9.676 9.099 8.753 8.476 8.777 10.261 9.388 8.771 8.732 8.152 8.624 7.951 7.096 7.443 7.219 7.667 8.104 8.662 9.411 10.556 10.275 11.488 11.962 12.362 11.351 11.256 9.934 10.690 10.928 10.347 10.038 8.976 8.666 8.937 8.962
3.224 2.211 1.782 1.351 1.366 1.023 0.563 0.000 1.322 0.809 1.118 1.276 1.707 2.022 1.837 2.097 1.991 2.226 1.858 1.613 1.795 1.780 1.419 1.381 1.785 1.770 1.592 2.140 2.048 1.707 1.200 1.104 0.958 1.268 1.597 2.125 2.508 3.028 3.661 4.467 5.146 5.628 6.676 7.703 8.405 9.145 10.061 11.466 12.249 12.453 13.562 13.914 13.255 12.834 11.704 11.956 11.032 11.294 10.506 10.102 9.438 9.291 9.339 10.511 10.038 9.635 9.584 8.944 9.053 8.539 7.680 8.123 7.965 8.412 8.830 9.633 10.335 11.617 11.265 12.226 13.149 13.156 12.373 11.839 10.995 11.984 11.955 11.125 11.110 9.921 9.287 9.744 9.951
4.246 3.248 2.756 2.105 1.680 1.244 0.873 0.603 0.000 0.589 0.996 1.357 1.775 1.920 1.955 2.478 2.811 2.785 2.226 2.042 2.521 2.273 1.645 1.894 2.368 2.129 1.843 2.284 2.231 1.762 1.378 1.290 1.503 1.872 2.368 2.785 3.274 3.984 4.671 5.695 6.385 7.123 8.043 9.056 9.887 10.753 11.909 12.524 13.678 14.160 15.070 15.856 14.747 14.363 13.242 13.746 12.534 12.777 11.626 11.382 10.506 10.264 10.703 12.064 11.841 10.351 10.352 9.357 9.628 9.258 8.686 9.281 8.915 9.771 10.271 10.909 11.600 12.959 12.795 14.051 14.799 14.852 14.198 13.663 12.743 13.650 14.191 13.234 12.820 11.522 11.095 11.413 11.222
3.166 2.118 1.729 1.284 0.995 0.754 0.712 0.738 0.549 0.000 0.514 0.682 0.909 1.238 1.306 1.562 1.676 1.855 1.517 1.418 1.590 1.641 1.212 1.380 1.675 1.731 1.609 2.081 2.134 1.830 1.405 1.217 1.153 1.280 1.558 1.928 2.275 2.941 3.527 4.395 5.002 5.654 6.775 7.800 8.679 9.546 10.625 10.927 11.730 12.349 13.087 13.947 13.088 12.660 11.482 11.752 10.829 11.212 9.871 9.970 8.850 9.122 9.179 10.589 10.243 8.960 9.103 8.152 8.386 8.181 7.375 7.926 7.554 8.174 8.310 9.427 10.268 11.213 11.068 12.345 12.680 12.732 12.136 11.485 10.793 11.612 11.542 11.288 10.983 9.797 9.372 9.351 9.549
2.594 1.655 1.409 1.079 0.928 0.780 0.843 1.023 0.834 0.512 0.000 0.523 0.671 1.153 1.152 1.392 1.493 1.617 1.419 1.242 1.510 1.580 1.248 1.434 1.705 1.828 1.760 2.216 2.304 2.053 1.551 1.489 1.243 1.367 1.462 1.664 1.990 2.594 3.099 3.949 4.746 5.257 6.035 7.263 7.668 9.007 9.762 10.632 11.700 12.382 13.434 13.879 13.435 12.825 11.490 11.913 10.566 11.186 9.814 9.784 8.695 8.694 8.985 10.579 10.104 9.078 9.261 8.286 8.637 8.070 7.383 7.467 7.513 7.786 8.286 9.159 9.914 11.382 11.181 12.546 12.829 13.203 12.219 11.168 10.720 11.379 11.567 10.503 10.866 9.668 9.140 9.712 9.644
2.750 1.933 1.461 1.115 0.930 0.796 0.922 1.194 1.030 0.711 0.513 0.000 0.552 0.956 0.997 1.202 1.390 1.493 1.302 1.100 1.509 1.539 1.195 1.505 1.820 1.843 1.845 2.426 2.548 2.221 1.744 1.547 1.324 1.337 1.427 1.671 2.078 2.710 3.110 4.087 4.818 5.326 6.801 7.284 8.416 9.138 10.187 11.057 11.719 12.368 13.012 14.190 13.414 12.516 11.951 11.776 10.795 11.128 10.143 9.643 9.608 9.493 9.229 10.815 9.902 9.315 9.340 8.799 8.537 8.196 7.436 7.764 7.560 8.316 8.684 9.436 10.048 11.329 11.429 12.389 12.933 12.739 12.361 11.863 10.970 11.775 11.627 11.216 10.458 9.558 8.998 9.562 9.769
3.317 2.335 1.742 1.398 1.153 1.128 1.263 1.639 1.594 1.117 0.813 0.539 0.000 0.833 1.143 1.467 1.721 1.824 1.584 1.440 1.851 1.780 1.565 1.775 1.986 2.056 2.188 2.603 2.784 2.512 2.087 2.075 1.712 1.792 1.922 2.026 2.518 3.305 3.606 4.550 5.326 6.039 7.222 8.189 9.146 10.044 11.050 11.708 13.096 13.383 14.184 14.785 14.414 13.312 12.454 12.593 11.366 11.673 10.413 10.241 9.547 9.631 9.708 11.036 10.215 9.379 9.580 8.664 9.000 8.782 7.712 8.020 7.895 8.643 8.969 9.812 10.677 12.040 11.980 13.178 13.615 13.844 13.424 12.671 11.900 12.622 13.000 11.910 11.637 10.717 9.914 10.122 10.226
4.132 3.150 2.383 2.094 1.489 1.779 2.227 2.674 2.674 2.159 1.461 1.190 0.704 0.000 0.864 1.361 2.181 2.149 1.926 1.988 2.718 2.680 2.546 3.018 3.632 3.793 3.823 4.844 4.941 4.398 3.644 3.034 2.534 2.210 2.340 2.418 2.946 3.975 4.433 5.576 6.438 6.950 8.292 9.269 10.311 11.396 12.589 13.758 14.475 15.235 17.254 17.192 16.596 15.528 14.617 14.761 13.647 13.534 12.824 11.868 11.583 11.424 11.345 12.723 11.988 10.769 11.013 10.229 9.950 9.628 9.242 9.533 9.601 10.502 11.010 11.641 12.342 14.073 14.342 15.239 16.026 15.936 15.352 14.247 13.650 14.559 14.459 13.536 13.137 12.130 11.780 12.175 11.861
3.641 2.830 2.404 2.070 1.752 1.922 2.189 2.405 2.372 1.748 1.428 1.085 1.074 0.598 0.000 0.578 0.943 1.188 1.106 1.102 1.720 1.891 2.015 2.117 2.447 2.728 2.935 3.391 3.699 3.400 3.045 2.773 2.404 2.430 2.543 2.701 3.060 3.758 4.280 5.116 5.855 6.295 7.631 8.124 9.343 10.084 11.273 12.412 13.094 13.983 14.557 15.273 15.047 13.986 13.037 13.060 11.871 12.290 11.141 10.700 10.050 10.041 10.447 11.467 10.660 9.712 9.801 9.346 8.947 8.511 7.975 8.222 8.006 8.792 9.341 10.136 10.895 12.189 12.327 13.551 14.108 13.772 13.783 12.980 12.333 12.749 12.841 12.115 11.576 10.252 10.248 10.111 10.377
3.223 2.237 1.960 1.743 1.707 1.749 1.739 1.935 2.084 1.683 1.380 1.140 1.145 0.980 0.523 0.000 0.547 0.700 0.828 0.805 0.899 1.251 1.333 1.432 1.685 1.914 2.026 2.582 2.803 2.713 2.290 2.315 2.057 2.205 2.236 2.478 2.625 3.328 3.731 4.621 5.217 5.800 6.945 7.393 8.712 9.348 10.762 11.441 12.491 13.096 14.053 14.531 14.013 12.951 12.256 12.418 11.411 11.593 10.798 10.125 9.605 9.415 9.749 11.009 10.070 8.974 9.234 8.507 8.702 8.342 7.519 7.908 7.650 8.641 8.745 9.712 10.630 11.861 11.754 12.964 13.514 13.271 12.865 12.153 11.647 12.184 11.825 11.541 10.876 9.840 9.903 9.695 10.115
3.187 2.332 1.946 1.631 1.700 1.699 1.682 1.739 1.928 1.598 1.490 1.201 1.347 1.244 0.802 0.504 0.000 0.509 0.624 0.655 0.652 0.835 1.019 1.037 1.158 1.408 1.620 2.090 2.267 2.201 1.910 1.959 1.837 1.983 1.976 2.234 2.566 3.041 3.725 4.518 4.961 5.764 6.653 7.584 8.595 9.454 10.600 11.299 12.113 12.515 13.560 14.079 13.620 13.051 11.750 12.266 10.553 11.126 10.211 10.052 9.154 9.236 9.020 10.842 10.023 8.981 9.393 8.668 8.905 8.658 7.915 7.676 7.780 8.056 8.713 9.273 9.985 11.142 11.257 12.810 13.251 13.520 12.861 12.034 11.454 12.073 12.138 11.423 10.964 10.209 9.559 9.558 10.000
3.341 2.443 2.082 1.867 1.760 1.667 1.531 1.731 1.877 1.482 1.631 1.232 1.534 1.464 1.019 0.623 0.500 0.000 0.504 0.650 0.692 0.684 0.822 1.027 1.081 1.293 1.560 2.108 2.305 2.306 1.944 2.107 1.908 2.171 2.265 2.461 2.753 3.333 3.793 4.634 5.244 5.893 6.918 7.595 8.969 9.260 10.855 11.265 12.528 12.485 13.916 14.607 13.883 12.547 11.502 11.874 10.842 10.923 10.091 9.812 9.315 9.168 9.341 10.739 10.108 9.119 9.125 8.714 8.771 8.295 7.751 7.559 7.311 8.327 8.477 9.337 10.182 11.076 11.259 12.568 13.270 13.545 12.620 12.192 11.316 12.254 12.131 11.797 11.344 10.166 9.735 9.882 10.321
3.021 2.138 1.819 1.535 1.446 1.250 1.118 1.325 1.548 1.215 1.227 1.027 1.236 1.204 0.907 0.628 0.568 0.494 0.000 0.495 0.568 0.615 0.618 0.761 0.870 1.144 1.309 1.856 1.973 1.823 1.469 1.510 1.404 1.646 1.673 2.067 2.260 2.927 3.484 4.204 4.901 5.557 6.608 7.516 8.541 9.389 10.459 11.147 11.956 12.456 13.508 14.278 13.536 12.588 11.541 11.787 11.105 11.192 10.050 9.683 9.298 9.383 9.455 11.080 10.048 9.173 9.094 8.477 8.565 8.315 7.398 7.877 7.186 8.150 8.275 9.375 10.168 11.324 11.367 12.612 13.231 13.073 12.323 11.552 10.936 11.856 11.611 11.267 10.892 9.833 9.516 9.556 9.976
2.889 2.111 1.741 1.397 1.315 1.197 1.142 1.371 1.543 1.297 1.198 0.999 1.206 1.150 0.846 0.668 0.570 0.535 0.491 0.000 0.495 0.559 0.612 0.619 0.761 1.023 1.187 1.767 1.815 1.672 1.357 1.491 1.327 1.631 1.675 2.079 2.282 2.851 3.426 4.237 4.840 5.625 6.444 7.595 8.527 9.397 10.592 11.236 12.437 12.612 13.645 14.576 13.905 12.816 11.986 12.354 11.308 11.307 10.050 9.902 9.400 9.371 9.392 10.944 10.257 9.360 9.185 8.669 8.828 8.205 7.607 7.987 7.861 8.196 8.598 9.597 10.025 11.048 11.397 12.458 13.302 13.426 12.505 11.894 11.311 12.047 12.130 11.381 11.105 9.932 9.467 9.781 9.867
2.992 2.081 1.708 1.419 1.409 1.291 1.159 1.399 1.565 1.292 1.239 1.014 1.237 1.158 0.871 0.733 0.631 0.596 0.552 0.492 0.000 0.498 0.564 0.612 0.649 0.842 1.098 1.665 1.763 1.700 1.450 1.516 1.439 1.619 1.674 1.941 2.232 2.820 3.401 4.274 4.713 5.407 6.484 7.189 8.507 8.928 10.474 10.847 12.347 12.480 13.889 14.581 13.822 12.702 11.416 11.978 10.150 10.683 9.963 9.747 9.233 8.964 9.102 10.788 9.913 9.267 9.072 8.656 8.785 8.356 7.335 7.585 7.313 8.221 8.013 9.202 9.800 10.723 11.077 12.452 12.872 13.425 12.388 11.849 10.892 11.741 11.973 11.239 10.697 9.647 9.052 9.178 9.765
3.253 2.441 1.995 1.705 1.623 1.464 1.165 1.408 1.614 1.291 1.443 1.211 1.537 1.565 1.153 0.931 0.792 0.668 0.669 0.602 0.498 0.000 0.500 0.614 0.682 0.807 1.058 1.679 1.831 1.771 1.448 1.611 1.521 1.809 1.939 2.280 2.564 3.161 3.675 4.379 4.974 5.574 6.626 7.486 8.508 9.117 10.586 10.816 12.175 12.298 13.202 14.196 13.236 12.705 11.365 11.175 10.713 10.945 10.141 9.729 8.876 8.825 9.073 10.786 9.945 8.854 8.953 8.521 8.796 8.117 7.342 7.730 7.166 7.717 8.351 9.334 10.081 11.264 11.126 12.623 13.031 13.108 12.124 11.395 10.813 12.031 11.923 11.435 10.976 9.967 9.343 9.795 9.762
2.850 1.957 1.748 1.373 1.366 1.145 0.924 1.241 1.387 1.117 1.214 1.074 1.299 1.393 1.088 0.901 0.832 0.693 0.605 0.568 0.526 0.492 0.000 0.493 0.556 0.728 0.833 1.483 1.544 1.398 1.164 1.278 1.214 1.481 1.603 1.985 2.204 2.763 3.266 3.969 4.613 5.233 5.971 7.193 8.116 8.958 10.183 10.572 11.471 11.994 12.825 13.807 12.987 12.478 11.557 11.118 10.521 10.529 9.625 9.319 8.809 8.665 8.625 10.424 9.412 8.647 8.546 7.941 8.440 7.903 6.940 7.506 6.881 7.787 7.817 8.744 9.531 10.585 10.652 11.748 12.567 12.592 11.588 10.978 10.340 11.128 11.347 10.740 10.353 9.297 8.710 8.903 9.299
2.938 2.109 1.732 1.410 1.305 1.129 0.976 1.247 1.369 1.158 1.144 1.114 1.344 1.385 1.102 1.004 0.925 0.850 0.710 0.610 0.589 0.557 0.491 0.000 0.502 0.684 0.844 1.493 1.509 1.462 1.209 1.296 1.268 1.444 1.555 1.878 2.218 2.774 3.342 4.206 4.687 5.351 6.273 7.167 8.334 8.985 10.298 10.868 12.336 12.545 13.595 14.466 13.811 12.854 11.362 11.347 10.528 10.400 9.795 9.300 8.884 8.810 8.972 11.041 9.809 8.894 8.882 8.507 8.733 8.127 7.217 7.616 7.231 8.122 8.244 9.031 9.588 10.750 10.941 12.510 12.832 13.677 12.241 11.664 10.785 11.503 11.841 11.111 10.643 9.603 9.107 9.591 9.766
3.288 2.355 2.026 1.688 1.680 1.521 1.261 1.580 1.842 1.541 1.673 1.378 1.763 1.892 1.594 1.500 1.264 1.186 1.086 0.823 0.718 0.699 0.657 0.504 0.000 0.548 0.871 1.665 1.806 1.788 1.479 1.670 1.518 1.824 1.937 2.239 2.647 3.150 3.721 4.400 5.013 5.800 6.611 7.722 8.854 9.317 10.634 11.087 12.316 12.892 14.345 14.838 14.125 12.714 11.229 11.801 10.681 11.128 9.957 10.035 9.191 9.343 9.787 11.205 10.328 9.723 9.197 8.643 9.126 8.679 7.737 8.267 7.762 8.338 8.712 9.494 10.293 11.258 11.538 12.861 13.450 13.741 12.856 12.222 11.343 12.112 12.287 11.675 11.088 10.277 9.670 9.863 10.228
4.514 3.742 3.408 2.826 2.861 2.538 1.883 1.979 2.325 2.170 2.670 2.357 2.995 3.181 2.618 2.329 2.002 1.735 1.704 1.493 1.063 1.025 1.049 0.857 0.557 0.000 0.717 1.666 2.060 2.065 1.785 2.302 2.328 3.013 3.145 3.611 3.977 4.617 5.480 5.929 6.504 7.309 8.259 9.439 10.455 11.243 12.500 12.902 14.369 14.004 15.624 16.360 15.513 14.760 13.362 13.365 12.527 12.882 11.688 11.438 10.598 10.334 10.538 11.838 11.213 10.590 10.589 9.912 9.973 9.329 8.672 9.193 8.989 9.699 10.231 11.450 11.953 13.118 13.257 14.359 15.013 14.993 14.301 13.738 12.852 13.945 14.118 13.486 12.917 11.647 11.431 11.370 11.569
5.482 4.365 4.469 3.454 3.754 2.989 2.324 2.140 2.853 2.797 3.314 3.250 4.110 4.212 3.703 3.775 3.486 2.909 2.869 2.702 2.405 1.741 1.658 1.385 1.189 0.602 0.000 1.286 1.753 1.975 1.835 2.327 2.704 3.312 3.570 4.621 4.696 5.381 6.034 6.706 7.437 8.031 8.944 9.909 10.717 11.587 12.649 13.843 16.128 15.944 17.245 18.107 17.121 15.990 15.024 15.247 13.919 14.168 12.796 12.667 12.078 11.952 11.635 13.017 12.505 11.878 11.642 10.865 11.355 10.783 10.099 10.624 10.019 10.873 11.303 12.110 13.004 14.298 14.283 15.612 16.558 16.890 15.710 15.069 14.031 14.834 15.324 14.255 13.612 12.371 11.972 12.102 12.794
6.793 5.926 5.383 4.278 4.245 3.482 2.610 2.543 3.434 2.902 3.600 3.456 4.522 4.908 4.018 4.597 4.817 4.319 3.366 3.282 3.407 2.622 2.010 1.991 1.969 1.363 0.902 0.000 0.765 1.261 1.930 2.747 3.156 3.946 4.609 5.475 5.984 7.182 8.039 8.850 9.706 10.061 11.552 12.544 13.594 13.837 15.208 16.090 17.602 17.842 18.846 19.716 19.115 17.971 16.596 16.663 15.630 15.672 14.776 14.346 13.481 13.616 13.533 14.786 14.233 13.100 12.944 12.165 12.300 11.945 11.488 11.787 11.792 12.551 13.125 13.948 14.552 15.975 15.815 17.281 17.692 18.075 17.518 16.925 15.845 16.756 16.818 16.101 15.521 14.458 13.964 14.056 14.041
6.187 5.138 4.774 4.187 4.226 3.624 2.857 2.535 3.564 3.611 4.390 4.225 5.099 5.723 5.184 5.118 5.000 4.784 4.330 3.867 3.652 3.258 2.674 2.369 2.386 1.834 1.451 0.639 0.000 0.750 1.445 2.036 2.623 3.409 3.888 4.745 5.145 5.869 6.635 7.140 7.722 8.569 9.374 11.097 11.521 12.197 12.921 13.890 15.407 16.679 18.093 18.334 18.417 17.526 14.745 15.972 14.705 14.868 13.555 13.688 13.305 13.100 13.470 14.445 14.219 13.127 12.911 11.964 12.379 12.001 11.392 11.729 11.310 11.964 12.421 13.193 13.941 15.375 14.671 16.667 17.233 17.303 16.559 15.485 14.486 15.548 15.513 14.246 14.242 13.241 12.729 13.236 13.591
4.600 3.467 3.280 2.602 2.494 2.139 1.650 1.686 2.367 2.500 2.770 2.819 3.145 3.861 3.565 3.972 3.794 3.733 3.306 2.904 2.870 2.787 2.341 1.968 2.199 2.101 1.541 1.163 0.585 0.000 0.604 1.111 1.359 1.953 2.294 2.933 3.504 4.258 5.109 5.725 6.366 7.233 8.623 9.360 10.013 10.796 12.294 13.138 13.525 14.032 16.073 15.856 15.667 14.960 12.782 13.434 12.012 12.623 11.423 11.598 10.622 10.601 11.199 12.282 11.907 10.624 10.558 9.874 10.344 10.074 9.120 9.410 9.279 9.572 10.166 10.793 11.558 12.852 12.338 13.832 14.572 15.347 13.884 13.340 12.355 12.976 13.289 12.437 12.583 11.435 10.696 11.142 11.104
3.928 2.750 2.613 2.053 1.916 1.620 1.274 1.341 1.896 2.099 2.213 2.357 2.766 3.112 3.014 3.402 3.136 3.204 2.835 2.467 2.535 2.472 2.046 1.701 1.881 1.966 1.515 1.478 1.068 0.597 0.000 0.584 0.967 1.319 1.657 2.084 2.533 3.250 3.627 4.710 5.284 5.923 7.144 8.183 8.784 9.956 11.165 11.700 12.533 13.033 14.228 15.482 14.645 14.545 12.231 12.234 11.132 11.839 9.733 10.844 10.208 10.069 9.905 11.676 10.966 10.197 10.020 8.960 9.440 9.239 8.215 8.496 8.318 8.922 9.085 9.719 10.646 11.661 11.295 12.861 13.745 14.324 13.431 11.771 10.831 11.883 12.094 11.408 11.570 10.132 9.468 10.011 10.102
2.810 1.907 1.479 1.223 1.181 1.015 0.876 0.907 1.340 1.306 1.426 1.459 1.760 2.099 2.068 2.299 2.363 2.328 2.107 1.840 1.926 1.927 1.522 1.384 1.690 1.685 1.420 1.591 1.340 0.975 0.548 0.000 0.545 0.844 1.059 1.389 1.773 2.405 3.092 4.001 4.601 5.560 6.421 7.839 9.179 9.673 10.480 11.041 11.869 12.176 13.096 13.777 12.943 12.518 11.405 11.728 10.252 10.793 9.928 9.812 9.152 9.234 9.588 10.571 10.092 9.577 9.034 8.693 9.119 8.764 7.829 8.066 7.728 8.066 8.599 9.034 10.065 11.193 10.680 12.019 12.568 13.288 11.914 11.403 10.468 11.234 12.038 10.869 11.096 10.048 9.123 9.416 9.625
2.442 1.645 1.297 0.939 0.978 0.798 0.768 0.891 1.265 1.127 1.139 1.312 1.402 1.682 1.674 1.781 1.719 1.896 1.722 1.427 1.563 1.623 1.368 1.215 1.511 1.615 1.463 1.775 1.620 1.236 0.850 0.517 0.000 0.526 0.851 1.117 1.567 2.174 2.683 3.504 4.198 4.644 5.680 7.118 7.649 9.076 9.949 10.961 11.654 11.893 13.160 13.836 13.103 12.227 11.187 11.143 10.733 10.286 9.605 9.207 8.816 8.645 8.710 10.175 9.496 8.757 8.800 8.007 8.330 7.879 7.042 7.105 7.039 7.369 7.957 8.761 9.645 10.717 10.427 11.507 12.637 13.186 11.727 11.258 10.570 10.955 11.321 10.706 10.937 9.277 8.708 9.042 8.953
2.229 1.379 1.035 0.743 0.802 0.775 0.827 1.040 1.283 1.245 1.195 1.247 1.388 1.684 1.757 1.919 1.836 1.968 1.895 1.540 1.668 1.747 1.440 1.383 1.677 1.855 1.691 2.059 1.983 1.619 1.091 0.807 0.522 0.000 0.550 0.859 1.265 2.019 2.532 3.538 4.261 5.123 5.824 7.241 7.883 8.745 9.782 10.243 11.541 11.409 12.653 13.097 12.909 12.017 10.959 11.014 10.166 10.320 9.454 9.425 8.650 8.693 9.006 10.090 9.926 9.069 9.011 8.154 8.516 7.941 7.162 7.539 7.079 7.329 7.989 8.941 9.779 10.730 10.599 11.871 12.297 12.582 11.783 11.127 10.282 11.231 11.489 10.570 10.349 9.345 8.829 8.790 9.332
2.307 1.305 1.043 0.900 0.975 1.050 1.165 1.279 1.616 1.572 1.509 1.569 1.675 2.109 2.139 2.284 2.150 2.471 2.329 1.905 2.070 2.301 1.866 1.784 2.200 2.292 2.023 2.551 2.527 1.963 1.519 1.140 0.817 0.539 0.000 0.560 1.082 1.691 2.381 3.176 3.710 4.288 5.297 5.958 7.143 8.481 9.241 9.882 10.890 10.844 12.346 13.276 12.699 11.668 10.712 11.078 9.953 10.185 9.106 9.099 8.639 8.476 8.542 10.191 9.648 8.892 8.994 8.300 8.514 7.944 6.957 6.967 6.703 6.732 7.865 8.247 9.361 10.265 10.055 11.276 11.944 12.567 11.395 10.747 9.910 10.722 10.811 10.003 9.970 8.904 8.211 8.808 9.033
2.096 1.236 0.939 0.973 1.115 1.337 1.475 1.733 2.044 2.026 1.896 1.863 1.891 2.382 2.540 2.677 2.521 2.883 2.720 2.212 2.457 2.676 2.376 2.260 2.640 2.892 2.571 3.159 3.150 2.737 2.061 1.758 1.300 1.035 0.576 0.000 0.606 1.278 1.988 3.082 3.804 4.233 4.929 6.046 7.292 8.270 9.374 9.681 11.006 11.495 12.167 12.872 12.547 11.764 11.041 11.019 10.309 10.508 9.475 9.564 8.878 9.013 8.945 10.416 10.025 9.187 9.316 8.363 8.764 8.262 7.296 7.495 7.268 7.484 7.793 8.897 9.760 10.566 10.626 11.606 12.003 11.954 11.405 11.167 10.161 11.013 11.045 10.040 9.940 8.503 8.656 8.928 9.099
2.512 1.588 1.529 1.767 1.884 2.190 2.692 3.173 3.148 3.311 2.904 2.858 2.894 3.707 4.030 4.564 4.545 4.921 4.606 3.965 4.551 4.844 4.172 3.958 5.040 5.172 4.578 5.706 5.818 4.886 3.986 2.972 2.232 1.792 1.227 0.625 0.000 0.729 1.518 2.429 2.979 3.627 4.309 5.180 6.052 7.051 8.601 9.089 10.611 10.872 12.276 12.972 12.475 12.127 10.580 10.885 9.976 10.219 9.218 9.500 8.947 8.877 9.015 10.665 10.231 9.180 9.207 8.564 8.815 8.421 7.436 7.503 6.570 6.867 7.386 8.545 9.630 10.135 10.482 10.894 11.839 12.460 11.381 10.454 9.297 10.434 10.911 9.898 9.937 8.117 7.872 8.461 9.500
3.343 2.339 2.519 3.026 3.315 3.685 3.984 4.524 5.255 5.355 5.198 5.186 5.027 6.028 6.623 7.256 6.903 7.977 7.329 6.153 6.910 7.139 6.160 6.087 6.631 6.692 5.910 6.907 6.845 5.548 5.003 4.177 3.268 2.769 2.059 1.459 0.742 0.000 0.770 1.506 2.386 2.923 3.647 4.512 5.238 6.315 7.875 8.676 9.988 10.483 11.546 12.502 11.790 11.353 10.056 10.138 9.663 9.825 8.774 8.967 8.222 8.570 8.570 10.049 9.713 8.708 8.825 8.317 8.751 8.188 7.193 7.201 6.493 7.003 7.162 8.038 8.986 9.864 9.852 10.666 11.155 11.697 10.976 10.043 8.928 10.074 10.117 8.813 8.864 7.288 7.319 8.013 8.680
4.049 3.395 3.419 3.827 4.181 4.821 5.550 6.375 6.763 6.471 5.887 5.819 5.700 6.649 7.041 8.250 8.090 9.068 8.337 7.140 8.255 8.623 7.524 7.436 8.501 8.791 7.952 9.218 9.680 8.183 6.959 6.057 5.119 4.223 3.320 2.531 1.705 0.676 0.000 0.636 1.214 2.027 2.721 3.645 4.214 5.053 6.244 7.006 8.339 8.875 9.984 10.947 10.254 9.624 8.199 8.709 7.968 7.881 6.956 7.397 6.901 7.096 7.253 8.631 8.524 7.537 7.215 6.796 7.305 7.235 5.866 5.935 5.106 5.574 5.796 6.473 7.610 8.294 8.391 9.177 9.724 10.365 9.496 8.673 7.867 8.688 8.895 7.841 7.974 6.628 6.398 6.717 7.226
4.302 3.777 4.124 4.889 5.505 6.304 6.467 7.373 8.054 7.784 7.375 7.005 6.621 7.913 8.351 9.417 8.807 10.358 9.667 8.527 9.204 10.123 8.867 8.443 9.997 10.209 9.256 10.812 10.563 9.267 8.029 6.937 5.886 4.948 3.885 2.996 2.355 1.318 0.580 0.001 0.581 1.158 1.817 2.672 3.369 3.798 4.669 5.459 6.264 7.229 8.259 9.022 8.815 8.003 6.646 7.216 6.679 6.953 6.172 6.742 6.488 6.576 6.884 7.908 7.618 7.010 6.816 6.571 6.995 6.770 5.611 5.643 4.761 5.079 5.153 5.701 6.523 7.043 6.825 7.588 7.999 8.477 7.468 6.437 5.962 6.612 6.728 5.691 6.066 4.872 4.680 5.475 6.094
4.439 4.330 4.372 5.882 5.996 7.138 7.509 8.160 8.813 8.530 8.188 7.845 7.245 8.381 8.968 9.757 9.291 10.568 10.045 8.754 9.940 10.181 9.086 9.026 10.260 10.435 9.911 11.420 11.443 10.198 8.980 7.995 6.758 5.872 4.731 3.679 2.998 2.120 1.178 0.566 0.000 0.606 1.184 1.938 2.701 3.331 4.265 5.001 5.884 6.629 7.498 8.345 8.142 7.715 6.314 6.817 6.276 6.600 5.744 6.139 5.721 5.698 5.783 7.141 6.902 6.018 6.018 5.741 6.056 5.852 4.809 4.891 4.220 4.557 4.685 5.312 6.035 6.714 6.615 7.111 7.792 7.875 7.178 6.336 5.820 6.641 6.569 5.547 5.754 4.461 4.445 4.973 5.638
5.311 4.995 5.417 6.403 7.057 7.931 8.238 8.905 9.583 9.103 8.788 8.164 7.824 8.579 9.043 9.807 9.640 10.488 10.180 9.404 9.927 10.892 9.664 9.721 10.888 11.229 10.635 11.991 11.977 10.472 9.559 8.478 7.786 6.795 5.729 4.642 3.661 2.863 2.097 1.382 0.637 0.000 0.679 1.278 1.726 2.194 2.773 3.111 3.917 4.187 5.091 5.931 5.743 4.828 4.040 4.548 4.296 4.504 4.000 4.579 4.616 4.615 5.058 5.772 5.720 5.187 4.988 4.794 5.267 5.239 4.124 4.155 3.260 3.303 3.319 3.592 4.245 4.775 4.790 5.151 5.624 5.743 4.899 4.294 4.143 4.708 4.855 4.152 4.325 3.527 3.255 3.883 4.600
5.327 5.306 5.443 6.266 6.942 7.837 7.812 8.587 9.860 9.139 9.012 8.225 8.254 9.138 9.541 10.554 9.849 11.081 10.734 9.353 10.069 11.020 9.900 9.425 10.845 11.330 10.204 11.701 11.510 10.207 9.183 8.314 7.410 6.764 5.544 4.618 4.009 2.888 2.291 1.865 1.301 0.582 0.000 0.613 1.088 1.426 1.923 2.261 2.855 3.358 3.917 4.602 4.263 3.734 3.151 3.358 3.158 3.341 3.039 3.409 3.137 3.262 3.647 4.278 4.072 3.638 3.754 3.908 4.271 4.101 3.357 3.230 2.688 2.657 2.729 2.745 3.401 3.660 3.491 3.720 4.026 4.133 3.557 3.111 2.842 3.404 3.370 2.788 3.030 2.483 2.433 3.159 3.573
5.736 5.537 5.651 6.774 7.526 8.211 8.715 9.129 9.906 9.365 9.113 8.431 8.406 8.848 9.230 9.938 10.069 10.607 10.450 9.573 10.247 10.795 10.048 9.543 11.034 11.232 10.550 11.724 11.788 10.477 9.755 9.247 8.418 7.830 6.327 5.289 4.248 3.571 2.765 2.278 1.689 1.068 0.560 0.000 0.566 0.921 1.239 1.537 1.998 2.301 2.859 3.404 3.388 2.790 2.224 2.589 2.457 2.704 2.528 2.913 2.981 2.995 3.334 3.810 3.650 3.409 3.239 3.431 3.920 3.702 3.069 2.911 2.333 2.184 2.260 2.249 2.815 2.938 2.744 3.058 3.280 3.339 2.708 2.400 2.266 2.729 2.759 2.227 2.571 2.130 2.066 2.610 3.096
5.732 5.584 5.917 6.995 7.776 8.050 8.620 9.109 9.780 9.245 9.251 8.543 8.784 9.295 9.639 10.688 10.200 11.213 10.706 9.652 10.303 10.941 9.983 9.813 11.058 11.423 10.797 11.792 11.505 10.376 10.207 9.351 8.505 7.329 6.335 5.325 4.679 4.069 3.216 2.786 2.148 1.511 0.977 0.548 0.001 0.533 0.849 1.037 1.524 1.899 2.411 2.866 2.793 2.302 1.788 2.019 1.951 2.237 2.155 2.519 2.529 2.634 2.925 3.356 3.205 3.026 3.084 3.288 3.699 3.534 2.899 2.614 2.271 1.973 2.091 2.031 2.414 2.447 2.166 2.502 2.576 2.545 2.043 1.704 1.641 2.012 2.011 1.707 1.938 1.609 1.760 2.439 2.832
6.051 6.008 6.318 7.533 8.084 8.677 9.266 9.868 10.317 10.047 9.601 8.831 8.810 9.481 9.598 10.146 10.142 10.718 10.608 9.448 10.476 10.788 10.213 9.977 11.152 11.541 10.856 11.893 12.115 11.078 10.028 9.502 8.960 8.104 7.099 5.967 5.177 4.317 3.440 3.024 2.340 1.692 1.195 0.838 0.529 0.000 0.545 0.801 1.183 1.541 2.027 2.383 2.417 1.908 1.539 1.702 1.749 1.966 1.900 2.379 2.426 2.516 2.877 3.297 3.126 2.942 2.787 3.072 3.524 3.428 2.694 2.623 2.190 1.921 1.908 1.822 2.189 2.173 1.974 2.143 2.294 2.252 1.790 1.507 1.427 1.711 1.735 1.454 1.701 1.492 1.461 2.056 2.586
6.424 6.192 6.627 7.306 8.096 8.328 8.511 9.055 9.973 9.701 9.542 9.019 9.077 9.507 9.686 10.451 10.235 11.192 10.836 9.890 10.366 11.276 10.289 10.201 11.400 11.916 11.495 12.486 12.366 11.052 9.849 9.592 8.538 7.708 6.983 6.118 5.326 4.528 3.707 3.214 2.576 1.953 1.490 1.071 0.830 0.518 0.000 0.517 0.877 1.200 1.709 2.082 2.084 1.621 1.297 1.494 1.610 1.888 1.931 2.333 2.488 2.592 2.951 3.300 3.172 2.963 2.936 3.239 3.655 3.519 2.952 2.721 2.351 2.011 2.039 1.831 2.171 2.176 1.846 2.005 2.175 1.984 1.544 1.244 1.309 1.640 1.625 1.409 1.666 1.585 1.569 2.251 2.659
6.637 6.647 6.776 7.943 8.377 9.075 9.727 10.280 10.512 10.208 9.837 9.500 8.906 9.559 10.094 10.564 10.240 11.076 10.899 9.789 10.807 11.219 10.454 10.623 11.739 11.897 11.480 12.560 13.235 11.606 10.673 9.908 9.319 8.446 7.398 6.518 5.619 5.017 4.093 3.585 2.873 2.335 1.812 1.448 1.062 0.834 0.525 0.000 0.577 1.085 1.641 1.988 1.940 1.649 1.250 1.455 1.571 1.944 2.011 2.590 2.745 2.870 3.373 3.756 3.445 3.353 3.253 3.461 3.824 3.812 3.218 3.126 2.594 2.275 2.215 1.898 2.233 2.137 1.742 1.877 2.003 1.949 1.433 1.076 1.174 1.490 1.642 1.347 1.666 1.621 1.702 2.259 2.727
7.727 7.832 8.031 9.012 9.824 10.224 10.638 11.490 11.723 11.463 11.456 10.745 10.782 11.280 11.847 12.454 12.161 13.208 12.843 11.736 12.280 13.148 11.932 11.703 12.886 13.883 13.104 13.723 14.105 12.078 11.821 11.233 10.025 9.378 8.500 7.447 6.730 5.791 4.995 4.394 3.666 3.111 2.655 2.104 1.841 1.298 1.045 0.564 0.000 0.649 1.228 1.783 2.099 1.736 1.607 2.018 2.245 2.922 2.974 3.765 4.103 4.137 4.788 5.516 5.272 4.993 4.723 4.932 5.636 5.393 4.660 4.399 3.550 3.201 3.126 2.595 3.425 3.253 2.596 2.698 2.833 2.585 1.921 1.405 1.685 2.198 2.109 1.810 2.334 2.256 2.260 2.983 3.735
10.375 11.417 11.435 12.912 13.662 13.552 13.925 15.107 15.529 15.591 14.762 14.234 13.926 14.350 15.149 15.641 15.019 16.305 16.407 15.084 15.920 16.377 16.089 15.466 17.018 17.541 17.137 17.158 17.742 16.469 15.428 14.880 13.274 13.115 11.874 10.780 9.919 8.971 7.830 7.321 6.302 5.499 4.674 3.846 3.142 2.526 1.887 1.398 0.656 0.000 0.899 1.623 2.181 1.986 2.003 2.837 3.428 4.206 4.680 5.740 6.265 6.639 7.964 8.355 7.587 7.840 7.347 7.448 8.552 8.845 7.684 7.471 6.159 5.446 5.542 4.687 5.217 5.003 3.946 3.833 4.089 3.542 2.532 2.037 2.711 3.393 3.151 2.892 3.535 3.469 3.932 4.889 5.500
11.674 11.910 12.105 13.637 14.146 15.092 15.384 16.573 16.731 16.758 15.987 15.179 14.446 15.058 15.887 16.423 16.182 17.328 17.394 16.068 16.971 17.975 16.881 17.233 18.205 18.898 18.186 19.183 19.425 17.461 16.278 15.428 14.532 14.017 12.880 11.586 10.894 9.914 9.134 8.385 7.186 6.911 5.542 5.189 4.369 3.528 2.848 2.174 1.566 0.857 0.000 0.829 1.454 1.878 2.213 3.161 3.791 4.920 5.352 6.462 7.122 7.021 8.163 8.808 8.634 8.396 8.032 8.603 9.304 9.522 8.442 7.761 6.682 5.840 6.105 5.492 6.222 5.807 4.665 4.414 4.848 4.146 3.020 2.447 3.439 4.167 4.098 3.815 4.895 4.884 4.878 6.076 6.578
12.674 12.609 12.907 14.576 14.790 15.731 16.296 17.031 17.255 17.263 16.311 15.544 14.798 15.478 16.207 16.852 16.586 18.073 17.886 16.562 17.787 18.615 17.643 17.509 18.161 19.263 18.738 19.081 19.016 18.089 16.927 16.898 15.392 15.024 13.772 12.319 11.532 10.854 9.735 9.470 8.438 7.725 6.844 6.082 5.197 4.527 3.901 2.924 2.226 1.545 0.663 0.000 0.827 1.658 2.390 2.782 3.407 4.276 4.871 5.845 6.831 7.319 8.275 8.620 8.338 7.842 7.679 8.077 9.143 9.282 8.427 7.851 6.877 5.979 6.068 5.222 5.384 4.778 4.372 3.575 3.974 3.403 2.686 2.568 3.453 4.105 4.049 4.205 5.273 5.391 5.195 6.329 6.479
10.689 11.126 10.778 12.175 12.600 13.368 13.546 14.938 15.046 14.701 13.761 12.702 12.704 13.287 13.384 14.351 14.282 15.306 15.093 14.129 14.935 16.100 15.013 15.048 16.160 16.966 16.463 16.869 16.915 16.125 15.342 14.662 13.084 12.992 11.674 10.773 9.748 8.936 8.186 7.757 6.619 6.385 5.851 5.324 4.805 4.146 3.826 3.180 2.788 2.147 1.334 0.654 0.000 0.781 1.416 1.926 2.205 2.827 3.297 4.058 4.890 5.150 6.205 6.269 5.889 5.735 5.491 5.935 6.411 6.840 5.901 5.605 4.909 4.181 3.946 3.429 3.800 3.437 3.010 2.682 3.076 2.995 2.186 2.292 2.753 3.325 3.595 3.703 4.274 4.443 4.021 4.567 4.708
8.917 8.805 9.446 10.503 10.991 11.413 12.145 12.609 13.527 13.067 12.268 11.972 11.537 12.297 12.791 13.628 13.713 14.907 13.933 13.000 14.074 14.596 13.769 13.256 14.340 15.004 14.233 15.241 15.041 13.782 13.394 12.123 11.144 10.609 9.666 8.519 7.579 6.896 5.879 5.572 4.663 3.986 3.750 3.025 2.995 2.485 2.550 1.792 2.195 1.729 1.960 1.384 0.919 0.000 0.643 1.337 1.677 2.749 3.176 4.099 4.474 4.939 5.595 6.090 5.548 5.219 4.954 4.966 5.812 6.026 5.039 5.082 3.996 3.724 3.393 2.683 3.400 3.091 2.235 2.222 2.535 2.528 1.616 1.340 1.501 2.214 2.549 2.498 2.914 2.775 2.666 3.184 3.773
7.908 8.011 8.140 9.306 9.681 10.280 10.985 11.703 11.951 11.773 11.097 10.711 10.226 10.787 11.272 11.848 11.257 12.631 12.332 11.594 12.151 12.878 12.137 11.647 13.028 13.454 12.647 13.585 14.084 12.613 11.823 11.178 10.292 9.550 8.876 7.895 7.181 6.390 5.280 4.969 3.959 3.609 3.004 2.755 2.449 2.010 1.950 1.557 1.756 1.557 1.885 1.779 1.359 0.560 0.000 0.614 0.860 1.378 1.753 2.506 2.814 3.023 3.941 4.243 3.708 3.560 3.329 3.504 4.097 4.421 3.577 3.486 2.869 2.414 2.215 1.632 1.796 1.485 1.155 1.344 1.649 1.740 1.235 1.160 1.141 1.438 1.886 1.892 2.063 2.173 1.891 2.289 2.504
7.630 7.685 7.571 8.969 9.014 9.929 10.341 10.748 11.393 11.035 10.297 9.910 9.493 10.080 10.660 11.125 11.268 11.994 11.853 11.151 12.246 12.145 11.633 12.077 12.540 12.489 12.379 13.094 13.451 12.526 11.748 10.829 10.010 9.128 8.397 7.148 6.517 5.865 5.284 4.867 4.043 3.617 3.129 2.911 2.626 2.328 2.164 1.629 1.804 1.579 1.989 1.942 1.699 0.946 0.590 0.000 0.603 0.986 1.530 1.975 2.568 2.936 3.483 3.685 3.350 3.110 2.692 2.957 3.407 3.761 3.327 3.195 2.720 2.208 1.817 1.282 1.270 1.007 0.870 1.149 1.584 1.702 1.206 1.221 1.169 1.449 1.730 1.849 1.943 2.182 1.825 1.984 1.979
6.401 6.267 6.268 6.914 7.689 8.164 8.582 9.277 9.980 9.466 8.986 8.163 7.999 8.537 8.897 9.485 9.419 10.308 10.031 9.208 9.966 10.348 9.727 9.801 11.219 11.010 10.627 11.355 11.852 10.838 10.012 9.261 8.331 7.634 6.576 5.895 5.113 4.575 3.821 3.407 2.764 2.438 2.158 1.955 1.864 1.590 1.657 1.411 1.588 1.608 1.897 1.977 1.618 1.188 0.772 0.521 0.000 0.508 0.673 0.914 1.140 1.398 1.760 1.874 1.646 1.605 1.502 1.806 2.141 2.093 1.840 1.709 1.470 1.159 1.039 0.782 0.780 0.750 0.759 0.913 1.247 1.334 0.997 1.102 0.942 1.099 1.339 1.457 1.640 1.594 1.333 1.700 1.765
6.391 6.105 5.965 6.936 7.385 8.091 8.346 9.056 9.622 9.539 8.941 8.232 7.890 8.336 8.916 9.374 9.709 10.108 9.921 8.963 9.784 10.262 9.712 9.313 10.580 10.754 10.586 11.370 11.455 10.507 9.594 8.969 8.230 7.688 6.605 5.728 5.186 4.536 3.955 3.592 2.916 2.541 2.320 2.111 2.122 1.827 1.942 1.729 1.931 1.935 2.284 2.288 1.996 1.555 1.164 0.772 0.510 0.000 0.510 0.687 0.990 1.192 1.497 1.716 1.504 1.411 1.326 1.657 2.002 1.826 1.520 1.402 1.256 0.949 0.831 0.668 0.713 0.741 0.759 0.938 1.290 1.427 1.181 1.346 1.110 1.197 1.514 1.618 1.666 1.755 1.464 1.631 1.699
6.027 5.824 5.697 7.172 7.247 7.842 8.432 9.268 10.002 9.407 9.078 8.131 7.884 8.334 9.038 9.204 9.177 10.287 10.134 8.972 10.211 10.355 9.547 9.460 10.852 10.950 10.728 11.405 11.392 10.595 9.943 9.117 8.100 7.635 6.634 5.381 4.869 4.091 3.603 3.187 2.534 2.258 1.982 1.962 1.904 1.749 1.890 1.673 2.008 2.004 2.324 2.378 2.063 1.574 1.243 0.995 0.714 0.518 0.000 0.507 0.716 1.022 1.291 1.446 1.272 1.118 1.116 1.424 1.718 1.599 1.311 1.244 1.062 0.836 0.732 0.654 0.761 0.872 0.898 1.136 1.437 1.613 1.341 1.425 1.213 1.321 1.616 1.667 1.761 1.661 1.400 1.593 1.621
6.251 5.817 5.844 6.661 7.030 7.955 8.520 9.060 9.537 9.256 8.979 8.066 7.584 7.962 8.745 9.461 9.452 10.243 9.869 9.037 9.469 10.110 9.411 9.046 10.183 10.526 10.107 11.008 11.165 10.168 9.562 8.974 8.195 7.701 6.594 5.590 5.037 4.467 3.797 3.436 2.788 2.484 2.256 2.157 2.198 1.970 2.116 1.921 2.256 2.210 2.594 2.603 2.304 1.934 1.509 1.243 0.969 0.731 0.508 0.000 0.502 0.854 1.141 1.363 1.108 1.033 1.009 1.404 1.686 1.560 1.253 1.104 0.962 0.780 0.776 0.753 0.847 0.994 1.138 1.400 1.770 1.952 1.646 1.728 1.502 1.674 1.964 1.942 2.123 1.937 1.655 1.827 1.855
6.547 6.338 6.258 7.111 7.654 8.645 9.180 9.979 10.599 9.863 9.405 8.768 8.477 8.766 9.386 10.060 10.118 10.809 10.328 9.140 10.517 10.735 9.865 9.799 11.065 11.507 10.933 12.282 12.297 11.609 10.334 9.905 8.782 8.234 7.043 6.170 5.444 4.659 4.036 3.696 3.075 2.956 2.710 2.883 3.016 2.767 3.062 2.975 3.400 3.209 3.655 3.647 3.281 2.810 2.438 2.131 1.718 1.236 0.949 0.573 0.000 0.632 0.903 1.238 1.239 1.125 1.193 1.709 1.994 1.802 1.546 1.127 1.115 0.903 1.098 1.263 1.227 1.410 1.818 2.048 2.437 2.891 2.585 2.938 2.472 2.635 3.158 3.239 3.126 3.072 2.539 2.590 2.518
7.073 6.640 6.921 8.135 8.275 8.997 9.591 10.131 10.359 10.377 10.005 9.122 8.608 9.301 9.693 10.494 10.354 11.550 11.012 9.926 11.105 11.550 10.697 10.273 11.760 11.693 11.551 12.445 12.740 11.684 10.855 9.843 9.231 8.537 7.705 6.449 5.868 5.243 4.527 4.215 3.440 3.186 3.017 3.103 3.171 3.002 3.327 3.212 3.724 3.541 4.084 4.170 3.711 3.147 2.788 2.462 1.988 1.696 1.242 0.835 0.578 0.000 0.555 0.913 0.976 1.012 1.202 1.609 1.929 1.720 1.413 1.104 1.117 1.011 1.183 1.455 1.507 1.880 2.194 2.674 3.051 3.405 3.054 3.218 2.681 2.990 3.438 3.377 3.280 3.078 2.725 2.722 2.589
7.049 6.906 7.177 8.408 9.043 9.771 10.566 11.118 11.570 11.411 10.641 9.943 9.494 9.796 10.608 10.973 10.431 11.898 11.854 10.617 11.473 12.136 11.757 11.270 12.724 13.004 12.476 13.582 14.128 12.810 12.228 11.293 10.209 9.458 7.880 7.011 6.324 5.488 4.962 4.512 3.653 3.584 3.165 3.230 3.278 3.121 3.430 3.354 3.995 3.977 4.367 4.767 4.283 3.555 3.142 2.923 2.439 2.245 1.594 1.369 0.996 0.542 0.000 0.647 1.005 1.133 1.436 1.790 2.026 1.752 1.550 1.184 1.223 1.208 1.495 1.797 2.101 2.586 2.765 3.313 3.721 3.940 3.486 3.434 3.007 3.456 3.704 3.506 3.626 3.381 2.990 3.180 3.158
7.641 7.977 7.746 9.319 9.839 10.514 11.517 12.213 12.282 12.223 11.460 10.920 10.300 10.626 11.265 11.742 12.144 13.006 12.504 11.619 13.023 13.220 12.305 12.292 13.997 13.808 13.325 14.389 14.730 13.486 12.763 11.725 10.924 9.787 8.891 7.675 7.052 6.095 5.566 4.981 4.179 4.413 4.011 4.427 4.470 4.627 5.103 5.337 6.082 5.817 6.657 7.354 6.605 5.670 5.175 4.938 4.180 3.476 2.648 2.073 1.596 0.930 0.575 0.000 0.729 1.277 1.774 2.261 2.328 2.108 1.971 1.460 1.679 1.829 2.396 2.907 3.257 4.224 4.767 5.576 5.800 6.408 6.098 6.046 5.111 5.728 6.306 5.905 5.894 5.558 4.545 5.003 4.550
8.335 7.671 7.848 8.918 9.058 9.985 11.027 11.151 11.526 11.369 10.768 10.524 9.343 9.934 10.949 11.259 11.620 12.559 12.146 10.998 12.304 12.564 11.986 11.595 13.144 12.832 12.824 13.557 13.692 12.899 12.281 11.239 10.383 9.646 8.586 7.580 6.922 6.198 5.502 5.293 4.402 4.412 4.193 4.545 4.604 4.609 5.045 4.858 5.527 5.531 5.894 6.454 5.677 5.110 4.099 3.948 3.198 2.660 2.029 1.463 1.162 1.083 1.039 0.647 0.000 0.577 0.925 1.373 1.814 1.776 1.635 1.497 1.580 1.571 1.640 2.169 2.292 2.929 3.521 3.968 4.607 5.359 4.914 4.733 4.153 4.577 5.071 4.851 4.597 4.463 3.588 3.629 3.368
7.209 6.980 7.025 8.204 8.190 9.402 9.997 10.874 11.433 10.618 10.021 9.575 8.926 9.564 10.290 11.123 11.096 11.926 11.311 10.290 11.368 11.891 11.147 11.093 12.310 12.585 12.323 13.155 13.169 12.158 11.444 10.754 9.941 9.021 7.874 6.496 6.158 5.224 4.728 4.535 3.715 3.741 3.405 3.654 3.798 3.758 4.127 4.113 4.486 4.554 4.862 4.996 4.611 4.024 3.501 3.334 2.657 2.399 1.767 1.313 0.988 1.052 1.093 0.964 0.536 0.000 0.551 1.052 1.512 1.472 1.327 1.163 1.293 1.398 1.463 1.955 1.941 2.455 2.826 3.336 3.792 4.233 4.061 4.171 3.452 3.865 4.243 4.113 4.115 3.847 3.196 3.017 2.899
7.169 7.135 7.305 8.047 8.280 9.290 9.940 10.882 11.247 10.575 10.272 9.805 8.621 9.313 10.118 10.720 11.100 11.765 11.289 10.636 11.287 11.964 11.260 11.094 11.933 12.493 11.992 12.706 12.701 12.027 11.023 10.621 9.518 9.293 7.884 6.591 5.983 5.011 4.712 4.217 3.619 3.665 3.242 3.688 3.788 3.620 4.151 3.871 4.661 4.458 4.949 5.249 4.625 4.154 3.599 3.296 2.799 2.327 1.768 1.424 1.159 1.122 1.233 1.398 1.046 0.553 0.000 0.659 1.268 1.440 1.211 1.071 1.255 1.333 1.414 1.841 1.804 2.428 2.754 3.393 3.643 4.123 3.767 3.833 3.473 3.667 4.064 3.882 3.724 3.652 3.065 2.958 2.827
8.058 7.733 7.809 9.013 8.815 9.782 10.898 11.310 11.588 11.252 10.607 10.339 9.416 10.400 10.882 11.371 11.525 12.292 12.352 11.280 11.746 12.889 12.102 11.745 12.997 13.378 12.895 13.653 13.704 13.043 11.910 11.405 10.148 9.344 8.436 6.945 6.518 5.791 5.061 4.795 4.222 4.358 4.272 4.554 4.619 4.585 4.899 4.767 5.360 4.767 5.390 5.266 4.804 4.277 3.862 3.695 3.182 2.581 1.905 1.567 1.355 1.695 2.052 2.235 1.681 1.151 0.608 0.000 0.618 1.216 1.328 1.460 1.563 1.675 1.764 2.516 2.283 2.855 3.457 3.863 4.533 4.890 4.322 4.564 4.271 4.635 5.203 4.940 4.932 4.794 4.230 3.900 3.840
9.071 8.541 8.653 9.485 9.770 11.251 11.795 13.095 13.982 12.823 11.768 11.077 10.471 11.103 11.484 11.990 12.056 12.939 12.620 11.611 12.828 13.833 12.843 12.740 14.192 14.629 14.180 15.290 15.441 14.859 13.573 13.037 11.679 10.951 9.867 8.666 8.030 7.120 6.687 6.440 5.651 5.980 5.845 6.387 6.815 6.775 7.238 7.593 7.793 8.038 8.244 8.051 7.696 7.558 6.842 6.033 5.291 4.901 3.983 3.034 2.822 2.801 2.492 3.311 2.589 1.742 1.637 0.806 0.000 0.793 1.572 2.023 2.841 3.190 3.139 3.414 3.444 3.965 4.796 5.308 5.731 6.783 6.852 6.938 6.568 6.224 7.077 6.997 6.505 6.379 5.348 5.530 4.579
7.604 7.417 7.691 8.772 9.532 10.776 11.504 12.907 13.486 12.456 11.634 10.751 10.245 10.852 11.691 11.959 11.970 13.089 12.648 11.351 12.921 13.687 12.680 12.624 14.296 14.597 13.692 15.217 15.378 14.336 13.470 12.773 11.048 10.443 8.901 7.420 6.734 5.644 5.172 4.536 3.816 4.172 3.616 4.246 3.941 4.593 4.955 5.430 6.159 6.407 7.094 7.327 6.941 6.372 5.792 5.617 4.860 4.278 3.418 2.760 2.095 1.818 1.744 2.244 2.089 1.568 1.824 1.212 0.627 0.000 0.616 0.962 1.228 2.015 2.548 3.500 3.776 4.594 5.298 6.034 6.815 6.928 6.385 6.291 5.358 6.348 6.573 6.217 6.180 5.556 4.676 4.836 4.528
6.710 6.257 6.333 7.547 7.706 8.777 9.032 9.758 10.165 9.842 9.527 9.090 8.545 9.213 9.767 10.118 9.953 10.734 10.675 9.653 10.341 10.948 10.348 10.059 11.291 11.622 11.101 12.027 12.459 11.523 10.155 10.048 8.677 8.347 7.092 5.853 5.458 4.721 3.992 3.545 2.963 2.868 2.645 2.800 2.971 2.795 3.061 3.088 3.573 3.434 3.916 4.090 3.885 3.288 2.798 2.849 2.328 2.087 1.572 1.382 1.132 1.091 1.226 1.561 1.422 1.041 1.176 1.187 0.883 0.565 0.000 0.513 0.684 1.017 1.301 1.630 1.808 2.367 2.689 3.093 3.475 3.781 3.413 3.289 2.902 3.291 3.505 3.416 3.539 3.197 2.910 2.785 2.865
6.417 6.216 6.159 7.218 7.523 8.031 8.743 9.421 9.826 9.460 9.035 8.583 7.887 8.794 9.114 10.083 9.900 10.595 10.661 9.552 9.943 10.696 9.980 9.706 11.048 11.273 10.726 11.937 12.261 11.009 10.362 9.499 8.715 8.057 6.930 5.684 5.298 4.455 3.964 3.595 2.830 2.771 2.392 2.577 2.562 2.492 2.619 2.709 2.946 3.094 3.507 3.685 3.435 2.977 2.482 2.506 2.116 1.946 1.418 1.379 1.028 0.971 1.136 1.430 1.322 1.079 1.320 1.266 1.152 0.801 0.497 0.000 0.533 0.771 1.109 1.585 1.821 2.351 2.526 3.002 3.311 3.379 2.986 2.793 2.612 3.076 3.168 2.981 3.313 2.974 2.594 2.913 2.854
6.137 5.904 5.701 6.851 6.713 8.231 8.664 9.211 9.793 9.152 8.945 8.014 7.396 8.307 8.847 9.241 9.400 9.986 9.757 8.597 9.292 10.197 9.396 8.901 10.298 10.764 10.278 11.457 11.719 10.833 9.870 9.356 8.207 7.837 6.580 5.533 5.101 4.427 3.889 3.498 2.774 2.601 2.286 2.301 2.262 2.106 2.317 2.170 2.528 2.545 2.846 2.992 2.706 2.229 1.817 1.658 1.382 1.183 0.893 0.904 0.769 0.872 1.117 1.459 1.289 1.045 1.134 1.219 1.273 0.973 0.635 0.510 0.000 0.509 0.722 0.998 1.233 1.470 1.664 1.899 2.272 2.462 2.158 2.193 1.931 2.194 2.422 2.415 2.533 2.387 1.981 2.145 2.199
5.713 5.538 5.479 6.651 6.683 7.246 8.158 8.252 9.031 8.752 8.477 7.699 7.273 8.060 8.392 9.270 9.080 10.026 9.712 8.797 9.631 9.892 9.334 9.181 10.213 10.398 9.857 10.422 10.751 9.985 9.354 8.482 7.839 7.005 6.097 5.041 4.674 3.941 3.376 3.044 2.356 2.071 1.724 1.725 1.726 1.721 1.906 1.866 2.264 2.352 2.766 2.934 2.629 2.136 1.662 1.510 1.177 0.987 0.752 0.748 0.708 0.808 1.124 1.319 1.143 1.035 1.122 1.305 1.539 1.415 0.977 0.751 0.510 0.000 0.508 0.670 0.920 1.097 1.238 1.626 1.934 2.207 1.877 1.877 1.611 1.769 2.052 2.013 1.969 1.801 1.513 1.713 1.800
5.852 5.865 5.579 6.824 7.298 7.723 8.146 8.970 9.684 9.080 8.836 8.185 7.900 8.195 8.673 9.137 9.652 9.551 9.628 8.724 9.152 9.786 9.038 9.091 9.914 10.473 9.961 10.721 11.248 10.098 9.319 9.003 8.125 7.560 6.645 5.588 4.990 4.176 3.532 3.098 2.431 2.099 1.797 1.733 1.743 1.629 1.794 1.742 2.029 2.106 2.407 2.544 2.259 1.892 1.455 1.216 0.908 0.786 0.642 0.665 0.701 0.857 1.131 1.345 1.216 1.053 1.060 1.338 1.599 1.419 1.121 0.891 0.674 0.502 0.000 0.501 0.674 0.854 0.963 1.226 1.494 1.751 1.549 1.541 1.316 1.398 1.681 1.641 1.641 1.572 1.280 1.570 1.729
6.224 5.649 6.105 7.100 7.442 7.937 8.467 8.886 9.723 9.310 9.040 8.302 8.082 8.522 8.885 9.429 9.524 10.172 9.744 9.267 9.801 10.212 9.729 9.490 10.514 10.806 10.214 10.950 11.293 10.455 9.764 9.089 8.315 7.556 6.410 5.374 4.718 4.185 3.453 3.020 2.397 2.083 1.774 1.698 1.748 1.604 1.782 1.691 1.939 1.930 2.270 2.442 2.062 1.678 1.280 1.024 0.748 0.664 0.618 0.692 0.878 1.075 1.407 1.629 1.422 1.262 1.158 1.411 1.797 1.692 1.311 1.206 0.919 0.669 0.498 0.000 0.504 0.624 0.812 1.070 1.407 1.626 1.377 1.427 1.213 1.308 1.569 1.608 1.538 1.455 1.209 1.370 1.440
6.629 6.526 6.480 7.707 8.030 8.751 9.116 10.090 10.660 10.184 9.617 9.314 8.553 9.112 10.135 10.254 10.751 10.919 11.033 10.302 10.372 10.777 10.546 10.279 11.288 11.473 11.060 11.848 12.078 11.130 10.183 9.714 8.914 8.371 7.181 6.223 5.465 4.911 4.003 3.483 2.861 2.494 2.103 2.084 1.986 1.892 2.026 1.933 2.326 2.349 2.750 2.849 2.495 2.062 1.540 1.282 0.900 0.716 0.701 0.913 1.249 1.464 1.838 2.192 1.945 1.824 1.546 1.866 2.417 2.348 1.898 1.587 1.285 0.928 0.718 0.509 0.000 0.534 0.885 1.267 1.593 1.960 1.796 1.828 1.486 1.668 2.135 2.033 2.028 1.888 1.448 1.608 1.533
7.106 6.670 6.653 7.511 7.712 8.699 9.438 10.290 10.603 10.140 9.810 9.014 8.555 9.145 9.507 10.246 9.897 10.817 10.677 9.819 10.274 11.051 10.714 10.638 11.450 11.837 11.766 12.336 12.541 11.694 10.837 10.105 9.046 8.403 7.316 6.345 5.854 5.066 4.537 4.070 3.485 3.095 2.774 2.670 2.571 2.258 2.293 1.917 2.157 2.155 2.399 2.617 2.186 1.799 1.411 1.010 0.822 0.822 0.937 1.088 1.417 1.825 2.183 2.372 1.997 1.753 1.579 1.812 2.207 2.257 2.017 1.955 1.752 1.391 1.055 0.829 0.543 0.000 0.513 0.821 1.188 1.487 1.224 1.386 1.186 1.124 1.420 1.640 1.673 1.854 1.561 1.612 1.556
6.764 6.698 6.524 7.759 8.015 8.982 9.366 10.250 10.490 10.467 9.849 8.988 8.613 9.165 9.694 10.278 9.925 10.902 10.772 9.765 10.505 11.656 10.498 10.215 11.664 12.050 11.237 12.195 12.468 11.384 10.711 9.993 9.046 8.549 7.194 6.113 5.592 4.769 4.146 3.773 3.164 2.813 2.399 2.194 2.083 1.768 1.786 1.506 1.806 1.788 2.148 2.259 1.968 1.580 1.132 0.858 0.703 0.858 1.093 1.400 1.771 2.046 2.501 2.695 2.401 2.163 1.877 2.131 2.617 2.687 2.324 2.286 1.939 1.557 1.252 0.929 0.829 0.518 0.000 0.527 0.823 1.169 1.037 1.146 0.954 0.914 1.216 1.354 1.375 1.436 1.325 1.572 1.455
6.808 6.787 6.808 7.833 8.356 8.747 9.321 9.985 10.469 10.275 9.751 9.003 8.879 9.446 9.892 10.558 10.250 11.329 11.195 10.092 10.859 11.559 10.776 10.597 11.805 12.119 11.555 12.362 12.690 11.571 10.672 10.143 9.196 8.281 7.634 6.499 5.953 5.066 4.522 4.109 3.338 3.120 2.778 2.643 2.549 2.140 2.283 1.807 2.127 2.066 2.336 2.457 2.058 1.732 1.256 0.962 0.890 1.193 1.402 1.788 2.166 2.570 3.011 3.350 2.942 2.608 2.418 2.679 3.053 3.196 2.725 2.667 2.226 1.883 1.566 1.145 1.227 0.882 0.534 0.000 0.533 0.840 0.972 1.185 1.090 1.056 1.314 1.585 1.670 1.836 1.526 1.788 1.897
8.123 7.977 7.788 8.878 9.440 10.176 10.763 12.025 11.861 11.790 10.995 10.061 9.767 10.197 10.862 11.731 11.431 12.446 12.321 11.130 11.758 13.056 12.239 11.936 12.982 13.581 13.053 13.687 13.926 13.106 11.978 11.459 10.455 9.944 8.584 7.867 7.040 6.258 5.795 5.207 4.495 4.270 3.823 3.462 3.338 2.822 2.925 2.288 2.579 2.562 2.725 2.928 2.265 2.147 1.737 1.215 1.246 1.586 2.079 2.510 3.035 3.554 3.988 4.222 3.772 3.488 3.175 3.467 4.082 4.329 3.775 3.743 3.191 2.782 2.485 1.774 1.762 1.326 0.969 0.513 0.000 0.634 0.987 1.420 1.393 1.154 1.536 1.969 2.080 2.485 2.182 2.464 2.599
9.857 9.979 9.856 11.022 11.189 11.892 12.472 13.381 13.340 12.990 12.496 11.759 11.421 11.929 12.532 13.272 13.108 14.136 13.908 13.014 13.921 14.513 13.808 13.505 14.735 15.160 15.012 15.435 15.585 14.991 13.697 13.406 12.083 11.501 10.393 9.601 8.400 8.073 7.455 6.794 6.024 5.358 4.884 4.204 3.919 3.143 2.842 2.202 2.277 2.260 2.422 2.646 2.205 2.100 1.639 1.460 1.989 2.377 2.860 3.600 4.343 4.889 5.351 5.586 5.489 5.053 4.580 4.915 5.680 5.909 5.558 5.123 4.557 3.901 3.441 2.713 2.566 2.119 1.579 1.098 0.658 0.000 0.732 1.156 1.503 1.316 1.600 2.062 2.430 2.758 2.700 3.080 3.353
7.764 7.872 8.054 8.834 9.524 10.054 10.303 11.045 11.692 11.363 10.828 10.107 10.085 10.496 10.914 11.839 11.382 12.523 11.913 10.951 11.922 12.616 11.543 11.504 12.741 13.055 12.715 13.220 13.647 12.537 11.799 10.781 10.014 9.579 8.540 7.570 6.851 6.173 5.277 4.894 3.981 3.318 2.969 2.450 2.206 1.845 1.682 1.282 1.535 1.763 2.116 2.339 2.031 1.767 1.237 1.161 1.454 1.899 2.361 2.787 3.305 3.662 4.084 4.374 4.085 3.830 3.494 3.777 4.352 4.497 3.961 3.754 3.193 2.889 2.512 2.106 2.150 1.883 1.390 1.233 0.910 0.687 0.000 0.533 0.750 0.907 1.002 1.005 1.620 1.853 1.897 2.341 2.721
6.563 6.504 6.668 7.489 8.092 8.629 8.923 9.530 9.933 9.534 9.467 8.716 8.833 9.265 9.597 10.317 10.370 11.042 10.507 9.627 10.428 10.958 9.971 9.941 10.980 11.144 10.873 11.481 11.854 11.136 10.411 9.766 8.787 8.213 7.145 6.291 5.479 4.897 4.120 3.765 3.072 2.565 2.231 1.926 1.744 1.466 1.417 1.082 1.407 1.534 1.909 2.063 1.726 1.348 0.893 0.961 1.083 1.501 1.626 1.949 2.289 2.444 2.938 3.120 2.899 2.861 2.549 2.862 3.227 3.304 2.954 2.750 2.318 1.972 1.775 1.526 1.553 1.418 1.103 1.094 1.138 0.993 0.510 0.000 0.498 0.638 0.793 0.760 1.008 1.135 1.238 1.666 2.085
6.903 6.575 6.942 7.843 8.193 8.802 9.260 9.714 10.109 9.709 9.530 8.820 8.740 9.158 9.570 10.242 10.074 10.596 10.392 9.769 10.417 10.786 10.067 10.004 11.142 11.137 10.890 11.762 11.917 11.228 10.376 9.941 8.683 8.656 7.399 6.510 5.634 5.062 4.224 3.829 3.092 2.573 2.278 2.005 1.785 1.499 1.416 1.149 1.496 1.481 1.905 2.091 1.782 1.308 0.922 0.914 0.987 1.298 1.487 1.841 2.076 2.389 2.775 2.999 2.750 2.586 2.494 2.704 3.107 3.075 2.654 2.488 2.162 1.812 1.654 1.363 1.491 1.202 0.905 1.046 1.118 1.084 0.642 0.493 0.000 0.499 0.628 0.768 0.883 1.133 1.093 1.485 1.846
6.742 6.436 6.551 7.553 8.102 8.705 9.065 9.877 10.521 10.214 9.835 8.876 8.734 9.252 9.640 10.097 10.218 10.767 10.677 9.713 10.351 11.064 10.370 9.955 11.062 11.514 10.946 11.869 12.007 10.925 10.211 9.696 8.786 8.325 7.138 6.281 5.549 5.014 4.343 3.886 3.232 2.741 2.383 2.044 1.945 1.553 1.560 1.248 1.611 1.669 2.066 2.314 2.026 1.479 0.944 0.937 1.020 1.346 1.467 1.933 2.144 2.302 2.803 3.066 2.698 2.633 2.499 2.680 3.130 3.241 2.701 2.523 2.182 1.856 1.691 1.401 1.519 1.274 0.964 1.054 1.068 1.069 0.726 0.614 0.493 0.000 0.512 0.680 0.985 1.164 1.207 1.587 1.945
7.511 7.442 7.313 8.459 8.848 9.499 9.818 10.521 11.138 10.485 10.255 9.485 9.389 9.799 10.324 11.194 11.013 11.883 11.566 10.429 11.411 11.864 10.872 10.844 12.239 12.222 11.876 12.741 12.929 12.055 11.013 10.808 9.397 9.032 7.887 7.122 6.290 5.569 4.931 4.308 3.667 3.194 2.724 2.414 2.255 1.696 1.768 1.429 1.768 1.827 2.265 2.526 2.152 1.719 1.191 1.128 1.224 1.540 1.846 2.227 2.677 2.908 3.336 3.492 3.332 3.199 2.926 3.176 3.637 3.719 3.381 3.167 2.753 2.298 2.154 1.716 1.726 1.506 1.124 1.138 1.139 1.172 0.815 0.727 0.636 0.503 0.000 0.540 0.886 1.245 1.318 1.792 2.213
7.213 7.445 7.496 8.370 9.042 9.765 9.721 10.609 11.191 10.584 10.582 9.525 9.824 10.182 10.558 11.232 11.115 12.028 11.551 10.775 11.289 11.692 10.857 10.630 12.090 11.892 11.497 12.403 12.654 11.923 10.985 10.658 9.409 9.425 8.348 7.320 6.514 5.596 4.560 4.167 3.583 3.012 2.619 2.262 2.023 1.664 1.699 1.447 1.949 1.925 2.361 2.598 2.467 2.232 1.660 1.560 1.990 2.274 2.587 3.025 3.410 3.576 3.995 4.093 4.068 3.979 3.652 3.947 4.530 4.339 4.018 3.632 3.151 2.751 2.723 2.206 2.394 2.162 1.779 1.626 1.591 1.509 1.120 1.001 0.886 0.783 0.536 0.000 0.770 1.066 1.409 2.081 2.380
7.722 7.714 7.823 8.875 9.239 9.934 10.520 11.289 11.539 11.320 10.613 9.969 9.675 10.210 10.735 11.384 11.362 12.114 11.963 11.299 11.627 12.561 11.665 11.444 12.288 12.930 12.290 12.793 12.770 12.235 11.114 10.663 9.739 9.136 8.153 7.295 6.506 5.689 4.801 4.541 3.821 3.221 2.863 2.455 2.339 1.910 2.044 1.803 2.060 2.237 2.607 2.794 2.920 2.675 2.255 2.296 2.757 2.970 3.115 3.490 3.973 4.439 4.832 5.115 4.848 4.457 4.006 3.982 4.767 4.954 4.265 4.271 3.868 3.201 2.993 2.562 2.643 2.561 2.029 2.355 2.126 2.009 1.688 1.272 1.247 1.262 0.904 0.647 0.000 0.650 0.974 1.797 2.404
6.541 6.514 6.745 7.867 8.350 9.216 9.456 10.210 10.784 10.142 10.127 9.128 8.735 9.103 9.619 10.196 10.334 10.957 10.791 10.147 10.585 11.353 10.757 10.322 11.550 11.719 11.062 11.887 12.469 11.542 10.714 10.245 9.704 8.599 7.785 6.505 5.452 4.857 3.988 3.647 2.958 2.571 2.044 1.968 1.897 1.418 1.819 1.794 2.046 2.317 2.810 3.070 2.885 2.387 1.960 1.924 1.820 2.096 2.038 2.298 2.529 2.747 3.191 3.601 3.318 2.999 2.667 2.853 3.315 3.368 2.792 2.677 2.358 2.040 1.870 1.642 1.896 1.932 1.608 1.882 2.066 1.988 1.830 1.608 1.208 1.111 1.086 0.753 0.543 0.000 0.589 1.224 1.722
7.296 6.755 7.356 8.492 8.930 9.293 9.944 10.130 10.982 10.464 10.174 9.450 9.440 9.699 10.106 10.823 10.621 11.365 11.039 10.543 11.032 11.621 10.860 10.828 11.491 12.089 11.335 12.216 12.327 11.652 11.330 10.187 9.765 8.929 8.334 6.809 5.991 5.394 4.669 4.128 3.304 2.846 2.278 2.104 2.034 1.710 2.025 2.026 2.403 2.607 2.994 3.431 3.016 2.862 2.171 1.896 1.630 1.929 1.902 2.277 2.461 2.886 3.265 3.811 3.262 2.953 2.704 2.778 3.355 3.531 2.988 2.882 2.506 2.080 1.723 1.398 1.594 1.637 1.438 1.901 2.202 2.319 2.044 1.845 1.269 1.463 1.556 1.210 1.109 0.550 0.000 0.604 1.124
10.047 10.102 10.941 11.274 12.101 13.108 13.092 14.170 14.083 14.114 13.417 12.844 12.394 12.930 13.207 13.936 14.194 14.773 14.723 13.924 14.302 15.200 14.720 14.056 15.210 15.383 15.266 15.476 15.839 14.790 13.910 13.246 13.019 12.175 11.124 10.252 9.127 8.227 7.169 6.595 5.462 4.886 4.081 3.715 3.261 2.750 2.652 3.163 3.621 4.789 5.182 5.863 5.338 5.097 3.980 3.749 3.307 3.355 3.547 4.087 4.432 5.587 5.989 6.807 5.983 5.543 4.338 4.300 5.403 5.918 4.923 5.436 4.032 3.989 3.252 2.415 2.326 2.466 2.635 3.453 4.200 4.389 4.070 3.382 2.667 2.903 3.207 2.406 2.133 1.412 0.672 0.000 0.719
13.470 13.612 13.553 14.598 14.968 15.575 16.513 17.477 17.181 17.123 16.003 15.475 14.490 14.546 15.670 16.525 16.450 17.308 17.640 16.284 17.392 17.743 17.504 17.892 18.437 18.653 19.479 18.921 19.807 18.836 17.947 17.081 16.219 14.854 14.491 12.905 12.153 10.457 9.776 9.420 7.673 7.170 6.752 5.559 6.020 5.136 6.044 5.971 7.215 8.274 8.640 9.210 8.799 8.370 7.454 6.437 5.066 4.845 5.116 5.458 6.116 8.213 8.464 8.800 7.922 7.850 6.474 6.822 8.081 8.310 7.522 8.056 6.504 5.481 4.599 3.738 3.365 3.718 4.093 5.294 6.728 6.986 6.849 6.245 4.407 4.626 4.846 4.133 3.437 2.931 2.171 0.959 0.001
