55.895
64.163
70.371
76.071
80.919
83.870
81.808
80.191
79.845
85.635
87.154
88.325
89.895
90.770
90.421
88.808
85.868
89.377
90.280
88.984
88.915
88.742
88.981
89.924
89.559
91.901
90.945
90.035
90.540
91.414
89.649
89.113
89.228
88.111
85.485
78.373
82.169
84.276
84.765
88.015
88.278
88.919
88.150
86.388
83.218
76.231
75.122
73.149
76.607
83.393
86.951
89.249
90.244
89.733
90.271
88.344
87.519
85.483
80.326
82.871
82.957
84.958
87.437
86.477
90.228
92.259
93.411
93.276
89.885
89.598
89.689
90.343
91.684
89.108
87.239
87.148
83.594
81.177
81.945
86.863
88.186
91.719
91.442
92.155
91.576
93.211
90.777
88.726
85.772
77.654
77.214
80.165
76.166
