77.614
85.606
88.992
89.149
89.125
89.306
88.262
90.038
90.339
89.701
89.964
88.809
91.035
92.571
94.022
93.534
94.360
94.711
92.901
90.900
93.833
94.395
94.032
92.731
91.762
94.267
94.536
94.819
95.167
95.092
95.477
95.216
95.131
94.732
94.886
93.149
92.338
91.360
87.616
90.042
91.354
92.798
93.261
93.704
93.000
92.235
90.255
86.201
72.517
69.578
60.793
73.318
82.866
87.381
88.916
90.692
90.722
91.853
90.650
90.609
88.106
81.605
78.262
78.225
86.002
90.413
90.832
92.316
93.994
95.173
94.404
93.223
93.347
92.355
93.028
92.335
89.180
88.056
86.804
85.919
86.631
88.947
90.958
91.987
93.778
92.926
93.361
93.186
93.259
91.390
88.957
80.639
64.343
