80.733
86.439
87.786
86.099
83.634
86.861
88.338
85.173
84.971
85.294
87.004
81.484
75.997
80.704
83.377
83.213
83.609
83.697
83.285
82.248
79.729
75.140
71.391
69.640
66.951
66.437
73.676
82.253
85.932
88.219
90.018
90.234
90.593
88.824
84.987
78.108
80.589
79.678
85.696
91.615
91.651
93.199
94.478
94.060
93.399
90.676
88.986
87.927
88.390
90.208
89.801
89.085
88.097
87.333
87.653
87.361
88.984
89.688
91.873
92.173
93.777
94.675
95.114
94.009
92.579
90.899
87.361
88.869
89.874
91.029
91.714
90.694
89.153
90.419
90.930
91.326
91.108
92.619
90.242
90.494
90.339
91.437
89.225
88.667
90.779
89.078
85.420
87.266
86.928
85.921
83.392
77.221
74.350
