71.573
78.383
80.937
83.354
80.601
79.053
81.100
83.980
78.439
73.703
76.118
80.950
80.843
82.558
82.764
83.708
83.350
80.414
78.448
74.870
72.890
72.344
71.734
77.216
83.434
86.937
88.553
89.807
89.764
89.912
87.922
83.739
76.888
80.337
79.138
85.083
90.954
90.904
92.423
94.029
93.751
93.794
92.094
91.110
91.393
91.634
91.578
90.130
89.172
88.940
87.761
89.421
89.418
91.035
91.114
92.683
92.792
93.658
94.242
94.759
93.816
92.300
90.794
87.181
88.322
89.345
90.590
91.462
90.277
88.573
90.230
90.807
91.089
90.972
92.710
90.284
90.610
91.009
91.928
90.400
90.041
91.761
89.707
86.783
89.174
89.413
88.667
87.523
86.968
86.881
88.809
87.227
81.162
