0.000 0.586 0.961 1.656 2.185 2.442 2.898 2.911 2.718 2.889 2.695 3.184 3.532 3.650 3.185 2.967 2.517 2.159 1.930 1.186 1.283 1.045 1.106 1.289 1.659 2.074 1.667 1.688 1.386 1.740 1.899 2.187 2.267 2.129 1.635 2.011 1.856 2.131 2.140 2.327 2.250 2.786 2.699 2.347 2.714 3.343 3.036 3.125 2.574 3.095 3.249 3.155 2.828 2.288 2.467 2.938 2.335 1.897 2.436 2.318 2.098 1.944 2.811 2.738 3.093 2.816 2.757 2.466 2.566 2.299 2.560 2.485 2.938 3.066 3.445 4.193 4.911 6.387 7.563 8.590 10.235 10.899 12.460 13.333 15.260 17.258 18.758 20.138 21.787 21.849 21.707 20.484 20.069
0.539 0.000 0.516 0.712 1.033 1.158 1.425 1.655 1.629 1.598 1.581 1.992 2.153 1.873 1.570 1.377 1.177 1.017 0.918 0.748 0.777 0.833 0.924 1.033 1.410 1.574 1.437 1.620 1.403 1.378 1.722 1.804 1.826 1.808 1.451 1.408 1.297 1.364 1.306 1.286 1.307 1.687 1.932 1.783 2.191 2.337 2.150 1.986 1.596 1.642 1.602 1.582 1.491 1.304 1.575 1.670 1.397 1.320 1.785 1.790 1.506 1.754 2.157 2.222 2.582 2.527 2.435 2.148 2.145 1.868 1.982 1.781 1.942 1.938 2.688 3.127 4.369 5.594 6.406 7.941 9.716 11.027 12.299 14.171 15.124 17.345 18.294 19.390 20.820 20.214 20.386 19.585 19.331
0.752 0.519 0.000 0.502 0.656 0.967 1.189 1.251 1.199 1.201 1.204 1.529 1.694 1.546 1.264 1.191 1.015 0.769 0.692 0.650 0.700 0.858 0.927 1.142 1.397 1.533 1.394 1.459 1.223 1.264 1.478 1.482 1.539 1.463 1.156 1.178 1.028 1.090 1.054 1.012 1.026 1.283 1.391 1.381 1.646 1.897 1.653 1.551 1.330 1.433 1.453 1.331 1.209 0.992 1.190 1.262 1.077 1.056 1.345 1.389 1.237 1.398 1.672 1.810 2.189 2.091 1.898 1.672 1.630 1.381 1.462 1.314 1.469 1.577 2.087 2.592 3.642 4.965 5.899 7.291 9.179 10.791 12.007 13.294 14.341 16.046 17.563 18.327 19.624 19.838 19.884 18.603 18.606
0.987 0.708 0.508 0.000 0.505 0.753 0.957 1.128 1.035 1.056 1.038 1.439 1.639 1.435 1.166 0.987 0.963 0.729 0.714 0.746 0.778 0.918 1.047 1.273 1.524 1.740 1.553 1.620 1.397 1.468 1.659 1.673 1.724 1.620 1.318 1.298 1.126 1.142 1.152 1.135 1.183 1.402 1.531 1.535 1.839 1.987 1.783 1.639 1.351 1.380 1.303 1.206 1.129 0.972 1.278 1.409 1.206 1.216 1.568 1.524 1.463 1.644 1.946 2.009 2.401 2.269 2.126 1.854 1.834 1.561 1.594 1.473 1.614 1.740 2.207 2.811 3.845 5.027 5.830 7.483 9.279 10.845 12.168 13.791 14.868 16.896 18.212 18.952 20.766 20.609 20.285 19.671 19.348
1.634 1.157 0.919 0.547 0.000 0.526 0.712 0.989 1.107 1.155 1.268 1.713 1.828 1.579 1.385 1.010 1.149 0.902 0.984 1.144 1.084 1.280 1.613 1.859 2.075 2.517 2.408 2.551 2.235 2.249 2.621 2.706 2.620 2.635 2.064 1.908 1.541 1.503 1.695 1.352 1.427 1.678 1.860 1.954 2.291 2.551 2.033 1.781 1.413 1.402 1.139 1.045 0.931 0.906 1.243 1.335 1.259 1.396 1.704 1.743 1.843 2.077 2.390 2.576 3.014 3.095 3.007 2.516 2.585 2.118 2.211 2.093 2.253 2.359 2.644 3.318 4.327 5.446 6.564 7.974 9.952 11.371 12.522 14.425 15.622 17.691 19.288 20.094 21.482 21.232 21.231 20.295 20.388
1.751 1.421 1.117 0.739 0.557 0.000 0.516 0.747 0.894 1.023 1.169 1.539 1.700 1.485 1.209 0.937 1.020 0.940 1.010 1.277 1.274 1.568 1.793 2.148 2.407 2.657 2.488 2.548 2.176 2.343 2.642 2.594 2.489 2.379 1.920 1.893 1.615 1.515 1.534 1.337 1.334 1.580 1.784 1.922 2.309 2.355 1.992 1.771 1.392 1.346 1.120 1.055 0.850 0.872 1.178 1.306 1.225 1.342 1.652 1.756 1.784 1.996 2.230 2.440 2.952 3.003 2.868 2.445 2.444 2.095 2.033 1.882 1.904 2.109 2.503 3.051 4.141 5.411 6.192 7.780 9.447 10.728 12.357 13.735 15.278 16.634 18.041 18.875 20.427 20.142 20.249 19.639 19.626
1.838 1.614 1.209 1.065 0.763 0.509 0.000 0.545 0.888 1.049 1.288 1.594 1.626 1.344 1.213 0.944 1.001 0.966 1.182 1.421 1.599 1.790 1.984 2.213 2.585 2.674 2.396 2.322 2.103 2.310 2.481 2.336 2.379 2.231 1.944 2.020 1.871 1.716 1.607 1.376 1.247 1.409 1.498 1.482 1.792 1.932 1.657 1.493 1.125 1.231 0.994 0.819 0.729 0.892 1.139 1.187 1.070 1.299 1.495 1.514 1.520 1.786 2.015 2.037 2.585 2.575 2.339 1.972 1.971 1.702 1.739 1.746 1.932 2.119 2.604 3.271 4.337 5.533 6.556 7.979 9.819 11.043 12.521 13.980 15.058 16.926 17.756 19.101 20.781 20.537 20.251 19.639 19.180
3.115 2.606 2.060 1.669 1.262 0.775 0.565 0.000 0.641 1.245 1.654 2.013 2.026 1.659 1.618 1.152 1.377 1.550 1.959 2.381 2.532 3.027 3.413 3.747 4.025 4.431 4.102 3.916 3.609 3.890 4.237 3.771 4.000 3.736 3.329 3.405 3.146 2.765 2.550 2.154 2.024 1.935 2.070 2.290 2.665 2.633 2.315 1.888 1.599 1.420 1.203 1.112 0.969 1.266 1.720 1.868 1.727 2.214 2.406 2.458 2.402 2.925 3.168 3.251 4.107 4.139 3.830 3.242 3.161 2.792 2.554 2.654 2.674 3.071 3.418 4.211 5.203 6.359 7.214 8.740 10.522 11.462 13.129 14.623 15.424 17.774 18.975 19.704 21.253 20.814 20.704 20.077 19.690
3.372 2.637 2.172 1.471 1.105 1.020 0.929 0.604 0.000 0.570 0.945 1.421 1.802 1.640 1.568 1.399 1.606 2.015 1.730 2.290 2.150 2.766 3.376 3.834 4.098 4.781 4.583 4.604 4.067 4.219 4.542 4.474 4.192 4.078 3.470 3.141 2.580 2.304 2.475 2.499 2.687 2.990 3.423 3.662 3.935 4.030 3.684 3.204 2.695 2.487 2.031 1.812 1.390 1.485 2.062 2.244 2.660 2.816 3.129 3.251 3.402 4.065 4.295 4.299 5.079 5.434 4.990 4.521 4.343 3.927 3.810 3.547 3.286 3.342 3.654 4.154 5.054 6.336 7.126 8.697 10.242 11.464 12.842 14.326 15.152 16.867 18.183 18.927 20.502 20.152 20.145 19.483 19.601
3.005 2.741 1.992 1.537 1.158 1.233 1.212 0.903 0.527 0.000 0.577 1.180 1.647 1.561 1.524 1.307 1.637 1.946 1.823 2.229 2.342 2.836 3.079 3.611 4.017 4.457 4.287 4.171 3.759 4.047 4.312 4.236 4.236 3.937 3.287 2.984 2.696 2.430 2.393 2.338 2.712 2.879 3.273 3.266 3.757 3.897 3.529 3.361 2.615 2.639 2.193 1.959 1.600 1.710 2.034 2.426 2.292 2.655 2.922 3.086 3.093 3.313 3.642 3.988 4.501 4.659 4.489 4.062 4.149 3.561 3.379 3.198 3.089 3.107 3.492 3.794 4.786 5.848 6.797 8.417 10.036 11.421 12.568 14.333 15.419 17.427 18.492 19.456 20.913 20.600 20.384 20.245 19.965
3.431 2.850 2.402 1.765 1.327 1.433 1.375 1.471 1.125 0.589 0.000 0.751 1.379 1.492 1.303 1.207 1.616 1.833 1.935 2.423 2.304 3.108 3.687 4.194 4.426 5.003 4.622 4.827 4.447 4.545 5.004 4.956 4.678 4.329 3.816 3.684 3.029 2.502 2.609 2.639 2.839 3.020 3.586 3.734 4.350 4.797 4.069 3.637 2.920 2.657 2.323 2.439 2.031 2.084 2.976 3.033 2.967 3.318 3.888 3.515 3.750 4.388 4.672 4.600 5.674 5.627 5.324 4.648 4.512 4.119 4.092 3.618 3.266 3.802 3.542 4.159 5.086 5.941 7.069 8.457 9.981 11.381 12.668 14.382 15.349 17.078 18.103 19.291 20.408 20.138 20.148 19.348 19.402
3.572 2.813 2.267 1.778 1.516 1.934 2.234 2.262 1.790 1.258 0.621 0.000 0.578 1.132 1.536 1.864 1.987 2.229 2.088 2.854 2.809 3.302 3.816 4.166 4.700 5.286 4.592 4.811 4.583 4.968 5.450 5.277 5.402 5.253 4.363 4.339 3.612 3.027 3.330 2.851 3.493 3.570 4.156 4.400 4.755 5.198 4.628 4.089 3.451 3.297 2.900 2.957 2.974 2.335 3.077 3.418 3.103 3.129 3.734 3.955 3.690 3.989 4.609 4.622 5.367 5.388 5.339 4.991 5.132 4.829 4.666 4.136 3.807 4.045 4.091 4.740 5.613 6.461 7.554 9.114 10.563 12.185 13.338 14.910 16.097 17.661 19.011 20.018 21.257 21.183 20.965 20.609 20.603
5.018 4.395 3.466 2.819 2.707 2.883 2.455 3.031 2.609 1.602 1.502 0.731 0.000 0.708 1.386 2.044 2.642 2.979 2.992 3.302 3.380 3.826 4.458 5.244 5.532 6.381 6.267 5.897 6.047 5.715 6.360 6.196 6.116 5.667 4.969 4.417 3.640 3.492 3.515 3.323 3.853 4.265 4.758 5.406 5.742 5.891 5.576 4.854 3.878 3.647 3.338 3.281 3.722 4.012 4.545 4.597 4.525 5.157 5.610 5.440 5.631 6.226 6.326 6.554 6.931 7.059 6.876 6.542 5.950 5.439 5.055 4.750 4.066 4.182 4.215 5.208 5.992 7.098 8.165 9.466 11.105 12.726 13.901 15.638 16.872 18.614 19.970 20.938 22.322 22.292 21.827 20.654 21.374
4.141 3.608 2.955 2.415 1.736 1.620 1.570 1.901 1.834 1.448 1.566 1.137 0.588 0.000 0.602 0.911 1.161 1.815 2.288 3.003 3.252 3.963 4.505 5.034 5.691 5.898 5.434 5.146 4.759 5.279 5.460 5.154 5.258 4.640 4.107 4.023 3.684 3.062 2.928 2.280 2.371 2.093 2.301 2.868 3.119 2.968 2.645 2.208 2.101 1.651 1.661 1.993 2.272 2.473 2.991 2.840 2.644 3.270 3.624 3.103 3.449 4.187 4.147 4.073 4.954 5.064 4.624 4.146 3.652 3.284 2.738 2.909 2.866 3.113 3.516 4.284 5.230 6.256 7.406 8.968 10.605 12.015 13.211 14.709 15.906 17.032 18.686 19.650 20.884 20.770 20.594 20.137 20.459
2.419 2.010 1.579 1.319 0.985 0.978 1.099 1.387 1.313 1.002 1.262 1.235 0.833 0.557 0.000 0.508 0.696 0.983 1.267 1.627 1.763 2.338 2.631 2.924 3.324 3.459 3.166 3.018 2.755 3.075 3.236 3.105 3.106 2.722 2.490 2.345 2.138 1.762 1.741 1.373 1.398 1.574 1.818 1.895 2.233 2.276 1.949 1.750 1.354 1.328 1.266 1.292 1.299 1.397 1.558 1.576 1.365 1.646 1.749 1.808 1.940 2.104 2.310 2.488 2.893 2.997 2.856 2.546 2.456 2.228 2.163 1.961 2.072 2.294 2.606 3.186 4.170 5.290 6.370 7.935 9.590 11.200 12.515 14.249 15.421 17.263 18.445 20.175 21.286 21.209 20.858 20.132 20.301
2.079 1.803 1.366 1.275 0.910 0.893 0.955 1.229 1.285 1.091 1.333 1.353 1.133 0.786 0.497 0.000 0.530 0.688 0.999 1.402 1.634 2.076 2.234 2.590 2.894 2.958 2.608 2.369 2.234 2.602 2.656 2.404 2.691 2.328 2.018 2.089 1.972 1.667 1.568 1.128 1.072 1.247 1.392 1.455 1.732 1.914 1.644 1.494 1.144 1.156 1.089 1.118 1.152 1.176 1.490 1.380 1.190 1.461 1.681 1.535 1.584 1.846 2.030 2.043 2.571 2.541 2.297 1.937 1.898 1.643 1.652 1.594 1.622 1.941 2.339 2.989 4.176 5.287 6.281 7.842 9.525 10.819 12.359 13.648 14.710 16.554 17.857 19.021 20.356 20.231 19.944 19.191 19.443
1.281 1.067 0.804 0.807 0.703 0.763 0.946 1.165 1.163 1.023 1.288 1.331 1.231 0.962 0.629 0.507 0.000 0.496 0.643 0.860 1.050 1.270 1.441 1.651 1.926 2.070 1.837 1.822 1.603 1.817 1.990 1.922 1.973 1.791 1.473 1.472 1.357 1.213 1.121 0.871 0.805 1.057 1.200 1.284 1.555 1.733 1.503 1.331 1.042 1.084 1.017 1.020 1.057 1.015 1.271 1.271 1.057 1.160 1.398 1.359 1.274 1.495 1.751 1.770 2.205 2.140 2.001 1.644 1.592 1.326 1.386 1.261 1.451 1.675 2.095 2.683 3.741 4.967 5.846 7.379 9.169 10.517 11.972 13.381 14.955 16.761 17.783 19.231 20.974 20.765 20.617 20.022 19.746
1.073 0.873 0.649 0.649 0.649 0.683 0.861 1.004 0.995 0.966 1.115 1.260 1.372 1.214 0.857 0.633 0.499 0.000 0.499 0.566 0.750 0.895 1.004 1.284 1.428 1.672 1.482 1.429 1.254 1.309 1.476 1.390 1.360 1.210 0.992 0.983 0.887 0.864 0.704 0.611 0.622 0.767 0.878 0.961 1.161 1.304 1.122 1.002 0.801 0.902 0.916 0.892 0.847 0.820 0.989 0.975 0.806 0.951 1.102 1.069 1.056 1.253 1.471 1.516 1.935 1.846 1.595 1.338 1.194 0.998 0.959 0.886 0.976 1.175 1.700 2.308 3.372 4.586 5.430 6.881 8.814 9.801 11.423 12.826 13.969 15.896 17.104 18.275 19.373 19.314 19.542 18.664 18.877
0.960 0.736 0.616 0.645 0.674 0.732 0.926 1.097 1.128 1.058 1.098 1.380 1.479 1.270 1.004 0.777 0.590 0.494 0.000 0.493 0.582 0.728 0.831 1.058 1.246 1.498 1.342 1.342 1.136 1.151 1.366 1.296 1.238 1.117 0.911 0.849 0.734 0.708 0.655 0.613 0.674 0.864 0.974 1.064 1.296 1.421 1.238 1.091 0.935 0.992 0.982 0.941 0.943 0.886 1.090 1.054 0.910 1.017 1.189 1.158 1.170 1.342 1.565 1.611 2.027 1.926 1.740 1.429 1.322 1.080 1.058 0.926 0.992 1.175 1.664 2.271 3.399 4.669 5.656 7.398 9.141 10.433 11.823 13.389 14.993 16.708 17.961 19.160 20.589 20.495 20.209 19.825 19.587
0.836 0.658 0.599 0.653 0.791 0.958 1.144 1.311 1.319 1.245 1.203 1.416 1.646 1.474 1.147 1.016 0.788 0.582 0.492 0.000 0.497 0.570 0.738 0.988 1.210 1.438 1.277 1.312 1.107 1.149 1.357 1.310 1.239 1.091 0.895 0.736 0.625 0.666 0.628 0.642 0.697 0.897 1.018 1.082 1.331 1.464 1.289 1.162 1.022 1.103 1.177 1.126 1.115 1.022 1.171 1.176 0.991 1.016 1.235 1.192 1.121 1.297 1.542 1.641 2.011 1.898 1.734 1.441 1.349 1.088 1.068 0.958 1.005 1.145 1.686 2.183 3.390 4.596 5.454 7.152 8.816 10.029 11.890 13.102 14.519 16.073 16.998 18.599 19.669 19.541 19.518 18.778 18.647
0.995 0.694 0.714 0.877 1.132 1.383 1.638 1.853 1.730 1.678 1.469 1.767 2.115 1.991 1.641 1.424 1.135 0.862 0.654 0.500 0.000 0.518 0.865 1.203 1.466 1.825 1.667 1.746 1.469 1.541 1.902 1.763 1.726 1.552 1.161 1.047 0.775 0.863 0.868 0.900 0.928 1.184 1.224 1.315 1.536 1.723 1.541 1.428 1.282 1.352 1.516 1.474 1.567 1.393 1.638 1.539 1.277 1.375 1.638 1.451 1.425 1.699 1.934 1.922 2.415 2.351 2.096 1.743 1.599 1.322 1.317 1.175 1.339 1.461 2.025 2.588 3.758 5.019 5.915 7.677 9.325 10.434 12.125 13.549 14.668 16.383 17.981 18.946 20.431 19.954 19.921 19.231 18.986
0.925 0.811 0.953 1.029 1.311 1.649 1.890 2.009 1.818 1.613 1.503 1.749 1.963 1.915 1.696 1.694 1.511 1.317 0.962 0.739 0.527 0.000 0.503 0.798 1.049 1.327 1.182 1.334 1.148 1.031 1.291 1.456 1.435 1.560 1.250 1.141 0.880 1.151 1.265 1.388 1.539 2.006 2.226 2.088 2.415 2.898 2.641 2.541 2.079 2.160 2.161 2.170 2.011 1.760 2.129 2.290 1.885 1.855 2.343 2.317 1.937 2.223 2.630 2.612 2.881 2.641 2.488 2.234 2.296 1.993 2.121 1.791 1.957 1.942 2.297 2.941 4.029 5.190 6.228 7.864 9.686 10.988 12.337 14.012 14.908 16.931 18.111 18.824 20.281 19.921 19.807 19.394 19.360
0.800 0.856 1.007 1.245 1.547 1.759 2.042 2.143 2.058 1.919 1.790 2.015 2.314 2.252 1.957 1.851 1.574 1.318 1.088 0.804 0.751 0.507 0.000 0.521 0.725 1.047 0.975 1.098 0.932 0.807 1.097 1.174 1.129 1.184 0.993 1.018 0.859 1.132 1.165 1.296 1.313 1.658 1.747 1.591 1.827 2.135 2.076 2.008 1.806 1.929 2.116 1.981 2.056 1.766 1.944 2.002 1.701 1.648 1.953 1.815 1.572 1.760 2.091 2.021 2.282 2.084 1.899 1.708 1.686 1.502 1.648 1.517 1.719 1.674 2.248 2.723 3.781 5.054 6.036 7.432 9.344 10.486 12.049 13.919 14.686 17.152 18.041 19.320 20.844 20.682 20.454 19.457 19.427
0.953 1.125 1.342 1.664 1.926 2.231 2.481 2.691 2.565 2.361 2.265 2.496 2.774 2.760 2.337 2.227 1.863 1.661 1.354 1.042 1.106 0.807 0.519 0.000 0.515 0.720 0.834 1.132 0.978 0.890 1.150 1.374 1.407 1.463 1.210 1.251 1.166 1.445 1.417 1.521 1.677 1.951 2.086 2.044 2.286 2.703 2.530 2.446 2.223 2.279 2.400 2.461 2.461 2.201 2.589 2.493 2.135 2.128 2.481 2.308 2.004 2.216 2.607 2.548 2.755 2.489 2.353 2.126 2.120 1.871 1.981 1.848 1.925 1.998 2.480 3.035 4.137 5.382 6.355 8.094 10.021 11.284 12.463 14.554 15.056 17.337 18.413 19.595 20.622 20.468 20.138 19.335 19.630
1.190 1.391 1.745 2.058 2.482 2.899 3.279 3.328 3.177 3.045 2.875 3.066 3.550 3.682 3.214 3.088 2.675 2.312 2.058 1.533 1.495 1.132 0.854 0.507 0.000 0.607 0.813 1.166 1.173 0.940 1.225 1.544 1.610 1.925 1.628 1.759 1.639 2.070 2.039 2.258 2.240 2.730 2.791 2.470 2.868 3.352 3.229 3.236 2.922 3.143 3.392 3.263 3.166 2.704 2.985 3.049 2.667 2.534 2.896 2.803 2.403 2.662 2.997 2.910 3.124 2.794 2.634 2.468 2.509 2.360 2.664 2.540 2.868 2.791 3.326 3.917 4.969 6.108 7.332 8.614 10.537 12.109 13.617 15.434 15.910 18.259 19.071 20.239 21.705 21.711 20.864 20.335 20.461
1.877 2.070 2.508 3.076 3.660 4.172 4.501 4.649 4.514 4.316 3.991 4.208 4.816 5.033 4.601 4.336 3.780 3.354 2.881 2.283 2.189 1.780 1.338 0.910 0.607 0.000 0.659 1.015 1.352 1.080 1.287 1.723 1.944 2.229 2.142 2.263 2.177 2.725 2.839 3.080 3.069 3.461 3.376 3.078 3.065 3.681 3.703 3.978 3.923 4.149 4.412 4.369 4.219 3.805 3.851 3.767 3.454 3.247 3.401 3.264 2.769 2.878 3.123 2.969 2.958 2.499 2.514 2.510 2.738 2.901 3.113 3.242 3.632 3.567 4.079 4.522 5.373 6.338 7.500 8.617 10.550 12.049 12.993 15.107 15.415 17.813 18.997 20.074 21.409 21.567 20.951 19.863 20.592
1.660 1.775 2.208 2.732 3.194 3.348 3.577 3.889 3.853 3.576 3.520 3.655 4.197 4.240 3.712 3.459 3.082 2.681 2.464 1.978 2.057 1.747 1.237 1.066 0.764 0.596 0.000 0.523 0.698 0.817 0.868 0.888 1.395 1.578 1.559 1.859 2.090 2.588 2.336 2.640 2.268 2.591 2.400 2.089 2.193 2.541 2.729 2.909 2.944 3.148 3.427 3.392 3.407 3.096 3.248 3.120 2.768 2.572 2.877 2.650 2.143 2.354 2.645 2.420 2.520 2.137 1.894 1.774 1.754 1.939 2.210 2.420 2.759 2.915 3.521 4.035 4.988 6.371 7.139 8.351 10.181 11.265 12.379 14.644 15.967 17.568 19.155 20.856 21.891 21.653 21.206 20.050 20.960
1.317 1.567 1.830 2.145 2.566 2.723 3.073 3.231 3.165 3.130 2.911 3.140 3.560 3.537 3.123 2.893 2.460 2.161 1.941 1.593 1.697 1.463 1.093 1.048 0.991 0.846 0.504 0.000 0.499 0.609 0.673 0.636 0.830 0.947 1.055 1.326 1.597 1.919 1.750 1.935 1.848 2.074 1.984 1.884 1.999 2.352 2.413 2.493 2.410 2.610 2.937 2.829 2.885 2.563 2.662 2.686 2.311 2.199 2.404 2.246 1.887 2.056 2.344 2.172 2.412 2.074 1.853 1.709 1.604 1.550 1.731 1.802 2.021 2.103 2.610 3.045 4.064 5.385 6.284 7.777 9.274 10.378 11.958 13.356 14.314 16.622 17.897 19.188 20.661 20.460 20.088 19.368 19.882
1.171 1.383 1.547 1.910 2.240 2.423 2.761 2.869 2.862 2.728 2.700 2.889 3.185 3.110 2.756 2.560 2.200 1.930 1.758 1.379 1.480 1.224 0.910 0.952 0.982 0.919 0.612 0.495 0.000 0.498 0.594 0.665 0.717 0.932 0.994 1.164 1.373 1.679 1.507 1.764 1.624 1.979 1.925 1.720 1.871 2.249 2.233 2.326 2.183 2.384 2.631 2.520 2.499 2.303 2.415 2.343 1.983 1.916 2.125 1.990 1.668 1.826 2.098 1.975 2.140 1.945 1.698 1.610 1.585 1.505 1.760 1.656 1.994 1.924 2.499 2.914 3.979 5.336 6.202 7.611 9.104 10.348 11.848 13.355 14.258 16.490 17.681 18.992 20.186 20.557 20.229 19.404 19.628
1.175 1.303 1.424 1.790 2.005 2.111 2.484 2.572 2.494 2.495 2.414 2.540 2.815 2.856 2.403 2.288 1.973 1.767 1.549 1.283 1.362 1.136 0.866 0.927 0.894 0.849 0.626 0.560 0.490 0.000 0.499 0.587 0.751 0.934 0.972 1.173 1.300 1.546 1.405 1.596 1.565 1.772 1.822 1.624 1.819 2.095 2.103 2.109 2.010 2.155 2.381 2.258 2.293 2.030 2.181 2.194 1.914 1.828 2.042 1.904 1.635 1.814 2.042 1.945 2.168 1.891 1.691 1.533 1.569 1.451 1.649 1.623 1.839 1.885 2.348 2.853 4.003 5.261 6.329 7.919 9.885 10.882 12.507 13.927 14.960 16.578 18.083 19.269 20.644 20.373 20.588 19.789 19.822
1.268 1.421 1.704 2.027 2.428 2.626 2.941 3.014 2.937 2.918 2.690 2.921 3.240 3.273 2.980 2.831 2.455 2.205 1.922 1.542 1.545 1.288 0.976 0.997 0.997 0.953 0.758 0.669 0.599 0.499 0.000 0.515 0.698 0.965 1.114 1.371 1.527 1.828 1.773 2.011 1.885 2.174 2.207 1.939 2.067 2.450 2.446 2.614 2.374 2.666 2.928 2.763 2.764 2.402 2.549 2.607 2.247 2.117 2.425 2.273 1.911 2.100 2.461 2.257 2.425 2.104 1.883 1.762 1.768 1.721 2.006 1.938 2.143 2.235 2.648 3.135 4.208 5.314 6.479 7.854 9.690 10.803 11.970 13.677 15.026 15.942 17.639 18.863 19.949 20.402 19.695 19.847 19.463
1.613 1.682 1.909 2.230 2.523 2.655 2.906 2.996 2.997 2.946 2.847 3.002 3.397 3.272 2.917 2.680 2.379 2.119 1.985 1.643 1.719 1.533 1.261 1.293 1.230 1.139 0.883 0.735 0.692 0.652 0.510 0.000 0.625 0.778 0.938 1.346 1.550 1.790 1.612 1.838 1.741 2.033 1.936 1.788 1.921 2.275 2.261 2.363 2.298 2.443 2.758 2.657 2.727 2.545 2.645 2.596 2.289 2.181 2.461 2.252 1.926 2.101 2.393 2.173 2.405 2.098 1.778 1.772 1.550 1.549 1.673 1.767 2.031 1.996 2.453 2.839 4.110 5.513 6.334 7.847 9.374 10.446 11.909 13.456 14.694 16.507 17.675 19.053 20.357 20.273 20.235 19.992 18.998
2.054 2.228 2.417 2.801 3.096 3.460 3.668 3.915 3.794 3.573 3.234 3.298 3.831 3.904 3.271 3.260 2.814 2.561 2.320 1.904 2.111 1.979 1.538 1.713 1.661 1.501 1.327 1.054 0.965 0.930 0.737 0.558 0.000 0.568 0.780 1.268 1.670 1.900 1.678 2.045 2.141 2.412 2.497 2.240 2.406 2.946 2.966 3.144 2.966 3.055 3.562 3.518 3.649 3.423 3.554 3.495 2.986 2.899 3.187 2.941 2.475 2.734 2.927 2.690 2.795 2.314 2.082 1.976 1.993 1.876 2.049 1.894 1.993 1.904 2.331 2.707 3.946 5.198 5.882 7.330 9.227 10.586 12.168 13.808 14.859 16.964 17.837 19.333 20.522 20.329 20.113 19.845 19.223
1.644 1.766 1.743 1.869 2.057 2.196 2.425 2.727 2.583 2.383 2.255 2.346 2.592 2.571 2.082 2.033 1.716 1.660 1.434 1.217 1.509 1.521 1.251 1.572 1.610 1.576 1.509 1.318 0.995 0.940 0.916 0.670 0.533 0.000 0.533 0.849 1.156 1.242 1.017 1.195 1.389 1.534 1.710 1.785 1.964 2.287 2.199 2.097 1.966 1.913 2.233 2.269 2.473 2.303 2.559 2.472 2.159 2.267 2.514 2.307 2.083 2.410 2.642 2.432 2.740 2.501 2.128 1.788 1.715 1.366 1.376 1.273 1.355 1.498 2.000 2.636 3.786 4.972 5.828 6.846 9.073 10.302 11.871 13.471 14.289 16.634 17.396 19.027 20.520 20.325 20.075 20.136 19.468
1.206 1.292 1.268 1.539 1.678 1.875 2.040 2.265 2.183 2.032 1.992 2.040 2.247 2.229 1.919 1.833 1.554 1.369 1.103 0.895 1.073 1.030 0.928 1.254 1.362 1.501 1.376 1.255 0.963 0.991 1.106 0.864 0.750 0.515 0.000 0.508 0.673 0.904 0.781 1.044 1.123 1.371 1.453 1.442 1.623 1.869 1.819 1.758 1.654 1.778 1.963 1.996 2.022 1.904 2.111 2.083 1.679 1.760 2.036 1.775 1.621 1.893 2.127 1.977 2.355 2.181 1.805 1.565 1.364 1.197 1.230 1.120 1.234 1.295 1.863 2.367 3.435 4.667 5.406 6.662 8.788 9.826 11.369 12.518 13.693 15.137 17.159 17.878 19.452 19.560 19.572 18.984 18.983
1.455 1.341 1.261 1.359 1.446 1.773 2.021 2.188 2.006 1.910 1.721 1.843 2.097 2.130 1.767 1.748 1.491 1.290 0.965 0.752 0.843 0.929 1.011 1.440 1.589 1.835 1.675 1.556 1.200 1.222 1.406 1.181 0.964 0.739 0.518 0.000 0.497 0.666 0.665 0.977 1.156 1.384 1.509 1.520 1.772 2.029 1.978 1.896 1.739 1.841 1.994 1.983 2.034 1.861 2.070 2.137 1.761 1.896 2.124 2.001 1.817 2.151 2.360 2.204 2.573 2.383 2.048 1.774 1.564 1.342 1.298 1.170 1.225 1.240 1.831 2.328 3.466 4.693 5.606 7.166 9.224 10.256 11.812 13.227 13.960 16.031 17.631 18.800 20.315 20.104 19.881 19.984 19.194
1.220 1.092 1.059 1.161 1.328 1.543 1.753 1.913 1.858 1.721 1.610 1.755 1.983 1.897 1.570 1.529 1.303 1.121 0.865 0.680 0.750 0.819 0.917 1.242 1.438 1.721 1.602 1.610 1.271 1.249 1.452 1.334 1.193 1.011 0.738 0.507 0.000 0.535 0.613 0.872 1.056 1.322 1.529 1.534 1.802 2.006 1.949 1.837 1.623 1.691 1.779 1.824 1.828 1.640 1.863 1.923 1.610 1.671 1.962 1.899 1.705 1.967 2.206 2.152 2.496 2.390 2.118 1.888 1.767 1.439 1.416 1.180 1.212 1.212 1.726 2.211 3.370 4.741 5.573 7.178 8.841 10.042 11.700 13.443 14.574 16.244 18.220 18.990 20.847 20.337 20.384 19.969 19.548
1.467 1.370 1.304 1.423 1.602 1.885 2.157 2.410 2.316 2.161 1.999 2.091 2.332 2.218 1.815 1.754 1.382 1.264 0.912 0.774 0.837 0.900 1.068 1.410 1.633 1.983 1.905 1.983 1.595 1.583 1.933 1.801 1.636 1.385 0.998 0.742 0.529 0.000 0.540 0.738 1.031 1.255 1.662 1.875 2.104 2.324 2.242 1.977 1.826 1.592 1.882 2.104 2.220 2.102 2.366 2.438 1.994 2.128 2.510 2.409 2.150 2.460 2.793 2.669 3.099 2.943 2.638 2.236 2.069 1.655 1.478 1.089 0.997 1.113 1.678 2.273 3.488 4.777 5.776 7.478 9.147 10.417 11.773 13.394 14.512 16.450 17.889 19.158 20.358 20.312 19.910 19.674 19.445
1.233 1.093 0.991 1.045 1.082 1.223 1.447 1.637 1.625 1.559 1.505 1.663 1.869 1.698 1.367 1.253 0.941 0.788 0.634 0.720 0.827 0.938 1.018 1.305 1.538 1.818 1.661 1.608 1.312 1.329 1.538 1.369 1.297 1.092 0.837 0.651 0.626 0.510 0.000 0.505 0.638 0.838 1.061 1.209 1.490 1.571 1.498 1.233 1.115 1.093 1.281 1.307 1.396 1.385 1.513 1.487 1.294 1.422 1.609 1.516 1.452 1.750 1.902 1.985 2.350 2.277 2.030 1.621 1.432 1.126 1.044 0.808 0.855 0.934 1.567 2.220 3.310 4.514 5.245 6.614 8.441 9.965 11.733 12.734 13.939 15.796 17.056 18.145 19.358 19.163 19.284 19.194 18.439
1.548 1.397 1.130 1.203 1.242 1.344 1.664 1.853 1.863 1.752 1.646 1.823 2.049 1.964 1.532 1.409 1.001 0.863 0.735 0.831 1.080 1.318 1.422 1.839 2.011 2.302 2.038 1.986 1.635 1.798 2.002 1.769 1.725 1.427 1.079 0.935 0.907 0.726 0.518 0.000 0.517 0.680 0.817 0.979 1.260 1.359 1.214 1.082 0.975 1.112 1.371 1.400 1.550 1.472 1.618 1.506 1.214 1.450 1.602 1.376 1.414 1.721 1.831 1.844 2.337 2.333 2.053 1.582 1.361 1.007 0.906 0.722 0.768 0.899 1.513 2.158 3.335 4.717 5.570 7.012 8.807 10.225 11.633 12.810 14.284 16.188 17.487 18.692 20.067 20.202 20.031 19.649 19.128
1.182 1.039 0.844 0.911 0.883 0.914 1.059 1.253 1.325 1.264 1.396 1.516 1.631 1.466 1.144 1.011 0.756 0.609 0.606 0.685 0.897 1.027 1.083 1.366 1.533 1.737 1.536 1.430 1.209 1.307 1.449 1.328 1.345 1.127 0.910 0.909 0.890 0.831 0.607 0.499 0.000 0.496 0.549 0.676 0.867 0.953 0.846 0.700 0.649 0.783 0.957 0.917 1.002 1.019 1.113 1.020 0.874 1.011 1.078 0.963 0.960 1.192 1.318 1.354 1.775 1.728 1.443 1.119 0.960 0.701 0.634 0.609 0.709 0.984 1.615 2.190 3.243 4.671 5.610 6.945 9.004 10.377 11.820 13.122 14.012 15.581 17.016 17.994 19.273 19.387 19.265 18.847 18.581
1.328 1.159 1.031 1.124 1.104 1.083 1.219 1.457 1.465 1.514 1.536 1.725 1.881 1.677 1.300 1.161 0.923 0.795 0.805 0.835 1.053 1.152 1.207 1.462 1.657 1.801 1.592 1.506 1.317 1.388 1.527 1.358 1.363 1.181 0.956 1.010 1.023 0.955 0.766 0.614 0.491 0.000 0.497 0.609 0.821 0.895 0.725 0.608 0.663 0.803 0.970 1.004 1.161 1.163 1.231 1.132 0.961 1.114 1.193 1.031 1.068 1.289 1.370 1.410 1.854 1.764 1.537 1.167 0.973 0.712 0.604 0.621 0.776 1.064 1.661 2.318 3.425 4.689 5.809 7.270 9.481 10.500 12.084 13.150 14.059 16.066 17.149 18.328 19.780 19.852 19.447 19.576 18.837
1.510 1.343 1.133 1.209 1.145 1.103 1.194 1.418 1.515 1.450 1.571 1.697 1.850 1.592 1.266 1.134 0.970 0.872 0.934 0.995 1.272 1.332 1.365 1.568 1.735 1.814 1.575 1.421 1.285 1.440 1.527 1.331 1.433 1.231 1.078 1.193 1.237 1.174 0.923 0.738 0.560 0.494 0.000 0.490 0.577 0.704 0.619 0.573 0.614 0.775 0.958 0.942 1.083 1.113 1.179 1.001 0.870 0.991 1.017 0.807 0.849 1.040 1.111 1.105 1.539 1.415 1.234 0.842 0.771 0.588 0.634 0.767 0.856 1.127 1.703 2.293 3.522 4.897 5.759 7.167 9.010 10.133 11.957 13.261 14.382 16.065 17.831 18.725 20.261 20.445 20.191 20.337 19.534
1.504 1.268 1.148 1.272 1.237 1.153 1.255 1.469 1.621 1.646 1.748 1.926 2.036 1.792 1.466 1.254 1.063 0.949 1.038 1.031 1.309 1.368 1.324 1.512 1.709 1.760 1.518 1.365 1.239 1.416 1.445 1.307 1.403 1.265 1.091 1.241 1.321 1.284 1.045 0.902 0.665 0.600 0.495 0.000 0.503 0.697 0.576 0.585 0.634 0.835 1.005 0.959 1.112 1.128 1.209 1.024 0.885 0.986 1.010 0.828 0.761 0.998 1.072 1.032 1.519 1.457 1.161 0.845 0.754 0.607 0.674 0.839 1.054 1.340 1.956 2.432 3.657 4.947 5.887 7.508 8.981 10.526 12.025 13.456 14.488 16.052 17.688 18.766 20.440 20.388 20.259 19.555 19.417
1.728 1.704 1.587 1.751 1.804 1.738 1.930 2.227 2.297 2.357 2.361 2.548 2.820 2.601 2.153 1.907 1.631 1.385 1.441 1.495 1.717 1.856 1.789 2.019 2.152 2.329 2.010 1.775 1.649 1.874 1.962 1.780 1.940 1.741 1.569 1.780 1.848 1.851 1.555 1.402 1.052 1.111 0.785 0.525 0.000 0.793 0.676 0.924 1.035 1.389 1.628 1.473 1.699 1.683 1.789 1.476 1.244 1.453 1.461 1.145 1.131 1.489 1.462 1.330 1.836 1.748 1.391 0.962 0.854 0.767 1.016 1.320 1.615 1.941 2.440 3.093 4.081 5.429 6.460 7.543 9.609 10.089 12.151 13.214 14.470 16.219 17.844 19.197 20.429 20.310 20.230 19.857 19.757
2.627 2.792 2.460 2.832 2.725 2.343 2.272 2.754 3.177 3.110 3.432 3.454 3.731 3.282 2.798 2.461 2.237 2.148 2.567 2.440 3.024 3.163 2.824 3.022 3.303 3.122 2.653 2.274 2.251 2.646 2.583 2.223 2.677 2.464 2.321 2.744 3.064 2.972 2.532 2.260 1.762 1.483 1.011 0.749 0.557 0.000 0.565 0.835 1.196 1.567 1.621 1.638 2.125 2.355 2.396 1.867 1.746 2.140 1.964 1.428 1.631 2.039 1.838 1.607 2.038 1.965 1.553 1.204 1.082 1.257 1.546 1.930 2.361 2.770 3.415 4.205 5.146 6.465 7.471 8.507 10.558 11.560 13.247 14.655 15.096 17.077 17.815 19.600 20.958 20.436 20.179 19.995 19.421
2.000 1.819 1.525 1.594 1.474 1.277 1.335 1.589 1.741 1.758 1.954 2.093 2.135 1.873 1.536 1.307 1.197 1.109 1.331 1.432 1.798 1.998 2.019 2.290 2.496 2.500 2.259 2.035 1.879 2.150 2.206 2.072 2.163 1.988 1.656 1.914 1.938 1.785 1.459 1.218 0.932 0.811 0.630 0.623 0.630 0.525 0.000 0.500 0.587 0.767 0.983 0.996 1.241 1.336 1.452 1.155 1.033 1.296 1.289 0.991 1.088 1.387 1.398 1.378 1.820 1.822 1.536 1.136 1.011 0.922 1.030 1.223 1.473 1.825 2.312 2.851 4.047 5.235 6.261 7.835 10.206 10.923 12.866 13.761 14.764 16.406 17.741 19.302 20.752 20.470 20.495 19.715 19.790
1.795 1.591 1.305 1.322 1.177 1.042 1.155 1.385 1.472 1.540 1.669 1.874 1.938 1.731 1.365 1.177 1.026 0.964 1.165 1.259 1.498 1.769 1.748 2.016 2.238 2.314 2.057 1.913 1.683 1.989 2.031 1.835 1.931 1.715 1.462 1.607 1.646 1.454 1.200 1.056 0.815 0.664 0.628 0.668 0.840 0.715 0.498 0.000 0.501 0.583 0.857 0.818 1.045 1.123 1.247 1.044 0.950 1.161 1.195 0.992 1.115 1.365 1.467 1.447 1.969 1.955 1.745 1.297 1.188 0.961 1.016 1.077 1.255 1.517 2.062 2.644 3.772 5.040 5.994 7.339 9.348 10.403 12.062 13.471 14.655 16.668 17.813 19.096 20.246 20.408 19.959 19.712 19.164
1.824 1.541 1.261 1.235 1.111 0.950 1.038 1.306 1.444 1.420 1.636 1.786 1.841 1.600 1.289 1.032 0.933 0.851 1.107 1.284 1.520 1.712 1.861 2.113 2.315 2.506 2.222 2.080 1.927 2.084 2.201 2.036 2.155 1.866 1.585 1.694 1.647 1.466 1.300 1.026 0.878 0.703 0.648 0.780 0.980 0.911 0.616 0.502 0.000 0.531 0.751 0.749 0.914 1.022 1.177 1.005 0.860 1.160 1.203 0.958 1.166 1.453 1.500 1.579 2.097 2.165 1.848 1.433 1.242 1.077 1.058 1.102 1.295 1.621 2.169 2.655 3.813 5.117 5.960 7.629 9.535 10.908 12.600 13.738 15.014 16.929 18.586 18.869 20.212 19.935 19.965 19.161 19.151
2.537 2.363 1.949 1.942 1.682 1.284 1.360 1.688 1.954 1.968 2.294 2.495 2.425 1.968 1.673 1.231 1.187 1.256 1.751 1.990 2.490 2.600 2.657 2.917 3.209 3.385 2.858 2.679 2.514 3.010 2.974 2.785 3.004 2.662 2.405 2.536 2.574 2.316 2.059 1.493 1.179 0.976 0.968 1.120 1.376 1.361 0.987 0.718 0.519 0.000 0.698 0.945 1.322 1.602 1.725 1.455 1.278 1.622 1.625 1.352 1.531 1.791 1.798 1.942 2.402 2.461 2.309 1.877 1.852 1.554 1.568 1.638 1.786 2.270 2.735 3.234 4.480 5.781 6.724 8.238 10.139 11.366 12.343 13.827 15.013 17.160 17.627 19.072 20.495 20.518 20.010 19.819 19.219
3.014 2.679 2.101 2.088 1.655 1.166 1.137 1.395 1.901 1.974 2.376 2.565 2.643 2.229 1.762 1.280 1.325 1.420 1.861 2.151 2.625 3.055 3.159 3.463 3.872 4.015 3.634 3.451 3.125 3.477 3.606 3.192 3.292 2.752 2.581 2.583 2.658 2.385 2.065 1.598 1.446 1.133 1.319 1.672 2.053 1.958 1.576 1.139 0.899 0.585 0.000 0.664 0.971 1.471 1.564 1.417 1.436 1.911 1.919 1.836 2.037 2.450 2.558 2.661 3.493 3.402 3.089 2.551 2.286 1.884 1.627 1.705 1.736 2.100 2.787 3.381 4.550 5.975 6.870 8.342 10.379 11.905 13.353 14.809 15.807 17.698 18.662 19.799 21.053 21.208 20.206 19.980 19.794
1.979 1.653 1.333 1.244 1.006 0.690 0.723 0.915 1.143 1.309 1.579 1.894 1.929 1.668 1.338 0.956 0.985 0.981 1.362 1.512 1.725 2.010 2.124 2.335 2.570 2.752 2.452 2.344 2.198 2.413 2.502 2.421 2.501 2.260 1.999 2.134 2.014 1.871 1.641 1.344 1.171 1.042 1.068 1.242 1.504 1.521 1.136 0.928 0.758 0.770 0.529 0.000 0.504 0.665 0.810 0.747 0.747 1.010 1.094 1.086 1.274 1.469 1.628 1.814 2.297 2.393 2.239 1.828 1.758 1.508 1.482 1.532 1.663 1.951 2.447 3.050 4.182 5.469 6.278 7.766 9.720 10.733 12.454 13.572 15.472 16.934 18.577 19.366 20.955 21.151 20.685 20.194 19.887
1.448 1.164 1.009 0.900 0.804 0.632 0.693 0.821 0.930 1.091 1.306 1.556 1.687 1.474 1.183 0.921 0.952 0.889 1.067 1.162 1.242 1.346 1.504 1.637 1.856 2.032 1.850 1.785 1.660 1.796 1.935 1.941 1.972 1.885 1.564 1.662 1.472 1.462 1.379 1.218 1.101 1.097 1.133 1.156 1.390 1.440 1.156 1.000 0.821 0.886 0.742 0.497 0.000 0.492 0.563 0.584 0.576 0.676 0.832 0.904 1.011 1.120 1.345 1.468 2.032 2.042 1.920 1.572 1.591 1.359 1.452 1.445 1.573 1.738 2.235 2.715 3.805 5.069 5.975 7.561 9.530 10.688 12.274 13.694 14.648 16.542 18.051 19.196 20.742 20.526 20.361 19.552 19.600
1.318 1.103 0.956 0.857 0.694 0.665 0.726 0.798 0.971 1.035 1.217 1.489 1.533 1.350 1.160 0.915 0.939 0.828 0.988 1.109 1.158 1.302 1.467 1.572 1.838 2.005 1.725 1.681 1.554 1.694 1.867 1.801 1.905 1.802 1.512 1.614 1.429 1.353 1.301 1.142 1.080 1.089 1.104 1.094 1.299 1.380 1.132 1.052 0.868 1.004 0.885 0.595 0.491 0.000 0.491 0.528 0.537 0.545 0.665 0.764 0.806 0.908 1.145 1.294 1.796 1.842 1.722 1.420 1.488 1.278 1.390 1.357 1.505 1.727 2.119 2.676 3.812 4.948 5.971 7.332 9.599 10.953 12.246 14.184 14.601 17.262 18.197 19.891 20.925 20.864 20.791 19.685 19.706
1.761 1.379 1.218 1.027 0.939 0.809 0.879 0.971 1.012 1.172 1.330 1.601 1.685 1.527 1.387 1.150 1.191 1.087 1.321 1.450 1.508 1.712 1.915 2.138 2.333 2.466 2.193 2.098 2.045 2.196 2.317 2.317 2.303 2.303 1.929 2.007 1.819 1.736 1.708 1.458 1.348 1.386 1.306 1.208 1.367 1.441 1.205 1.288 1.048 1.239 1.115 0.778 0.554 0.491 0.000 0.494 0.583 0.624 0.609 0.711 0.893 0.924 1.076 1.314 1.856 1.976 1.898 1.570 1.683 1.510 1.707 1.767 1.904 2.106 2.500 3.000 4.070 5.179 6.076 7.874 9.671 11.195 12.377 13.901 14.968 16.568 18.069 19.159 20.194 20.268 20.344 19.529 19.841
1.600 1.294 1.072 1.059 0.948 0.820 0.900 0.957 1.080 1.291 1.454 1.730 1.789 1.625 1.352 1.084 1.109 0.950 1.133 1.219 1.338 1.501 1.628 1.799 2.064 2.117 1.858 1.720 1.602 1.819 1.876 1.763 1.864 1.715 1.513 1.631 1.595 1.510 1.413 1.236 1.007 1.039 0.942 0.876 1.048 1.194 0.953 0.963 0.800 0.995 0.930 0.666 0.555 0.523 0.490 0.000 0.489 0.537 0.560 0.549 0.663 0.769 0.972 1.119 1.679 1.741 1.564 1.221 1.220 1.094 1.216 1.273 1.509 1.703 2.193 2.709 3.798 5.142 6.216 7.900 10.091 11.276 12.906 14.204 15.396 17.031 18.068 19.674 20.786 20.764 20.453 19.746 19.774
1.336 1.077 0.922 0.931 0.903 0.799 0.862 0.950 1.062 1.168 1.309 1.666 1.769 1.547 1.304 1.043 0.998 0.845 0.977 1.024 1.195 1.303 1.339 1.526 1.765 1.820 1.601 1.464 1.358 1.534 1.621 1.549 1.679 1.554 1.348 1.425 1.397 1.364 1.281 1.101 0.945 0.968 0.919 0.869 1.072 1.228 1.012 0.931 0.803 0.962 0.886 0.644 0.571 0.524 0.515 0.488 0.000 0.489 0.529 0.548 0.562 0.681 0.892 1.057 1.642 1.628 1.491 1.148 1.192 1.050 1.200 1.237 1.435 1.628 2.170 2.780 3.886 5.200 6.195 7.547 9.741 10.897 12.418 13.698 14.938 17.039 18.088 19.529 20.665 20.649 20.189 19.364 19.588
1.428 1.118 0.982 0.937 0.866 0.796 0.895 1.024 1.125 1.262 1.381 1.619 1.702 1.486 1.261 1.089 0.978 0.836 0.997 1.090 1.232 1.411 1.470 1.632 1.897 1.971 1.696 1.602 1.524 1.687 1.803 1.762 1.819 1.716 1.467 1.534 1.499 1.408 1.302 1.112 0.963 1.033 0.988 0.913 1.121 1.269 1.069 1.014 0.840 1.015 0.964 0.698 0.639 0.546 0.544 0.521 0.488 0.000 0.493 0.529 0.566 0.611 0.787 1.023 1.590 1.594 1.529 1.209 1.251 1.142 1.225 1.291 1.427 1.648 2.109 2.632 3.775 5.031 5.930 7.725 9.671 11.191 12.567 13.971 15.078 17.121 18.452 19.687 21.103 20.693 20.261 19.594 19.644
1.633 1.311 1.177 1.166 1.108 1.022 1.195 1.176 1.271 1.472 1.602 1.929 2.050 1.862 1.706 1.378 1.298 1.132 1.299 1.371 1.484 1.683 1.828 1.985 2.244 2.352 2.051 1.936 1.837 2.098 2.204 2.128 2.265 2.123 1.825 1.950 1.829 1.736 1.695 1.428 1.277 1.276 1.182 0.999 1.150 1.276 1.059 1.165 1.016 1.274 1.273 0.942 0.819 0.658 0.598 0.595 0.552 0.492 0.000 0.493 0.580 0.645 0.734 0.998 1.587 1.710 1.612 1.292 1.397 1.299 1.474 1.598 1.830 2.078 2.503 3.028 4.049 5.148 6.079 7.876 9.755 11.112 12.428 13.738 15.174 16.544 18.153 19.123 20.383 20.645 20.181 19.932 20.087
1.466 1.209 1.056 1.126 1.110 0.976 1.125 1.201 1.295 1.505 1.569 1.892 2.014 1.760 1.552 1.287 1.178 1.010 1.140 1.163 1.305 1.446 1.495 1.658 1.900 1.951 1.705 1.547 1.419 1.658 1.709 1.568 1.719 1.582 1.350 1.517 1.523 1.497 1.308 1.225 0.965 1.028 0.903 0.749 1.000 1.131 0.914 0.998 0.868 1.105 1.126 0.870 0.772 0.708 0.617 0.553 0.530 0.509 0.489 0.000 0.490 0.549 0.693 0.803 1.488 1.512 1.347 1.047 1.087 0.978 1.143 1.237 1.469 1.716 2.203 2.667 3.861 5.089 6.132 7.472 9.948 10.811 12.894 13.816 15.205 16.523 18.434 19.251 20.518 20.535 20.302 19.660 19.956
1.379 1.233 1.081 1.159 1.167 1.071 1.200 1.340 1.472 1.558 1.759 2.051 2.163 1.943 1.611 1.323 1.215 1.038 1.185 1.152 1.357 1.480 1.478 1.688 1.864 1.926 1.652 1.531 1.435 1.627 1.725 1.672 1.786 1.672 1.460 1.611 1.573 1.532 1.403 1.215 1.007 1.063 0.953 0.798 1.022 1.158 0.958 0.969 0.910 1.142 1.165 0.904 0.863 0.803 0.750 0.634 0.562 0.562 0.529 0.491 0.000 0.500 0.668 0.833 1.525 1.536 1.401 1.110 1.142 1.039 1.158 1.253 1.520 1.788 2.301 2.838 4.084 5.280 6.391 7.851 9.543 10.845 12.333 13.633 14.589 16.900 18.188 19.039 21.096 20.938 20.345 19.725 19.602
1.670 1.542 1.362 1.508 1.501 1.388 1.680 1.818 1.913 1.968 2.057 2.295 2.520 2.390 1.966 1.686 1.474 1.244 1.484 1.485 1.808 1.970 2.029 2.209 2.539 2.653 2.139 2.001 1.956 2.335 2.454 2.357 2.507 2.274 1.962 2.048 2.002 1.920 1.794 1.524 1.235 1.387 1.294 1.093 1.337 1.586 1.335 1.452 1.166 1.493 1.576 1.272 1.253 1.129 1.075 0.952 0.742 0.697 0.650 0.607 0.501 0.000 0.541 0.823 1.558 1.718 1.697 1.362 1.509 1.320 1.576 1.666 1.868 2.116 2.548 3.090 4.143 5.259 6.273 7.848 9.750 11.300 12.826 14.065 15.203 16.961 18.019 19.358 20.598 20.708 20.336 19.554 19.956
2.572 2.231 2.109 2.276 2.303 2.300 2.842 2.650 2.829 2.985 3.194 3.548 3.896 3.855 3.486 2.999 2.752 2.438 2.570 2.569 2.796 2.981 3.105 3.331 3.738 3.825 3.190 3.027 3.031 3.540 3.815 3.784 4.039 3.810 3.204 3.555 3.316 3.336 3.222 2.911 2.548 2.683 2.377 1.772 1.865 2.203 2.062 2.452 2.209 2.758 2.841 2.346 2.098 1.809 1.593 1.615 1.369 1.013 1.003 1.036 0.864 0.566 0.000 0.709 1.632 2.037 2.132 1.779 2.227 2.277 2.907 3.105 3.457 3.779 4.349 4.966 5.705 6.825 7.652 9.258 11.364 12.160 14.263 15.298 16.426 18.276 19.444 20.161 21.663 21.752 21.263 20.953 20.378
3.815 3.792 3.473 3.987 4.308 4.074 4.688 4.603 4.704 5.385 5.250 5.801 6.591 6.280 5.735 4.773 4.397 3.699 4.055 3.847 4.435 4.603 4.493 4.755 5.073 4.995 4.167 3.465 3.648 4.268 4.123 3.739 4.365 3.836 3.734 4.380 4.686 4.743 4.189 3.971 3.298 3.609 2.896 2.184 2.045 2.780 2.716 3.257 3.167 3.976 4.296 3.633 3.629 3.358 2.723 2.758 2.682 2.328 1.741 1.712 1.431 1.226 0.585 0.000 1.262 1.816 2.044 1.784 2.224 2.642 3.169 3.553 4.417 4.756 5.474 6.058 6.839 8.170 9.118 10.534 12.158 12.918 14.826 15.798 17.199 19.436 20.797 21.210 22.693 22.463 22.544 21.705 21.123
4.920 5.261 5.241 5.792 6.141 5.399 5.323 6.234 6.740 6.969 7.381 7.619 7.979 7.462 7.051 5.720 5.642 4.945 5.668 5.449 6.293 6.219 5.931 5.661 6.045 5.684 4.497 3.605 4.084 5.141 4.549 4.329 5.485 5.230 4.934 5.857 6.510 6.681 5.785 5.277 4.285 4.094 3.497 2.588 2.674 3.518 2.904 3.539 3.392 4.461 4.661 3.810 4.316 4.817 4.268 3.167 3.317 3.553 2.524 2.029 2.170 2.107 1.398 0.908 0.000 0.703 1.353 2.004 2.822 3.343 4.125 4.688 5.522 6.425 7.031 7.831 8.883 10.010 10.861 11.995 14.097 14.776 16.324 18.562 19.009 21.614 22.408 23.109 24.191 24.429 23.622 23.133 22.482
4.185 5.014 4.960 5.645 6.111 5.903 6.501 6.769 6.909 6.843 7.096 7.216 7.829 7.586 7.011 6.384 5.604 5.232 5.228 5.196 5.687 5.621 5.173 5.097 5.296 4.997 4.082 3.133 3.311 4.060 3.797 3.167 3.813 3.519 3.780 4.715 5.398 5.691 5.083 4.727 4.106 4.157 3.633 2.696 2.441 3.401 3.385 4.172 4.206 4.962 5.678 5.308 5.255 4.924 4.862 4.328 3.868 3.752 3.217 2.671 2.422 2.519 1.909 1.472 0.618 0.000 0.738 1.450 1.992 2.705 3.498 3.985 4.829 5.162 5.921 6.545 7.278 8.331 9.298 10.610 12.804 13.782 14.833 17.030 17.431 19.713 21.506 22.156 22.780 23.215 22.857 22.417 21.890
3.130 3.707 3.570 4.218 4.405 4.205 4.523 5.031 5.202 5.043 5.037 5.201 5.592 5.421 4.863 4.401 3.731 3.517 3.601 3.527 4.117 4.126 3.666 3.890 4.091 3.713 3.090 2.368 2.575 3.345 3.123 2.679 3.229 2.987 2.796 3.470 4.014 4.120 3.301 3.183 2.598 2.429 2.059 1.609 1.508 2.131 2.372 2.686 2.743 3.099 3.868 3.638 4.050 3.885 3.855 3.357 2.892 2.958 2.762 2.284 1.997 2.320 2.090 1.575 1.189 0.577 0.000 0.613 1.084 1.379 1.997 2.558 3.068 3.661 4.358 5.084 5.869 6.858 8.126 9.307 10.971 11.579 13.337 14.956 16.489 18.687 20.272 21.179 21.457 21.774 21.421 21.147 20.664
2.664 2.795 2.732 3.205 3.295 3.236 3.544 3.931 3.925 3.867 3.804 3.917 3.985 3.969 3.521 3.250 2.773 2.520 2.648 2.524 3.080 3.145 2.692 3.014 3.266 3.138 2.468 2.047 2.032 2.463 2.441 1.974 2.396 2.106 2.013 2.412 2.792 2.710 2.238 2.192 1.796 1.743 1.436 1.173 1.197 1.638 1.889 1.996 2.189 2.444 2.900 2.879 3.250 3.021 3.102 2.703 2.359 2.436 2.308 1.907 1.681 1.889 1.795 1.482 1.458 1.051 0.585 0.000 0.554 0.879 1.184 1.526 1.869 2.259 2.935 3.449 4.581 5.839 6.768 8.151 9.893 11.150 12.523 14.223 15.422 17.903 19.124 19.788 21.022 20.879 21.268 19.722 20.375
1.934 1.965 1.793 2.022 1.991 1.890 2.087 2.427 2.454 2.384 2.417 2.474 2.678 2.534 2.070 1.886 1.543 1.487 1.548 1.569 1.932 2.048 1.854 2.180 2.348 2.329 2.005 1.733 1.524 1.827 1.862 1.580 1.778 1.498 1.403 1.605 1.853 1.712 1.418 1.226 1.044 1.008 0.888 0.728 0.757 1.106 1.137 1.236 1.253 1.461 1.758 1.725 1.943 1.989 2.020 1.768 1.564 1.687 1.690 1.372 1.287 1.574 1.515 1.352 1.553 1.346 0.944 0.525 0.000 0.521 0.765 0.971 1.225 1.540 2.118 2.758 3.925 5.093 6.233 7.388 9.651 10.347 12.133 13.318 14.753 16.289 16.312 18.739 20.141 20.234 19.606 20.177 19.157
1.540 1.420 1.284 1.508 1.479 1.424 1.548 1.804 1.903 1.854 1.984 2.147 2.223 1.997 1.664 1.439 1.209 1.091 1.185 1.227 1.424 1.535 1.470 1.721 1.932 2.011 1.675 1.503 1.342 1.501 1.556 1.383 1.464 1.292 1.122 1.289 1.385 1.349 1.092 0.959 0.719 0.765 0.649 0.638 0.740 1.036 0.936 0.939 1.003 1.126 1.293 1.290 1.366 1.382 1.488 1.317 1.149 1.254 1.304 1.110 1.012 1.265 1.362 1.316 1.638 1.545 1.150 0.772 0.508 0.000 0.507 0.680 0.947 1.223 1.805 2.389 3.508 4.815 5.598 6.972 8.846 10.754 12.185 13.920 14.604 16.748 17.721 18.554 20.323 19.943 19.574 18.723 18.914
1.663 1.609 1.356 1.548 1.464 1.447 1.670 1.876 1.936 1.922 1.960 2.066 2.208 2.064 1.668 1.477 1.224 1.091 1.173 1.189 1.567 1.673 1.629 1.957 2.161 2.198 1.945 1.725 1.476 1.718 1.774 1.488 1.532 1.250 1.116 1.285 1.436 1.306 0.972 0.807 0.631 0.638 0.652 0.698 0.915 1.095 1.018 0.980 0.975 1.139 1.355 1.322 1.524 1.488 1.580 1.451 1.214 1.366 1.405 1.178 1.157 1.437 1.506 1.440 1.860 1.794 1.453 1.002 0.745 0.511 0.000 0.513 0.700 1.039 1.656 2.310 3.485 4.662 5.734 7.108 9.553 10.229 12.100 13.567 14.298 16.061 16.931 18.958 20.369 20.197 19.740 19.500 19.191
1.955 1.851 1.548 1.746 1.620 1.692 1.880 2.184 2.186 2.009 1.987 2.059 2.219 2.131 1.739 1.642 1.325 1.231 1.255 1.316 1.670 1.863 1.974 2.292 2.588 2.659 2.302 1.999 1.791 2.025 2.094 1.804 1.866 1.457 1.220 1.411 1.502 1.302 0.950 0.826 0.739 0.772 0.859 0.968 1.079 1.327 1.278 1.237 1.254 1.336 1.647 1.645 1.780 1.765 2.016 1.746 1.459 1.724 1.816 1.477 1.473 1.823 1.857 1.686 2.197 2.166 1.693 1.279 0.993 0.722 0.526 0.000 0.518 0.921 1.461 2.199 3.349 4.503 5.115 6.909 8.415 10.750 11.858 13.682 14.314 16.344 17.931 18.936 20.257 20.095 19.853 19.022 19.016
2.249 2.116 1.790 2.052 1.948 2.013 2.397 2.715 2.707 2.565 2.493 2.540 2.818 2.727 2.082 2.010 1.519 1.371 1.323 1.448 1.864 2.102 2.086 2.596 2.917 2.983 2.684 2.505 2.104 2.487 2.584 2.231 2.225 1.762 1.460 1.431 1.571 1.395 0.927 0.801 0.837 0.926 1.150 1.276 1.488 1.699 1.646 1.554 1.501 1.565 1.987 2.011 2.255 2.091 2.293 2.184 1.784 1.961 2.075 1.817 1.757 2.061 2.178 2.099 2.577 2.534 2.255 1.753 1.570 1.132 0.926 0.543 0.000 0.553 1.137 1.990 3.394 4.848 5.758 6.990 9.661 10.860 12.612 13.614 14.983 16.969 18.186 19.266 20.258 20.413 20.152 19.923 19.987
3.326 3.432 2.904 3.349 3.169 3.476 3.776 4.372 4.151 3.915 3.528 3.468 4.023 3.936 3.249 3.228 2.384 2.384 2.168 2.239 2.819 3.088 3.083 4.127 4.335 4.807 4.349 4.241 3.352 3.641 4.040 3.399 3.359 2.518 2.179 1.791 2.088 1.782 1.199 1.298 1.714 1.599 1.984 2.554 2.852 2.816 2.902 2.383 2.585 2.410 3.080 3.405 3.748 3.890 4.193 3.904 3.328 3.895 4.199 3.634 3.553 4.378 4.477 4.083 4.921 5.014 4.392 3.508 2.886 2.087 1.639 1.210 0.594 0.000 0.748 1.697 2.883 4.303 5.108 6.859 8.512 10.602 12.110 13.249 14.693 16.381 17.389 18.987 20.018 20.003 20.036 19.912 20.120
5.669 5.768 5.221 5.868 5.868 6.444 7.157 8.581 7.766 6.781 6.199 5.865 6.268 6.695 5.587 6.034 4.468 4.453 3.705 3.550 4.879 5.615 5.670 6.812 7.355 7.805 6.870 5.867 5.260 6.073 6.351 5.319 5.228 3.926 3.067 3.217 3.549 2.846 2.020 2.394 3.001 3.480 4.093 4.204 4.639 5.443 5.738 5.637 5.231 5.221 6.323 6.669 7.630 6.952 7.902 7.512 6.295 6.703 7.140 6.166 5.661 6.619 6.768 5.638 6.628 6.514 5.579 4.821 4.434 3.149 2.964 2.004 1.513 0.749 0.000 0.846 1.977 3.343 4.262 5.807 7.518 9.405 10.788 12.695 13.918 15.383 16.877 17.848 19.314 19.332 19.180 18.748 19.085
9.327 9.446 7.947 8.391 8.108 8.189 8.752 10.584 10.375 8.943 8.314 7.465 8.549 8.956 7.121 7.231 5.347 5.857 5.738 6.455 7.830 9.203 9.072 11.344 11.880 12.844 12.049 10.796 9.705 10.825 11.370 9.887 9.535 8.132 6.776 5.937 6.122 4.851 4.044 3.684 4.734 4.544 5.583 6.737 7.735 8.061 7.380 6.372 6.270 5.636 6.873 7.411 9.050 9.106 10.186 9.061 7.872 9.723 9.688 8.426 8.621 10.333 10.349 9.582 11.186 11.384 10.491 8.717 8.189 6.576 5.520 3.832 2.786 1.963 0.770 0.000 0.741 1.684 2.735 4.179 6.026 7.484 8.786 11.102 12.474 13.322 14.979 16.419 17.733 17.981 17.979 17.357 18.239
11.019 11.107 10.063 10.192 10.199 10.671 11.378 12.624 11.849 10.764 10.092 9.037 10.413 10.771 9.004 9.323 7.973 8.295 7.546 8.039 9.308 10.700 10.781 12.871 13.408 14.621 13.338 12.377 11.068 11.913 12.826 10.877 10.357 8.093 7.572 6.470 7.112 5.233 4.801 5.102 6.575 7.030 7.989 8.904 9.439 10.122 9.717 9.062 8.997 8.190 9.578 10.509 11.920 11.418 12.880 11.905 11.048 12.083 12.392 11.154 11.119 12.503 12.663 11.837 13.003 12.984 12.013 10.269 9.257 8.048 6.283 4.795 3.686 2.851 1.645 0.701 0.001 0.663 1.597 2.615 4.300 6.252 7.063 9.564 10.617 12.280 13.683 15.562 17.125 17.476 16.929 16.259 17.276
11.579 11.900 10.964 11.526 11.270 12.191 13.140 14.343 13.638 12.034 11.194 9.933 11.360 12.154 10.172 10.851 9.236 9.715 8.634 9.409 9.914 11.154 11.462 13.434 14.092 14.998 14.000 13.276 11.663 12.527 13.293 11.516 11.089 9.163 8.605 7.265 7.613 5.988 6.203 6.711 8.789 8.783 9.784 10.876 11.354 12.405 12.123 11.191 10.794 10.150 11.258 12.457 13.797 12.986 14.574 14.124 12.573 13.597 14.190 13.260 12.419 13.936 14.386 13.415 14.515 14.200 13.255 11.965 11.186 9.588 8.513 6.741 5.502 3.964 2.867 1.443 0.665 0.001 0.899 1.889 3.301 4.938 6.285 8.225 9.909 11.172 12.894 13.960 15.916 16.166 15.819 15.391 16.187
14.671 14.639 13.090 13.467 13.141 13.683 14.286 15.819 15.222 13.208 12.470 11.045 12.512 13.436 11.499 12.596 10.762 11.699 10.549 11.221 12.433 13.662 13.770 16.065 16.501 17.700 16.907 16.124 14.729 15.288 16.317 14.649 14.112 12.708 11.432 10.503 10.508 8.404 9.045 8.899 10.472 11.070 12.228 13.497 14.440 15.116 14.770 13.602 12.942 12.095 13.236 13.972 15.225 14.853 16.263 15.649 14.345 15.603 16.339 15.349 14.886 16.727 17.094 16.044 17.399 17.100 16.129 14.835 14.153 12.369 11.775 9.998 8.001 6.572 4.501 3.631 2.425 0.878 0.000 1.064 2.479 3.328 4.241 5.504 6.336 8.165 9.507 11.314 13.175 13.688 12.755 11.845 13.898
17.572 17.337 16.383 16.621 16.415 16.951 18.093 19.077 18.051 16.680 15.468 13.614 15.026 16.103 14.379 15.856 14.160 14.824 13.608 14.180 15.108 16.544 16.647 18.126 19.670 20.302 19.131 18.507 16.919 17.592 18.455 16.568 16.281 14.504 13.783 12.194 12.564 10.433 11.091 11.626 13.412 14.146 14.816 15.749 16.266 17.335 16.899 16.434 15.740 16.006 16.892 17.357 18.422 18.047 19.445 19.091 17.781 18.388 19.711 18.420 17.808 19.194 20.239 18.473 20.214 19.496 18.283 16.772 15.843 14.742 13.753 12.055 9.314 8.090 5.933 4.324 3.536 2.473 0.866 0.001 0.862 1.847 2.326 3.332 4.039 5.153 6.409 7.792 9.582 10.666 10.239 9.940 11.695
18.448 18.784 17.390 17.435 17.115 17.893 18.861 20.206 19.171 17.317 16.071 14.273 15.451 16.888 14.982 16.542 14.847 15.879 14.815 15.157 16.017 17.640 17.798 19.830 20.354 21.536 20.645 20.621 18.080 18.619 20.356 18.628 17.862 16.821 15.124 14.527 13.985 11.636 13.194 13.404 14.396 15.465 16.803 17.409 18.701 19.383 19.705 17.860 17.460 16.579 17.949 18.566 19.675 19.341 20.678 20.366 18.776 19.988 20.886 20.202 19.224 21.157 21.543 20.648 21.554 21.439 20.289 19.205 18.100 16.796 15.511 13.928 12.284 10.376 8.086 6.270 5.159 3.557 2.034 0.827 0.001 0.765 1.476 2.050 2.751 3.653 4.325 5.976 7.876 8.610 7.920 7.954 9.354
19.208 19.010 17.867 17.953 17.551 18.657 19.000 20.285 19.403 17.568 16.439 14.651 15.766 16.971 15.485 16.939 15.787 16.269 15.405 15.431 16.740 18.203 18.176 20.343 21.157 22.001 21.447 20.584 19.098 19.678 20.912 18.955 18.328 16.914 15.957 14.589 14.759 12.481 13.531 14.036 15.099 15.821 16.941 17.825 18.285 19.154 19.039 18.343 17.499 17.481 18.698 19.180 19.918 19.564 20.939 20.923 19.708 20.290 21.349 20.132 19.776 21.403 22.012 20.324 22.082 21.806 21.090 19.983 18.733 17.650 16.632 14.836 12.664 10.989 8.864 7.329 6.036 4.332 2.744 1.716 0.691 0.001 0.686 1.484 1.893 2.743 3.615 4.616 6.444 7.517 7.072 7.469 9.083
18.685 19.195 17.785 18.155 17.837 18.701 19.315 20.678 19.708 17.655 16.426 14.980 16.403 17.447 16.064 17.497 16.241 16.799 16.025 15.821 16.875 18.137 18.032 20.129 20.701 22.345 21.358 21.077 18.913 19.489 21.153 19.685 18.834 17.499 16.416 15.202 14.921 13.216 14.169 14.268 15.914 16.671 18.183 18.397 20.023 20.936 20.915 19.412 18.248 18.008 18.990 19.232 20.101 19.782 21.207 20.938 19.144 20.503 21.480 20.282 19.623 21.770 22.394 21.001 22.450 22.404 21.571 20.195 19.442 18.473 16.920 15.371 13.387 11.983 9.377 7.550 6.241 4.721 3.249 2.352 1.306 0.621 0.000 0.674 1.484 1.879 2.857 3.660 5.267 6.615 6.469 7.236 8.357
19.491 19.970 18.868 18.577 18.200 19.053 19.580 20.637 19.720 18.167 16.790 15.707 16.509 17.766 16.592 17.869 17.003 17.799 16.669 16.562 17.476 18.947 19.013 21.370 21.673 22.795 22.453 22.016 20.048 20.545 21.852 20.526 19.321 18.435 16.771 15.977 15.855 14.108 14.831 15.547 16.102 17.107 18.375 19.234 19.908 20.535 20.227 19.704 18.942 18.747 19.444 19.796 20.641 19.923 21.417 21.483 19.990 21.267 22.078 20.936 20.234 22.366 22.514 22.171 22.488 23.578 22.137 21.243 20.246 18.308 17.521 15.948 14.667 12.637 10.378 8.796 7.663 5.858 4.103 3.089 1.801 1.435 0.631 0.001 0.685 1.552 2.131 3.091 4.586 5.556 5.921 6.922 8.604
20.798 20.320 19.388 19.433 19.266 19.961 20.589 21.626 20.350 18.893 17.649 15.998 17.314 18.374 17.181 18.873 17.827 18.128 17.260 17.442 18.323 19.286 19.441 21.230 22.402 23.187 22.590 21.962 20.566 21.375 22.383 21.253 20.032 18.860 17.868 16.522 16.368 14.700 15.568 16.007 17.217 18.066 18.480 19.786 21.028 21.388 21.030 20.218 18.985 19.276 19.862 20.512 21.351 20.967 22.133 22.101 19.919 21.656 22.626 20.832 21.609 22.489 22.716 22.503 23.600 24.381 22.613 21.051 20.888 19.079 18.035 15.976 15.070 13.036 10.284 8.822 7.736 6.295 4.839 3.444 2.672 1.807 1.278 0.617 0.000 0.755 1.812 2.814 4.253 5.249 5.840 6.555 7.982
20.741 21.440 20.144 19.905 19.698 20.871 21.365 22.249 21.328 20.113 18.405 17.240 18.004 19.579 18.021 20.072 18.240 19.622 18.183 18.255 19.071 20.444 20.505 22.643 23.113 23.697 23.247 22.862 21.381 22.262 22.762 21.799 20.585 19.603 18.580 17.783 17.214 15.771 16.698 16.861 18.194 19.067 20.415 20.718 21.769 22.091 22.911 21.427 20.744 20.049 20.833 21.322 22.107 21.442 23.049 22.800 21.728 22.799 23.609 22.896 21.973 23.449 24.556 23.281 24.100 24.254 23.137 21.965 20.621 19.209 18.972 17.032 16.471 14.276 12.126 10.565 9.508 8.260 6.703 5.469 4.159 3.279 2.084 1.498 0.720 0.000 0.794 2.007 3.365 4.556 5.386 6.069 8.080
23.594 23.371 22.763 22.966 22.520 23.160 23.787 24.384 23.517 22.799 21.618 20.325 21.303 22.293 21.544 22.702 21.191 21.999 20.904 21.382 22.226 23.273 23.263 24.179 25.481 25.752 24.842 24.546 23.089 24.288 24.722 22.929 23.375 22.239 20.728 20.890 20.536 18.968 19.609 19.929 20.887 21.591 22.662 22.409 23.858 23.945 24.329 23.392 22.703 22.922 23.279 23.680 24.156 24.277 24.896 25.252 23.726 24.764 25.328 24.807 23.603 25.275 25.822 24.628 25.468 25.741 25.001 23.599 22.891 20.878 21.473 19.865 19.576 17.455 15.989 14.830 13.977 12.249 10.830 9.205 7.240 5.593 4.144 2.513 1.857 0.835 0.000 1.178 2.884 4.340 5.411 6.554 8.667
25.044 24.976 24.667 24.775 24.344 25.098 25.350 26.007 25.347 24.152 23.922 22.537 23.462 24.255 23.547 24.658 23.810 24.426 23.097 23.466 23.412 24.638 24.540 25.603 26.076 26.623 25.856 25.989 24.950 25.517 26.235 25.013 24.761 24.253 23.377 23.228 23.107 21.936 22.349 22.689 23.842 23.858 25.280 25.315 26.416 26.437 26.669 25.813 25.159 25.144 25.277 25.585 26.113 25.607 26.475 26.426 25.512 26.249 27.109 26.808 25.936 26.861 27.384 26.775 27.512 27.042 26.665 26.170 25.436 23.727 24.026 23.190 22.564 21.301 20.374 19.303 18.367 16.522 15.207 12.913 11.918 8.634 7.378 5.303 3.577 2.377 1.033 0.000 1.091 2.333 3.812 6.094 7.808
26.514 26.369 25.705 25.778 25.919 26.221 26.184 26.508 25.766 25.353 24.788 23.918 24.118 25.129 24.485 25.555 25.031 25.534 24.780 24.766 25.269 25.910 26.091 26.679 26.863 27.489 26.798 27.024 26.422 26.635 27.013 26.742 26.523 25.828 24.871 24.895 24.525 23.828 23.939 24.413 24.734 25.278 26.134 26.137 27.033 27.148 26.905 26.547 25.976 25.936 26.173 26.140 26.837 26.289 27.038 27.147 26.614 26.956 27.624 27.310 26.796 27.211 27.843 27.614 27.696 27.474 27.419 26.848 26.592 25.333 25.721 24.443 24.400 23.135 21.930 21.202 19.978 17.831 17.283 15.804 14.021 12.171 10.365 8.444 5.998 3.728 2.750 0.946 0.000 1.228 2.691 5.032 6.624
26.329 26.344 26.070 26.201 25.970 26.506 26.501 26.704 26.249 25.294 25.244 24.542 24.676 25.505 25.207 25.889 25.625 25.980 24.995 25.219 25.347 26.062 26.207 26.646 26.901 27.353 26.734 27.245 26.088 26.926 26.924 26.583 26.484 25.837 24.940 25.188 24.749 24.389 24.438 24.719 25.301 25.959 26.640 26.706 27.338 27.535 27.331 27.212 26.776 26.492 26.464 26.776 27.172 26.718 27.318 27.438 26.943 27.368 27.685 27.513 27.190 27.731 27.853 27.800 27.958 27.887 27.739 27.247 27.000 25.763 26.194 25.034 25.076 24.041 23.324 22.445 21.468 20.119 19.137 18.161 17.123 15.822 14.109 11.720 9.427 6.726 5.020 2.637 0.868 0.000 1.542 4.018 5.869
25.700 26.267 25.583 25.570 25.102 25.624 26.053 26.092 25.844 25.001 24.947 24.094 24.072 25.063 24.446 25.293 24.762 25.517 24.460 24.857 25.070 25.685 25.832 26.592 26.722 27.177 26.933 26.762 26.029 26.665 26.821 26.280 26.080 25.590 24.622 24.648 24.578 23.802 23.901 23.959 24.819 25.152 26.047 25.908 26.889 26.961 26.865 26.458 26.041 25.884 26.005 26.279 26.535 26.008 26.716 26.913 26.557 26.871 27.502 27.248 26.608 27.132 27.592 27.381 27.702 27.519 27.255 26.775 26.366 25.051 25.330 24.248 24.265 22.761 21.823 21.365 20.226 19.221 17.963 17.418 15.187 14.495 11.828 10.519 8.577 7.635 6.077 4.667 3.243 1.590 0.000 1.306 3.840
26.338 26.329 26.143 25.995 25.354 25.936 26.098 26.443 26.093 25.423 24.995 23.983 24.602 25.219 24.729 25.470 25.021 25.584 24.674 25.186 25.665 25.980 25.532 26.425 27.175 27.446 26.840 27.139 26.054 26.653 27.398 26.963 26.426 25.963 25.037 25.403 24.944 24.109 24.201 24.451 25.206 25.455 26.205 26.068 27.015 26.629 26.764 26.155 25.909 25.507 25.806 26.218 26.346 26.561 26.876 26.840 26.178 26.680 27.469 26.784 26.898 27.279 27.827 27.502 27.932 28.228 27.810 26.545 26.995 25.691 25.782 24.762 24.943 23.684 23.406 22.050 21.741 20.616 19.663 18.341 17.314 15.039 13.444 12.214 9.732 9.353 6.883 6.878 5.804 3.707 1.045 0.000 1.274
28.009 28.019 27.678 27.890 27.722 27.846 28.040 28.308 27.936 27.585 27.400 27.001 26.799 27.601 27.382 27.699 27.534 27.883 27.532 27.710 27.693 28.086 27.912 27.823 28.388 28.589 27.930 27.493 27.633 28.365 28.674 28.288 28.156 27.483 27.493 27.739 27.229 27.247 26.930 26.990 27.554 27.873 28.119 28.233 28.787 28.723 28.686 28.564 28.107 28.038 28.351 28.287 28.494 27.805 28.578 28.557 27.958 28.182 28.943 28.532 28.182 28.580 29.186 28.346 29.088 28.805 28.739 28.109 28.159 27.762 27.795 27.763 27.739 26.783 26.741 26.111 25.607 25.051 24.101 23.669 22.567 21.100 17.335 15.352 12.394 10.332 8.359 8.358 8.721 7.070 4.377 1.503 0.001
