92.152
95.000
95.177
95.044
94.393
94.630
94.752
94.786
93.805
91.531
89.932
87.303
86.518
90.543
91.651
93.605
94.017
94.983
94.163
94.386
94.243
94.787
94.229
93.545
92.710
90.936
91.357
90.259
91.988
92.838
93.239
91.618
91.923
93.053
93.002
91.911
91.596
90.307
92.714
93.757
94.738
94.569
94.297
94.053
91.740
90.526
93.470
94.552
94.852
93.934
93.897
95.619
95.595
95.587
95.509
95.368
95.427
95.035
94.850
94.095
93.982
92.417
91.042
88.082
81.526
85.620
88.535
90.237
92.058
94.201
93.395
93.306
91.863
89.249
81.586
75.798
69.557
69.435
72.509
76.643
77.768
81.184
81.615
83.388
78.082
77.015
74.955
72.660
70.753
64.525
67.161
58.341
52.711
