73.270
80.480
78.681
82.480
83.891
84.101
76.075
84.781
82.198
87.992
87.395
86.262
85.327
88.217
85.418
82.754
79.107
60.832
55.246
52.290
64.222
75.072
80.040
85.459
87.575
88.981
90.134
90.244
88.891
85.132
78.916
78.594
77.367
84.589
89.778
91.280
92.264
93.673
93.093
92.462
89.319
87.984
87.787
87.614
89.386
86.079
86.574
87.165
86.509
86.775
87.493
88.028
88.929
90.310
91.440
92.415
93.326
94.474
93.692
92.691
91.445
88.620
89.394
89.873
91.118
91.966
91.218
90.160
90.469
90.637
90.373
90.012
91.290
89.541
89.397
89.978
89.862
87.588
87.554
86.930
84.671
75.144
79.136
80.589
75.788
76.121
74.894
73.241
74.284
71.467
67.136
69.125
66.228
