53.591
71.681
81.247
82.838
78.940
82.641
82.580
86.032
87.877
88.664
90.837
89.962
87.772
90.838
90.009
88.334
89.163
88.717
87.967
84.570
82.830
83.257
87.286
86.291
86.054
84.967
86.069
83.104
77.749
70.658
54.881
48.805
49.630
59.518
65.842
76.216
81.662
85.003
85.813
88.232
88.346
87.942
85.548
79.750
78.777
77.020
85.115
89.803
90.044
91.523
93.194
93.418
92.315
90.163
89.866
90.192
90.748
91.895
88.030
86.051
85.368
86.374
84.613
86.206
87.860
88.486
89.705
89.965
90.489
91.401
92.884
91.865
91.492
89.635
85.615
87.138
87.652
87.542
89.077
88.977
86.888
84.615
86.193
86.453
84.952
87.381
84.592
84.031
85.158
84.125
83.808
83.027
77.730
