71.990
82.244
86.994
89.815
91.671
92.186
93.110
93.360
93.351
92.090
87.466
77.791
75.070
78.173
83.324
88.820
91.164
90.723
91.831
92.358
92.475
92.466
91.311
89.874
87.727
85.577
85.174
90.263
93.818
94.088
95.444
95.786
95.902
95.786
95.269
95.273
95.131
95.296
94.535
93.679
92.152
90.104
89.524
92.386
92.163
93.854
94.231
95.256
94.683
95.060
95.142
95.546
95.172
94.855
93.620
91.982
93.022
92.821
93.995
94.088
92.598
91.810
91.983
92.137
92.846
92.296
92.675
91.718
93.528
94.279
95.029
94.527
94.656
94.461
91.507
89.023
93.171
94.458
94.835
94.028
94.102
95.394
95.496
95.464
95.084
94.950
95.564
94.919
93.944
93.938
94.125
90.888
76.917
