0.002 1.621 4.525 7.126 8.592 12.082 13.623 16.775 18.781 21.257 22.825 24.131 24.558 25.543 25.962 25.621 25.271 23.954 24.024 23.807 24.153 23.216 23.434 22.809 23.024 23.615 24.550 24.326 23.188 22.396 21.084 21.424 22.248 20.817 22.357 20.322 21.537 20.733 21.308 22.613 24.012 23.216 24.693 24.885 25.194 24.770 24.102 22.897 23.575 23.896 22.494 21.490 18.998 19.755 19.582 20.757 18.403 17.293 17.924 19.353 18.905 20.965 22.103 22.456 22.460 22.852 22.085 22.249 21.087 22.145 23.492 24.317 24.176 25.155 24.839 23.642 24.718 25.183 24.175 24.269 25.101 25.047 24.177 25.198 24.886 23.885 22.811 21.522 20.137 17.537 16.303 12.502 11.948
1.057 0.000 1.028 1.947 4.174 5.394 7.216 8.707 10.724 12.427 14.073 15.027 15.655 16.473 17.273 16.972 15.931 14.728 14.808 13.906 13.788 13.119 12.594 12.676 12.745 12.953 14.422 14.279 13.135 12.237 11.462 12.434 12.664 10.687 11.249 9.884 10.674 10.729 11.596 12.304 13.567 13.804 15.096 15.591 16.339 15.942 15.014 14.234 14.713 15.087 14.061 13.500 11.199 11.375 10.442 11.365 9.514 8.513 8.258 9.137 7.869 8.732 11.133 11.731 11.256 11.479 9.795 10.627 9.056 10.303 12.243 13.815 13.852 14.829 13.796 13.066 14.218 14.373 13.135 13.716 14.798 15.000 14.210 15.289 15.471 14.711 13.481 11.746 10.353 8.184 7.719 5.359 5.820
2.206 0.728 0.001 0.748 1.547 2.477 3.394 4.761 5.118 6.250 6.704 8.157 8.606 9.536 10.457 10.167 8.998 7.864 8.477 7.592 8.364 7.953 8.426 8.525 8.986 9.583 10.441 10.376 9.377 8.537 8.275 8.686 9.168 7.883 7.956 6.898 6.824 6.627 6.670 7.570 8.382 8.138 8.873 9.952 10.372 9.079 8.123 7.024 8.088 8.519 7.279 7.179 5.801 5.171 5.951 6.541 5.888 4.263 4.660 4.882 5.130 5.740 6.323 7.052 7.701 7.752 7.237 6.973 6.922 7.873 8.889 9.883 9.874 10.349 9.884 8.806 9.386 9.400 8.795 8.109 9.313 9.387 8.671 9.308 8.916 8.544 7.152 6.184 5.299 4.636 3.209 2.833 2.902
2.707 1.568 0.624 0.000 0.706 1.372 2.126 3.072 3.943 5.066 6.035 7.136 7.955 8.670 9.471 9.495 8.543 7.414 7.977 7.183 7.663 6.732 7.176 6.619 6.986 7.153 8.440 8.164 6.916 6.782 6.265 6.387 6.770 5.617 6.053 5.430 5.737 5.778 5.939 6.674 7.391 7.348 7.971 8.638 8.802 8.465 7.504 6.546 7.280 7.333 6.052 5.830 4.516 4.583 4.856 5.489 4.763 4.011 4.100 4.539 4.200 4.781 5.473 5.871 6.050 6.238 5.770 6.045 5.215 5.930 7.104 8.034 8.041 8.594 8.343 7.286 8.041 8.174 7.616 7.106 8.289 8.237 7.417 8.104 7.655 6.929 6.040 4.935 4.520 3.498 2.864 2.199 2.466
3.733 2.336 1.427 0.634 0.000 0.587 0.966 1.302 1.836 2.285 2.768 3.395 3.710 4.408 4.970 4.864 4.025 3.538 3.797 3.629 3.602 3.412 3.701 3.671 3.836 4.246 4.740 4.726 4.288 4.074 3.945 4.197 4.346 3.687 3.615 2.926 2.744 2.732 2.786 3.517 3.830 3.958 4.309 4.760 4.949 4.472 3.838 3.517 3.989 4.172 3.476 3.417 2.653 2.347 2.569 2.945 2.592 1.901 1.749 1.822 1.753 1.954 2.099 2.092 2.508 2.550 2.636 2.750 2.894 3.481 3.661 4.061 3.919 4.130 3.784 3.292 3.633 3.507 3.057 3.019 3.558 3.390 2.970 3.419 3.382 3.011 2.372 2.008 1.593 1.305 1.045 0.960 1.269
4.213 2.647 1.760 1.069 0.538 0.000 0.531 0.755 0.986 1.242 1.500 1.762 2.013 2.417 2.789 2.679 2.240 1.925 2.109 1.858 1.937 1.724 1.967 1.900 1.962 2.166 2.416 2.397 2.204 2.222 2.336 2.599 2.426 2.008 1.873 1.511 1.435 1.456 1.512 1.858 2.038 2.040 2.313 2.505 2.544 2.311 1.988 1.757 2.068 2.074 1.716 1.784 1.362 1.356 1.569 1.678 1.580 1.215 1.023 1.097 1.053 1.218 1.363 1.502 1.699 1.685 1.583 1.550 1.530 1.918 1.994 2.121 2.073 2.256 2.139 1.855 2.018 2.154 1.931 1.828 2.094 2.162 1.946 2.156 1.992 1.758 1.521 1.232 1.075 0.864 0.714 0.708 1.152
4.457 2.901 2.033 1.292 0.839 0.509 0.000 0.507 0.698 0.908 1.192 1.431 1.692 2.042 2.341 2.431 1.968 1.660 1.915 1.837 1.985 1.845 2.134 2.110 2.226 2.438 2.685 2.626 2.475 2.399 2.414 2.629 2.531 2.070 2.103 1.686 1.556 1.574 1.579 1.940 2.118 2.035 2.252 2.538 2.476 2.127 1.785 1.657 1.964 1.977 1.574 1.823 1.334 1.253 1.560 1.808 1.606 1.226 1.135 1.086 1.093 1.184 1.177 1.222 1.569 1.613 1.611 1.576 1.699 2.032 2.178 2.314 2.266 2.375 2.210 1.826 2.028 2.087 1.807 1.597 1.880 1.951 1.625 1.706 1.520 1.317 1.123 0.932 0.831 0.684 0.680 0.732 1.130
4.921 3.372 2.437 1.676 1.166 0.755 0.511 0.000 0.513 0.699 0.899 1.208 1.429 1.802 2.100 2.200 1.726 1.402 1.618 1.532 1.755 1.617 1.877 1.901 1.831 2.057 2.284 2.362 2.267 2.211 2.364 2.626 2.405 2.051 1.883 1.578 1.442 1.481 1.444 1.796 1.912 1.706 1.976 2.110 2.054 1.767 1.445 1.306 1.628 1.588 1.291 1.465 1.140 1.163 1.467 1.713 1.653 1.290 1.203 1.032 1.031 1.023 1.033 1.125 1.380 1.437 1.386 1.351 1.505 1.769 1.775 1.960 1.980 1.977 1.868 1.574 1.731 1.741 1.509 1.386 1.661 1.663 1.436 1.578 1.454 1.240 0.993 0.802 0.699 0.666 0.763 0.999 1.363
4.864 3.220 2.431 1.748 1.213 0.856 0.642 0.503 0.000 0.506 0.626 0.863 1.047 1.382 1.737 1.763 1.380 1.117 1.325 1.316 1.451 1.460 1.711 1.766 1.818 2.035 2.199 2.278 2.153 2.097 2.256 2.377 2.269 1.872 1.806 1.517 1.367 1.373 1.332 1.558 1.551 1.446 1.600 1.768 1.677 1.441 1.153 1.047 1.310 1.310 1.053 1.179 1.004 0.978 1.239 1.469 1.450 1.149 1.144 1.038 0.980 0.985 0.934 1.034 1.356 1.313 1.314 1.295 1.456 1.688 1.712 1.909 1.841 1.883 1.739 1.481 1.575 1.604 1.347 1.241 1.435 1.462 1.230 1.248 1.066 0.863 0.724 0.633 0.615 0.644 0.777 0.986 1.343
4.869 3.462 2.587 1.898 1.411 1.076 0.851 0.660 0.500 0.000 0.500 0.634 0.838 1.148 1.536 1.570 1.162 0.967 1.140 1.208 1.439 1.430 1.688 1.791 1.791 1.945 2.108 2.155 2.118 2.074 2.287 2.562 2.403 2.044 1.858 1.629 1.404 1.472 1.357 1.569 1.561 1.355 1.473 1.599 1.492 1.250 0.977 0.976 1.177 1.175 0.983 1.120 1.023 1.030 1.333 1.486 1.583 1.310 1.266 1.103 1.118 1.031 0.907 0.919 1.193 1.232 1.265 1.302 1.491 1.724 1.627 1.788 1.732 1.689 1.571 1.370 1.411 1.395 1.205 1.082 1.202 1.240 1.017 1.038 0.883 0.675 0.603 0.605 0.686 0.820 0.973 1.189 1.510
5.155 3.640 2.728 2.082 1.548 1.220 1.030 0.801 0.619 0.498 0.000 0.503 0.689 0.993 1.380 1.420 1.042 0.817 1.032 1.077 1.264 1.350 1.619 1.749 1.762 1.957 2.079 2.109 2.067 2.045 2.203 2.419 2.291 1.953 1.827 1.571 1.383 1.405 1.240 1.427 1.382 1.225 1.341 1.473 1.399 1.161 0.852 0.873 1.077 1.129 0.952 1.132 1.078 1.032 1.265 1.407 1.510 1.236 1.283 1.086 1.149 1.017 0.885 0.936 1.224 1.239 1.295 1.317 1.514 1.722 1.696 1.762 1.653 1.659 1.556 1.360 1.326 1.336 1.164 1.024 1.159 1.192 0.977 0.979 0.797 0.628 0.585 0.601 0.705 0.864 1.022 1.275 1.578
5.607 4.124 3.306 2.569 1.974 1.632 1.392 1.177 0.911 0.706 0.504 0.000 0.508 0.759 1.206 1.350 0.991 0.910 1.160 1.355 1.605 1.782 2.113 2.294 2.379 2.596 2.761 2.771 2.740 2.665 2.881 3.188 3.022 2.707 2.512 2.199 1.982 1.948 1.667 1.891 1.794 1.500 1.541 1.708 1.564 1.239 0.918 1.038 1.267 1.277 1.158 1.355 1.333 1.339 1.666 1.874 2.005 1.715 1.778 1.523 1.658 1.463 1.304 1.288 1.601 1.648 1.823 1.826 2.097 2.275 2.302 2.366 2.218 2.142 2.069 1.790 1.739 1.738 1.483 1.296 1.332 1.377 1.176 1.013 0.730 0.680 0.798 0.949 1.098 1.293 1.430 1.732 2.041
6.403 4.907 4.176 3.360 2.795 2.406 2.005 1.651 1.383 1.043 0.754 0.514 0.000 0.538 0.934 1.189 0.951 0.916 1.324 1.506 1.799 2.127 2.501 2.667 2.873 3.267 3.365 3.190 3.253 3.087 3.272 3.760 3.753 3.326 3.178 2.866 2.468 2.471 2.051 2.315 2.141 1.864 1.834 2.019 1.815 1.385 1.133 1.361 1.634 1.557 1.487 1.838 1.820 1.885 2.245 2.396 2.633 2.427 2.455 2.107 2.357 1.993 1.732 1.653 2.050 2.220 2.496 2.384 2.851 3.061 2.915 2.922 2.504 2.451 2.529 2.220 2.034 2.130 2.011 1.555 1.518 1.650 1.395 1.181 0.820 0.847 1.052 1.293 1.518 1.824 2.048 2.641 2.804
7.401 6.358 5.612 4.632 4.407 3.486 3.181 2.419 2.114 1.675 1.308 0.982 0.670 0.000 0.613 0.993 1.058 1.273 1.795 2.151 2.692 3.177 3.625 4.060 4.126 4.552 4.723 4.598 4.669 4.502 4.914 5.331 5.402 4.754 4.394 3.874 3.461 3.398 3.165 3.492 3.533 2.674 2.672 2.984 2.671 1.966 1.456 2.054 2.464 2.485 2.401 3.110 2.932 2.758 3.432 3.591 4.182 3.373 3.406 2.959 3.045 2.583 2.281 2.193 2.875 3.000 3.323 3.243 3.708 4.112 4.131 4.073 3.819 3.529 3.523 3.039 3.023 2.954 2.630 2.173 2.177 2.423 2.044 1.855 1.326 1.376 1.434 1.751 2.073 2.397 2.834 3.593 3.973
9.184 8.153 7.435 6.635 6.015 5.448 4.989 4.099 3.443 2.851 2.065 1.613 1.116 0.579 0.000 0.670 1.286 1.853 2.140 2.769 3.432 4.074 4.719 5.293 5.628 6.067 6.251 6.219 6.066 5.949 6.559 7.163 7.207 6.713 6.117 5.564 4.938 4.865 4.315 4.551 4.163 3.613 3.127 3.457 2.945 2.414 1.915 2.628 3.207 2.887 2.896 3.822 3.969 3.781 4.679 4.740 5.537 4.978 4.953 4.465 4.863 4.454 3.826 3.770 4.602 4.661 5.204 4.953 5.519 5.867 5.658 5.467 5.005 4.595 4.742 4.258 3.814 4.012 3.828 3.034 2.946 3.309 2.946 2.789 2.012 2.234 2.572 3.216 3.415 4.434 4.557 5.302 5.706
8.233 7.343 6.935 5.891 5.765 5.200 4.940 4.596 3.747 3.601 2.594 2.281 1.605 1.108 0.608 0.000 0.734 1.330 1.869 2.104 2.339 2.727 3.221 3.666 3.871 4.382 4.411 4.249 4.183 4.149 4.629 4.949 5.111 4.576 4.271 3.877 3.478 3.381 3.059 3.327 3.122 2.837 2.619 3.012 2.912 2.287 2.164 2.535 3.000 3.098 3.106 3.751 3.917 3.382 3.960 3.727 4.211 3.844 3.922 3.437 4.102 3.959 3.390 3.867 4.732 4.269 4.474 3.897 4.256 4.432 4.194 4.039 3.523 3.638 3.773 3.229 2.903 3.365 3.292 2.456 2.645 3.351 2.915 3.000 2.503 2.954 2.722 3.465 3.277 4.283 4.031 4.701 5.018
6.535 5.105 4.384 3.532 2.814 2.458 2.112 1.954 1.665 1.618 1.169 1.331 1.037 1.127 1.000 0.651 0.000 0.541 1.072 1.351 1.917 2.409 3.026 3.404 3.595 4.043 4.277 3.971 3.915 3.770 3.907 4.558 4.595 3.964 3.958 3.371 2.838 2.768 2.196 2.576 2.214 1.766 1.743 2.017 1.934 1.360 1.100 1.216 1.724 1.759 1.697 1.939 1.955 1.789 2.231 2.485 2.786 2.516 2.583 2.194 2.532 2.395 2.047 2.135 2.711 2.900 3.088 3.010 3.288 3.736 3.747 3.679 3.344 3.337 3.354 2.723 2.486 2.764 2.490 1.856 1.884 2.312 1.917 1.877 1.569 1.604 1.489 1.690 1.693 2.021 2.239 2.635 2.849
5.494 4.080 3.253 2.562 2.096 1.845 1.675 1.559 1.258 1.191 0.972 0.988 0.875 0.981 1.153 0.975 0.511 0.000 0.509 0.610 0.913 1.143 1.444 1.697 1.806 2.071 2.195 2.154 2.149 2.068 2.218 2.612 2.548 2.185 2.017 1.731 1.435 1.366 1.051 1.193 1.010 0.800 0.901 1.062 1.111 0.841 0.759 0.709 0.853 1.105 1.191 1.233 1.280 1.082 1.225 1.233 1.450 1.352 1.412 1.284 1.536 1.456 1.257 1.406 1.790 1.615 1.708 1.580 1.822 2.019 1.880 1.833 1.643 1.700 1.665 1.408 1.258 1.410 1.312 1.045 1.133 1.298 1.134 1.178 1.096 1.133 1.061 1.203 1.155 1.412 1.396 1.645 1.881
5.499 4.083 3.400 2.659 2.275 2.060 1.895 1.806 1.506 1.462 1.105 1.143 0.920 1.194 1.375 1.243 0.682 0.511 0.000 0.512 0.723 1.106 1.376 1.779 2.011 2.240 2.297 2.227 2.200 1.952 2.199 2.474 2.537 2.260 2.151 1.873 1.554 1.319 0.957 0.945 0.774 0.645 0.761 1.005 1.131 0.861 0.844 0.776 0.906 1.120 1.207 1.262 1.352 1.072 1.128 1.041 1.292 1.385 1.459 1.442 1.784 1.720 1.475 1.595 1.973 1.864 2.045 1.879 2.170 2.301 2.137 2.033 1.863 1.855 1.857 1.653 1.393 1.588 1.543 1.202 1.215 1.457 1.307 1.260 1.156 1.305 1.182 1.505 1.374 1.608 1.612 1.742 1.933
5.038 3.578 2.716 2.061 1.644 1.468 1.356 1.337 1.137 1.153 0.978 1.062 1.010 1.188 1.412 1.285 0.848 0.608 0.501 0.000 0.493 0.598 0.743 0.940 1.081 1.329 1.345 1.303 1.278 1.212 1.478 1.662 1.584 1.383 1.257 1.080 0.907 0.814 0.633 0.635 0.596 0.597 0.669 0.928 0.985 0.765 0.780 0.697 0.774 0.948 0.999 1.072 1.087 0.897 0.996 0.862 0.986 0.967 0.989 0.937 1.149 1.187 1.092 1.289 1.568 1.427 1.353 1.173 1.330 1.396 1.316 1.244 1.093 1.220 1.256 1.048 1.017 1.200 1.104 0.982 1.098 1.342 1.233 1.334 1.259 1.243 1.067 1.177 1.030 1.150 1.099 1.223 1.447
5.407 3.905 3.107 2.358 1.925 1.716 1.680 1.690 1.524 1.562 1.412 1.477 1.400 1.490 1.735 1.544 1.152 0.957 0.655 0.496 0.000 0.494 0.597 0.795 0.939 1.119 1.226 1.177 1.144 1.093 1.426 1.648 1.439 1.232 1.079 0.981 0.790 0.703 0.604 0.607 0.660 0.654 0.773 1.008 1.106 0.927 1.039 0.893 0.947 1.160 1.245 1.282 1.325 1.092 1.088 0.935 1.037 1.054 0.992 1.042 1.290 1.470 1.427 1.715 1.922 1.687 1.584 1.284 1.336 1.299 1.258 1.145 0.979 1.194 1.299 1.056 1.064 1.384 1.355 1.201 1.355 1.689 1.649 1.804 1.683 1.725 1.543 1.585 1.350 1.475 1.280 1.408 1.616
4.896 3.459 2.598 1.952 1.617 1.436 1.400 1.377 1.263 1.323 1.221 1.351 1.293 1.460 1.634 1.476 1.133 0.974 0.796 0.608 0.504 0.000 0.495 0.599 0.816 1.008 1.074 1.016 0.951 0.935 1.231 1.464 1.305 1.059 0.977 0.852 0.675 0.609 0.580 0.609 0.725 0.754 0.904 1.133 1.237 1.044 1.076 0.929 1.036 1.228 1.202 1.280 1.201 0.989 1.016 0.887 0.907 0.889 0.846 0.860 1.072 1.181 1.169 1.416 1.636 1.383 1.324 1.118 1.171 1.200 1.106 1.024 0.851 1.023 1.086 0.915 0.916 1.144 1.165 1.022 1.164 1.417 1.397 1.544 1.496 1.484 1.301 1.326 1.131 1.179 1.061 1.158 1.372
5.186 3.755 2.944 2.279 1.852 1.675 1.605 1.598 1.460 1.553 1.465 1.560 1.523 1.706 1.834 1.683 1.361 1.127 0.997 0.809 0.631 0.495 0.000 0.496 0.678 0.833 0.951 0.861 0.834 0.837 1.155 1.361 1.204 1.011 0.835 0.799 0.636 0.631 0.634 0.682 0.806 0.902 1.069 1.303 1.434 1.255 1.310 1.119 1.233 1.429 1.427 1.465 1.389 1.138 1.156 0.982 1.001 0.998 0.955 0.996 1.192 1.326 1.350 1.596 1.775 1.553 1.433 1.173 1.182 1.124 1.038 0.955 0.846 1.089 1.190 1.041 1.075 1.347 1.296 1.227 1.397 1.666 1.595 1.801 1.740 1.712 1.534 1.555 1.302 1.386 1.205 1.364 1.554
5.579 4.262 3.400 2.639 2.378 2.230 2.140 2.230 2.118 2.280 2.281 2.412 2.283 2.482 2.631 2.309 1.938 1.758 1.659 1.312 1.002 0.803 0.525 0.000 0.511 0.650 0.844 0.915 0.931 1.023 1.362 1.536 1.320 1.135 0.876 0.924 0.788 0.878 1.009 0.932 1.082 1.346 1.521 1.746 2.067 1.920 2.128 1.822 1.856 2.182 2.273 2.151 2.083 1.748 1.656 1.293 1.270 1.415 1.180 1.213 1.423 1.611 1.671 1.986 2.139 1.727 1.524 1.217 1.180 1.006 0.906 0.821 0.796 1.102 1.150 1.065 1.217 1.474 1.495 1.540 1.774 2.015 2.026 2.340 2.490 2.453 2.089 2.100 1.832 1.819 1.686 1.822 2.054
5.446 4.031 3.223 2.539 2.253 2.091 2.159 2.167 2.063 2.199 2.153 2.396 2.224 2.504 2.642 2.388 2.018 1.808 1.713 1.423 1.194 0.975 0.675 0.538 0.000 0.504 0.677 0.774 0.863 0.975 1.299 1.503 1.290 1.056 0.831 0.889 0.835 0.904 1.098 1.087 1.342 1.507 1.757 1.998 2.222 2.071 2.081 1.804 1.955 2.238 2.217 2.119 2.038 1.659 1.664 1.396 1.323 1.346 1.177 1.177 1.398 1.599 1.690 2.034 2.115 1.750 1.578 1.210 1.195 1.005 0.909 0.754 0.771 1.037 1.136 1.058 1.188 1.470 1.521 1.549 1.732 1.948 2.021 2.318 2.419 2.377 2.079 2.086 1.797 1.776 1.577 1.685 1.925
5.494 4.112 3.319 2.455 2.196 1.939 1.916 1.802 1.778 1.836 1.829 2.025 1.971 2.221 2.485 2.310 1.903 1.685 1.706 1.472 1.365 1.068 0.937 0.699 0.501 0.000 0.520 0.781 0.898 1.075 1.363 1.427 1.196 1.052 0.835 0.884 0.852 1.031 1.213 1.362 1.554 1.730 1.905 2.218 2.295 2.080 1.923 1.783 2.021 2.134 2.031 2.078 1.951 1.702 1.780 1.607 1.487 1.408 1.196 1.080 1.211 1.323 1.326 1.585 1.699 1.443 1.313 0.987 1.067 0.878 0.707 0.647 0.789 0.987 1.007 0.929 1.114 1.310 1.292 1.312 1.514 1.711 1.639 1.946 2.032 1.951 1.708 1.677 1.468 1.486 1.463 1.613 1.930
5.877 4.675 3.773 2.976 2.855 2.532 2.689 2.589 2.729 2.900 2.973 3.276 3.223 3.554 3.935 3.464 3.111 2.714 2.700 2.401 2.063 1.764 1.385 1.050 0.685 0.534 0.000 0.573 1.005 1.331 1.647 1.716 1.439 1.359 0.995 1.187 1.295 1.646 1.925 2.029 2.470 2.871 3.053 3.353 3.712 3.395 3.138 2.945 3.255 3.601 3.200 3.380 3.158 2.825 2.900 2.550 2.315 2.172 1.769 1.694 1.630 1.783 1.928 2.341 2.308 1.946 1.593 1.364 1.202 1.051 0.965 0.823 1.042 1.437 1.517 1.453 1.854 2.055 2.065 2.058 2.440 2.629 2.707 3.230 3.376 3.134 2.745 2.600 2.305 2.159 2.178 2.214 2.639
6.073 4.833 4.255 3.456 3.285 3.240 3.415 3.478 3.744 3.844 3.911 4.146 4.161 4.326 4.723 4.259 3.835 3.323 3.178 2.643 2.083 1.774 1.180 0.931 0.896 0.806 0.562 0.000 0.539 0.821 1.206 1.527 1.369 1.333 1.153 1.317 1.521 1.364 1.791 1.674 2.167 2.677 3.055 3.371 3.895 3.753 3.657 3.322 3.391 3.742 3.683 3.468 3.304 2.840 2.551 2.043 1.808 2.049 1.935 2.149 2.344 2.791 3.008 3.355 3.415 3.016 2.587 2.138 1.942 1.623 1.477 1.128 1.245 1.613 1.805 2.029 2.240 2.525 2.663 2.779 3.286 3.469 3.529 4.133 4.347 4.226 3.830 3.591 3.214 3.065 2.743 2.609 2.818
5.992 4.721 3.955 3.196 2.950 2.983 3.140 3.280 3.337 3.506 3.465 3.773 3.675 3.855 3.937 3.653 3.269 2.968 2.935 2.329 2.104 1.612 1.206 0.928 0.955 0.961 0.787 0.516 0.000 0.543 1.005 1.302 1.221 1.186 1.056 1.295 1.420 1.399 1.782 1.741 2.186 2.522 2.873 3.203 3.606 3.520 3.438 3.019 3.227 3.608 3.434 3.372 3.094 2.695 2.358 2.048 1.795 1.943 1.768 2.051 2.157 2.577 2.645 3.080 3.163 2.790 2.546 1.982 1.934 1.649 1.564 1.250 1.301 1.614 1.867 1.821 2.109 2.311 2.444 2.526 2.817 3.071 3.261 3.524 3.839 3.789 3.361 3.370 2.886 2.750 2.429 2.373 2.482
5.862 4.786 4.194 3.501 3.273 3.300 3.405 3.562 3.642 3.898 3.642 4.296 4.032 4.221 4.546 4.096 3.571 3.352 3.140 2.597 2.155 1.840 1.341 0.999 1.125 1.164 1.249 0.975 0.565 0.000 0.700 1.196 1.182 1.045 0.998 1.226 1.382 1.423 1.770 1.664 2.301 2.702 3.209 3.502 3.884 3.609 3.610 3.373 3.449 3.888 3.793 3.552 3.296 2.916 2.643 2.174 1.870 2.023 1.954 2.076 2.342 2.814 2.944 3.441 3.870 3.180 2.787 2.254 2.033 1.746 1.856 1.557 1.610 2.313 2.280 2.215 2.583 2.987 2.873 2.921 3.513 3.717 3.583 4.269 4.411 4.342 3.697 3.576 3.203 3.060 2.612 2.534 2.853
6.333 5.387 4.646 4.050 3.983 3.910 4.080 4.087 4.251 4.293 4.179 4.535 4.093 4.485 4.434 3.921 3.493 3.474 3.324 2.886 2.297 1.880 1.476 1.291 1.595 1.845 1.915 1.541 1.086 0.598 0.000 0.564 1.006 1.266 1.519 1.611 1.747 1.660 2.308 2.223 2.650 3.106 3.390 4.071 4.444 3.950 3.968 3.760 4.112 4.586 4.469 4.455 4.139 3.600 3.457 2.861 2.530 2.743 2.290 2.701 2.837 3.354 3.548 3.929 4.337 3.685 3.327 2.676 2.564 2.344 2.325 2.300 1.886 2.442 2.737 2.448 2.561 3.029 3.258 3.104 3.400 3.909 3.849 4.482 4.464 4.531 4.080 4.143 3.802 3.730 3.233 3.119 3.476
7.058 6.045 5.194 4.492 4.463 4.479 4.918 5.237 5.421 5.628 5.848 6.221 6.139 6.327 6.394 6.223 5.757 5.294 5.040 4.262 3.744 3.092 2.544 2.308 2.551 2.108 2.687 2.272 1.389 1.371 0.718 0.000 0.665 1.270 1.802 2.324 2.612 2.586 2.834 2.940 3.327 3.896 4.424 4.782 5.698 5.648 5.357 5.220 4.988 5.706 5.557 5.384 5.096 4.426 3.950 3.118 2.976 3.118 2.889 3.327 3.680 4.176 4.779 4.986 5.328 4.897 4.302 3.426 3.195 2.852 2.956 3.275 3.544 4.068 3.984 3.835 4.495 4.955 4.718 5.003 5.605 5.662 5.903 6.102 6.252 6.331 5.935 5.372 4.817 4.371 4.001 3.624 3.849
6.440 5.266 4.312 3.379 3.484 3.149 3.491 3.230 3.683 3.902 4.152 4.686 4.597 5.163 5.382 4.977 4.468 4.205 4.187 3.637 3.153 2.600 2.132 1.544 1.474 1.408 1.690 1.614 1.280 1.365 1.024 0.578 0.000 0.586 0.860 1.097 1.659 2.085 2.717 2.857 3.557 4.016 4.520 5.257 5.505 5.093 4.714 4.266 4.874 5.193 4.822 4.874 4.395 3.729 3.759 3.329 2.738 2.696 2.068 2.191 1.946 2.216 2.652 2.960 2.810 2.449 2.072 1.927 1.528 1.506 1.796 1.993 2.163 2.624 2.520 2.327 2.895 3.202 2.817 3.092 3.811 3.799 3.699 4.307 4.534 4.258 3.777 3.320 3.050 2.652 2.766 2.604 3.128
5.507 4.069 3.365 2.592 2.423 2.298 2.312 2.342 2.396 2.525 2.568 2.763 2.711 2.974 3.178 2.974 2.513 2.352 2.387 2.028 1.821 1.469 1.244 0.931 0.915 0.993 1.246 1.190 0.884 1.100 1.078 0.787 0.542 0.000 0.502 0.666 0.948 1.218 1.519 1.620 2.124 2.363 2.645 3.036 3.197 2.958 2.754 2.539 2.820 3.011 2.867 2.881 2.531 2.315 2.189 1.957 1.627 1.591 1.300 1.343 1.490 1.720 1.793 2.108 2.134 1.826 1.639 1.279 1.221 1.153 1.206 1.206 1.300 1.463 1.467 1.309 1.568 1.669 1.706 1.827 2.006 2.175 2.229 2.488 2.596 2.601 2.346 2.252 2.036 1.983 1.780 1.864 2.151
5.445 4.072 3.286 2.454 2.199 1.998 2.014 1.959 1.912 1.935 1.966 2.098 2.085 2.456 2.687 2.572 2.113 1.858 2.021 1.761 1.629 1.263 1.168 0.856 0.808 0.876 1.110 1.136 0.937 1.148 1.166 1.046 0.740 0.495 0.000 0.521 0.667 0.968 1.324 1.524 1.907 2.050 2.353 2.653 2.711 2.380 2.131 2.050 2.428 2.477 2.243 2.541 2.183 1.907 1.998 1.826 1.539 1.500 1.061 1.030 1.170 1.324 1.398 1.633 1.795 1.538 1.400 1.054 1.061 1.003 1.031 1.066 1.100 1.364 1.278 1.099 1.370 1.562 1.427 1.474 1.677 1.842 1.754 2.122 2.114 2.003 1.765 1.726 1.528 1.541 1.474 1.512 1.980
5.312 3.815 2.978 2.166 1.874 1.657 1.653 1.570 1.511 1.607 1.512 1.663 1.618 1.843 2.003 1.886 1.520 1.283 1.290 1.087 0.968 0.743 0.740 0.636 0.694 0.853 1.032 1.022 0.871 1.023 1.132 1.142 0.891 0.598 0.500 0.000 0.493 0.620 0.803 0.965 1.169 1.309 1.444 1.749 1.847 1.616 1.584 1.383 1.665 1.796 1.766 1.829 1.656 1.364 1.390 1.242 1.107 1.022 0.816 0.737 0.956 1.097 1.162 1.419 1.599 1.369 1.219 0.937 0.972 0.936 0.927 0.957 0.924 1.139 1.125 0.955 1.059 1.277 1.211 1.143 1.338 1.564 1.455 1.713 1.669 1.665 1.425 1.397 1.192 1.240 1.104 1.252 1.604
4.895 3.347 2.497 1.734 1.314 1.103 1.106 1.077 1.035 1.127 1.144 1.301 1.315 1.583 1.808 1.633 1.296 1.019 1.017 0.817 0.737 0.587 0.575 0.557 0.604 0.767 0.906 0.879 0.827 0.891 1.091 1.276 1.121 0.790 0.608 0.496 0.000 0.496 0.546 0.703 0.820 0.894 1.106 1.252 1.433 1.240 1.180 1.007 1.122 1.282 1.205 1.217 1.111 0.895 0.924 0.811 0.791 0.661 0.578 0.573 0.699 0.809 0.863 1.059 1.204 1.031 0.914 0.725 0.813 0.829 0.804 0.773 0.737 0.888 0.870 0.735 0.852 0.989 0.945 0.903 1.102 1.285 1.184 1.375 1.388 1.283 1.110 1.045 0.875 0.868 0.758 0.853 1.153
4.837 3.316 2.398 1.661 1.266 1.072 1.078 1.067 1.042 1.143 1.130 1.258 1.261 1.480 1.669 1.567 1.215 0.977 0.890 0.691 0.627 0.552 0.555 0.575 0.652 0.815 0.943 0.942 0.879 0.889 1.168 1.322 1.144 0.896 0.722 0.558 0.491 0.000 0.490 0.543 0.653 0.728 0.902 1.069 1.211 1.080 1.077 0.901 0.965 1.142 1.090 1.065 0.971 0.803 0.789 0.656 0.646 0.584 0.559 0.602 0.744 0.860 0.925 1.125 1.246 1.080 0.961 0.821 0.862 0.889 0.831 0.836 0.778 0.934 0.920 0.801 0.878 1.034 0.995 0.979 1.120 1.295 1.222 1.397 1.357 1.316 1.136 1.074 0.911 0.886 0.761 0.816 1.103
4.863 3.157 2.417 1.669 1.267 1.093 1.075 1.125 1.057 1.181 1.129 1.266 1.230 1.433 1.645 1.463 1.128 0.895 0.797 0.611 0.558 0.539 0.583 0.713 0.844 1.038 1.158 1.151 1.078 0.989 1.220 1.499 1.356 1.056 0.934 0.721 0.554 0.489 0.000 0.492 0.535 0.639 0.831 1.023 1.197 1.020 1.036 0.865 0.966 1.152 1.110 1.075 0.971 0.786 0.677 0.572 0.602 0.574 0.575 0.624 0.798 0.901 0.942 1.155 1.316 1.139 1.028 0.907 0.970 1.063 1.014 1.017 0.908 1.038 1.050 0.883 0.898 1.093 1.032 0.944 1.116 1.277 1.235 1.383 1.352 1.327 1.109 1.114 0.898 0.888 0.775 0.825 1.031
5.032 3.541 2.796 2.038 1.590 1.389 1.370 1.385 1.366 1.454 1.478 1.684 1.588 1.874 2.091 1.862 1.477 1.189 1.051 0.730 0.598 0.620 0.755 0.981 1.186 1.417 1.595 1.507 1.426 1.226 1.522 1.856 1.746 1.438 1.255 0.999 0.765 0.592 0.495 0.000 0.504 0.760 1.001 1.232 1.515 1.373 1.416 1.189 1.324 1.612 1.507 1.508 1.292 1.006 0.955 0.681 0.779 0.777 0.789 0.815 1.037 1.062 1.143 1.320 1.495 1.339 1.250 1.108 1.181 1.321 1.296 1.354 1.225 1.387 1.322 1.102 1.180 1.374 1.241 1.166 1.399 1.575 1.483 1.708 1.734 1.648 1.389 1.296 1.112 1.096 0.990 1.121 1.340
5.572 4.027 3.264 2.572 2.148 2.008 1.928 1.954 1.678 1.717 1.479 1.557 1.521 1.616 1.859 1.705 1.301 1.084 0.792 0.666 0.662 0.786 0.850 1.104 1.389 1.606 1.670 1.532 1.356 1.218 1.489 1.726 1.640 1.473 1.450 1.312 1.092 0.841 0.630 0.505 0.000 0.496 0.672 0.872 1.092 0.913 1.029 0.888 0.848 1.064 1.194 1.198 1.293 1.061 1.003 0.760 0.991 1.089 1.187 1.310 1.689 1.851 1.713 2.013 2.379 2.142 2.082 1.707 1.798 1.801 1.801 1.654 1.457 1.707 1.837 1.550 1.501 1.865 1.835 1.540 1.765 2.080 2.002 2.109 1.894 1.909 1.756 1.876 1.637 1.769 1.533 1.632 1.693
5.194 3.590 2.814 2.110 1.680 1.500 1.372 1.360 1.167 1.207 1.048 1.205 1.145 1.329 1.560 1.390 1.035 0.814 0.630 0.557 0.663 0.833 1.012 1.228 1.403 1.652 1.722 1.639 1.530 1.400 1.637 1.914 1.845 1.597 1.517 1.291 1.075 0.901 0.688 0.647 0.495 0.000 0.498 0.618 0.824 0.716 0.790 0.667 0.635 0.867 0.913 0.915 0.942 0.800 0.857 0.719 0.930 0.931 1.050 1.060 1.289 1.356 1.242 1.425 1.684 1.609 1.571 1.394 1.519 1.679 1.559 1.639 1.418 1.525 1.593 1.339 1.294 1.522 1.401 1.194 1.345 1.579 1.436 1.529 1.378 1.344 1.228 1.271 1.131 1.241 1.130 1.289 1.388
5.294 3.871 3.175 2.343 1.964 1.756 1.650 1.600 1.397 1.420 1.228 1.383 1.268 1.448 1.655 1.519 1.104 0.869 0.657 0.636 0.861 1.057 1.288 1.481 1.695 1.910 1.977 1.944 1.813 1.721 1.953 2.244 2.185 1.866 1.768 1.515 1.297 1.111 0.872 0.914 0.685 0.502 0.000 0.499 0.606 0.637 0.799 0.739 0.696 0.884 1.030 1.092 1.122 0.966 1.032 0.972 1.184 1.146 1.230 1.272 1.466 1.547 1.498 1.642 1.939 1.853 1.755 1.626 1.722 1.849 1.841 1.851 1.644 1.830 1.832 1.558 1.532 1.750 1.639 1.420 1.545 1.788 1.710 1.813 1.605 1.577 1.469 1.485 1.371 1.448 1.379 1.489 1.631
5.933 4.552 3.868 3.180 2.745 2.577 2.337 2.263 1.914 1.919 1.610 1.684 1.614 1.722 1.947 1.749 1.451 1.206 0.880 0.898 1.084 1.410 1.616 1.944 2.226 2.500 2.535 2.397 2.309 2.178 2.370 2.707 2.824 2.454 2.384 2.106 1.832 1.670 1.255 1.216 0.930 0.722 0.496 0.000 0.546 0.677 0.948 0.959 0.775 1.008 1.267 1.312 1.553 1.338 1.458 1.349 1.703 1.667 1.858 1.819 2.205 2.262 2.072 2.317 2.746 2.577 2.584 2.293 2.460 2.613 2.499 2.428 2.112 2.276 2.379 2.082 1.930 2.255 2.243 1.917 2.047 2.359 2.211 2.326 2.037 2.031 1.981 2.063 1.940 2.143 2.028 2.241 2.323
6.314 5.081 4.504 3.782 3.294 3.079 2.695 2.531 2.095 1.946 1.534 1.489 1.401 1.457 1.754 1.664 1.361 1.220 0.997 1.285 1.563 1.975 2.360 2.750 3.117 3.432 3.479 3.350 3.192 2.936 3.140 3.594 3.788 3.417 3.287 2.920 2.558 2.324 1.807 1.709 1.366 1.015 0.689 0.531 0.000 0.561 0.770 1.032 0.871 1.027 1.327 1.505 1.709 1.658 1.729 1.649 2.147 2.187 2.425 2.422 2.730 2.659 2.390 2.406 2.917 2.843 3.095 2.982 3.147 3.394 3.273 3.203 2.860 2.904 2.921 2.653 2.382 2.490 2.462 2.060 2.115 2.312 2.190 2.049 1.737 1.886 1.865 2.135 2.214 2.494 2.521 2.787 2.770
5.835 4.299 3.584 2.853 2.270 2.030 1.734 1.532 1.282 1.172 0.939 1.036 1.083 1.222 1.612 1.501 1.108 0.826 0.793 0.918 1.218 1.519 1.806 2.098 2.288 2.415 2.565 2.544 2.430 2.333 2.526 2.890 2.917 2.543 2.402 2.162 1.835 1.663 1.376 1.404 1.181 0.891 0.755 0.622 0.531 0.000 0.497 0.588 0.655 0.698 0.753 1.056 1.189 1.152 1.338 1.466 1.754 1.591 1.762 1.621 1.854 1.728 1.510 1.546 1.879 1.907 2.050 2.046 2.230 2.400 2.342 2.322 2.118 2.195 2.146 1.921 1.772 1.942 1.786 1.507 1.608 1.801 1.608 1.597 1.379 1.291 1.232 1.296 1.360 1.566 1.667 1.932 2.049
5.196 3.635 2.866 2.202 1.673 1.463 1.283 1.248 1.005 1.031 0.836 0.973 0.969 1.129 1.402 1.314 0.992 0.695 0.668 0.772 1.019 1.218 1.439 1.673 1.812 2.006 2.107 2.062 2.041 1.914 2.121 2.424 2.381 2.085 1.933 1.692 1.450 1.289 1.118 1.145 1.020 0.789 0.770 0.780 0.682 0.493 0.000 0.488 0.534 0.573 0.572 0.688 0.782 0.798 1.014 1.133 1.310 1.224 1.328 1.280 1.427 1.417 1.323 1.447 1.732 1.694 1.707 1.631 1.764 1.957 1.878 1.903 1.708 1.752 1.787 1.500 1.442 1.613 1.504 1.258 1.344 1.552 1.434 1.484 1.292 1.224 1.126 1.184 1.120 1.274 1.261 1.399 1.567
5.229 3.657 2.873 2.166 1.644 1.474 1.299 1.296 1.025 1.041 0.860 0.957 0.918 1.064 1.398 1.352 0.895 0.660 0.642 0.706 0.918 1.050 1.292 1.498 1.661 1.834 1.897 1.898 1.823 1.777 1.967 2.211 2.159 1.866 1.749 1.503 1.295 1.193 0.938 1.033 0.864 0.652 0.726 0.754 0.735 0.539 0.487 0.000 0.489 0.538 0.576 0.599 0.751 0.764 0.896 0.981 1.183 1.099 1.218 1.146 1.380 1.354 1.209 1.352 1.671 1.544 1.629 1.502 1.652 1.798 1.704 1.700 1.552 1.605 1.605 1.367 1.296 1.426 1.343 1.107 1.233 1.405 1.262 1.280 1.174 1.137 1.046 1.145 1.086 1.247 1.172 1.332 1.486
5.215 3.614 2.838 2.184 1.679 1.508 1.329 1.281 1.055 1.068 0.911 1.040 1.013 1.216 1.496 1.377 0.982 0.705 0.650 0.697 0.905 1.021 1.267 1.427 1.523 1.746 1.806 1.785 1.783 1.714 1.899 2.153 2.119 1.807 1.685 1.497 1.264 1.163 0.965 1.014 0.880 0.652 0.700 0.683 0.699 0.553 0.524 0.487 0.000 0.491 0.545 0.638 0.781 0.784 0.958 1.017 1.213 1.086 1.230 1.168 1.339 1.364 1.233 1.346 1.617 1.561 1.575 1.453 1.619 1.752 1.611 1.627 1.438 1.533 1.546 1.328 1.277 1.457 1.347 1.156 1.274 1.461 1.293 1.352 1.244 1.192 1.081 1.162 1.089 1.238 1.212 1.376 1.518
5.461 4.023 3.251 2.536 2.013 1.786 1.600 1.517 1.213 1.197 1.018 1.192 1.192 1.315 1.632 1.497 1.179 0.870 0.796 0.857 1.056 1.290 1.528 1.850 1.998 2.279 2.297 2.181 2.184 2.031 2.248 2.595 2.584 2.303 2.212 1.956 1.696 1.515 1.221 1.195 1.012 0.797 0.803 0.826 0.794 0.621 0.592 0.549 0.491 0.000 0.506 0.628 0.839 0.934 1.156 1.230 1.478 1.470 1.657 1.530 1.804 1.801 1.601 1.716 2.053 2.003 2.117 1.909 2.149 2.333 2.139 2.120 1.824 1.899 2.020 1.765 1.565 1.841 1.785 1.475 1.562 1.856 1.666 1.698 1.503 1.441 1.335 1.422 1.392 1.604 1.557 1.773 1.876
5.357 3.732 2.888 2.207 1.659 1.475 1.266 1.259 0.977 1.080 0.969 1.156 1.167 1.353 1.663 1.636 1.281 1.005 0.908 1.069 1.206 1.393 1.644 1.883 1.977 2.176 2.233 2.253 2.198 2.128 2.305 2.606 2.509 2.214 2.049 1.856 1.582 1.451 1.232 1.265 1.160 0.979 0.974 0.973 0.939 0.712 0.630 0.593 0.575 0.501 0.000 0.550 0.635 0.784 1.067 1.199 1.361 1.245 1.390 1.352 1.551 1.523 1.416 1.539 1.898 1.849 1.880 1.785 1.917 2.100 2.071 2.058 1.929 1.981 1.949 1.757 1.641 1.832 1.699 1.479 1.566 1.773 1.599 1.654 1.433 1.311 1.244 1.232 1.209 1.280 1.308 1.446 1.601
5.142 3.623 2.823 2.207 1.721 1.646 1.359 1.495 1.213 1.346 1.185 1.293 1.415 1.522 1.811 1.888 1.515 1.304 1.256 1.427 1.667 1.939 2.224 2.440 2.717 2.914 3.092 2.892 2.782 2.585 2.617 2.962 3.066 2.633 2.644 2.339 2.078 1.917 1.599 1.706 1.527 1.218 1.327 1.288 1.184 1.032 0.841 0.750 0.714 0.638 0.528 0.000 0.533 0.687 1.063 1.362 1.550 1.398 1.730 1.785 2.046 2.053 1.899 2.007 2.509 2.481 2.544 2.450 2.464 2.837 2.837 2.902 2.727 2.794 2.839 2.401 2.319 2.522 2.359 2.006 2.127 2.369 2.079 2.053 1.683 1.651 1.598 1.691 1.606 1.678 1.572 1.620 1.632
5.006 3.408 2.585 1.859 1.422 1.215 1.081 1.124 0.891 1.146 1.128 1.312 1.430 1.696 2.016 1.908 1.579 1.244 1.207 1.146 1.320 1.343 1.477 1.609 1.768 1.922 2.123 2.047 1.889 1.771 1.908 2.161 2.088 1.744 1.678 1.408 1.325 1.173 1.008 1.212 1.199 1.006 1.206 1.259 1.227 1.132 1.004 0.757 0.772 0.791 0.581 0.507 0.000 0.520 0.738 0.996 1.059 0.847 1.016 1.090 1.226 1.333 1.370 1.556 1.786 1.747 1.661 1.539 1.539 1.767 1.857 1.932 1.804 1.958 1.903 1.641 1.731 1.893 1.727 1.543 1.810 1.950 1.709 1.879 1.707 1.532 1.352 1.315 1.129 1.089 0.972 1.064 1.227
4.973 3.317 2.592 1.907 1.457 1.248 1.147 1.142 0.963 1.095 1.090 1.287 1.344 1.569 1.920 1.783 1.407 1.092 1.001 0.880 1.040 1.089 1.285 1.435 1.570 1.746 1.921 1.849 1.698 1.628 1.738 1.975 1.932 1.670 1.590 1.339 1.183 0.987 0.809 0.953 0.920 0.799 1.059 1.179 1.261 1.098 0.992 0.760 0.837 0.948 0.698 0.650 0.501 0.000 0.505 0.646 0.832 0.701 0.935 0.994 1.187 1.270 1.269 1.456 1.700 1.594 1.549 1.434 1.514 1.700 1.704 1.742 1.623 1.755 1.757 1.443 1.494 1.728 1.530 1.349 1.557 1.735 1.539 1.690 1.579 1.428 1.255 1.200 1.052 1.083 0.960 1.069 1.165
5.195 3.694 2.851 2.141 1.652 1.448 1.323 1.266 1.132 1.263 1.407 1.615 1.828 2.071 2.362 2.282 1.935 1.516 1.410 1.160 1.191 1.203 1.250 1.415 1.791 2.038 2.129 1.921 1.770 1.515 1.691 1.985 2.045 1.756 1.781 1.484 1.262 0.937 0.749 0.804 0.897 0.982 1.346 1.529 1.724 1.576 1.421 1.109 1.171 1.337 1.091 0.926 0.704 0.512 0.000 0.496 0.676 0.664 0.980 1.164 1.418 1.545 1.549 1.747 2.054 2.045 1.962 1.788 1.859 2.039 2.050 2.109 1.879 2.103 2.217 1.786 1.903 2.154 2.026 1.782 2.116 2.291 2.019 2.208 2.027 1.753 1.604 1.435 1.291 1.264 1.048 1.157 1.196
5.352 3.579 2.708 1.949 1.517 1.377 1.355 1.425 1.352 1.483 1.553 1.700 1.728 1.919 2.126 2.001 1.629 1.364 1.218 0.974 0.951 0.954 1.031 1.212 1.438 1.619 1.731 1.664 1.539 1.394 1.601 1.869 1.777 1.473 1.441 1.197 1.026 0.813 0.649 0.688 0.768 0.841 1.118 1.295 1.525 1.415 1.392 1.093 1.127 1.341 1.243 1.119 0.951 0.692 0.504 0.000 0.542 0.595 0.824 1.001 1.252 1.407 1.415 1.644 1.865 1.776 1.702 1.459 1.539 1.631 1.681 1.683 1.500 1.667 1.741 1.467 1.512 1.773 1.704 1.566 1.755 1.919 1.820 1.927 1.870 1.750 1.576 1.540 1.302 1.266 1.032 1.070 1.182
5.080 3.592 2.656 1.854 1.468 1.344 1.428 1.654 1.666 1.993 2.001 2.364 2.322 2.577 2.735 2.462 2.194 1.848 1.602 1.248 1.213 1.244 1.357 1.532 1.835 2.089 2.297 2.225 2.025 1.817 1.926 2.251 2.134 1.735 1.701 1.322 1.202 0.879 0.721 0.783 0.848 0.990 1.289 1.492 1.822 1.744 1.862 1.464 1.474 1.826 1.741 1.603 1.339 0.965 0.749 0.528 0.000 0.529 0.702 0.983 1.209 1.605 1.836 2.089 2.303 2.134 1.892 1.765 1.520 1.808 2.071 2.175 2.078 2.336 2.403 1.980 2.106 2.457 2.318 2.120 2.412 2.722 2.482 2.782 2.673 2.534 2.164 1.981 1.583 1.399 1.024 0.914 1.112
5.115 3.409 2.547 1.679 1.214 1.099 1.103 1.215 1.159 1.341 1.383 1.602 1.674 2.003 2.244 2.033 1.625 1.338 1.215 1.015 0.972 0.920 0.973 1.026 1.153 1.347 1.524 1.526 1.457 1.313 1.553 1.781 1.633 1.306 1.185 0.893 0.757 0.620 0.663 0.773 0.875 0.941 1.191 1.374 1.606 1.433 1.368 1.149 1.197 1.416 1.247 1.185 1.003 0.763 0.639 0.603 0.505 0.000 0.504 0.618 0.805 1.024 1.152 1.374 1.496 1.443 1.178 1.058 1.030 1.217 1.242 1.325 1.318 1.411 1.393 1.213 1.318 1.484 1.404 1.330 1.573 1.707 1.652 1.844 1.826 1.713 1.428 1.325 1.030 0.954 0.744 0.739 0.915
4.962 3.329 2.553 1.658 1.235 1.053 1.135 1.188 1.218 1.405 1.503 1.802 1.847 2.177 2.393 2.287 1.824 1.550 1.567 1.307 1.238 1.022 1.117 1.150 1.233 1.510 1.666 1.677 1.580 1.396 1.576 1.883 1.829 1.419 1.294 0.946 0.789 0.696 0.762 1.004 1.209 1.305 1.643 1.860 2.065 1.825 1.751 1.443 1.656 1.860 1.642 1.615 1.304 1.000 0.887 0.849 0.682 0.509 0.000 0.507 0.636 0.761 0.898 1.135 1.250 1.110 1.016 0.885 1.023 1.266 1.270 1.418 1.346 1.462 1.352 1.093 1.301 1.431 1.211 1.236 1.507 1.567 1.472 1.725 1.819 1.709 1.365 1.181 0.917 0.814 0.645 0.702 0.864
4.728 3.040 2.332 1.506 1.076 0.831 0.825 0.785 0.823 0.914 0.979 1.147 1.201 1.514 1.793 1.662 1.265 1.012 1.041 0.893 0.864 0.736 0.795 0.790 0.814 0.953 1.107 1.158 1.079 1.109 1.298 1.477 1.325 1.044 0.903 0.687 0.568 0.561 0.623 0.797 0.910 0.933 1.143 1.315 1.441 1.266 1.158 0.980 1.126 1.246 1.131 1.146 0.975 0.806 0.837 0.806 0.751 0.573 0.494 0.000 0.492 0.528 0.608 0.766 0.868 0.763 0.645 0.593 0.703 0.867 0.817 0.913 0.914 0.994 0.913 0.777 0.900 0.963 0.841 0.816 1.021 1.120 1.015 1.190 1.200 1.081 0.891 0.786 0.617 0.568 0.542 0.638 0.971
4.718 3.205 2.289 1.576 1.094 0.927 0.831 0.813 0.836 0.946 1.033 1.213 1.302 1.626 1.845 1.737 1.384 1.175 1.169 1.004 0.990 0.880 0.953 0.947 0.940 1.058 1.244 1.265 1.256 1.253 1.483 1.660 1.486 1.161 1.014 0.824 0.703 0.721 0.756 0.940 1.015 1.042 1.225 1.394 1.505 1.326 1.241 1.088 1.161 1.302 1.176 1.157 1.036 0.843 0.930 0.924 0.872 0.697 0.573 0.489 0.000 0.491 0.569 0.727 0.821 0.654 0.568 0.597 0.713 0.866 0.878 1.009 1.016 1.079 0.978 0.851 0.973 1.059 0.900 0.915 1.098 1.166 1.060 1.246 1.253 1.144 0.934 0.801 0.614 0.552 0.553 0.687 1.026
4.918 3.235 2.270 1.607 1.128 0.882 0.851 0.806 0.795 0.826 0.867 1.005 1.075 1.368 1.628 1.566 1.213 1.012 1.129 1.066 1.106 0.981 1.059 1.020 0.976 1.075 1.240 1.314 1.261 1.323 1.475 1.660 1.440 1.166 1.023 0.859 0.779 0.845 0.886 1.120 1.168 1.169 1.317 1.486 1.510 1.293 1.146 1.040 1.220 1.276 1.155 1.233 1.099 0.948 1.095 1.098 1.057 0.842 0.683 0.534 0.490 0.000 0.488 0.539 0.659 0.568 0.543 0.566 0.684 0.855 0.835 0.975 1.004 1.051 0.891 0.777 0.894 0.915 0.714 0.740 0.898 0.950 0.763 0.955 0.977 0.892 0.676 0.632 0.546 0.558 0.628 0.740 1.103
4.898 3.373 2.450 1.790 1.335 1.049 0.975 0.845 0.791 0.780 0.826 0.977 1.039 1.342 1.582 1.530 1.149 0.952 1.072 1.054 1.058 0.971 1.101 1.070 1.005 1.121 1.280 1.393 1.354 1.434 1.647 1.804 1.595 1.307 1.114 0.936 0.833 0.914 0.904 1.122 1.174 1.114 1.281 1.437 1.451 1.247 1.117 1.007 1.188 1.261 1.134 1.219 1.113 0.970 1.138 1.156 1.142 0.943 0.806 0.605 0.560 0.491 0.000 0.496 0.643 0.543 0.552 0.586 0.756 0.914 0.858 1.005 1.018 1.075 0.907 0.789 0.878 0.891 0.731 0.665 0.857 0.890 0.696 0.892 0.943 0.850 0.648 0.591 0.553 0.615 0.711 0.907 1.284
5.344 3.890 3.142 2.393 1.889 1.572 1.382 1.153 1.104 1.040 1.147 1.252 1.387 1.698 2.053 1.971 1.495 1.307 1.421 1.396 1.435 1.375 1.509 1.551 1.509 1.684 1.929 1.976 1.966 1.949 2.169 2.452 2.242 1.879 1.684 1.433 1.228 1.298 1.319 1.491 1.621 1.529 1.681 1.854 1.931 1.661 1.462 1.395 1.613 1.704 1.595 1.732 1.588 1.403 1.616 1.662 1.612 1.380 1.237 0.958 0.993 0.707 0.511 0.000 0.661 0.619 0.823 0.938 1.228 1.420 1.307 1.496 1.475 1.560 1.315 1.114 1.263 1.289 0.995 0.974 1.237 1.230 0.904 1.159 1.209 1.034 0.782 0.717 0.690 0.909 1.136 1.417 1.778
6.013 4.849 3.969 3.089 2.686 2.203 2.012 1.643 1.492 1.298 1.440 1.490 1.686 2.180 2.539 2.613 2.073 1.846 2.216 2.134 2.418 2.259 2.519 2.463 2.163 2.071 2.490 2.869 2.783 2.982 3.045 3.348 2.907 2.569 2.253 2.056 1.967 2.314 2.207 2.671 2.740 2.515 2.720 2.951 2.737 2.403 1.994 1.963 2.461 2.297 2.039 2.436 2.218 2.072 2.536 2.745 2.663 2.308 2.050 1.641 1.360 0.918 0.686 0.532 0.000 0.542 0.780 1.100 1.429 1.528 1.517 1.940 2.154 2.175 1.719 1.599 1.970 1.755 1.283 1.480 1.822 1.615 1.221 1.433 1.447 1.219 1.057 0.927 1.132 1.378 1.725 2.131 2.695
5.296 3.783 2.956 2.233 1.736 1.423 1.359 1.209 1.188 1.143 1.227 1.373 1.474 1.843 2.095 2.074 1.612 1.426 1.619 1.483 1.481 1.307 1.340 1.270 1.116 1.182 1.393 1.508 1.486 1.619 1.807 1.894 1.656 1.390 1.160 1.058 0.990 1.188 1.243 1.515 1.669 1.698 1.870 2.086 2.101 1.888 1.687 1.482 1.795 1.875 1.743 1.859 1.671 1.397 1.668 1.640 1.529 1.278 1.071 0.821 0.727 0.585 0.578 0.576 0.513 0.000 0.496 0.556 0.707 0.897 0.903 1.114 1.180 1.267 1.022 0.906 1.130 1.129 0.874 0.939 1.186 1.200 1.009 1.205 1.290 1.137 0.923 0.854 0.815 0.908 1.030 1.262 1.669
5.140 3.610 2.746 1.964 1.539 1.243 1.208 1.166 1.162 1.230 1.286 1.523 1.566 1.939 2.158 2.083 1.641 1.435 1.560 1.386 1.372 1.152 1.184 1.062 0.947 1.041 1.247 1.331 1.337 1.430 1.638 1.762 1.568 1.249 1.057 0.916 0.858 1.042 1.115 1.331 1.576 1.539 1.786 2.014 2.074 1.855 1.673 1.421 1.778 1.834 1.670 1.737 1.475 1.318 1.441 1.462 1.313 1.079 0.920 0.724 0.601 0.588 0.619 0.754 0.664 0.493 0.000 0.497 0.559 0.783 0.756 0.955 1.029 1.143 0.945 0.868 1.071 1.086 0.900 0.984 1.232 1.276 1.111 1.387 1.476 1.355 1.114 0.986 0.856 0.877 0.930 1.066 1.459
5.171 3.690 2.784 2.115 1.724 1.437 1.399 1.294 1.341 1.360 1.485 1.687 1.729 2.127 2.335 2.223 1.784 1.583 1.672 1.511 1.377 1.150 1.135 1.006 0.863 0.960 1.192 1.302 1.246 1.400 1.584 1.693 1.463 1.197 0.943 0.850 0.790 1.018 1.174 1.379 1.548 1.669 1.888 2.112 2.275 2.013 1.828 1.652 1.869 2.002 1.855 1.972 1.722 1.469 1.576 1.509 1.356 1.205 0.933 0.800 0.659 0.621 0.728 0.919 0.872 0.594 0.497 0.000 0.523 0.719 0.707 0.857 0.959 1.092 0.935 0.814 1.078 1.120 0.888 1.056 1.313 1.343 1.249 1.504 1.667 1.480 1.238 1.082 0.993 0.956 1.014 1.184 1.614
5.500 4.091 3.298 2.565 2.289 1.939 2.033 1.856 1.972 1.935 2.027 2.196 2.164 2.575 2.776 2.699 2.240 2.056 2.317 2.160 2.106 1.749 1.768 1.527 1.174 1.198 1.515 1.758 1.732 2.007 2.202 2.204 1.786 1.516 1.099 1.114 1.129 1.604 1.812 2.214 2.361 2.428 2.655 2.961 3.149 2.673 2.441 2.269 2.797 2.777 2.571 2.784 2.450 2.223 2.353 2.347 2.134 1.913 1.376 1.099 0.902 0.911 1.031 1.259 1.296 0.915 0.686 0.508 0.000 0.619 0.856 1.186 1.473 1.599 1.334 1.171 1.495 1.520 1.243 1.396 1.630 1.636 1.596 1.869 2.017 1.984 1.666 1.624 1.435 1.457 1.505 1.650 2.272
5.610 4.054 3.226 2.419 2.067 1.782 1.923 1.895 2.179 2.421 2.699 3.062 3.219 3.524 3.777 3.545 3.098 2.759 3.022 2.558 2.430 1.966 1.893 1.543 1.083 1.014 1.272 1.705 1.711 2.068 2.270 2.359 1.982 1.584 1.168 1.218 1.317 1.705 1.980 2.371 2.799 2.902 3.203 3.573 3.769 3.437 3.223 2.902 3.238 3.422 3.013 3.103 2.610 2.415 2.458 2.466 2.203 1.950 1.484 1.369 1.058 1.252 1.606 1.933 1.872 1.491 1.069 0.844 0.551 0.000 0.640 0.905 1.412 1.503 1.340 1.360 1.849 1.856 1.746 1.943 2.366 2.456 2.366 3.069 3.083 2.807 2.404 2.139 1.774 1.485 1.623 1.598 2.130
5.373 3.793 2.867 2.248 1.919 1.620 1.691 1.626 1.724 1.756 1.855 1.988 1.987 2.274 2.419 2.262 1.865 1.699 1.847 1.630 1.415 1.191 1.102 0.917 0.626 0.662 0.818 1.012 1.122 1.344 1.630 1.693 1.472 1.187 0.883 0.896 0.885 1.210 1.342 1.512 1.756 1.889 2.047 2.275 2.445 2.166 2.025 1.890 2.131 2.245 2.153 2.247 1.993 1.774 1.899 1.752 1.635 1.469 1.185 1.053 0.952 0.988 1.116 1.354 1.388 1.038 0.859 0.710 0.711 0.517 0.000 0.497 0.628 0.748 0.691 0.694 0.921 1.008 0.982 1.148 1.329 1.454 1.472 1.754 1.877 1.811 1.589 1.516 1.333 1.281 1.310 1.443 1.781
5.068 3.628 2.786 2.099 1.830 1.569 1.626 1.565 1.542 1.560 1.506 1.596 1.492 1.737 1.853 1.747 1.416 1.264 1.305 1.132 0.992 0.860 0.778 0.702 0.572 0.612 0.681 0.792 0.916 1.044 1.304 1.442 1.275 1.026 0.820 0.840 0.778 0.932 1.008 1.080 1.178 1.297 1.393 1.592 1.741 1.555 1.495 1.406 1.561 1.696 1.690 1.729 1.640 1.393 1.477 1.298 1.275 1.219 1.053 0.973 0.962 1.015 1.029 1.233 1.293 1.026 0.899 0.739 0.792 0.682 0.492 0.000 0.489 0.531 0.538 0.541 0.613 0.745 0.798 0.881 0.969 1.148 1.171 1.443 1.528 1.530 1.316 1.350 1.210 1.252 1.227 1.358 1.599
4.995 3.658 2.783 2.089 1.781 1.603 1.574 1.500 1.475 1.465 1.402 1.494 1.373 1.623 1.800 1.669 1.331 1.165 1.222 1.051 0.955 0.824 0.752 0.634 0.605 0.639 0.669 0.839 0.874 1.003 1.285 1.378 1.211 1.029 0.828 0.843 0.738 0.883 0.989 1.032 1.167 1.286 1.385 1.619 1.733 1.492 1.435 1.324 1.520 1.671 1.619 1.636 1.583 1.361 1.459 1.287 1.224 1.166 1.026 0.942 0.990 1.009 0.985 1.179 1.268 1.034 0.959 0.804 0.911 0.817 0.562 0.488 0.000 0.488 0.514 0.520 0.525 0.622 0.712 0.722 0.814 1.014 1.047 1.256 1.351 1.388 1.201 1.271 1.148 1.221 1.186 1.334 1.573
5.564 4.037 3.317 2.603 2.251 2.047 2.011 1.877 1.850 1.742 1.745 1.696 1.609 1.907 2.074 2.034 1.610 1.520 1.639 1.492 1.220 1.074 0.921 0.855 0.728 0.792 0.826 0.897 1.010 1.142 1.424 1.541 1.387 1.254 1.034 1.075 0.976 1.168 1.286 1.348 1.553 1.725 1.905 2.113 2.207 1.977 1.885 1.823 2.021 2.121 2.119 2.132 2.099 1.797 1.874 1.679 1.584 1.596 1.341 1.217 1.304 1.221 1.118 1.236 1.354 1.120 1.190 0.979 1.133 1.028 0.716 0.535 0.489 0.000 0.491 0.558 0.589 0.579 0.665 0.823 0.843 0.953 1.059 1.288 1.430 1.511 1.356 1.480 1.414 1.543 1.595 1.755 1.990
5.173 3.717 2.796 2.122 1.729 1.455 1.410 1.276 1.244 1.206 1.229 1.311 1.306 1.633 1.812 1.771 1.347 1.178 1.307 1.181 1.075 0.907 0.904 0.808 0.709 0.784 0.810 0.929 1.069 1.178 1.433 1.552 1.408 1.158 0.950 0.940 0.820 0.973 1.046 1.152 1.305 1.390 1.521 1.790 1.826 1.596 1.437 1.347 1.587 1.637 1.543 1.647 1.497 1.337 1.454 1.388 1.322 1.220 1.052 0.877 0.920 0.851 0.790 0.944 1.094 0.854 0.867 0.727 0.880 0.836 0.601 0.528 0.509 0.488 0.000 0.488 0.515 0.534 0.523 0.601 0.703 0.838 0.857 1.096 1.217 1.177 0.992 1.026 0.963 1.071 1.090 1.280 1.559
5.149 3.745 2.816 2.153 1.780 1.486 1.420 1.285 1.225 1.182 1.125 1.222 1.142 1.430 1.684 1.567 1.174 1.005 1.101 1.015 0.924 0.821 0.847 0.805 0.702 0.769 0.829 0.938 1.030 1.123 1.444 1.584 1.391 1.184 0.959 0.926 0.768 0.905 0.932 1.068 1.175 1.194 1.325 1.557 1.573 1.339 1.241 1.150 1.378 1.452 1.394 1.514 1.414 1.220 1.320 1.274 1.258 1.156 1.020 0.864 0.907 0.868 0.797 0.981 1.147 0.930 0.872 0.750 0.882 0.825 0.606 0.547 0.515 0.506 0.487 0.000 0.488 0.517 0.528 0.535 0.618 0.788 0.813 1.072 1.151 1.162 0.957 1.035 0.937 1.058 1.090 1.285 1.570
5.102 3.671 2.822 2.133 1.782 1.555 1.530 1.398 1.322 1.295 1.249 1.286 1.226 1.496 1.690 1.612 1.213 1.112 1.229 1.117 1.008 0.869 0.850 0.795 0.716 0.809 0.886 0.991 1.067 1.151 1.413 1.534 1.351 1.146 0.988 0.900 0.757 0.907 0.991 1.130 1.313 1.352 1.476 1.723 1.745 1.481 1.388 1.344 1.563 1.622 1.595 1.635 1.557 1.361 1.457 1.379 1.295 1.201 1.020 0.886 0.965 0.931 0.850 1.028 1.196 0.989 0.955 0.778 0.932 0.895 0.650 0.601 0.525 0.524 0.510 0.487 0.000 0.489 0.515 0.536 0.560 0.671 0.790 1.007 1.108 1.193 1.026 1.102 1.027 1.114 1.155 1.295 1.580
5.491 4.016 3.304 2.515 2.150 1.878 1.819 1.591 1.553 1.419 1.413 1.450 1.377 1.747 1.927 1.856 1.380 1.317 1.430 1.346 1.162 1.032 1.027 0.990 0.902 1.049 1.029 1.105 1.245 1.347 1.687 1.837 1.661 1.518 1.229 1.190 1.029 1.187 1.244 1.318 1.506 1.618 1.755 2.015 2.083 1.786 1.700 1.615 1.884 1.983 1.933 2.040 1.937 1.685 1.801 1.668 1.596 1.546 1.299 1.145 1.172 1.061 0.908 1.022 1.165 0.948 1.049 0.919 1.145 1.152 0.848 0.748 0.618 0.559 0.556 0.531 0.490 0.000 0.490 0.549 0.593 0.659 0.755 1.009 1.183 1.212 1.089 1.182 1.176 1.324 1.427 1.672 1.932
5.126 3.703 2.811 2.167 1.680 1.407 1.307 1.184 1.093 1.037 1.015 1.095 1.070 1.401 1.681 1.595 1.163 0.991 1.138 1.053 1.014 0.900 0.974 0.951 0.845 0.960 1.023 1.119 1.223 1.301 1.604 1.744 1.544 1.338 1.127 1.020 0.881 0.999 1.005 1.133 1.252 1.243 1.386 1.619 1.626 1.363 1.224 1.148 1.397 1.436 1.333 1.482 1.366 1.182 1.358 1.331 1.316 1.150 1.050 0.857 0.923 0.817 0.672 0.867 1.013 0.828 0.894 0.769 0.970 0.998 0.770 0.705 0.658 0.583 0.527 0.513 0.501 0.488 0.000 0.487 0.528 0.605 0.599 0.888 0.998 0.977 0.813 0.876 0.847 0.980 1.047 1.253 1.563
5.124 3.724 2.783 2.150 1.732 1.418 1.327 1.203 1.108 1.058 1.004 1.085 1.077 1.296 1.571 1.474 1.093 0.926 1.038 0.992 0.985 0.876 0.975 0.980 0.901 1.013 1.123 1.221 1.245 1.378 1.634 1.791 1.602 1.333 1.123 1.024 0.871 0.988 0.962 1.125 1.219 1.190 1.337 1.522 1.535 1.290 1.160 1.112 1.314 1.404 1.340 1.461 1.356 1.188 1.336 1.295 1.294 1.142 1.017 0.838 0.917 0.830 0.690 0.858 1.019 0.827 0.850 0.774 0.960 1.007 0.792 0.768 0.718 0.676 0.583 0.532 0.532 0.511 0.488 0.000 0.490 0.593 0.599 0.888 0.958 0.981 0.844 0.915 0.847 0.981 1.029 1.244 1.561
5.161 3.843 3.081 2.396 2.070 1.787 1.752 1.582 1.458 1.416 1.337 1.410 1.340 1.618 1.844 1.826 1.339 1.211 1.406 1.286 1.244 1.084 1.205 1.200 1.117 1.317 1.401 1.474 1.511 1.573 1.829 1.983 1.861 1.572 1.374 1.211 1.030 1.202 1.202 1.449 1.633 1.631 1.805 2.074 2.094 1.769 1.592 1.555 1.890 1.968 1.880 1.981 1.840 1.606 1.694 1.647 1.555 1.449 1.239 1.033 1.160 1.083 0.916 1.126 1.360 1.124 1.211 0.990 1.220 1.284 1.051 1.010 0.941 0.873 0.799 0.644 0.606 0.582 0.556 0.492 0.000 0.511 0.634 0.946 1.108 1.210 1.059 1.189 1.092 1.289 1.324 1.514 1.805
6.565 5.264 4.576 3.719 3.317 3.037 2.786 2.436 2.234 1.983 1.861 1.877 1.674 2.158 2.349 2.285 1.738 1.719 1.978 1.910 1.628 1.581 1.680 1.734 1.697 2.044 1.906 1.994 2.226 2.306 2.652 2.919 2.795 2.549 2.275 2.094 1.770 1.944 1.910 2.061 2.219 2.335 2.441 2.920 2.955 2.456 2.310 2.215 2.745 2.872 2.758 3.079 2.838 2.455 2.784 2.562 2.573 2.473 2.213 1.914 2.003 1.742 1.338 1.338 1.666 1.570 1.835 1.660 2.067 2.182 1.723 1.514 1.289 1.170 1.233 1.060 0.800 0.793 0.840 0.706 0.531 0.000 0.595 0.969 1.303 1.382 1.309 1.575 1.728 2.096 2.276 2.607 3.023
6.330 5.021 4.198 3.439 2.905 2.544 2.282 1.915 1.772 1.378 1.472 1.414 1.443 2.123 2.476 2.391 1.836 1.560 1.993 2.024 2.074 1.959 2.240 2.341 2.162 2.459 2.374 2.492 2.840 2.871 3.146 3.533 3.306 3.028 2.589 2.358 1.986 2.216 2.095 2.429 2.511 2.343 2.620 2.866 2.875 2.356 2.078 2.008 2.443 2.504 2.172 2.551 2.316 2.192 2.578 2.607 2.666 2.292 2.217 1.826 1.983 1.608 1.263 1.227 1.625 1.572 1.799 1.706 2.225 2.354 1.973 1.993 1.993 1.572 1.548 1.462 1.263 1.061 0.954 0.893 0.789 0.532 0.000 0.753 1.092 1.092 1.009 1.265 1.492 1.767 2.062 2.446 2.811
7.057 5.793 4.878 4.208 3.582 3.104 2.813 2.359 2.032 1.751 1.493 1.086 1.051 1.653 2.059 2.275 1.802 1.711 2.177 2.328 2.597 2.530 2.847 2.945 2.636 2.692 3.017 3.327 3.370 3.635 3.858 4.199 3.840 3.501 2.876 2.766 2.414 2.794 2.647 3.070 3.121 2.899 2.912 3.144 2.958 2.399 2.004 2.203 2.628 2.416 2.333 2.869 2.837 2.631 3.105 3.400 3.470 3.009 2.704 2.264 2.226 1.885 1.408 1.434 1.849 1.573 1.894 1.872 2.357 2.483 2.015 2.221 2.336 2.080 1.725 1.769 1.805 1.413 1.152 1.241 1.196 0.892 0.607 0.000 0.520 0.803 1.080 1.503 1.799 2.170 2.458 3.019 3.532
6.461 5.235 4.449 3.661 3.103 2.675 2.239 1.897 1.497 1.099 1.051 0.811 0.936 1.440 1.914 2.060 1.578 1.509 1.910 2.091 2.431 2.590 2.821 3.023 3.009 3.375 3.450 3.504 3.542 3.547 3.836 4.245 4.149 3.775 3.364 2.996 2.752 2.773 2.604 2.862 2.724 2.458 2.480 2.600 2.428 2.023 1.537 1.752 2.021 1.875 1.679 2.016 2.046 2.114 2.555 2.832 3.106 2.752 2.643 2.259 2.375 2.090 1.584 1.482 1.993 1.964 2.337 2.309 2.766 3.023 2.751 2.801 2.584 2.426 2.258 2.160 2.057 1.779 1.549 1.446 1.439 1.158 0.898 0.519 0.000 0.530 0.888 1.257 1.580 2.036 2.302 2.821 3.118
5.388 3.982 3.128 2.419 1.964 1.576 1.349 1.134 0.931 0.696 0.686 0.666 0.837 1.205 1.589 1.657 1.277 1.093 1.338 1.458 1.711 1.780 1.986 2.116 2.082 2.286 2.513 2.527 2.485 2.502 2.681 2.909 2.798 2.439 2.231 1.921 1.749 1.837 1.712 1.943 1.919 1.683 1.789 1.937 1.854 1.497 1.210 1.231 1.532 1.482 1.351 1.549 1.468 1.381 1.745 1.931 1.987 1.642 1.607 1.386 1.359 1.188 0.976 0.939 1.267 1.334 1.512 1.541 1.772 2.023 1.886 2.068 1.958 1.940 1.785 1.600 1.611 1.584 1.325 1.162 1.290 1.260 0.905 0.747 0.512 0.000 0.520 0.704 0.842 1.099 1.280 1.570 1.947
5.051 3.527 2.634 1.955 1.473 1.167 1.007 0.820 0.701 0.585 0.586 0.623 0.809 1.122 1.438 1.451 1.098 0.894 1.108 1.141 1.293 1.329 1.549 1.579 1.571 1.726 1.915 1.956 1.907 1.925 2.095 2.219 2.075 1.779 1.643 1.373 1.259 1.293 1.231 1.409 1.410 1.267 1.431 1.561 1.536 1.265 1.041 1.003 1.197 1.261 1.119 1.226 1.176 1.056 1.256 1.386 1.422 1.186 1.122 0.934 0.934 0.817 0.690 0.721 1.020 1.025 1.075 1.136 1.294 1.474 1.434 1.560 1.473 1.509 1.363 1.170 1.205 1.192 1.031 0.897 1.015 1.020 0.792 0.748 0.642 0.500 0.000 0.499 0.576 0.751 0.863 1.110 1.437
4.745 3.359 2.507 1.774 1.306 1.041 0.887 0.729 0.633 0.601 0.669 0.826 0.985 1.328 1.605 1.651 1.293 1.034 1.204 1.180 1.300 1.237 1.389 1.381 1.334 1.466 1.646 1.739 1.685 1.708 1.833 2.033 1.858 1.560 1.392 1.189 1.077 1.146 1.102 1.354 1.445 1.293 1.477 1.635 1.611 1.359 1.147 1.060 1.266 1.298 1.134 1.235 1.130 1.039 1.211 1.344 1.267 1.051 0.941 0.780 0.756 0.677 0.576 0.587 0.855 0.823 0.919 0.923 1.085 1.278 1.239 1.342 1.366 1.381 1.236 1.084 1.167 1.173 0.965 0.909 1.067 1.080 0.822 0.884 0.841 0.656 0.495 0.000 0.501 0.606 0.724 0.930 1.279
4.755 3.113 2.308 1.597 1.094 0.800 0.682 0.571 0.554 0.569 0.675 0.861 0.984 1.283 1.580 1.563 1.146 0.925 1.041 1.000 1.041 0.981 1.122 1.129 1.092 1.177 1.359 1.443 1.387 1.438 1.619 1.783 1.593 1.309 1.155 0.963 0.871 0.927 0.912 1.094 1.149 1.078 1.241 1.437 1.459 1.199 1.044 0.926 1.106 1.168 1.013 1.085 0.915 0.841 1.005 1.072 1.069 0.843 0.763 0.591 0.612 0.552 0.544 0.593 0.833 0.753 0.748 0.778 0.888 1.041 0.998 1.066 1.105 1.128 1.020 0.890 0.968 1.011 0.863 0.790 0.953 1.028 0.848 0.962 0.940 0.751 0.572 0.494 0.000 0.496 0.549 0.753 1.089
4.682 3.079 2.204 1.472 0.931 0.654 0.615 0.576 0.657 0.776 0.909 1.106 1.176 1.517 1.782 1.728 1.346 1.106 1.211 1.099 1.139 1.003 1.121 1.104 1.095 1.237 1.367 1.416 1.376 1.396 1.559 1.737 1.583 1.278 1.159 0.943 0.862 0.901 0.912 1.134 1.234 1.216 1.406 1.620 1.700 1.419 1.235 1.088 1.287 1.349 1.166 1.204 1.000 0.910 1.042 1.088 1.016 0.778 0.657 0.548 0.557 0.554 0.581 0.714 0.894 0.805 0.788 0.762 0.904 1.065 1.020 1.121 1.121 1.182 1.102 0.932 1.035 1.067 0.921 0.887 1.071 1.126 0.957 1.126 1.137 0.987 0.750 0.604 0.495 0.000 0.496 0.592 0.967
4.746 3.073 2.122 1.331 0.897 0.666 0.670 0.679 0.782 0.914 1.064 1.298 1.378 1.796 2.053 1.998 1.574 1.275 1.388 1.300 1.292 1.143 1.248 1.203 1.243 1.388 1.587 1.567 1.457 1.433 1.578 1.730 1.642 1.342 1.252 1.004 0.910 0.916 0.952 1.219 1.331 1.441 1.611 1.857 1.882 1.645 1.426 1.264 1.484 1.576 1.359 1.389 1.117 0.942 1.063 1.101 0.968 0.749 0.641 0.586 0.628 0.694 0.765 0.872 1.080 0.983 0.942 0.941 1.024 1.240 1.237 1.340 1.318 1.456 1.300 1.114 1.259 1.326 1.127 1.112 1.304 1.374 1.159 1.345 1.383 1.168 0.951 0.737 0.599 0.501 0.000 0.497 0.779
4.920 3.189 2.251 1.357 0.898 0.833 0.992 1.190 1.353 1.631 1.718 2.021 2.090 2.485 2.687 2.586 2.118 1.793 1.954 1.724 1.719 1.532 1.758 1.695 1.807 2.092 2.368 2.308 2.190 2.132 2.211 2.470 2.376 1.874 1.769 1.360 1.212 1.246 1.267 1.675 1.832 1.886 2.221 2.576 2.636 2.343 2.117 1.796 2.200 2.293 2.004 2.057 1.597 1.299 1.307 1.433 1.244 0.804 0.719 0.759 0.902 1.112 1.217 1.439 1.702 1.592 1.464 1.347 1.429 1.754 1.841 1.971 1.860 1.987 1.940 1.571 1.732 1.848 1.659 1.559 1.833 1.913 1.709 2.057 2.048 1.890 1.507 1.421 0.993 0.832 0.514 0.000 0.555
6.450 4.912 3.923 2.471 1.721 1.542 2.459 2.933 3.701 4.822 5.797 6.894 7.249 7.706 8.472 7.933 7.145 6.492 6.662 5.426 5.859 4.823 5.258 4.900 5.573 5.771 6.296 6.325 6.034 5.532 5.222 6.197 6.526 5.040 4.901 3.811 3.717 3.636 3.702 4.661 5.492 4.945 6.786 7.246 7.509 7.138 6.796 5.276 5.983 6.724 5.786 5.576 3.483 3.214 2.741 3.081 2.792 1.735 2.082 2.706 2.142 2.672 3.782 4.056 3.710 4.158 3.030 3.746 3.496 4.544 5.116 5.445 6.199 5.905 5.542 4.999 6.045 5.959 5.480 5.750 6.437 6.278 5.769 6.628 7.203 6.415 5.541 4.181 3.425 2.137 1.750 0.651 0.000
