0.000 0.883 2.341 3.250 4.849 6.451 7.930 9.327 9.887 11.041 11.696 11.003 10.235 10.266 8.989 8.648 8.566 9.079 10.182 7.239 8.111 9.636 9.697 11.046 9.652 10.664 10.031 9.826 10.316 10.705 10.581 10.695 10.271 10.968 11.306 11.641 11.341 11.703 11.901 11.333 11.431 11.444 10.770 9.812 10.775 10.348 11.197 11.511 12.187 11.487 12.303 12.890 12.691 10.026 10.838 10.124 11.398 11.090 10.855 10.462 9.850 9.904 10.453 12.061 11.339 9.699 9.242 9.331 8.422 8.689 8.839 6.644 7.418 9.233 9.427 9.095 10.655 9.878 10.689 10.153 10.387 9.734 9.873 9.949 9.368 10.018 9.122 8.045 9.726 8.055 8.144 7.153 8.895
0.622 0.000 0.550 0.862 1.326 1.757 2.382 3.127 3.948 4.656 4.767 4.645 4.135 5.328 5.228 5.958 6.718 6.545 9.965 7.785 7.620 6.440 6.863 7.739 6.668 10.171 6.189 5.533 5.790 6.077 6.930 6.693 6.926 6.592 7.369 7.444 6.814 6.567 7.098 6.635 6.914 6.727 6.758 6.577 6.310 6.455 6.652 6.258 6.749 5.776 6.326 6.589 8.348 6.191 5.854 5.198 6.615 7.348 6.824 6.362 6.192 5.774 5.755 6.263 5.540 5.276 4.614 6.244 5.493 5.748 6.543 8.530 7.795 7.263 6.210 6.020 7.138 6.270 7.798 7.299 7.240 7.242 8.306 6.837 7.168 8.418 7.068 8.742 7.991 6.281 5.064 7.876 9.473
1.069 0.529 0.000 0.536 0.780 1.146 1.428 2.027 2.848 3.630 4.231 3.900 4.241 5.852 5.441 6.338 9.147 7.251 7.934 7.076 8.756 6.547 7.064 7.146 5.662 6.508 5.746 5.179 5.472 5.093 5.052 5.205 4.925 5.144 5.977 5.829 5.093 5.384 4.755 4.587 4.998 5.399 5.066 4.946 5.568 5.005 4.761 4.579 5.209 5.246 6.126 6.210 6.635 7.609 7.012 5.369 7.150 7.619 8.604 6.020 6.100 5.471 4.607 4.383 3.522 4.579 3.304 5.711 4.125 7.268 5.317 7.328 6.054 7.083 6.157 5.259 5.357 6.070 6.100 5.543 5.917 6.172 7.257 5.578 6.730 8.191 6.005 6.845 7.905 8.468 8.260 9.179 8.489
1.796 0.991 0.521 0.000 0.532 0.813 1.324 1.748 2.538 3.162 3.416 3.162 2.971 3.917 4.059 7.046 8.820 8.147 5.921 9.877 8.192 6.814 5.894 6.358 6.326 4.851 5.183 4.408 4.480 4.904 4.251 4.552 4.785 4.273 4.683 4.464 3.644 4.611 4.092 4.233 4.117 4.921 4.752 4.128 5.584 3.785 3.920 4.406 5.076 3.988 4.473 4.892 5.970 5.477 5.185 4.158 5.399 5.399 6.208 5.293 4.397 3.579 3.864 4.031 4.056 3.522 3.525 5.265 4.920 5.543 5.098 3.147 9.227 6.896 4.978 6.672 5.762 4.387 5.635 4.609 4.629 4.829 5.732 5.558 5.809 6.409 5.980 4.342 6.008 6.846 6.501 6.922 7.003
1.972 1.183 0.707 0.518 0.000 0.520 0.851 1.264 2.349 3.170 3.633 3.510 3.664 5.471 3.632 5.933 7.767 4.667 8.388 6.248 7.263 6.412 6.012 6.991 6.980 5.974 7.093 4.542 4.558 4.272 4.731 4.397 5.078 4.850 4.898 4.488 3.942 5.231 3.899 3.974 4.380 5.270 5.273 4.133 4.987 3.905 3.848 4.531 4.112 4.555 4.943 5.069 6.219 5.931 5.999 4.385 5.629 5.232 6.173 5.039 3.951 4.305 3.329 4.277 3.934 3.808 3.435 4.366 6.710 4.160 7.203 4.783 6.173 6.836 4.782 4.803 6.140 4.604 4.930 5.579 5.932 5.045 6.809 5.683 6.767 8.043 5.308 6.352 8.048 7.890 6.445 8.392 7.803
2.423 1.696 1.213 0.825 0.539 0.000 0.517 0.895 1.864 2.961 3.014 2.658 2.251 3.801 4.382 5.694 7.847 6.663 6.073 6.953 7.936 7.325 7.464 6.894 7.839 7.012 6.166 5.268 4.866 5.665 4.573 4.116 4.548 4.514 4.493 4.679 3.986 4.063 3.526 3.445 3.645 4.442 4.171 4.271 5.514 3.752 4.408 4.905 5.074 4.116 5.627 5.840 6.183 7.031 5.726 5.084 5.786 6.264 6.023 5.196 4.260 4.190 4.370 3.819 3.964 2.030 3.065 7.005 2.832 4.486 4.508 6.474 7.308 7.157 5.133 4.926 4.953 4.693 5.442 4.812 5.163 5.168 6.968 6.239 6.705 6.692 6.064 6.513 8.221 6.630 6.871 7.949 7.363
4.302 2.563 2.174 1.515 1.145 0.558 0.000 0.575 1.349 2.524 3.014 2.459 1.998 4.287 2.924 4.570 4.995 4.474 5.501 6.363 6.738 6.951 6.662 6.796 6.399 5.964 6.306 4.730 6.046 4.203 4.905 4.876 5.036 4.869 4.773 5.018 4.808 4.689 4.318 4.547 4.489 3.718 4.421 3.238 4.387 3.727 3.500 4.741 5.601 4.847 5.844 6.164 6.544 6.255 5.355 5.011 5.934 5.794 6.167 5.856 4.270 3.625 3.495 3.969 3.669 2.475 2.553 2.894 3.122 4.049 4.427 5.073 5.011 6.165 4.610 4.962 4.131 4.382 5.428 4.963 4.828 5.328 5.839 4.892 5.926 5.205 6.061 5.145 6.318 5.697 5.626 6.814 6.872
7.837 6.464 5.086 3.613 2.706 1.888 0.651 0.000 0.935 2.198 3.103 2.731 2.459 3.019 4.537 6.205 6.776 7.853 9.058 9.500 9.657 10.410 10.844 10.133 9.096 8.705 8.075 7.787 7.420 6.565 6.784 6.539 7.496 7.694 8.277 7.722 7.300 6.622 5.959 6.394 7.043 6.436 6.890 5.557 5.744 5.128 5.735 6.122 6.559 6.358 8.157 8.349 9.198 8.821 8.418 7.531 7.941 8.303 8.372 7.499 5.326 5.158 3.605 4.616 3.855 2.743 3.329 5.030 4.594 5.725 7.342 6.531 6.239 7.087 6.122 7.554 6.176 6.382 7.583 7.668 8.342 8.016 8.189 7.873 8.145 8.431 7.961 8.263 8.728 8.962 8.289 9.577 10.434
9.367 8.261 8.163 5.326 5.399 3.489 2.628 0.836 0.000 1.674 3.505 3.945 4.224 5.429 5.876 8.325 7.920 9.630 8.961 10.073 10.811 11.044 11.907 11.739 10.673 9.000 9.481 8.108 8.586 7.750 8.902 9.365 10.179 11.203 12.212 11.765 9.876 9.709 8.768 9.798 9.826 8.978 9.316 7.646 7.456 6.296 6.056 7.622 8.468 8.500 10.612 10.772 11.728 10.955 9.619 8.492 9.357 10.575 8.970 8.619 6.926 5.487 5.424 6.202 4.982 3.565 4.847 5.845 7.148 7.999 8.486 9.556 10.467 11.097 10.297 9.541 9.598 10.277 11.168 12.154 11.146 12.145 11.852 9.974 10.879 11.693 10.367 9.457 11.086 11.553 10.246 11.074 11.989
15.666 14.648 13.661 10.858 9.073 6.357 4.856 3.120 1.295 0.000 1.047 3.579 4.879 7.536 7.865 10.493 11.455 13.468 14.257 14.854 15.380 16.384 16.896 16.488 14.874 14.079 13.972 12.190 11.261 9.362 9.644 9.467 10.095 11.809 13.024 12.220 10.913 9.752 8.739 10.989 11.660 9.338 9.867 7.061 7.398 6.527 7.216 9.252 11.219 11.790 14.367 15.291 16.078 15.286 14.439 13.261 14.158 14.740 13.709 12.799 10.267 8.961 7.229 7.678 5.893 5.146 5.052 6.570 7.869 9.785 11.091 13.099 13.306 12.479 11.247 9.501 9.104 10.453 10.917 11.645 10.879 12.450 12.034 10.649 11.622 12.698 11.931 11.864 13.496 13.996 14.039 15.009 16.214
12.848 12.235 11.767 9.701 8.208 5.660 3.732 2.781 2.310 1.210 0.000 0.833 1.906 2.969 4.350 5.951 7.168 8.648 9.695 10.848 11.289 12.334 13.129 12.947 11.534 10.227 10.446 9.150 9.048 7.840 8.218 8.049 8.528 9.541 9.657 9.536 8.897 7.755 7.759 8.038 8.462 7.277 7.763 6.533 6.765 6.139 6.610 7.341 8.975 8.852 10.468 11.427 12.357 11.691 10.696 9.453 10.478 10.946 9.298 9.358 7.315 6.461 5.774 6.301 5.235 4.493 4.636 5.651 5.515 7.076 7.898 8.541 8.740 8.836 7.954 7.684 7.315 8.562 8.855 9.688 9.415 10.386 9.935 9.073 10.011 10.260 9.714 9.278 10.721 10.954 10.610 11.239 12.540
12.379 10.936 12.313 8.631 8.166 5.423 3.471 2.684 2.263 2.111 0.695 0.000 0.857 1.649 2.602 3.468 4.765 6.230 7.364 8.455 9.491 10.171 10.743 10.680 9.442 8.360 8.391 7.187 7.518 6.524 6.852 6.370 6.918 7.584 8.703 8.166 6.664 6.227 5.499 5.701 6.542 5.548 6.092 5.282 5.499 5.227 5.615 6.097 7.106 7.051 8.470 9.057 9.698 9.014 8.353 7.005 7.847 8.198 6.674 6.530 5.128 4.860 4.679 5.105 4.318 3.511 3.817 4.858 4.752 5.726 6.344 7.096 7.167 7.682 6.488 6.266 5.686 6.798 7.763 8.605 8.321 9.239 9.282 7.446 8.732 9.140 8.678 8.283 9.429 9.807 9.068 9.851 11.110
7.672 7.632 5.815 5.896 4.721 4.476 2.543 1.815 2.011 2.151 1.820 0.682 0.000 0.646 1.090 1.516 2.157 2.718 3.430 4.234 4.561 5.410 5.938 5.821 4.736 4.230 4.439 4.195 4.142 3.970 4.212 4.160 4.388 4.841 5.472 5.433 4.755 4.490 4.134 4.596 4.849 4.032 4.064 3.329 3.278 3.031 3.127 3.830 4.274 4.288 4.921 5.315 5.635 5.030 4.526 4.063 4.490 4.807 3.897 3.796 2.931 2.675 2.833 3.130 2.715 2.327 2.131 2.204 2.122 2.411 2.575 2.651 2.899 3.042 2.964 3.152 3.246 3.983 4.240 4.833 4.684 4.979 4.599 3.904 4.410 4.230 3.693 3.798 4.416 4.269 3.927 4.736 5.464
6.936 5.257 5.789 4.512 4.979 3.840 2.293 1.890 2.011 2.282 1.979 1.187 0.556 0.000 0.564 0.863 1.130 1.432 1.738 2.100 2.416 3.016 3.244 3.161 2.555 2.283 2.419 2.134 2.212 1.958 2.215 2.116 2.220 2.444 2.731 2.700 2.456 2.465 2.511 2.775 2.640 2.177 2.107 1.740 1.673 1.655 1.779 2.085 2.332 2.317 2.639 2.797 2.860 2.596 2.292 2.030 2.370 2.418 2.015 2.071 1.626 1.591 1.773 1.894 1.719 1.454 1.251 1.358 1.280 1.521 1.715 1.923 2.001 2.019 1.789 1.794 1.777 2.181 2.343 2.490 2.443 2.656 2.542 2.172 2.409 2.582 2.340 2.261 2.494 2.696 2.661 3.188 4.032
6.342 5.951 6.092 6.117 5.801 5.506 1.518 1.905 2.224 2.615 2.300 1.441 0.920 0.518 0.000 0.519 0.809 1.054 1.405 1.711 2.092 2.654 2.959 3.023 2.398 2.018 2.271 2.187 2.411 2.250 2.599 2.533 2.720 2.970 3.302 3.230 2.928 2.858 2.722 3.025 2.953 2.413 2.537 2.043 1.909 1.885 1.915 2.337 2.501 2.392 2.749 2.997 2.951 2.536 2.132 1.995 2.317 2.349 1.915 2.221 1.681 1.543 1.890 2.114 1.896 1.460 1.347 1.331 1.323 1.477 1.529 1.610 1.915 2.012 1.933 1.953 2.061 2.473 2.737 2.944 2.866 2.993 2.718 2.328 2.608 2.577 2.261 2.049 2.387 2.491 2.377 2.883 3.851
7.097 5.692 7.601 8.096 5.800 3.761 2.258 2.158 2.715 3.014 2.778 1.907 1.306 0.841 0.520 0.000 0.529 0.772 1.043 1.477 1.763 2.381 2.573 2.661 2.032 1.655 1.869 1.773 2.035 1.879 2.187 2.213 2.143 2.402 2.664 2.758 2.618 2.559 2.680 2.978 2.713 2.339 2.148 1.850 1.696 1.738 1.713 2.094 2.235 1.961 2.303 2.432 2.394 2.018 1.676 1.529 1.887 1.865 1.580 1.712 1.376 1.387 1.708 2.000 1.951 1.534 1.422 1.227 1.229 1.235 1.255 1.343 1.567 1.614 1.539 1.579 1.729 2.056 2.074 2.329 2.352 2.390 2.193 1.873 2.100 2.079 1.816 1.731 2.019 2.085 1.974 2.641 3.760
6.183 5.755 6.169 3.923 3.167 3.153 2.075 2.123 2.529 2.949 2.811 1.976 1.357 0.966 0.725 0.516 0.000 0.528 0.742 1.113 1.413 1.897 2.285 2.315 1.753 1.423 1.639 1.647 1.841 1.810 2.166 2.240 2.362 2.643 2.850 2.879 2.676 2.601 2.708 2.880 2.769 2.315 2.299 1.898 1.715 1.711 1.672 1.986 1.971 1.823 2.019 2.196 2.118 1.788 1.460 1.321 1.689 1.674 1.404 1.591 1.333 1.230 1.560 1.861 1.847 1.452 1.456 1.292 1.176 1.233 1.221 1.367 1.662 1.591 1.599 1.627 1.822 2.082 2.276 2.538 2.386 2.472 2.278 1.939 2.044 2.027 1.752 1.607 1.864 2.023 1.918 2.447 3.685
8.666 12.710 9.826 6.360 3.253 3.558 2.756 2.405 2.846 3.164 3.077 2.198 1.677 1.311 1.026 0.776 0.515 0.000 0.530 0.816 1.186 1.726 2.125 2.123 1.523 1.286 1.457 1.566 1.862 1.865 2.182 2.319 2.365 2.595 2.815 2.782 2.732 2.674 2.862 3.161 3.037 2.631 2.394 2.090 1.854 1.927 1.747 2.037 2.031 1.727 1.892 2.034 1.911 1.586 1.233 1.243 1.498 1.482 1.298 1.434 1.348 1.311 1.697 1.928 2.040 1.661 1.667 1.461 1.553 1.416 1.346 1.340 1.573 1.609 1.658 1.737 1.982 2.245 2.205 2.476 2.378 2.374 2.174 1.947 1.995 1.960 1.703 1.533 1.723 1.888 1.728 2.324 3.367
6.138 10.476 6.955 5.227 4.943 4.860 3.492 2.829 3.182 3.455 3.350 2.488 1.919 1.594 1.335 0.999 0.775 0.512 0.000 0.540 0.931 1.500 1.892 1.893 1.403 1.075 1.343 1.413 1.691 1.809 2.180 2.373 2.469 2.805 2.972 2.904 2.793 2.701 2.848 3.075 3.003 2.659 2.536 2.157 1.908 1.915 1.685 1.908 1.837 1.605 1.765 1.906 1.851 1.496 1.098 1.123 1.470 1.504 1.294 1.542 1.486 1.388 1.730 1.913 2.026 1.699 1.782 1.503 1.737 1.542 1.302 1.451 1.685 1.770 1.879 1.892 2.163 2.430 2.449 2.603 2.364 2.444 2.289 2.047 1.942 1.995 1.785 1.567 1.720 1.901 1.908 2.436 3.488
10.810 8.072 8.147 6.849 5.396 5.655 4.502 3.825 4.027 4.209 4.060 3.376 2.757 2.384 1.999 1.762 1.291 0.975 0.548 0.000 0.631 1.203 1.737 1.955 1.451 1.399 1.692 2.081 2.536 2.794 3.401 3.702 3.935 4.387 4.657 4.534 4.419 4.255 4.459 4.812 4.752 4.408 4.100 3.585 3.264 3.065 2.576 2.953 2.835 2.225 2.405 2.599 2.403 1.819 1.313 1.515 1.944 1.898 1.640 2.012 1.962 1.953 2.403 2.855 3.027 2.547 2.789 2.401 2.753 2.523 2.139 2.274 2.670 2.879 3.176 3.162 3.486 3.813 3.927 4.028 3.813 3.758 3.611 3.063 2.944 3.035 2.728 2.241 2.369 2.511 2.246 2.705 3.538
9.651 9.623 9.724 7.146 7.862 6.518 6.572 5.960 6.159 6.403 6.352 5.741 4.699 4.320 3.572 2.820 2.215 1.629 1.065 0.571 0.000 0.658 1.402 1.747 1.477 1.503 2.247 2.809 3.299 4.331 4.636 4.995 5.300 6.206 6.263 5.810 6.139 5.729 6.066 6.643 6.839 6.271 6.024 5.300 5.103 4.774 4.197 4.280 4.034 3.327 3.258 3.574 3.171 2.369 1.927 2.377 2.906 2.672 2.457 3.122 3.001 3.451 4.078 4.457 4.824 4.697 4.732 4.314 4.630 3.860 3.317 3.304 3.805 4.337 4.834 4.556 5.265 5.758 5.238 5.384 4.627 4.441 4.655 4.541 3.847 3.845 4.065 2.774 2.601 3.033 2.959 3.115 4.245
7.028 7.868 7.032 7.153 8.861 8.100 7.876 7.852 8.364 9.080 9.451 8.373 7.990 6.264 5.916 4.252 3.533 2.711 2.101 1.534 0.844 0.000 0.840 1.596 1.973 2.525 3.609 4.442 5.458 5.970 7.053 7.721 7.770 8.493 8.701 8.671 8.753 8.392 9.083 9.607 9.595 8.977 8.280 7.437 6.622 6.734 6.269 6.465 6.852 5.294 5.199 5.856 5.122 3.725 2.910 3.776 4.685 4.724 4.384 5.676 5.228 5.227 6.459 6.901 7.934 6.494 6.650 6.073 5.686 4.942 4.345 4.016 5.487 5.723 6.380 6.028 6.943 7.810 7.742 7.760 7.195 6.790 6.752 5.807 5.862 5.430 4.976 3.870 3.986 4.347 3.711 3.845 4.845
8.894 9.124 10.983 9.651 11.242 9.588 9.595 9.317 9.785 10.308 10.540 9.740 9.139 8.473 7.761 6.763 5.680 4.606 3.238 2.497 1.593 0.670 0.000 0.853 1.835 2.823 3.249 4.061 5.081 5.719 6.626 7.654 8.134 8.798 8.985 8.774 8.812 8.496 9.254 10.183 10.131 9.643 8.805 8.168 7.119 7.044 6.401 6.437 6.200 5.244 4.622 5.135 4.571 3.683 3.057 4.024 4.914 4.726 4.676 6.079 6.190 5.927 7.036 7.130 8.031 7.346 7.461 6.732 7.621 7.088 6.087 6.113 7.264 7.328 8.079 7.305 8.284 8.697 8.253 7.970 7.207 6.781 7.028 6.409 5.715 6.062 5.908 4.739 4.554 5.243 4.718 4.738 5.495
9.458 9.584 10.324 8.770 9.884 7.958 7.905 7.707 7.665 8.119 8.520 7.969 7.861 7.212 6.939 6.407 5.319 5.156 3.690 3.192 2.270 1.541 0.690 0.000 0.890 1.783 2.504 2.854 3.297 3.664 4.464 5.104 5.244 6.160 6.200 5.976 5.876 5.837 6.528 6.797 7.003 6.438 5.816 5.209 4.658 4.547 4.264 4.696 4.452 3.902 3.701 4.281 4.240 3.148 3.091 3.534 4.260 4.519 4.422 5.287 5.592 4.674 5.510 5.198 5.823 5.202 5.303 4.585 5.664 5.519 4.734 5.329 6.557 5.889 6.370 5.280 5.822 6.072 5.723 5.639 4.894 5.133 5.282 4.379 3.905 4.469 4.520 3.360 3.641 4.646 4.165 4.570 5.530
7.524 7.710 6.817 6.516 7.554 5.914 4.880 4.481 4.960 5.197 5.159 4.571 3.581 3.303 2.759 2.680 2.220 2.236 1.585 1.848 1.535 1.714 1.447 0.893 0.000 0.619 1.386 1.812 2.533 3.166 4.134 4.516 4.780 5.390 5.611 5.234 5.158 4.979 5.093 5.920 6.022 5.249 5.196 4.506 3.775 3.689 2.983 3.484 3.044 2.320 2.342 2.640 2.587 1.785 1.449 1.618 2.257 2.314 2.251 2.530 2.473 2.347 2.924 3.409 3.835 3.385 3.563 2.960 3.526 3.403 2.927 3.107 3.830 3.981 4.283 4.095 4.436 5.026 4.928 4.811 4.470 4.433 4.390 3.690 3.247 3.710 3.437 2.480 2.464 3.228 2.794 3.336 4.311
5.066 7.797 5.353 6.218 5.117 3.961 3.761 3.290 3.486 3.721 3.859 3.064 2.549 2.351 2.173 2.000 1.666 1.586 1.290 1.376 1.266 1.614 1.613 1.262 0.548 0.000 0.527 0.688 1.090 1.403 1.798 2.117 2.255 2.647 2.761 2.654 2.699 2.568 2.714 3.208 3.218 2.759 2.534 2.163 1.829 1.722 1.287 1.459 1.208 0.924 1.043 1.244 1.316 0.989 0.925 0.856 1.028 1.384 1.518 1.554 1.614 1.337 1.515 1.496 1.800 1.732 1.783 1.623 1.968 1.889 1.607 1.858 2.186 2.028 2.146 1.989 2.282 2.597 2.354 2.341 2.112 2.137 2.101 1.780 1.559 1.730 1.663 1.317 1.422 1.719 1.759 2.469 3.225
5.811 6.259 4.966 5.114 4.943 4.764 3.383 3.096 3.105 3.308 3.517 2.824 2.485 2.336 2.252 2.114 1.859 1.816 1.435 1.484 1.311 1.802 1.804 1.563 0.797 0.525 0.000 0.521 0.778 1.226 1.533 1.947 2.229 2.467 2.544 2.456 2.390 2.118 2.326 2.624 2.738 2.454 2.351 2.056 1.729 1.450 1.047 1.023 0.828 0.681 0.831 1.117 1.284 0.957 0.971 0.877 1.051 1.303 1.436 1.466 1.570 1.232 1.262 1.138 1.407 1.547 1.622 1.635 1.982 1.945 1.763 1.920 2.295 2.148 2.288 2.140 2.444 2.611 2.409 2.318 2.187 2.138 2.128 1.899 1.584 1.837 1.812 1.398 1.445 1.802 1.824 2.481 3.265
6.968 8.372 4.678 5.061 4.024 4.057 2.676 2.245 2.487 2.811 2.801 2.109 1.700 1.594 1.470 1.488 1.286 1.314 1.213 1.305 1.316 1.723 1.814 1.559 0.987 0.657 0.505 0.000 0.496 0.615 0.780 0.977 1.126 1.395 1.409 1.352 1.328 1.251 1.490 1.685 1.633 1.442 1.322 1.124 0.947 0.859 0.658 0.660 0.614 0.619 0.710 0.991 1.075 0.818 0.857 0.748 0.843 1.041 1.105 1.195 1.190 0.960 1.068 0.913 1.058 1.019 1.048 0.989 1.197 1.260 1.176 1.459 1.720 1.537 1.432 1.236 1.436 1.506 1.403 1.351 1.210 1.317 1.355 1.130 1.103 1.283 1.192 1.067 1.196 1.508 1.575 2.383 3.285
7.557 5.665 5.951 4.463 4.833 3.720 2.994 2.341 2.668 3.090 3.112 2.359 1.982 1.863 1.799 1.816 1.649 1.672 1.547 1.669 1.679 2.023 2.131 1.868 1.288 1.019 0.678 0.499 0.000 0.497 0.611 0.828 0.983 1.177 1.280 1.217 1.180 1.123 1.429 1.674 1.477 1.269 1.121 1.017 0.825 0.734 0.624 0.623 0.687 0.679 0.818 1.075 1.186 0.984 1.106 0.954 1.020 1.267 1.352 1.383 1.417 1.168 1.159 0.993 1.091 1.099 1.042 1.086 1.353 1.545 1.506 1.829 2.035 1.770 1.667 1.349 1.410 1.379 1.329 1.217 1.066 1.265 1.364 1.124 1.136 1.431 1.433 1.271 1.418 1.837 1.890 2.728 3.671
7.562 6.686 6.560 6.274 4.627 4.315 2.553 2.254 2.494 2.823 2.729 2.030 1.691 1.564 1.559 1.519 1.424 1.465 1.394 1.582 1.622 2.003 2.021 1.790 1.294 1.033 0.835 0.629 0.509 0.000 0.497 0.617 0.851 1.053 1.113 1.036 0.975 0.955 1.221 1.463 1.321 1.082 1.017 0.889 0.700 0.639 0.603 0.629 0.754 0.787 0.952 1.197 1.324 1.105 1.165 0.986 1.120 1.333 1.341 1.397 1.316 1.063 1.082 0.941 0.979 0.939 0.892 0.910 1.137 1.264 1.256 1.528 1.762 1.470 1.385 1.177 1.254 1.287 1.188 1.097 0.921 1.099 1.155 0.980 0.987 1.217 1.261 1.100 1.253 1.566 1.672 2.500 3.310
6.337 6.198 6.370 5.132 4.109 3.782 3.016 2.349 2.607 2.989 3.073 2.366 1.929 1.853 1.768 1.778 1.617 1.743 1.632 1.814 1.796 2.176 2.190 1.977 1.492 1.199 1.034 0.837 0.650 0.498 0.000 0.498 0.692 0.867 0.992 0.882 0.864 0.854 1.159 1.377 1.204 1.034 0.865 0.823 0.654 0.651 0.661 0.701 0.837 0.943 1.122 1.389 1.547 1.334 1.410 1.195 1.331 1.562 1.566 1.621 1.513 1.218 1.227 1.035 1.045 1.037 1.021 1.055 1.262 1.399 1.444 1.731 1.900 1.641 1.497 1.224 1.262 1.205 1.102 1.030 0.913 1.171 1.269 1.107 1.136 1.435 1.389 1.328 1.490 1.842 1.888 2.774 3.583
6.505 7.365 6.315 6.292 5.160 5.321 4.282 3.241 3.037 3.389 3.579 2.720 2.431 2.366 2.319 2.408 2.317 2.555 2.535 2.753 2.652 2.930 2.963 2.629 2.095 1.848 1.701 1.358 1.035 0.835 0.532 0.000 0.517 0.666 0.877 0.949 0.970 1.040 1.375 1.563 1.343 1.174 0.904 0.964 0.816 0.911 1.038 0.965 1.120 1.399 1.598 1.826 2.189 2.017 2.262 1.921 1.982 2.341 2.433 2.319 2.241 1.866 1.748 1.356 1.315 1.478 1.227 1.254 1.496 1.696 1.803 2.090 2.274 1.813 1.578 1.271 1.252 1.062 0.961 0.892 0.855 1.160 1.215 1.154 1.313 1.555 1.600 1.665 1.906 2.175 2.305 3.211 3.968
6.757 7.299 6.938 5.991 4.575 4.550 3.138 2.666 2.921 3.233 3.245 2.575 2.329 2.230 2.335 2.357 2.248 2.419 2.365 2.709 2.584 3.006 3.006 2.729 2.180 1.903 1.797 1.478 1.246 1.013 0.694 0.544 0.000 0.506 0.696 0.788 0.898 0.998 1.297 1.523 1.305 1.085 0.861 0.913 0.871 0.940 1.135 1.125 1.383 1.575 1.861 2.106 2.366 2.183 2.221 1.915 2.074 2.419 2.364 2.273 2.169 1.762 1.755 1.457 1.378 1.411 1.240 1.230 1.496 1.712 1.813 2.160 2.238 1.850 1.661 1.285 1.265 1.066 0.977 0.802 0.819 1.101 1.214 1.130 1.272 1.564 1.640 1.668 1.854 2.107 2.292 3.212 3.963
6.012 5.734 5.474 4.114 4.709 3.772 2.942 2.699 2.978 3.462 3.466 2.643 2.328 2.179 2.163 2.083 2.026 2.184 2.081 2.413 2.362 2.739 2.904 2.671 2.088 1.812 1.817 1.547 1.433 1.113 0.981 0.716 0.502 0.000 0.527 0.804 0.922 1.098 1.369 1.440 1.211 1.085 0.866 0.916 0.893 1.083 1.264 1.419 1.642 1.814 2.031 2.364 2.462 2.228 2.074 1.907 2.171 2.337 2.216 2.278 2.110 1.822 1.899 1.712 1.576 1.469 1.274 1.143 1.304 1.429 1.419 1.734 1.851 1.565 1.395 1.040 1.135 0.940 0.764 0.687 0.853 1.054 1.088 1.009 1.200 1.405 1.411 1.425 1.682 1.942 1.951 2.814 3.615
7.084 6.648 6.600 5.165 5.345 4.494 3.649 3.503 3.455 4.087 4.134 3.215 3.029 2.890 3.044 3.079 3.200 3.555 3.451 3.915 3.715 4.165 4.425 3.942 3.354 2.955 2.907 2.559 2.207 1.862 1.455 1.090 0.701 0.546 0.000 0.582 1.041 1.368 1.694 1.756 1.450 1.409 1.031 1.234 1.370 1.731 2.046 2.123 2.658 3.068 3.294 3.604 3.983 3.704 3.453 3.211 3.567 3.930 3.553 3.692 3.456 3.035 3.128 2.764 2.439 2.275 1.903 1.806 1.759 1.963 2.100 2.553 2.546 2.142 1.728 1.440 1.280 1.130 1.021 0.878 1.150 1.584 1.652 1.600 2.017 2.213 2.266 2.241 2.639 2.927 3.010 4.121 4.884
7.984 8.011 8.718 6.533 6.271 5.118 3.978 3.519 3.504 3.898 3.982 3.385 3.362 3.505 3.673 3.827 4.047 4.225 4.250 4.480 4.465 4.808 5.073 4.557 3.963 3.415 3.260 2.732 2.141 1.797 1.203 0.942 0.908 0.826 0.566 0.000 0.542 0.823 1.180 1.510 1.362 1.337 1.181 1.338 1.589 1.397 1.840 1.698 2.235 2.748 3.166 3.457 3.994 3.859 3.769 3.405 3.529 3.900 3.815 3.589 3.416 2.946 2.650 2.138 1.894 2.087 2.059 2.260 2.466 2.932 3.099 3.486 3.522 3.126 2.651 2.213 2.006 1.706 1.523 1.177 1.278 1.671 1.861 2.090 2.304 2.586 2.738 2.834 3.356 3.587 3.710 4.773 5.324
8.083 7.668 7.397 5.819 5.557 4.706 3.963 3.319 3.280 3.706 3.870 3.198 3.063 3.318 3.461 3.748 3.765 4.030 3.874 4.160 4.125 4.342 4.274 3.923 3.425 3.100 3.046 2.405 2.154 1.618 1.230 0.927 0.963 0.985 0.797 0.516 0.000 0.537 0.984 1.275 1.215 1.201 1.081 1.336 1.479 1.420 1.816 1.741 2.213 2.564 2.935 3.277 3.730 3.635 3.579 3.157 3.359 3.775 3.600 3.547 3.244 2.838 2.431 2.099 1.809 1.980 1.885 2.197 2.304 2.844 2.881 3.318 3.343 2.984 2.695 2.072 2.035 1.735 1.616 1.293 1.377 1.674 1.912 1.858 2.175 2.412 2.559 2.657 2.993 3.242 3.628 4.440 4.913
8.271 7.334 7.862 6.760 6.675 5.074 3.842 3.742 3.376 3.931 3.993 3.367 3.234 3.361 3.528 3.790 3.737 4.097 3.731 4.390 4.068 4.410 4.535 4.081 3.441 3.205 2.969 2.464 2.035 1.706 1.296 0.968 1.104 1.148 1.210 0.947 0.558 0.000 0.665 1.118 1.141 1.011 0.993 1.209 1.354 1.398 1.723 1.609 2.196 2.570 3.081 3.299 3.695 3.451 3.464 3.179 3.353 3.737 3.670 3.454 3.224 2.812 2.564 2.129 1.825 1.956 1.995 2.045 2.305 2.838 2.975 3.443 3.945 3.128 2.716 2.219 1.998 1.761 1.814 1.509 1.553 2.160 2.176 2.099 2.473 2.838 2.772 2.800 3.346 3.562 3.656 4.748 5.346
8.192 8.298 7.919 7.574 6.902 5.498 4.462 4.119 3.938 4.323 4.520 3.773 3.811 3.893 4.031 4.187 4.261 4.471 4.215 4.610 4.205 4.577 4.376 3.971 3.319 3.363 3.164 2.742 2.128 1.698 1.387 1.212 1.492 1.759 1.828 1.468 1.028 0.584 0.000 0.553 0.971 1.191 1.414 1.509 1.614 1.546 2.158 2.035 2.440 2.906 3.204 3.763 4.137 3.715 3.783 3.545 3.869 4.377 4.258 4.191 3.926 3.370 3.216 2.696 2.340 2.577 2.205 2.572 2.752 3.328 3.503 3.887 4.140 3.585 3.144 2.581 2.452 2.243 2.233 2.180 1.803 2.302 2.569 2.276 2.404 2.884 3.107 2.939 3.212 3.715 3.853 4.578 5.155
9.934 9.925 9.818 7.991 7.389 6.107 4.925 4.476 4.434 4.961 5.157 4.392 4.385 4.482 4.889 5.418 5.428 5.713 5.900 6.109 6.258 6.469 6.299 6.102 5.503 5.080 4.797 4.042 3.466 2.909 2.371 2.182 2.403 2.005 2.563 2.127 1.324 1.307 0.696 0.000 0.642 1.149 1.713 2.267 2.507 2.404 2.693 2.756 3.114 3.703 4.206 4.533 5.462 5.343 5.084 4.961 4.816 5.449 5.316 5.209 4.890 4.120 3.734 3.005 2.766 2.937 2.874 3.234 3.582 4.143 4.767 4.926 5.152 4.694 4.168 3.280 3.139 2.870 2.820 3.170 3.430 3.887 3.821 3.687 4.269 4.750 4.581 4.852 5.412 5.509 5.894 6.415 7.121
7.382 6.802 7.814 5.020 6.026 4.351 3.708 3.534 3.664 4.140 4.345 3.302 3.385 3.127 3.464 3.308 3.724 4.032 4.277 4.787 4.715 5.272 5.291 4.927 4.353 4.064 4.003 3.489 3.008 2.474 2.036 1.462 1.392 1.350 1.597 1.528 1.209 1.297 0.953 0.564 0.000 0.570 0.814 1.052 1.581 1.947 2.554 2.637 3.373 3.817 4.349 4.937 5.170 4.853 4.576 4.149 4.695 4.966 4.662 4.701 4.282 3.618 3.615 3.177 2.591 2.576 2.005 2.100 1.891 2.189 2.657 2.987 2.843 2.432 2.041 1.852 1.489 1.483 1.734 1.895 2.092 2.539 2.422 2.214 2.838 3.086 2.778 3.053 3.684 3.732 3.757 4.584 5.131
7.276 7.528 6.870 5.313 4.972 4.660 3.788 2.868 3.019 3.287 3.251 2.466 2.307 2.279 2.315 2.387 2.446 2.635 2.662 2.878 2.893 3.247 3.322 3.114 2.499 2.307 2.327 1.956 1.757 1.377 1.219 0.902 0.902 0.994 1.224 1.160 0.876 1.050 1.006 0.750 0.538 0.000 0.501 0.642 0.909 1.155 1.451 1.564 2.040 2.252 2.598 2.944 3.146 2.857 2.702 2.447 2.748 2.961 2.812 2.816 2.481 2.198 2.096 1.885 1.577 1.535 1.244 1.266 1.421 1.670 1.731 2.076 2.124 1.795 1.567 1.239 1.205 1.169 1.204 1.203 1.296 1.450 1.435 1.267 1.540 1.653 1.674 1.780 1.972 2.244 2.394 3.142 3.769
6.762 5.849 5.172 4.247 4.427 4.034 2.941 2.646 2.761 3.230 3.247 2.490 2.211 2.080 2.112 2.099 2.053 2.141 2.172 2.402 2.400 2.879 2.998 2.834 2.219 1.948 2.078 1.799 1.657 1.285 1.195 0.870 0.820 0.894 1.127 1.146 0.946 1.138 1.139 1.023 0.731 0.494 0.000 0.523 0.677 0.975 1.345 1.546 1.938 2.089 2.431 2.732 2.824 2.453 2.226 2.132 2.516 2.625 2.397 2.645 2.284 1.974 2.044 1.874 1.559 1.511 1.078 1.052 1.197 1.364 1.433 1.693 1.868 1.568 1.433 1.087 1.096 1.057 1.064 1.099 1.155 1.414 1.309 1.130 1.410 1.599 1.474 1.529 1.743 1.961 1.961 2.830 3.616
6.644 7.008 5.607 4.579 3.962 3.732 3.481 2.310 2.530 2.861 2.909 2.205 1.891 1.767 1.775 1.671 1.649 1.775 1.671 1.917 1.915 2.290 2.310 2.159 1.661 1.349 1.337 1.121 1.000 0.769 0.762 0.651 0.713 0.886 1.073 1.038 0.898 1.038 1.118 1.128 0.889 0.600 0.502 0.000 0.494 0.634 0.829 1.003 1.217 1.368 1.511 1.834 1.947 1.693 1.668 1.458 1.749 1.918 1.885 1.953 1.749 1.437 1.465 1.302 1.168 1.074 0.840 0.760 1.004 1.182 1.242 1.524 1.709 1.448 1.277 0.983 1.023 0.997 0.973 1.018 0.993 1.201 1.186 0.999 1.113 1.333 1.285 1.203 1.403 1.687 1.686 2.551 3.386
5.742 5.773 4.318 4.699 3.202 3.379 2.394 1.897 2.181 2.476 2.424 1.776 1.348 1.207 1.206 1.178 1.167 1.248 1.281 1.500 1.548 2.025 2.141 1.910 1.433 1.086 1.064 0.844 0.766 0.606 0.592 0.571 0.622 0.794 0.929 0.886 0.846 0.897 1.070 1.263 1.109 0.791 0.618 0.497 0.000 0.498 0.555 0.727 0.853 0.925 1.156 1.314 1.518 1.303 1.242 1.072 1.205 1.384 1.317 1.310 1.183 0.954 0.968 0.854 0.829 0.686 0.591 0.600 0.727 0.855 0.920 1.136 1.280 1.078 0.949 0.757 0.857 0.882 0.853 0.820 0.794 0.937 0.918 0.773 0.901 1.050 1.021 0.977 1.186 1.426 1.453 2.291 3.197
7.189 6.128 5.271 6.592 4.031 4.353 3.037 2.146 2.259 2.552 2.507 1.743 1.337 1.284 1.241 1.230 1.265 1.352 1.373 1.549 1.632 2.035 2.087 1.924 1.388 1.078 0.951 0.730 0.656 0.568 0.579 0.602 0.683 0.856 0.992 0.974 0.914 0.912 1.176 1.345 1.165 0.918 0.754 0.578 0.492 0.000 0.491 0.559 0.686 0.769 0.964 1.138 1.314 1.168 1.176 0.981 1.046 1.266 1.229 1.167 1.072 0.870 0.844 0.698 0.681 0.614 0.591 0.653 0.827 0.947 1.035 1.277 1.404 1.174 1.043 0.890 0.941 0.948 0.900 0.909 0.874 1.026 1.002 0.867 0.968 1.124 1.106 1.106 1.246 1.505 1.566 2.483 3.382
6.703 6.307 4.569 5.015 4.395 3.957 2.348 2.021 2.168 2.495 2.550 1.757 1.342 1.235 1.200 1.236 1.180 1.326 1.304 1.452 1.534 1.959 2.025 1.764 1.283 0.965 0.842 0.637 0.574 0.554 0.598 0.737 0.881 1.071 1.195 1.180 1.103 1.012 1.211 1.494 1.362 1.079 0.971 0.748 0.568 0.491 0.000 0.494 0.543 0.661 0.880 1.082 1.275 1.085 1.106 0.924 1.044 1.240 1.221 1.173 1.047 0.846 0.716 0.595 0.633 0.600 0.597 0.661 0.837 0.955 1.000 1.246 1.407 1.211 1.080 0.953 1.028 1.121 1.073 1.074 1.010 1.110 1.114 0.948 0.971 1.154 1.107 1.018 1.193 1.438 1.548 2.279 3.343
7.035 5.132 5.401 3.744 3.734 3.198 2.328 2.011 2.500 2.883 2.864 2.145 1.683 1.524 1.525 1.560 1.566 1.642 1.687 1.957 1.912 2.366 2.450 2.165 1.609 1.260 1.101 0.759 0.609 0.637 0.774 1.017 1.235 1.476 1.664 1.567 1.473 1.257 1.517 1.894 1.794 1.476 1.301 1.029 0.785 0.608 0.497 0.000 0.508 0.783 1.058 1.303 1.616 1.462 1.503 1.262 1.415 1.752 1.640 1.624 1.408 1.070 1.002 0.705 0.801 0.809 0.826 0.852 1.080 1.118 1.221 1.435 1.650 1.427 1.307 1.150 1.233 1.389 1.352 1.428 1.301 1.471 1.384 1.157 1.264 1.467 1.321 1.248 1.499 1.763 1.738 2.691 3.574
6.771 5.886 5.610 4.670 4.753 3.925 3.140 2.594 2.725 3.131 3.300 2.548 2.170 2.131 2.036 2.068 1.826 1.856 1.647 1.766 1.842 2.185 2.274 1.993 1.404 1.123 0.815 0.673 0.676 0.801 0.865 1.141 1.439 1.655 1.728 1.577 1.397 1.246 1.485 1.753 1.667 1.503 1.485 1.340 1.123 0.856 0.644 0.508 0.000 0.498 0.688 0.905 1.151 0.950 1.074 0.921 0.890 1.127 1.265 1.270 1.364 1.102 1.040 0.780 1.013 1.101 1.221 1.340 1.720 1.890 1.769 2.078 2.484 2.205 2.137 1.749 1.845 1.880 1.853 1.739 1.532 1.792 1.909 1.604 1.563 1.932 1.921 1.602 1.828 2.219 2.291 3.060 3.891
5.853 4.340 4.915 4.280 4.160 3.541 2.616 2.065 2.523 2.905 3.012 2.199 1.805 1.673 1.533 1.510 1.329 1.398 1.233 1.440 1.447 1.900 1.950 1.708 1.192 0.880 0.666 0.580 0.705 0.881 1.083 1.313 1.505 1.767 1.833 1.729 1.611 1.480 1.678 1.979 1.925 1.677 1.613 1.380 1.138 0.962 0.727 0.681 0.498 0.000 0.503 0.652 0.884 0.763 0.846 0.719 0.688 0.941 0.999 1.002 1.032 0.870 0.913 0.772 0.992 0.980 1.116 1.145 1.392 1.487 1.364 1.598 1.885 1.784 1.697 1.508 1.650 1.827 1.699 1.777 1.538 1.658 1.737 1.451 1.411 1.661 1.539 1.334 1.481 1.804 1.799 2.454 3.486
7.323 6.336 5.912 4.943 4.219 4.036 2.893 2.443 2.757 3.115 3.182 2.446 2.144 2.014 1.900 1.834 1.642 1.658 1.447 1.668 1.622 2.037 2.074 1.859 1.284 0.938 0.701 0.677 0.918 1.121 1.408 1.612 1.848 2.098 2.168 2.120 1.950 1.854 2.052 2.367 2.323 1.991 1.911 1.627 1.400 1.185 0.921 0.973 0.723 0.507 0.000 0.502 0.637 0.686 0.856 0.791 0.760 0.973 1.132 1.214 1.243 1.048 1.108 1.041 1.283 1.224 1.315 1.390 1.605 1.727 1.682 1.867 2.218 2.086 1.966 1.791 1.892 2.028 2.040 2.061 1.836 2.055 2.045 1.722 1.722 1.977 1.851 1.628 1.744 2.102 2.138 2.749 3.659
6.724 5.984 7.040 4.747 5.732 4.179 3.406 3.076 3.501 3.781 3.981 3.239 2.959 2.906 2.619 2.589 2.175 2.215 1.840 2.000 1.989 2.372 2.406 2.107 1.619 1.294 0.934 0.947 1.162 1.517 1.753 2.105 2.429 2.747 2.765 2.615 2.504 2.354 2.513 2.881 3.020 2.658 2.592 2.284 1.984 1.790 1.339 1.299 0.988 0.762 0.500 0.000 0.569 0.704 1.008 1.007 0.825 1.103 1.381 1.430 1.681 1.437 1.571 1.454 1.844 1.772 2.005 1.969 2.408 2.521 2.250 2.582 3.053 2.854 2.835 2.499 2.687 2.871 2.752 2.690 2.342 2.531 2.633 2.273 2.137 2.494 2.466 2.098 2.280 2.647 2.610 3.219 4.091
6.157 6.734 5.992 6.053 5.923 4.495 4.155 3.607 3.961 4.234 4.441 3.926 3.529 3.487 3.019 2.840 2.418 2.268 1.812 1.802 1.860 2.121 2.224 2.016 1.569 1.349 1.077 1.396 1.699 2.129 2.536 2.942 3.351 3.690 3.760 3.619 3.416 3.144 3.327 3.831 4.015 3.628 3.524 3.114 2.759 2.452 1.948 1.829 1.478 1.104 0.735 0.548 0.000 0.576 0.839 1.106 0.928 1.125 1.453 1.668 1.886 1.793 1.878 1.801 2.302 2.358 2.634 2.642 3.027 2.942 2.667 2.660 3.305 3.198 3.405 3.265 3.427 3.668 3.591 3.530 3.126 3.228 3.239 2.910 2.651 2.786 2.753 2.323 2.421 2.680 2.703 3.113 3.977
6.307 5.412 5.856 4.244 4.916 4.748 3.285 3.046 3.462 3.701 3.789 3.097 2.484 2.344 1.992 1.787 1.532 1.443 1.105 1.304 1.444 1.890 2.072 1.877 1.324 0.943 0.865 1.003 1.329 1.669 1.973 2.303 2.517 2.681 2.824 2.787 2.642 2.524 2.700 3.111 3.137 2.775 2.627 2.361 2.014 1.816 1.517 1.530 1.296 0.973 0.829 0.660 0.550 0.000 0.502 0.619 0.706 0.773 0.835 1.200 1.339 1.279 1.489 1.612 1.927 1.755 1.935 1.797 2.068 1.954 1.727 1.815 2.164 2.159 2.310 2.293 2.496 2.679 2.607 2.592 2.367 2.460 2.403 2.150 1.975 2.169 2.029 1.719 1.823 2.108 2.058 2.515 3.488
5.454 4.981 4.939 4.153 4.141 3.795 2.755 2.441 2.808 3.014 3.058 2.397 1.853 1.693 1.499 1.459 1.190 1.222 0.987 1.216 1.294 1.752 1.845 1.643 1.178 0.817 0.731 0.853 1.147 1.379 1.619 1.909 2.040 2.293 2.397 2.323 2.304 2.125 2.326 2.647 2.610 2.338 2.189 1.903 1.647 1.448 1.270 1.282 1.137 0.878 0.842 0.850 0.733 0.497 0.000 0.491 0.560 0.621 0.617 0.769 0.880 0.899 1.132 1.272 1.485 1.374 1.502 1.473 1.629 1.613 1.520 1.685 1.993 1.927 1.964 1.855 2.027 2.251 2.132 2.215 1.977 2.040 2.066 1.733 1.654 1.859 1.740 1.479 1.595 1.878 1.862 2.393 3.147
6.240 5.499 4.735 3.906 4.173 3.600 2.697 2.320 2.687 2.976 2.978 2.282 1.806 1.725 1.545 1.549 1.241 1.301 1.035 1.274 1.300 1.683 1.868 1.699 1.071 0.776 0.708 0.779 1.007 1.159 1.438 1.671 1.875 2.078 2.128 2.124 2.030 1.956 2.114 2.399 2.350 2.051 1.946 1.688 1.451 1.327 1.036 1.139 0.937 0.709 0.781 0.812 0.788 0.566 0.489 0.000 0.492 0.563 0.635 0.661 0.853 0.845 0.978 1.088 1.309 1.210 1.363 1.296 1.561 1.563 1.414 1.601 1.945 1.791 1.875 1.693 1.853 2.042 1.938 1.937 1.792 1.866 1.844 1.554 1.485 1.653 1.562 1.292 1.424 1.718 1.692 2.271 3.161
6.642 4.825 5.458 4.303 4.642 3.680 2.670 2.449 2.824 3.091 3.147 2.366 1.903 1.831 1.595 1.596 1.328 1.404 1.215 1.401 1.427 1.837 1.972 1.745 1.179 0.798 0.721 0.764 1.014 1.134 1.444 1.619 1.744 2.012 2.071 2.029 2.020 1.935 2.074 2.346 2.348 2.008 1.909 1.671 1.443 1.310 1.079 1.132 0.968 0.714 0.771 0.753 0.763 0.580 0.544 0.488 0.000 0.495 0.575 0.720 0.874 0.873 1.058 1.137 1.348 1.216 1.397 1.367 1.539 1.631 1.497 1.683 1.971 1.848 1.828 1.705 1.864 2.028 1.867 1.901 1.683 1.809 1.818 1.554 1.491 1.721 1.592 1.388 1.507 1.819 1.785 2.452 3.469
7.767 5.727 5.797 4.808 5.016 4.390 3.163 2.896 3.186 3.423 3.582 2.801 2.322 2.128 1.911 1.859 1.504 1.580 1.304 1.567 1.594 1.980 2.116 1.874 1.383 0.989 0.894 0.944 1.175 1.448 1.717 2.079 2.252 2.599 2.603 2.470 2.427 2.253 2.451 2.805 2.821 2.557 2.479 2.188 1.917 1.720 1.376 1.328 1.115 0.879 0.879 0.909 0.875 0.670 0.640 0.575 0.495 0.000 0.516 0.687 0.951 1.041 1.301 1.379 1.656 1.646 1.873 1.762 2.043 2.107 1.905 2.066 2.474 2.351 2.464 2.208 2.454 2.698 2.463 2.486 2.136 2.259 2.375 2.017 1.839 2.159 2.073 1.748 1.872 2.319 2.168 2.725 3.807
5.269 5.347 5.691 4.225 5.229 3.835 3.356 2.584 2.922 3.217 3.193 2.403 1.910 1.831 1.625 1.600 1.232 1.393 1.230 1.530 1.599 1.984 2.169 2.056 1.562 1.205 1.036 1.225 1.360 1.597 1.906 2.160 2.284 2.542 2.597 2.579 2.500 2.431 2.567 2.940 2.817 2.533 2.352 2.138 1.877 1.696 1.415 1.424 1.293 1.113 1.076 1.081 1.045 0.780 0.715 0.646 0.614 0.510 0.000 0.592 0.726 0.858 1.221 1.356 1.544 1.427 1.600 1.605 1.870 1.851 1.711 1.871 2.270 2.190 2.200 2.117 2.228 2.469 2.425 2.414 2.292 2.346 2.323 2.083 1.934 2.180 2.045 1.795 1.872 2.214 2.121 2.563 3.543
6.936 5.908 6.198 5.602 5.880 4.569 3.364 2.670 2.828 3.175 3.115 2.357 1.992 2.048 1.768 1.822 1.574 1.769 1.578 1.720 1.953 2.268 2.373 2.398 1.871 1.564 1.483 1.705 1.945 2.227 2.536 2.764 3.107 3.319 3.520 3.316 3.121 2.914 2.887 3.323 3.469 2.957 2.973 2.673 2.397 2.189 1.822 1.928 1.760 1.398 1.537 1.480 1.386 1.204 0.973 0.867 0.828 0.714 0.551 0.000 0.553 0.735 1.220 1.563 1.768 1.582 1.976 2.069 2.477 2.553 2.281 2.508 3.045 2.941 2.993 2.871 2.839 3.275 3.225 3.379 3.104 3.337 3.287 2.788 2.703 2.989 2.812 2.418 2.609 2.880 2.778 3.149 4.151
7.457 5.543 6.847 6.164 4.831 3.896 2.766 2.143 2.413 2.910 2.989 2.057 1.702 1.577 1.434 1.534 1.169 1.643 1.526 1.725 1.909 2.385 2.604 2.392 1.864 1.495 1.412 1.329 1.529 1.540 1.705 1.853 2.035 2.230 2.495 2.345 2.131 1.999 2.082 2.382 2.351 1.968 1.923 1.629 1.561 1.338 1.150 1.376 1.393 1.155 1.397 1.453 1.419 1.310 1.161 0.879 0.884 0.890 0.638 0.520 0.000 0.535 0.831 1.136 1.206 0.962 1.155 1.316 1.523 1.663 1.709 1.987 2.231 2.168 2.032 1.891 1.814 2.091 2.182 2.327 2.140 2.394 2.318 1.976 2.071 2.316 2.128 1.914 2.209 2.458 2.358 2.901 3.881
6.319 6.894 6.293 5.474 5.481 4.868 2.506 1.864 2.359 2.680 2.740 1.967 1.569 1.457 1.440 1.386 1.202 1.400 1.359 1.589 1.719 2.129 2.327 2.117 1.586 1.214 1.082 0.945 1.122 1.169 1.395 1.549 1.718 1.915 2.084 2.006 1.830 1.741 1.804 2.075 2.061 1.792 1.733 1.456 1.282 1.071 0.869 1.018 0.980 0.853 1.130 1.262 1.358 1.182 1.080 0.833 0.914 1.041 0.794 0.705 0.511 0.000 0.510 0.678 0.889 0.749 1.011 1.095 1.332 1.434 1.421 1.672 1.902 1.758 1.724 1.585 1.658 1.859 1.884 1.928 1.793 1.954 1.949 1.580 1.657 1.918 1.701 1.525 1.743 2.000 1.914 2.520 3.528
6.792 5.734 6.084 5.437 5.456 4.371 2.950 1.812 2.487 2.768 2.829 2.096 1.722 1.595 1.704 1.488 1.607 1.566 1.820 1.922 2.223 2.569 2.721 2.590 2.079 1.606 1.485 1.235 1.262 1.254 1.322 1.475 1.865 2.105 2.216 2.013 1.844 1.577 1.709 2.045 2.102 1.800 1.852 1.543 1.334 0.995 0.791 0.848 0.935 1.022 1.407 1.590 1.807 1.633 1.513 1.178 1.232 1.421 1.180 0.990 0.757 0.516 0.000 0.498 0.684 0.686 1.025 1.240 1.533 1.666 1.697 1.970 2.288 2.173 2.087 1.896 1.942 2.130 2.155 2.204 2.016 2.213 2.315 1.875 2.006 2.269 2.162 1.897 2.227 2.497 2.396 3.077 3.942
7.091 6.603 7.449 5.068 5.394 3.777 3.050 1.901 2.362 2.699 2.791 2.030 1.646 1.593 1.545 1.653 1.635 1.768 1.866 2.013 2.164 2.499 2.564 2.362 1.817 1.480 1.306 1.034 1.013 1.012 1.110 1.292 1.532 1.740 1.859 1.788 1.624 1.450 1.621 1.921 1.842 1.547 1.520 1.275 1.096 0.861 0.687 0.723 0.807 0.886 1.188 1.385 1.645 1.498 1.485 1.171 1.212 1.443 1.354 1.210 1.041 0.735 0.508 0.000 0.547 0.615 0.873 1.077 1.341 1.589 1.590 1.883 2.089 2.003 1.879 1.622 1.691 1.776 1.829 1.871 1.650 1.849 1.946 1.606 1.683 1.966 1.928 1.729 1.953 2.214 2.245 2.996 3.946
7.117 7.350 6.744 5.400 5.343 3.523 2.090 1.715 2.305 2.640 2.729 1.923 1.595 1.583 1.610 1.891 1.887 2.245 2.265 2.643 2.656 3.114 3.115 2.826 2.374 1.962 1.681 1.291 1.284 1.284 1.432 1.592 1.903 2.175 2.389 2.311 2.109 1.883 1.985 2.296 2.202 1.813 1.768 1.385 1.261 0.921 0.767 0.819 0.885 1.034 1.370 1.566 1.937 1.835 1.957 1.558 1.548 1.953 1.860 1.694 1.459 1.017 0.778 0.532 0.000 0.535 0.730 1.049 1.281 1.722 1.955 2.231 2.500 2.299 1.998 1.860 1.626 1.909 2.169 2.313 2.225 2.469 2.551 2.066 2.246 2.616 2.516 2.264 2.553 2.919 2.828 3.621 4.367
7.699 6.862 6.016 5.915 3.766 2.943 3.107 1.637 2.222 2.511 2.515 1.706 1.273 1.240 1.288 1.397 1.425 1.577 1.658 1.860 2.058 2.496 2.669 2.382 1.797 1.444 1.284 1.060 1.010 0.939 1.002 1.050 1.181 1.388 1.562 1.563 1.475 1.321 1.500 1.761 1.633 1.318 1.227 0.926 0.781 0.631 0.698 0.805 0.908 0.984 1.247 1.450 1.702 1.513 1.471 1.226 1.289 1.528 1.380 1.292 1.115 0.816 0.670 0.623 0.511 0.000 0.507 0.642 0.830 1.084 1.226 1.503 1.602 1.550 1.217 1.096 1.069 1.253 1.285 1.381 1.399 1.490 1.460 1.278 1.404 1.579 1.499 1.419 1.684 1.934 2.007 2.727 3.854
6.737 5.760 4.680 5.338 4.366 3.468 1.747 1.387 2.012 2.349 2.431 1.622 1.229 1.103 1.230 1.254 1.349 1.568 1.674 1.947 2.099 2.590 2.647 2.526 1.919 1.594 1.585 1.303 1.254 1.020 1.103 1.150 1.248 1.544 1.704 1.709 1.588 1.395 1.552 1.880 1.831 1.428 1.313 0.954 0.792 0.701 0.775 1.011 1.224 1.312 1.683 1.873 2.110 1.836 1.774 1.474 1.683 1.868 1.705 1.664 1.360 1.030 0.920 0.869 0.710 0.512 0.000 0.511 0.645 0.784 0.937 1.197 1.314 1.146 1.041 0.904 1.039 1.298 1.307 1.441 1.380 1.482 1.367 1.108 1.321 1.459 1.269 1.284 1.570 1.683 1.722 2.619 3.533
5.953 8.351 7.315 8.660 9.653 7.436 2.499 1.862 2.218 2.421 2.515 1.624 1.164 0.972 0.953 0.900 1.025 1.148 1.242 1.370 1.519 2.067 2.208 2.004 1.434 1.115 1.147 0.960 0.928 0.780 0.850 0.838 0.863 1.004 1.171 1.216 1.133 1.155 1.293 1.493 1.360 1.082 0.951 0.714 0.594 0.589 0.655 0.838 0.969 1.007 1.251 1.427 1.597 1.380 1.276 1.081 1.243 1.408 1.315 1.303 1.121 0.880 0.907 0.862 0.805 0.600 0.496 0.000 0.493 0.544 0.660 0.862 0.963 0.820 0.682 0.631 0.757 0.930 0.871 0.988 1.026 1.066 0.976 0.838 0.975 1.033 0.921 0.888 1.116 1.278 1.317 2.073 3.049
7.422 8.016 7.383 4.313 3.617 2.982 1.838 2.008 2.140 2.534 2.421 1.661 1.150 1.070 0.978 0.994 1.096 1.224 1.372 1.526 1.731 2.157 2.265 2.095 1.600 1.334 1.286 1.079 1.065 0.954 1.028 1.022 1.009 1.142 1.350 1.352 1.347 1.334 1.518 1.718 1.556 1.221 1.102 0.881 0.778 0.780 0.811 1.010 1.083 1.124 1.334 1.525 1.670 1.456 1.397 1.220 1.296 1.454 1.365 1.329 1.169 0.944 1.000 0.995 0.929 0.751 0.597 0.491 0.000 0.498 0.602 0.838 0.917 0.711 0.606 0.648 0.768 0.938 0.961 1.114 1.141 1.181 1.071 0.925 1.067 1.151 0.995 1.031 1.220 1.377 1.462 2.353 3.274
6.312 9.216 9.114 5.670 4.691 2.999 2.146 2.019 2.210 2.571 2.464 1.735 1.218 1.054 1.024 1.075 1.055 1.140 1.320 1.409 1.585 2.044 2.170 1.997 1.468 1.248 1.358 1.260 1.244 1.112 1.172 1.138 1.094 1.189 1.388 1.453 1.384 1.444 1.555 1.766 1.538 1.259 1.135 0.957 0.873 0.938 1.035 1.252 1.310 1.353 1.522 1.707 1.763 1.519 1.361 1.252 1.430 1.523 1.403 1.475 1.290 1.144 1.229 1.237 1.165 0.938 0.736 0.567 0.494 0.000 0.491 0.592 0.746 0.618 0.590 0.624 0.768 0.975 0.942 1.088 1.139 1.181 0.991 0.871 1.004 1.022 0.800 0.882 1.020 1.140 1.137 2.069 3.031
5.790 7.463 12.939 8.197 3.991 3.738 2.764 2.524 2.584 2.871 2.800 2.020 1.541 1.328 1.196 1.061 0.997 1.060 1.125 1.338 1.422 1.954 2.060 1.945 1.416 1.160 1.290 1.287 1.224 1.120 1.282 1.244 1.164 1.288 1.466 1.601 1.565 1.624 1.796 1.971 1.759 1.480 1.273 1.072 0.953 1.053 1.064 1.303 1.375 1.304 1.503 1.686 1.736 1.478 1.348 1.218 1.439 1.544 1.431 1.507 1.398 1.180 1.334 1.362 1.334 1.107 0.917 0.701 0.609 0.496 0.000 0.509 0.740 0.582 0.596 0.651 0.843 1.041 0.971 1.179 1.191 1.242 1.030 0.894 1.014 1.009 0.843 0.772 1.002 1.122 1.024 2.021 3.270
4.962 5.365 6.571 2.970 2.837 2.782 2.958 2.766 3.216 3.579 3.635 2.846 2.335 2.084 1.840 1.541 1.448 1.386 1.577 1.691 1.940 2.408 2.752 2.595 1.905 1.682 1.764 1.757 1.766 1.737 1.864 1.961 1.865 2.089 2.396 2.462 2.474 2.399 2.601 2.936 2.722 2.318 2.110 1.773 1.557 1.568 1.654 1.817 1.989 1.890 2.104 2.277 2.468 2.072 1.855 1.787 2.041 2.209 2.080 2.252 2.068 1.859 2.030 2.062 2.026 1.726 1.533 1.202 1.275 0.931 0.546 0.000 1.086 0.733 1.009 1.158 1.545 1.762 1.603 1.873 1.814 1.924 1.605 1.389 1.590 1.576 1.227 1.221 1.577 1.563 1.324 2.410 3.178
6.434 6.977 5.947 5.364 4.015 4.253 3.584 3.693 4.132 4.668 4.610 3.528 3.094 2.605 2.421 2.004 1.840 1.645 1.804 1.884 2.171 2.922 3.179 3.150 2.491 2.187 2.658 2.515 2.804 2.592 2.923 2.802 2.419 2.310 2.822 3.277 3.138 3.406 3.418 3.758 3.282 2.882 2.557 2.341 2.221 2.687 2.602 3.121 3.256 2.940 3.223 3.541 3.306 2.847 2.401 2.411 2.909 2.798 2.480 3.003 2.708 2.510 3.013 3.223 3.144 2.678 2.391 1.902 1.535 1.050 0.775 0.572 0.000 0.563 0.850 1.201 1.600 1.692 1.688 2.178 2.457 2.455 1.919 1.819 2.247 1.994 1.444 1.720 2.094 1.897 1.590 2.448 3.315
6.125 8.669 5.294 4.664 4.153 3.020 3.124 2.712 2.954 3.221 3.148 2.418 1.883 1.656 1.609 1.436 1.413 1.467 1.539 1.734 1.925 2.430 2.598 2.538 1.858 1.642 1.841 1.692 1.650 1.448 1.457 1.397 1.232 1.290 1.513 1.634 1.613 1.740 1.896 1.998 1.756 1.483 1.259 1.149 1.075 1.286 1.379 1.665 1.872 1.927 2.129 2.363 2.384 2.135 1.919 1.717 2.063 2.158 2.043 2.118 1.942 1.605 1.874 1.845 1.706 1.425 1.193 0.914 0.794 0.622 0.625 0.637 0.526 0.000 0.499 0.576 0.748 0.970 0.980 1.230 1.316 1.398 1.107 1.002 1.256 1.248 0.960 1.062 1.345 1.409 1.393 2.220 3.089
6.203 5.730 7.337 5.472 5.963 3.275 2.453 2.313 2.581 2.899 2.877 2.076 1.614 1.420 1.418 1.398 1.481 1.613 1.673 1.933 2.041 2.502 2.592 2.450 1.883 1.618 1.715 1.553 1.462 1.230 1.246 1.118 0.997 1.109 1.317 1.397 1.407 1.496 1.656 1.817 1.610 1.288 1.121 0.974 0.915 1.110 1.209 1.417 1.690 1.658 1.943 2.187 2.280 2.016 1.877 1.620 1.959 2.046 1.919 1.948 1.702 1.479 1.596 1.586 1.410 1.159 1.009 0.793 0.656 0.641 0.671 0.834 0.708 0.497 0.000 0.499 0.564 0.830 0.796 1.020 1.107 1.212 1.009 0.922 1.153 1.165 0.975 1.083 1.343 1.481 1.410 2.339 3.331
6.176 8.720 8.968 7.348 5.742 3.843 2.599 2.397 2.667 2.998 2.926 2.242 1.827 1.635 1.603 1.495 1.637 1.634 1.804 1.998 2.137 2.697 2.806 2.641 2.000 1.771 1.831 1.650 1.481 1.233 1.211 1.071 0.915 1.017 1.265 1.377 1.311 1.460 1.619 1.740 1.520 1.250 1.003 0.900 0.836 1.106 1.278 1.481 1.663 1.801 2.080 2.309 2.508 2.211 2.015 1.837 2.075 2.233 2.089 2.206 1.904 1.646 1.716 1.623 1.457 1.310 1.014 0.918 0.709 0.666 0.808 0.997 0.940 0.624 0.502 0.000 0.533 0.747 0.745 0.906 1.035 1.174 0.995 0.867 1.178 1.194 0.967 1.165 1.444 1.529 1.544 2.461 3.323
6.099 5.850 5.492 5.519 4.652 4.369 3.151 2.888 3.095 3.515 3.409 2.578 2.328 2.046 2.180 1.991 2.132 2.180 2.293 2.481 2.458 3.010 3.050 2.946 2.383 2.186 2.428 2.245 2.136 1.797 1.789 1.548 1.172 1.226 1.528 1.773 1.755 2.024 2.188 2.184 1.793 1.555 1.141 1.133 1.169 1.648 1.887 2.247 2.434 2.509 2.752 3.056 3.270 2.775 2.548 2.364 2.869 2.901 2.682 2.877 2.508 2.319 2.413 2.394 2.184 1.976 1.447 1.139 0.936 0.914 1.064 1.328 1.341 0.950 0.688 0.511 0.000 0.631 0.857 1.194 1.516 1.608 1.342 1.196 1.540 1.542 1.285 1.460 1.692 1.756 1.845 2.647 3.492
6.723 6.062 6.335 4.307 4.240 3.538 2.778 2.612 3.208 3.674 3.505 2.608 2.180 1.983 2.109 2.128 2.452 2.817 3.013 3.532 3.712 4.038 4.146 3.912 3.366 2.941 3.232 2.732 2.600 2.077 2.026 1.628 1.135 1.077 1.335 1.821 1.829 2.203 2.345 2.478 2.096 1.717 1.244 1.309 1.382 1.849 2.123 2.525 3.004 3.080 3.437 3.813 4.008 3.652 3.477 3.136 3.482 3.699 3.284 3.368 2.820 2.592 2.605 2.617 2.326 2.066 1.587 1.445 1.111 1.312 1.668 2.073 1.974 1.573 1.124 0.871 0.558 0.000 0.648 0.945 1.471 1.571 1.409 1.416 1.916 1.940 1.834 2.010 2.471 2.588 2.607 3.602 4.367
6.016 6.627 6.372 4.613 4.773 3.910 3.084 2.491 2.840 3.221 3.152 2.451 2.066 1.864 1.964 1.934 2.057 2.110 2.179 2.394 2.420 2.862 2.882 2.678 2.104 1.905 2.035 1.783 1.537 1.285 1.188 0.978 0.657 0.701 0.861 1.056 1.182 1.403 1.689 1.763 1.540 1.264 0.933 0.954 0.947 1.324 1.460 1.621 1.898 2.041 2.207 2.483 2.693 2.374 2.203 2.075 2.343 2.479 2.365 2.469 2.181 1.960 2.074 1.891 1.776 1.591 1.293 1.157 1.032 1.068 1.235 1.502 1.521 1.126 0.901 0.740 0.739 0.524 0.000 0.500 0.654 0.779 0.717 0.729 0.994 1.067 1.066 1.250 1.435 1.618 1.758 2.688 3.483
6.695 6.096 5.573 4.229 4.218 3.488 2.791 2.464 2.719 3.088 3.038 2.326 2.048 1.940 1.985 1.970 1.942 2.069 1.989 2.170 2.029 2.401 2.377 2.203 1.699 1.477 1.502 1.285 1.101 0.993 0.860 0.780 0.607 0.656 0.739 0.847 0.976 1.134 1.351 1.504 1.341 1.098 0.886 0.907 0.879 1.046 1.128 1.186 1.312 1.456 1.570 1.817 2.024 1.792 1.734 1.597 1.790 1.949 1.977 2.019 1.860 1.559 1.656 1.451 1.403 1.323 1.191 1.084 1.050 1.094 1.163 1.371 1.422 1.117 0.957 0.785 0.826 0.716 0.495 0.000 0.492 0.547 0.560 0.558 0.652 0.800 0.863 0.961 1.066 1.314 1.399 2.538 3.320
6.497 6.596 6.120 4.814 4.920 3.457 3.006 2.688 2.796 3.081 3.204 2.374 2.095 2.121 2.121 2.215 2.078 2.231 1.997 2.222 1.960 2.260 2.325 2.115 1.615 1.377 1.408 1.200 1.074 0.998 0.872 0.700 0.664 0.701 0.759 0.913 0.956 1.087 1.353 1.449 1.284 1.144 0.909 0.951 0.836 1.072 1.142 1.191 1.327 1.479 1.633 1.876 2.045 1.735 1.688 1.561 1.800 1.972 2.018 1.926 1.910 1.628 1.742 1.476 1.382 1.315 1.264 1.169 1.149 1.175 1.234 1.402 1.490 1.178 1.067 0.891 1.009 0.880 0.592 0.490 0.000 0.490 0.526 0.534 0.544 0.659 0.766 0.792 0.896 1.170 1.296 2.358 3.271
6.535 5.714 5.533 4.230 3.963 3.823 3.140 2.831 2.960 3.418 3.436 2.792 2.403 2.349 2.292 2.242 2.117 2.200 2.092 2.178 2.087 2.473 2.557 2.432 1.831 1.719 1.794 1.646 1.326 1.222 1.025 0.926 0.788 0.847 0.896 0.947 1.092 1.202 1.469 1.611 1.453 1.330 1.116 1.146 1.094 1.324 1.432 1.476 1.693 1.854 2.068 2.280 2.431 2.157 2.064 1.976 2.189 2.334 2.331 2.318 2.269 1.948 2.016 1.808 1.727 1.700 1.449 1.338 1.406 1.334 1.244 1.380 1.479 1.226 1.260 1.028 1.186 1.090 0.759 0.546 0.490 0.000 0.493 0.568 0.600 0.592 0.693 0.869 0.896 1.080 1.270 2.366 3.336
5.752 5.785 5.506 4.391 4.003 3.382 3.094 2.557 2.725 3.051 3.063 2.325 1.885 1.701 1.642 1.567 1.518 1.639 1.602 1.769 1.763 2.195 2.247 2.154 1.559 1.340 1.478 1.324 1.176 1.009 0.993 0.883 0.763 0.847 0.868 0.973 1.141 1.249 1.490 1.605 1.462 1.228 1.022 1.031 0.918 1.069 1.153 1.235 1.425 1.519 1.675 1.972 2.025 1.789 1.601 1.523 1.807 1.862 1.807 1.867 1.690 1.502 1.598 1.536 1.439 1.335 1.194 0.984 1.026 0.942 0.884 1.043 1.178 0.916 0.916 0.770 0.932 0.882 0.631 0.538 0.519 0.489 0.000 0.488 0.525 0.546 0.538 0.635 0.744 0.944 1.055 2.145 3.064
6.352 6.991 4.441 5.239 4.492 3.106 2.783 2.431 2.629 3.058 3.011 2.239 1.844 1.610 1.560 1.438 1.437 1.443 1.399 1.518 1.517 1.981 2.103 1.944 1.357 1.135 1.192 1.095 0.988 0.867 0.898 0.859 0.746 0.815 0.868 0.970 1.075 1.164 1.458 1.615 1.421 1.230 1.006 0.958 0.797 0.941 0.983 1.134 1.244 1.265 1.433 1.691 1.729 1.466 1.359 1.241 1.507 1.595 1.551 1.651 1.530 1.320 1.400 1.345 1.319 1.230 1.069 0.924 0.944 0.907 0.866 1.072 1.216 0.989 0.902 0.776 0.917 0.856 0.622 0.559 0.522 0.510 0.487 0.000 0.489 0.521 0.541 0.553 0.653 0.878 1.000 2.013 2.954
6.634 7.680 4.915 5.031 4.236 3.630 3.036 2.802 2.796 3.102 3.126 2.399 2.009 1.940 1.859 1.795 1.700 1.754 1.677 1.701 1.707 2.083 2.124 1.996 1.413 1.312 1.366 1.240 1.085 0.984 0.920 0.862 0.777 0.871 0.960 1.053 1.148 1.231 1.472 1.610 1.431 1.219 1.064 0.961 0.835 0.997 1.097 1.240 1.419 1.467 1.613 1.876 1.941 1.628 1.583 1.507 1.763 1.847 1.855 1.840 1.781 1.526 1.630 1.527 1.434 1.317 1.120 1.003 1.048 1.009 1.001 1.160 1.295 1.091 1.015 0.832 0.995 0.945 0.686 0.627 0.541 0.531 0.516 0.488 0.000 0.490 0.527 0.556 0.590 0.766 1.005 2.078 3.098
7.033 8.064 5.942 5.003 4.584 4.129 3.157 2.954 3.022 3.389 3.439 2.791 2.322 2.227 2.102 2.011 1.901 1.989 1.853 1.913 1.847 2.278 2.384 2.248 1.596 1.525 1.589 1.491 1.250 1.139 1.121 1.061 0.980 1.136 1.100 1.175 1.334 1.421 1.757 1.930 1.740 1.630 1.323 1.270 1.121 1.279 1.363 1.430 1.644 1.775 1.966 2.216 2.318 2.001 1.921 1.831 2.113 2.234 2.219 2.301 2.176 1.904 1.970 1.834 1.727 1.690 1.414 1.292 1.265 1.185 1.038 1.162 1.296 1.047 1.136 0.989 1.230 1.236 0.908 0.783 0.647 0.573 0.572 0.544 0.491 0.000 0.493 0.569 0.628 0.740 0.961 2.097 3.010
5.676 7.489 6.170 4.618 3.649 3.296 2.600 2.504 2.723 3.028 3.043 2.284 1.791 1.600 1.505 1.431 1.352 1.388 1.405 1.428 1.490 1.993 2.115 1.991 1.368 1.161 1.277 1.177 1.094 0.978 1.048 1.020 0.908 1.035 1.102 1.167 1.303 1.356 1.657 1.818 1.603 1.403 1.204 1.088 0.940 1.065 1.082 1.203 1.349 1.346 1.535 1.790 1.808 1.528 1.393 1.292 1.570 1.633 1.555 1.672 1.534 1.294 1.478 1.447 1.414 1.259 1.150 0.921 0.989 0.875 0.740 0.992 1.114 0.886 0.947 0.819 1.028 1.061 0.819 0.740 0.698 0.596 0.538 0.522 0.507 0.489 0.000 0.489 0.544 0.693 0.777 1.896 2.799
5.936 8.142 6.335 4.870 4.968 3.335 2.833 2.646 2.786 3.124 3.122 2.319 1.890 1.690 1.562 1.466 1.385 1.423 1.315 1.438 1.598 1.868 2.014 1.881 1.342 1.085 1.173 1.130 1.085 0.981 1.076 1.085 0.989 1.108 1.226 1.303 1.365 1.498 1.728 1.913 1.729 1.475 1.230 1.129 0.964 1.103 1.050 1.232 1.333 1.308 1.486 1.682 1.716 1.451 1.324 1.250 1.472 1.599 1.563 1.649 1.550 1.350 1.477 1.425 1.419 1.287 1.119 0.945 1.015 0.916 0.807 0.996 1.136 0.921 0.926 0.846 1.057 1.102 0.861 0.836 0.782 0.725 0.614 0.554 0.556 0.525 0.491 0.000 0.497 0.694 0.796 1.905 3.045
7.957 7.565 6.743 5.164 4.975 3.910 3.049 2.870 2.913 3.336 3.391 2.634 2.346 2.166 2.127 2.042 1.917 1.980 1.881 1.863 1.832 2.183 2.284 2.246 1.600 1.459 1.628 1.518 1.413 1.270 1.392 1.386 1.311 1.550 1.646 1.719 1.773 1.816 2.061 2.286 2.147 1.814 1.588 1.379 1.178 1.395 1.418 1.687 1.903 1.881 2.107 2.380 2.449 2.042 1.901 1.851 2.234 2.346 2.323 2.376 2.198 1.905 1.981 1.942 1.822 1.700 1.406 1.200 1.301 1.232 1.076 1.338 1.544 1.289 1.369 1.101 1.358 1.465 1.209 1.177 1.090 1.005 0.906 0.713 0.672 0.637 0.604 0.501 0.000 0.538 0.833 2.002 3.020
8.001 6.407 8.791 5.799 6.878 5.475 4.773 4.804 4.967 5.570 5.673 5.044 4.544 4.445 4.054 3.857 3.460 3.538 2.958 2.922 2.571 3.180 3.259 3.156 2.386 2.343 2.726 2.540 2.134 2.067 2.139 2.150 2.204 2.786 2.631 2.624 2.861 2.951 3.354 3.717 3.682 3.371 2.956 2.697 2.362 2.497 2.578 2.710 2.937 3.236 3.420 4.001 4.125 3.470 3.342 3.412 3.861 4.212 4.224 4.543 4.165 3.513 3.769 3.464 3.376 3.330 2.940 2.599 2.680 2.435 1.794 1.923 2.305 2.092 2.489 2.195 2.697 2.816 2.333 2.068 1.668 1.569 1.593 1.348 1.036 0.987 1.074 0.896 0.575 0.000 0.720 1.987 3.074
6.074 5.224 8.103 5.836 6.020 6.002 6.303 6.353 6.718 7.472 7.701 6.819 6.144 5.468 5.227 4.321 3.929 3.279 3.188 3.146 3.091 3.963 4.179 4.108 3.125 2.964 3.715 3.992 4.240 3.957 4.542 4.731 4.430 5.182 5.152 5.355 5.890 5.853 6.607 7.477 7.095 6.225 5.420 4.892 4.194 4.669 4.567 5.018 5.122 4.894 5.267 5.851 5.602 4.443 4.111 4.089 4.984 5.037 4.590 5.173 4.911 4.726 5.203 5.540 5.582 4.928 4.587 3.833 3.963 3.169 2.369 2.183 3.001 2.818 3.507 3.316 4.406 4.570 3.936 3.893 3.769 2.965 2.922 2.744 2.468 1.876 1.722 1.576 1.403 0.639 0.000 1.448 2.548
10.451 7.249 11.561 10.809 11.725 11.622 12.864 14.165 14.953 15.985 16.057 14.762 14.586 12.912 12.669 10.593 10.396 9.434 8.384 7.887 5.974 8.861 9.354 9.728 8.198 8.207 10.314 10.860 11.279 10.255 11.536 10.528 8.502 8.461 10.100 11.430 11.158 12.902 14.133 14.189 11.558 11.230 8.361 8.938 8.606 11.243 11.447 13.755 14.462 13.252 13.683 14.532 13.778 11.529 10.524 11.295 13.138 12.427 11.709 13.354 13.436 12.096 13.969 14.750 14.422 12.405 10.408 8.141 7.117 6.074 4.507 4.471 6.207 4.467 5.390 5.079 6.476 6.389 6.094 7.163 8.256 8.267 5.661 5.257 6.416 5.025 3.259 3.972 4.556 2.644 1.275 0.000 1.236
10.407 9.268 10.956 9.346 12.699 12.552 13.832 14.564 16.245 17.210 17.418 16.201 15.938 14.686 13.897 12.116 10.616 9.935 9.229 9.627 8.347 11.697 13.188 13.978 10.773 9.492 13.121 13.275 14.908 14.185 16.859 17.533 17.295 18.749 19.959 19.875 19.049 18.997 19.315 20.946 20.362 18.562 17.802 16.004 14.062 14.768 14.406 16.943 17.224 15.688 16.368 18.191 17.465 15.171 12.881 12.944 15.402 15.644 14.363 15.565 14.243 13.017 15.195 16.733 16.203 14.171 13.517 10.698 11.603 9.685 7.626 6.771 10.838 10.857 13.634 12.057 14.647 16.528 16.140 16.794 16.112 15.319 14.802 12.186 11.946 11.463 8.581 7.384 7.932 6.793 3.544 1.133 0.001
