62.547
71.965
74.534
79.906
79.237
83.162
85.567
83.227
81.881
81.127
86.877
88.193
89.817
91.012
91.887
91.368
89.626
86.809
90.495
91.443
90.384
89.934
89.814
90.305
90.638
90.909
92.720
92.169
91.240
91.497
92.231
90.908
90.427
90.014
88.993
86.230
79.515
82.773
85.395
86.523
88.897
89.784
90.009
89.349
87.643
84.718
77.786
76.922
75.085
78.216
84.951
87.656
89.779
90.512
89.653
89.800
86.764
85.637
83.803
78.018
80.235
80.501
83.839
85.951
85.077
88.911
91.472
93.138
92.897
89.251
89.013
89.205
90.128
91.064
88.632
86.796
85.768
82.381
78.709
81.208
86.272
87.626
91.533
91.066
91.836
91.465
92.352
89.800
87.186
82.870
74.259
67.344
66.530
