0.002 1.949 4.541 7.527 8.367 10.841 13.539 16.595 20.309 22.437 23.640 25.019 25.373 24.770 24.947 24.263 25.024 26.379 26.314 25.287 24.987 23.292 20.747 20.340 17.474 18.403 16.874 14.209 12.000 15.049 13.706 10.269 10.301 12.344 14.232 15.986 16.714 17.143 18.465 16.439 18.523 19.205 21.070 20.563 20.968 19.728 21.949 21.522 18.628 20.912 23.405 22.707 23.609 22.076 23.744 24.537 23.821 23.780 21.945 21.678 21.671 18.652 15.938 17.876 17.885 12.860 12.051 15.855 15.152 14.532 13.692 16.512 14.212 18.366 17.156 20.706 20.827 22.235 22.282 23.810 24.765 25.517 25.159 25.520 24.761 24.566 24.730 23.041 23.471 21.180 20.258 18.871 18.077
1.262 0.001 1.918 3.908 6.114 6.516 9.951 10.945 14.371 15.797 16.946 18.417 19.242 19.021 18.348 18.343 18.478 19.638 19.876 18.285 17.739 15.391 13.546 12.875 11.302 13.552 13.097 10.037 10.973 13.725 12.765 9.847 9.076 8.597 11.456 13.364 12.608 14.156 14.515 10.646 13.617 14.030 15.038 12.843 12.583 10.962 13.038 12.692 11.110 13.077 16.254 15.445 15.992 14.063 15.574 17.229 17.675 17.841 16.051 15.751 15.589 12.845 11.610 12.972 11.890 8.219 9.478 11.735 10.358 11.525 11.134 12.601 9.351 11.155 9.621 12.377 11.686 13.684 14.694 16.185 17.493 18.379 18.056 18.763 19.265 19.389 20.794 19.474 20.650 20.936 20.977 18.018 16.838
4.053 1.263 0.000 1.291 3.368 4.537 7.032 7.835 9.587 11.413 11.923 13.679 13.712 13.150 13.767 12.854 13.602 14.483 14.699 13.944 13.741 11.996 9.604 9.513 7.316 7.734 7.404 5.711 6.016 6.833 6.518 4.002 2.602 3.200 4.714 4.327 3.489 4.874 4.745 4.934 7.778 8.738 10.471 8.534 9.630 8.658 9.935 9.421 8.126 8.912 10.754 10.110 11.368 10.407 11.610 12.812 11.431 12.069 10.739 10.426 10.877 8.697 7.973 9.466 8.477 6.181 6.067 8.009 6.851 6.852 6.176 6.557 5.647 6.085 6.186 8.029 8.213 9.391 9.164 10.665 11.473 11.683 11.645 10.811 14.514 14.581 18.600 18.081 16.781 17.355 19.276 20.329 15.380
4.721 2.338 0.618 0.000 0.538 0.702 1.139 1.532 1.965 2.402 2.605 2.998 3.183 3.050 3.131 3.010 3.172 3.820 3.763 3.185 2.886 2.458 2.012 1.913 1.401 1.611 1.262 0.960 1.053 1.297 1.357 0.996 0.947 0.869 1.052 1.434 1.514 1.618 1.689 1.387 1.612 1.612 2.021 1.916 1.983 1.794 2.133 2.039 1.673 1.836 2.403 2.184 2.381 2.259 2.560 2.932 2.668 2.576 2.316 2.342 2.272 1.915 1.641 1.833 1.703 1.354 1.414 1.614 1.476 1.579 1.436 1.501 1.418 1.577 1.600 1.978 2.041 2.341 2.530 3.447 4.203 5.548 5.940 6.930 10.771 10.995 10.211 13.157 12.647 20.971 13.685 11.775 15.045
5.024 2.478 0.892 0.526 0.000 0.519 0.770 1.185 1.488 1.909 2.152 2.398 2.486 2.383 2.342 2.103 2.344 2.619 2.685 2.388 2.281 1.971 1.667 1.422 1.016 1.026 0.815 0.669 0.800 1.081 1.211 0.931 0.911 0.822 0.974 1.190 1.254 1.319 1.403 1.131 1.174 1.102 1.347 1.435 1.511 1.532 1.864 1.817 1.587 1.725 2.151 2.031 2.179 2.039 2.306 2.460 2.328 2.209 2.006 1.987 2.036 1.769 1.482 1.713 1.676 1.320 1.331 1.608 1.463 1.485 1.326 1.487 1.341 1.625 1.499 1.699 1.713 1.783 1.926 2.758 3.400 4.609 5.275 6.574 10.076 11.445 12.291 12.778 12.604 18.000 12.553 11.323 15.982
5.378 2.695 1.030 0.656 0.505 0.000 0.494 0.609 0.757 0.967 1.107 1.352 1.365 1.321 1.305 1.234 1.504 1.674 1.591 1.391 1.276 1.098 0.933 0.839 0.645 0.652 0.607 0.605 0.699 0.961 1.023 0.785 0.813 0.720 0.802 0.971 0.996 1.094 1.082 0.905 1.006 0.880 1.012 0.978 1.017 0.956 1.160 1.210 1.112 1.339 1.612 1.463 1.379 1.205 1.326 1.414 1.338 1.264 1.105 1.234 1.280 1.060 1.038 1.235 1.137 1.000 1.144 1.398 1.295 1.450 1.385 1.334 1.125 1.213 1.052 1.179 1.126 1.232 1.399 2.292 2.911 3.768 4.320 6.432 9.873 10.082 11.127 13.974 12.881 18.635 14.495 12.862 15.126
5.522 2.933 1.348 1.000 0.676 0.497 0.000 0.495 0.598 0.810 0.954 1.133 1.235 1.187 1.157 1.108 1.432 1.678 1.446 1.238 1.084 0.989 0.803 0.709 0.611 0.617 0.672 0.670 0.800 1.054 1.142 0.957 1.055 0.926 0.977 1.185 1.243 1.319 1.348 1.115 1.119 0.970 1.064 1.069 1.007 1.063 1.312 1.494 1.442 1.758 1.964 1.726 1.626 1.312 1.344 1.313 1.271 1.156 0.992 1.203 1.305 1.067 1.083 1.397 1.384 1.247 1.396 1.736 1.694 1.916 1.766 1.770 1.577 1.625 1.394 1.507 1.293 1.405 1.568 2.442 3.182 4.230 4.678 6.251 9.760 10.192 12.489 11.763 13.340 15.604 13.881 11.994 14.126
5.022 2.759 1.356 0.998 0.811 0.616 0.505 0.000 0.495 0.597 0.818 1.005 1.072 1.012 0.956 0.930 1.227 1.452 1.288 1.040 0.968 0.853 0.670 0.605 0.579 0.615 0.740 0.767 0.928 1.169 1.262 1.061 1.096 0.934 1.044 1.224 1.182 1.286 1.184 0.988 1.007 0.895 0.923 0.886 0.852 0.854 1.060 1.172 1.170 1.406 1.629 1.378 1.308 1.119 1.151 1.193 1.092 1.011 0.848 1.012 1.074 0.902 0.912 1.139 1.168 1.024 1.177 1.428 1.415 1.612 1.570 1.530 1.335 1.344 1.147 1.184 1.070 1.142 1.339 2.260 2.857 3.524 4.223 5.698 8.941 10.091 11.410 11.073 13.405 14.942 14.300 14.611 14.527
5.264 3.012 1.561 1.194 1.025 0.830 0.636 0.496 0.000 0.497 0.672 0.841 0.963 0.867 0.851 0.841 1.160 1.368 1.185 1.002 0.843 0.809 0.639 0.637 0.641 0.684 0.813 0.919 1.095 1.346 1.490 1.298 1.347 1.145 1.265 1.456 1.444 1.507 1.412 1.142 1.164 0.991 1.005 0.997 0.976 1.015 1.209 1.343 1.365 1.628 1.806 1.572 1.450 1.196 1.178 1.130 1.051 0.964 0.851 1.093 1.202 1.060 1.082 1.371 1.328 1.277 1.440 1.715 1.642 1.904 1.841 1.800 1.581 1.600 1.343 1.409 1.230 1.368 1.517 2.316 3.000 4.107 4.765 5.964 9.397 10.081 13.277 12.438 14.723 15.356 17.494 14.903 16.281
5.722 3.536 2.060 1.752 1.647 1.296 1.009 0.808 0.525 0.000 0.512 0.653 0.851 0.918 0.934 1.017 1.354 1.518 1.295 1.104 0.865 0.920 0.789 0.873 1.004 0.937 1.089 1.355 1.540 1.782 2.098 1.948 2.128 1.800 1.871 2.170 2.223 2.164 2.095 1.728 1.630 1.291 1.236 1.372 1.169 1.200 1.386 1.583 1.642 1.968 2.138 1.705 1.506 1.207 1.155 0.994 0.907 0.825 0.804 1.092 1.143 1.062 1.209 1.471 1.495 1.545 1.787 2.027 2.026 2.408 2.546 2.487 2.106 2.113 1.828 1.784 1.663 1.732 1.917 2.640 3.392 4.471 5.008 6.562 10.627 10.621 13.924 16.195 16.768 20.918 17.241 17.353 16.648
5.649 3.601 2.163 1.836 1.714 1.412 1.195 0.970 0.671 0.539 0.000 0.503 0.677 0.772 0.864 0.964 1.279 1.478 1.257 1.035 0.819 0.881 0.837 0.898 1.089 1.080 1.338 1.508 1.768 2.022 2.236 2.069 2.076 1.800 1.966 2.231 2.189 2.124 2.021 1.643 1.649 1.386 1.315 1.327 1.167 1.165 1.376 1.584 1.679 2.025 2.110 1.738 1.561 1.207 1.167 0.987 0.899 0.753 0.773 1.030 1.133 1.055 1.183 1.447 1.517 1.554 1.732 1.948 2.015 2.372 2.463 2.403 2.089 2.094 1.801 1.755 1.555 1.633 1.867 2.617 3.310 4.229 4.790 6.078 9.212 10.034 14.074 14.194 16.435 17.972 17.726 18.287 16.986
5.560 3.551 2.112 1.734 1.731 1.471 1.357 1.065 0.934 0.687 0.500 0.000 0.519 0.766 0.894 1.059 1.340 1.393 1.168 1.033 0.819 0.882 0.863 1.025 1.205 1.353 1.558 1.744 1.923 2.248 2.325 2.092 1.969 1.796 2.034 2.151 2.030 2.122 1.937 1.694 1.769 1.605 1.491 1.405 1.202 1.079 1.204 1.320 1.320 1.608 1.722 1.448 1.317 1.002 1.046 0.866 0.705 0.646 0.792 0.985 1.012 0.945 1.118 1.305 1.307 1.326 1.535 1.732 1.668 2.032 2.129 2.002 1.734 1.714 1.466 1.485 1.453 1.579 1.855 2.667 3.500 4.397 4.554 5.994 10.183 9.313 14.257 14.352 16.547 16.224 18.628 15.252 17.361
6.272 4.618 3.199 2.744 2.745 2.461 2.115 1.771 1.384 1.023 0.680 0.535 0.000 0.575 1.031 1.341 1.655 1.700 1.405 1.338 0.984 1.180 1.321 1.626 1.955 2.039 2.536 2.967 3.089 3.427 3.823 3.489 3.323 3.026 3.362 3.700 3.328 3.476 3.245 2.875 2.926 2.589 2.315 2.164 1.782 1.732 1.666 1.844 1.985 2.393 2.390 2.011 1.631 1.389 1.209 1.055 0.965 0.826 1.060 1.451 1.535 1.486 1.886 2.093 2.079 2.083 2.472 2.736 2.778 3.399 3.554 3.341 2.920 2.789 2.401 2.217 2.206 2.194 2.599 3.171 4.086 5.113 5.584 6.799 11.172 11.202 15.911 14.256 18.567 16.473 19.357 16.034 17.364
6.881 5.247 3.839 3.349 3.187 2.660 2.143 1.817 1.219 0.949 0.905 0.809 0.561 0.000 0.543 0.832 1.197 1.515 1.360 1.320 1.172 1.344 1.591 1.376 1.836 1.713 2.210 2.742 3.169 3.463 3.990 3.851 3.746 3.385 3.456 3.825 3.741 3.574 3.393 2.946 2.585 2.087 1.843 2.056 1.991 2.217 2.432 2.911 3.081 3.388 3.522 3.091 2.632 2.186 1.981 1.639 1.502 1.130 1.265 1.636 1.848 2.121 2.281 2.541 2.740 2.860 3.374 3.553 3.592 4.209 4.519 4.346 4.035 3.728 3.380 3.187 2.836 2.671 2.706 3.211 4.106 5.049 6.016 7.496 12.434 12.882 16.839 17.129 21.029 20.564 20.328 18.970 19.773
6.361 4.521 3.300 2.941 2.930 2.304 2.092 1.599 1.215 0.926 0.954 0.959 0.773 0.511 0.000 0.540 0.988 1.276 1.192 1.175 1.058 1.299 1.457 1.382 1.760 1.726 2.179 2.527 2.933 3.261 3.629 3.525 3.431 3.034 3.234 3.617 3.443 3.432 3.139 2.698 2.371 2.056 1.767 1.884 1.773 2.094 2.177 2.615 2.678 3.106 3.191 2.807 2.528 1.986 1.914 1.639 1.544 1.240 1.305 1.605 1.868 1.816 2.112 2.304 2.405 2.523 2.827 3.027 3.240 3.607 3.937 3.889 3.487 3.520 2.991 2.791 2.452 2.345 2.424 2.941 3.840 4.967 5.673 6.864 10.736 10.567 16.390 15.246 18.767 19.847 19.795 17.593 18.838
6.883 5.273 3.646 3.431 3.225 2.590 2.164 1.860 1.355 1.000 1.156 1.173 1.241 0.949 0.559 0.000 0.682 1.182 1.183 1.040 1.016 1.268 1.438 1.459 1.823 1.723 2.344 2.831 3.340 3.644 4.083 3.738 3.690 3.449 3.571 4.051 3.934 3.719 3.466 2.978 2.735 2.201 1.887 2.030 2.043 2.159 2.431 2.927 3.055 3.606 4.200 3.281 2.908 2.312 2.082 1.818 1.919 1.593 1.617 2.334 2.318 2.267 2.606 3.037 2.918 3.001 3.624 3.781 3.684 4.538 4.753 4.714 3.997 3.854 3.360 3.269 2.737 2.613 2.930 3.157 4.191 5.327 5.885 7.469 11.069 11.311 16.518 16.110 18.374 19.437 19.742 17.681 19.605
6.682 4.974 3.423 3.554 3.423 2.866 2.306 1.860 1.459 1.267 1.593 1.841 1.906 1.506 1.067 0.590 0.000 0.557 0.989 1.226 1.521 1.633 1.778 1.639 2.330 2.202 2.636 3.133 3.441 4.140 4.526 4.040 4.092 3.817 4.156 4.726 4.552 4.546 4.228 3.597 3.452 2.844 2.450 2.733 2.318 2.729 2.875 3.449 3.670 4.145 4.534 3.843 3.374 2.760 2.589 2.332 2.344 2.291 1.869 2.434 2.748 2.459 2.546 3.026 3.313 3.188 3.446 3.933 3.937 4.613 4.805 4.962 4.537 4.496 4.042 3.803 3.245 3.126 3.466 3.668 4.670 5.974 6.815 8.351 11.045 11.245 15.881 16.204 18.693 21.110 20.009 19.563 19.208
8.614 6.931 5.710 5.172 5.078 4.192 3.692 3.052 2.462 2.223 2.474 2.044 2.573 2.156 1.337 1.305 0.689 0.000 0.634 1.160 1.741 2.285 2.604 2.536 2.799 2.866 3.234 3.896 4.432 4.845 5.686 5.655 5.302 5.254 5.053 5.709 5.555 5.416 5.014 4.287 3.844 3.064 2.852 2.993 2.835 3.239 3.631 4.136 4.753 4.939 5.276 4.828 4.210 3.366 3.139 2.801 2.834 3.157 3.448 3.865 3.832 3.753 4.375 4.840 4.631 5.005 5.581 5.586 5.865 6.178 6.460 6.546 6.196 5.455 4.981 4.451 4.005 3.430 3.735 4.039 5.202 6.159 6.829 7.527 10.294 11.390 16.240 16.293 18.569 18.881 19.642 17.674 18.036
7.394 5.574 4.470 4.121 4.105 3.559 3.065 2.516 2.080 1.477 1.421 1.361 1.612 1.513 1.232 1.291 0.987 0.564 0.000 0.575 0.826 1.066 1.627 2.000 2.637 2.752 3.466 3.969 4.412 5.088 5.352 4.972 4.653 4.231 4.790 5.120 4.753 4.822 4.362 3.727 3.655 3.273 2.661 2.611 2.046 2.137 1.907 2.206 2.642 2.970 2.835 2.427 2.037 1.896 1.492 1.472 1.750 1.916 2.085 2.537 2.444 2.265 2.838 3.087 2.763 3.100 3.714 3.683 3.653 4.254 4.628 4.307 3.874 3.374 3.095 2.610 2.710 2.522 2.990 3.435 4.304 5.433 5.514 6.454 10.130 11.018 16.194 15.357 18.757 17.965 20.028 17.210 18.834
5.821 3.978 2.518 2.287 2.317 1.938 1.753 1.384 1.192 0.883 0.879 0.979 1.204 1.140 0.865 1.050 1.035 0.758 0.536 0.000 0.500 0.645 0.921 1.127 1.461 1.556 2.034 2.258 2.598 2.991 3.124 2.865 2.663 2.450 2.750 2.931 2.778 2.809 2.457 2.153 2.075 1.875 1.552 1.519 1.236 1.263 1.385 1.635 1.696 2.060 2.078 1.757 1.543 1.232 1.159 1.109 1.177 1.167 1.247 1.417 1.416 1.249 1.504 1.606 1.616 1.755 1.928 2.083 2.156 2.455 2.571 2.569 2.320 2.201 1.916 1.876 1.694 1.753 2.031 2.644 3.415 4.543 5.107 7.598 12.239 10.217 15.345 14.466 19.030 19.518 19.586 17.932 16.624
5.558 3.584 2.227 1.864 1.989 1.728 1.578 1.235 1.137 0.843 0.784 0.862 1.080 1.107 0.925 1.111 1.135 1.016 0.721 0.493 0.000 0.518 0.663 0.949 1.305 1.495 1.865 2.015 2.329 2.644 2.697 2.359 2.114 2.026 2.411 2.474 2.216 2.520 2.140 1.858 1.944 1.784 1.493 1.446 1.047 1.009 1.126 1.294 1.364 1.615 1.775 1.500 1.360 1.040 1.029 0.991 1.003 1.038 1.073 1.325 1.241 1.071 1.329 1.518 1.397 1.446 1.651 1.807 1.732 2.133 2.149 2.002 1.729 1.715 1.489 1.493 1.405 1.408 1.810 2.467 3.315 4.544 5.301 6.304 11.189 10.521 15.300 12.998 16.941 16.380 18.588 14.431 18.067
5.246 3.041 1.724 1.303 1.294 1.087 0.969 0.740 0.734 0.636 0.689 0.856 1.031 1.012 0.880 1.020 1.128 1.118 0.877 0.592 0.500 0.000 0.492 0.620 0.805 0.969 1.170 1.311 1.472 1.774 1.862 1.626 1.577 1.372 1.659 1.789 1.726 1.823 1.618 1.339 1.372 1.241 1.108 0.998 0.808 0.725 0.942 1.068 1.134 1.405 1.595 1.354 1.200 0.925 0.943 0.930 0.923 0.956 0.923 1.125 1.122 0.947 1.044 1.275 1.205 1.143 1.340 1.563 1.468 1.764 1.727 1.671 1.410 1.389 1.162 1.199 1.068 1.178 1.497 2.223 2.911 4.074 4.651 7.363 10.890 11.627 13.903 14.639 15.958 19.892 18.225 18.304 15.839
5.153 2.807 1.483 1.055 1.029 0.820 0.744 0.582 0.574 0.552 0.600 0.769 0.898 0.874 0.833 0.893 1.093 1.265 1.100 0.777 0.605 0.496 0.000 0.496 0.544 0.705 0.829 0.897 1.123 1.268 1.443 1.247 1.179 1.012 1.143 1.284 1.192 1.227 1.100 0.900 0.921 0.819 0.797 0.662 0.587 0.574 0.698 0.811 0.861 1.061 1.207 1.024 0.906 0.717 0.786 0.822 0.796 0.768 0.734 0.880 0.864 0.724 0.839 0.979 0.943 0.907 1.098 1.292 1.198 1.421 1.423 1.302 1.123 1.047 0.878 0.875 0.757 0.834 1.102 1.974 2.716 3.597 4.495 5.732 9.024 9.827 10.626 11.419 12.872 16.208 13.621 15.807 15.262
5.171 2.887 1.475 1.047 0.927 0.713 0.641 0.556 0.560 0.582 0.659 0.827 0.957 0.955 0.903 0.893 1.189 1.338 1.147 0.888 0.729 0.564 0.491 0.000 0.490 0.549 0.669 0.746 0.939 1.118 1.275 1.130 1.115 0.936 1.007 1.179 1.114 1.094 0.990 0.822 0.799 0.669 0.659 0.586 0.570 0.615 0.765 0.891 0.957 1.177 1.297 1.115 0.987 0.841 0.855 0.889 0.846 0.849 0.794 0.946 0.944 0.821 0.894 1.063 1.032 1.013 1.165 1.358 1.289 1.526 1.471 1.420 1.192 1.142 0.950 0.927 0.784 0.834 1.051 1.964 2.736 3.836 4.652 6.636 10.143 10.331 10.923 11.211 14.821 14.753 15.644 15.615 16.809
5.020 2.703 1.367 0.940 0.819 0.620 0.558 0.538 0.584 0.714 0.844 1.032 1.160 1.153 1.083 1.006 1.231 1.494 1.341 1.052 0.938 0.729 0.555 0.489 0.000 0.492 0.536 0.642 0.849 1.054 1.222 1.050 1.068 0.879 0.988 1.168 1.123 1.080 0.962 0.785 0.682 0.571 0.608 0.579 0.587 0.631 0.800 0.912 0.949 1.176 1.328 1.145 1.036 0.910 0.956 1.057 1.012 1.011 0.906 1.037 1.052 0.881 0.895 1.099 1.045 0.959 1.132 1.311 1.288 1.464 1.417 1.380 1.148 1.149 0.918 0.908 0.787 0.835 1.007 1.972 2.658 3.774 4.421 6.384 9.199 10.178 10.973 11.890 13.085 19.294 18.245 17.789 17.284
5.244 3.140 1.690 1.242 1.080 0.758 0.610 0.620 0.751 0.992 1.204 1.428 1.619 1.522 1.454 1.250 1.527 1.872 1.752 1.433 1.263 1.008 0.773 0.596 0.495 0.000 0.507 0.786 1.037 1.305 1.568 1.415 1.437 1.216 1.366 1.635 1.513 1.532 1.301 1.012 0.960 0.690 0.781 0.782 0.808 0.829 1.041 1.074 1.165 1.360 1.532 1.359 1.261 1.128 1.179 1.337 1.309 1.370 1.240 1.404 1.340 1.118 1.201 1.401 1.264 1.215 1.443 1.627 1.530 1.818 1.819 1.705 1.431 1.332 1.136 1.119 0.999 1.130 1.296 2.257 2.963 3.912 4.153 5.558 7.858 8.707 11.707 11.525 13.427 15.498 16.106 16.752 17.552
5.392 3.188 1.570 1.179 0.836 0.687 0.701 0.811 0.867 1.153 1.459 1.682 1.756 1.589 1.415 1.262 1.523 1.787 1.676 1.513 1.504 1.353 1.148 0.861 0.655 0.510 0.000 0.497 0.697 0.915 1.147 0.953 1.068 0.913 0.876 1.095 1.218 1.236 1.329 1.084 1.029 0.780 1.011 1.125 1.229 1.366 1.755 1.935 1.795 2.122 2.515 2.265 2.198 1.792 1.860 1.894 1.890 1.745 1.513 1.802 1.955 1.632 1.581 1.971 1.964 1.655 1.892 2.224 2.153 2.313 2.091 2.054 1.859 1.983 1.724 1.830 1.573 1.652 1.663 2.425 3.138 4.348 4.874 6.635 10.470 10.265 12.916 12.609 15.992 16.681 17.215 14.058 17.218
5.047 2.808 1.282 0.869 0.652 0.570 0.684 0.868 1.055 1.279 1.474 1.723 1.800 1.699 1.595 1.446 1.666 1.961 1.887 1.629 1.576 1.336 1.118 0.927 0.710 0.667 0.497 0.000 0.500 0.641 0.853 0.737 0.812 0.682 0.656 0.879 0.910 0.928 0.945 0.808 0.872 0.740 0.952 0.960 1.085 1.100 1.347 1.426 1.292 1.490 1.761 1.704 1.639 1.460 1.574 1.743 1.643 1.715 1.481 1.592 1.670 1.392 1.345 1.586 1.469 1.266 1.403 1.655 1.510 1.637 1.482 1.404 1.294 1.328 1.183 1.296 1.175 1.321 1.376 2.315 2.986 4.199 4.480 7.021 9.683 10.574 13.495 12.607 13.966 18.610 14.733 13.461 14.254
5.209 2.875 1.326 0.928 0.681 0.659 0.893 1.105 1.347 1.566 1.797 2.024 2.106 2.041 1.895 1.803 2.019 2.327 2.258 1.935 1.850 1.581 1.353 1.142 0.893 0.929 0.689 0.502 0.000 0.500 0.620 0.654 0.822 0.762 0.717 0.904 1.033 1.121 1.142 0.982 1.061 0.994 1.209 1.175 1.271 1.349 1.557 1.654 1.592 1.750 2.069 1.972 1.879 1.736 1.814 1.946 1.972 1.963 1.738 1.956 1.961 1.653 1.625 1.877 1.764 1.558 1.657 1.927 1.841 1.971 1.732 1.687 1.567 1.559 1.454 1.537 1.424 1.546 1.648 2.500 3.138 4.201 4.620 6.948 10.998 11.300 12.881 13.019 15.183 19.095 16.738 16.746 17.963
5.338 3.192 1.688 1.286 0.902 0.922 1.117 1.473 1.671 2.018 2.334 2.629 2.652 2.498 2.398 2.271 2.425 2.801 2.900 2.547 2.473 2.184 1.896 1.709 1.290 1.254 0.948 0.738 0.497 0.000 0.558 0.687 0.959 0.979 0.789 1.016 1.273 1.331 1.570 1.338 1.484 1.378 1.727 1.687 1.902 1.882 2.283 2.341 2.131 2.390 2.837 2.661 2.683 2.392 2.544 2.717 2.624 2.531 2.189 2.362 2.478 2.170 2.027 2.359 2.329 2.024 2.169 2.460 2.295 2.442 2.166 2.120 2.058 2.119 2.000 2.204 2.065 2.258 2.288 3.114 3.761 4.851 5.049 6.734 11.350 10.559 14.716 13.269 16.549 15.783 15.597 13.848 16.951
5.424 3.060 1.653 1.273 1.030 1.356 1.628 2.034 2.470 2.842 3.240 3.549 3.630 3.472 3.299 3.044 3.253 3.729 3.889 3.514 3.405 2.994 2.662 2.379 1.899 1.759 1.415 1.068 0.714 0.540 0.000 0.575 0.811 1.084 0.911 1.051 1.365 1.562 1.740 1.696 1.781 1.724 2.177 2.236 2.490 2.485 2.802 2.734 2.493 2.469 3.015 2.973 3.158 3.117 3.243 3.489 3.416 3.310 2.976 3.022 3.008 2.735 2.508 2.624 2.570 2.204 2.250 2.449 2.283 2.244 1.854 1.980 1.961 2.207 2.304 2.543 2.592 2.797 2.748 3.532 4.213 5.342 5.909 7.350 11.783 10.430 13.284 13.017 12.788 15.959 14.088 11.967 14.124
5.819 2.988 1.440 0.905 0.822 0.943 1.239 1.565 1.825 2.140 2.327 2.466 2.638 2.598 2.456 2.410 2.572 2.943 2.931 2.560 2.428 2.180 1.851 1.661 1.394 1.432 1.210 0.913 0.787 0.634 0.537 0.000 0.498 0.592 0.666 0.699 0.744 1.095 1.207 1.166 1.360 1.496 1.765 1.596 1.759 1.620 1.872 1.773 1.544 1.608 1.939 1.974 2.079 2.097 2.256 2.434 2.396 2.370 2.159 2.249 2.195 1.948 1.789 1.989 1.838 1.568 1.665 1.886 1.694 1.744 1.487 1.370 1.276 1.338 1.395 1.593 1.658 1.904 2.070 2.947 3.612 4.758 5.153 6.439 10.789 10.582 12.988 10.201 11.561 14.146 12.261 9.966 12.303
5.493 2.843 1.251 0.781 0.698 0.801 1.058 1.262 1.484 1.750 1.889 2.073 2.190 2.145 2.118 2.010 2.182 2.522 2.436 2.141 1.996 1.761 1.512 1.324 1.148 1.196 1.078 0.818 0.802 0.812 0.695 0.492 0.000 0.489 0.541 0.578 0.562 0.702 0.776 0.812 1.036 1.177 1.355 1.259 1.364 1.331 1.475 1.457 1.362 1.502 1.781 1.744 1.764 1.692 1.826 2.028 1.956 1.968 1.785 1.825 1.848 1.555 1.479 1.678 1.582 1.329 1.452 1.657 1.518 1.592 1.404 1.301 1.184 1.234 1.152 1.290 1.298 1.432 1.563 2.449 2.996 3.796 4.220 5.434 9.333 9.975 8.169 11.017 11.480 15.912 9.131 8.961 8.061
5.239 2.768 1.155 0.733 0.665 0.722 0.930 1.062 1.308 1.522 1.705 1.867 1.930 1.930 1.855 1.812 1.978 2.237 2.170 1.861 1.767 1.516 1.315 1.207 0.938 1.056 0.880 0.661 0.736 0.773 0.749 0.546 0.488 0.000 0.489 0.535 0.567 0.601 0.738 0.766 0.903 0.998 1.197 1.114 1.232 1.163 1.388 1.363 1.221 1.377 1.696 1.577 1.657 1.526 1.667 1.834 1.739 1.728 1.590 1.659 1.651 1.400 1.334 1.473 1.378 1.153 1.277 1.461 1.323 1.386 1.273 1.198 1.075 1.171 1.082 1.270 1.178 1.330 1.434 2.330 3.019 4.156 4.755 6.232 10.127 12.293 10.322 15.204 14.144 20.821 13.309 13.114 12.627
5.214 2.817 1.189 0.752 0.662 0.710 0.926 1.043 1.295 1.484 1.583 1.808 1.881 1.861 1.844 1.782 1.938 2.196 2.169 1.838 1.734 1.532 1.291 1.182 0.969 1.036 0.893 0.660 0.714 0.702 0.708 0.554 0.524 0.487 0.000 0.491 0.536 0.631 0.773 0.786 0.967 1.031 1.230 1.094 1.246 1.183 1.360 1.391 1.252 1.383 1.652 1.596 1.602 1.500 1.633 1.804 1.672 1.680 1.495 1.582 1.605 1.367 1.313 1.498 1.399 1.194 1.319 1.509 1.358 1.451 1.308 1.243 1.115 1.193 1.099 1.246 1.213 1.390 1.469 2.370 3.003 4.224 4.512 5.983 10.571 10.815 12.986 12.742 11.634 17.947 16.985 13.383 18.243
5.283 2.974 1.387 0.933 0.816 0.883 1.077 1.330 1.577 1.897 2.068 2.336 2.347 2.243 2.223 2.084 2.290 2.646 2.609 2.342 2.251 1.999 1.749 1.558 1.244 1.222 1.033 0.815 0.820 0.847 0.814 0.627 0.592 0.550 0.491 0.000 0.502 0.629 0.834 0.939 1.184 1.261 1.507 1.493 1.687 1.554 1.826 1.842 1.634 1.747 2.105 2.040 2.138 1.957 2.162 2.369 2.202 2.179 1.861 1.955 2.063 1.802 1.618 1.900 1.826 1.544 1.631 1.918 1.733 1.798 1.566 1.495 1.352 1.466 1.423 1.642 1.569 1.775 1.859 2.711 3.286 4.504 5.001 6.502 11.291 12.461 11.385 11.571 15.185 14.337 15.080 12.620 15.131
5.167 3.001 1.443 0.991 0.886 1.021 1.168 1.343 1.594 1.826 1.928 2.118 2.188 2.193 2.135 2.092 2.227 2.528 2.430 2.129 1.981 1.801 1.548 1.371 1.167 1.226 1.129 0.935 0.952 0.959 0.926 0.691 0.606 0.572 0.561 0.498 0.000 0.545 0.594 0.754 1.012 1.162 1.310 1.195 1.339 1.312 1.491 1.460 1.390 1.513 1.871 1.786 1.833 1.747 1.856 2.044 2.029 2.006 1.881 1.931 1.903 1.698 1.602 1.812 1.682 1.459 1.547 1.764 1.593 1.695 1.457 1.311 1.224 1.209 1.158 1.259 1.285 1.383 1.543 2.482 3.116 4.181 4.595 6.240 9.883 11.315 10.268 17.309 14.351 23.139 12.419 13.361 14.491
5.315 3.107 1.822 1.337 1.266 1.410 1.686 1.934 2.242 2.457 2.714 2.929 3.101 2.897 2.770 2.629 2.639 3.015 3.095 2.614 2.657 2.321 2.088 1.888 1.564 1.724 1.534 1.201 1.322 1.289 1.188 1.028 0.838 0.756 0.721 0.641 0.526 0.000 0.534 0.692 1.072 1.379 1.577 1.399 1.753 1.778 2.046 2.069 1.908 2.030 2.472 2.449 2.515 2.455 2.463 2.863 2.826 2.883 2.706 2.768 2.819 2.371 2.283 2.516 2.334 2.001 2.146 2.372 2.117 2.181 1.761 1.700 1.628 1.718 1.624 1.711 1.588 1.641 1.637 2.551 3.226 4.349 4.712 7.492 10.109 13.514 12.352 13.214 16.009 18.548 17.186 12.305 18.396
5.416 3.291 1.774 1.273 1.204 1.136 1.313 1.340 1.483 1.628 1.801 1.950 2.158 2.034 1.908 1.792 1.924 2.174 2.122 1.734 1.703 1.404 1.344 1.177 1.006 1.216 1.201 1.005 1.197 1.259 1.229 1.121 0.989 0.752 0.768 0.789 0.568 0.509 0.000 0.518 0.744 1.003 1.079 0.874 1.044 1.110 1.271 1.372 1.400 1.595 1.821 1.766 1.698 1.573 1.560 1.802 1.902 1.975 1.830 1.978 1.943 1.648 1.742 1.913 1.744 1.585 1.826 1.969 1.755 1.947 1.794 1.588 1.386 1.335 1.124 1.117 0.987 1.089 1.268 2.221 2.917 4.245 4.654 7.279 10.438 13.459 12.448 20.402 15.827 17.666 16.841 13.513 18.322
5.342 3.085 1.579 1.098 0.988 0.866 1.021 1.063 1.259 1.401 1.548 1.727 1.883 1.819 1.690 1.613 1.722 1.975 1.926 1.651 1.581 1.318 1.161 0.973 0.788 0.934 0.902 0.792 1.042 1.175 1.252 1.075 0.975 0.755 0.830 0.935 0.693 0.646 0.501 0.000 0.505 0.642 0.836 0.703 0.935 0.985 1.170 1.257 1.248 1.463 1.690 1.571 1.534 1.422 1.493 1.693 1.689 1.716 1.592 1.728 1.738 1.424 1.459 1.703 1.514 1.332 1.554 1.741 1.545 1.737 1.612 1.447 1.254 1.184 1.010 1.063 0.957 1.055 1.153 2.102 2.778 3.809 4.528 6.807 10.038 13.549 11.130 21.461 15.434 21.127 17.027 14.784 15.742
5.533 3.510 2.044 1.517 1.366 1.137 1.161 1.165 1.220 1.374 1.708 1.947 2.042 1.849 1.730 1.496 1.672 1.960 1.985 1.702 1.702 1.429 1.230 0.918 0.728 0.801 0.891 0.967 1.335 1.521 1.710 1.551 1.395 1.088 1.149 1.325 1.053 0.927 0.705 0.513 0.000 0.496 0.673 0.652 0.959 1.127 1.382 1.502 1.524 1.738 2.038 1.979 1.888 1.724 1.771 1.952 1.966 2.007 1.809 2.010 2.119 1.706 1.816 2.073 1.954 1.734 2.069 2.249 2.005 2.247 2.050 1.813 1.603 1.449 1.285 1.270 1.049 1.123 1.179 2.241 2.919 4.208 4.834 6.763 8.474 10.777 12.088 14.661 15.389 17.104 18.315 15.054 16.333
5.420 3.271 1.822 1.418 1.231 0.977 0.954 0.956 1.029 1.204 1.433 1.640 1.753 1.672 1.560 1.397 1.603 1.879 1.777 1.474 1.445 1.209 1.022 0.809 0.641 0.681 0.766 0.840 1.124 1.326 1.574 1.429 1.398 1.108 1.139 1.350 1.221 1.117 0.933 0.703 0.503 0.000 0.534 0.595 0.834 1.007 1.267 1.424 1.438 1.711 1.920 1.830 1.725 1.481 1.539 1.642 1.707 1.689 1.504 1.670 1.768 1.464 1.502 1.794 1.739 1.574 1.787 1.991 1.880 2.056 1.969 1.852 1.655 1.602 1.359 1.293 1.049 1.068 1.179 2.164 2.914 4.162 4.553 7.587 10.117 11.445 14.069 14.702 16.107 14.852 16.313 17.554 18.021
5.711 3.665 2.294 1.875 1.595 1.233 1.215 1.222 1.356 1.520 1.833 2.115 2.314 2.233 2.051 1.838 1.964 2.275 2.171 1.758 1.728 1.344 1.204 0.886 0.721 0.781 0.849 0.994 1.309 1.525 1.869 1.754 1.850 1.463 1.485 1.850 1.717 1.612 1.343 0.957 0.737 0.524 0.000 0.529 0.713 1.016 1.244 1.652 1.879 2.145 2.382 2.225 1.923 1.799 1.556 1.837 2.106 2.196 2.086 2.336 2.425 1.965 2.105 2.483 2.350 2.144 2.446 2.748 2.521 2.881 2.798 2.606 2.165 2.015 1.621 1.451 1.041 0.925 1.126 2.180 2.974 4.142 4.935 6.904 9.883 10.819 13.562 13.870 16.364 17.359 19.371 16.539 18.610
5.671 3.445 1.843 1.413 1.238 1.019 0.984 0.935 0.972 1.027 1.157 1.356 1.543 1.530 1.468 1.325 1.546 1.769 1.628 1.310 1.192 0.903 0.756 0.615 0.652 0.786 0.888 0.948 1.215 1.403 1.615 1.455 1.391 1.172 1.214 1.437 1.254 1.207 1.013 0.772 0.641 0.605 0.508 0.000 0.503 0.635 0.815 1.035 1.177 1.431 1.531 1.456 1.189 1.057 1.015 1.216 1.249 1.342 1.319 1.424 1.409 1.213 1.332 1.511 1.427 1.352 1.606 1.763 1.712 1.957 1.919 1.811 1.503 1.373 1.065 0.996 0.773 0.750 0.948 2.046 2.739 3.896 4.839 6.134 9.542 10.762 11.316 13.055 15.942 19.268 18.961 16.917 18.522
5.449 3.378 2.022 1.609 1.608 1.311 1.266 1.038 1.128 1.165 1.261 1.565 1.727 1.732 1.649 1.430 1.612 1.910 1.863 1.428 1.325 0.960 0.798 0.706 0.772 1.025 1.232 1.317 1.673 1.904 2.123 1.858 1.781 1.469 1.694 1.899 1.661 1.660 1.339 1.031 0.902 0.871 0.707 0.513 0.000 0.510 0.646 0.783 0.925 1.187 1.292 1.146 1.038 0.907 1.031 1.308 1.324 1.461 1.386 1.502 1.395 1.119 1.328 1.473 1.252 1.278 1.561 1.633 1.533 1.866 1.917 1.761 1.407 1.223 0.942 0.848 0.660 0.681 0.848 1.903 2.734 4.068 5.100 6.869 10.373 11.198 13.297 13.113 16.194 17.422 16.740 15.991 17.281
5.063 2.970 1.486 1.042 1.043 0.881 0.867 0.723 0.786 0.783 0.808 0.940 1.100 1.154 1.078 1.113 1.293 1.472 1.309 1.029 0.895 0.682 0.561 0.560 0.623 0.793 0.913 0.927 1.153 1.324 1.460 1.272 1.163 0.981 1.132 1.238 1.125 1.155 0.975 0.807 0.837 0.811 0.764 0.580 0.494 0.000 0.491 0.526 0.611 0.786 0.880 0.762 0.642 0.583 0.685 0.856 0.805 0.904 0.909 0.978 0.908 0.767 0.890 0.955 0.839 0.819 1.023 1.129 1.027 1.251 1.241 1.095 0.893 0.797 0.620 0.573 0.543 0.628 0.950 2.000 2.598 3.850 5.062 6.432 8.925 9.934 9.989 12.862 12.477 19.232 15.793 14.295 14.864
5.213 3.023 1.627 1.204 1.162 0.993 0.987 0.873 0.946 0.931 0.926 1.050 1.240 1.266 1.259 1.255 1.485 1.648 1.464 1.138 1.007 0.811 0.693 0.717 0.753 0.938 1.017 1.041 1.239 1.413 1.519 1.326 1.242 1.087 1.173 1.308 1.187 1.181 1.046 0.846 0.935 0.934 0.875 0.701 0.579 0.489 0.000 0.491 0.573 0.741 0.823 0.654 0.562 0.589 0.695 0.854 0.869 1.003 1.011 1.073 0.976 0.839 0.964 1.053 0.889 0.907 1.105 1.164 1.073 1.309 1.308 1.168 0.937 0.817 0.624 0.560 0.561 0.669 1.000 1.928 2.709 3.900 5.011 6.218 10.736 10.469 10.973 12.926 12.176 19.051 16.814 14.955 17.405
5.354 2.945 1.436 1.036 1.127 1.051 1.095 0.961 1.040 1.001 0.949 1.058 1.237 1.315 1.261 1.318 1.478 1.644 1.421 1.141 1.007 0.845 0.772 0.840 0.870 1.112 1.179 1.166 1.349 1.516 1.536 1.313 1.153 1.041 1.243 1.307 1.150 1.253 1.096 0.942 1.098 1.101 1.061 0.843 0.697 0.534 0.491 0.000 0.487 0.542 0.651 0.556 0.532 0.558 0.659 0.828 0.817 0.964 0.991 1.033 0.881 0.764 0.871 0.901 0.706 0.739 0.900 0.958 0.786 1.020 1.027 0.928 0.692 0.628 0.548 0.562 0.645 0.748 1.081 1.966 2.616 3.699 5.024 6.956 12.418 10.395 12.793 11.634 12.545 14.424 14.698 12.622 15.216
5.252 2.887 1.352 0.987 1.082 1.028 1.058 0.961 1.088 1.064 0.997 1.114 1.280 1.392 1.371 1.438 1.657 1.813 1.586 1.292 1.105 0.931 0.828 0.909 0.895 1.121 1.178 1.110 1.290 1.459 1.474 1.265 1.117 1.009 1.200 1.265 1.129 1.229 1.103 0.966 1.136 1.161 1.146 0.943 0.818 0.609 0.561 0.490 0.000 0.497 0.639 0.540 0.551 0.580 0.737 0.903 0.850 0.997 1.010 1.063 0.902 0.778 0.870 0.881 0.725 0.656 0.855 0.891 0.719 0.958 0.981 0.877 0.661 0.599 0.551 0.616 0.718 0.896 1.260 2.172 2.836 3.900 4.639 5.762 10.346 9.833 12.582 10.427 13.131 14.369 12.061 18.136 12.877
5.418 3.251 1.710 1.368 1.458 1.411 1.452 1.381 1.543 1.595 1.550 1.744 1.980 2.029 2.050 2.022 2.230 2.512 2.312 1.925 1.732 1.459 1.258 1.294 1.335 1.516 1.649 1.567 1.742 1.926 2.019 1.731 1.491 1.415 1.662 1.751 1.573 1.781 1.577 1.438 1.622 1.680 1.654 1.392 1.261 0.967 1.014 0.703 0.513 0.000 0.647 0.623 0.824 0.953 1.232 1.450 1.323 1.530 1.495 1.590 1.329 1.120 1.265 1.296 1.019 0.979 1.275 1.279 0.968 1.274 1.299 1.101 0.819 0.734 0.707 0.936 1.166 1.417 1.784 2.636 3.344 4.416 5.117 6.235 11.091 10.472 10.787 10.327 13.359 12.854 15.330 15.586 13.411
5.586 3.679 2.319 1.890 2.238 2.143 2.438 2.259 2.527 2.470 2.167 2.081 2.512 2.871 2.805 3.011 3.060 3.354 2.916 2.566 2.274 2.056 1.990 2.291 2.231 2.685 2.751 2.520 2.760 3.016 2.808 2.437 2.033 1.998 2.485 2.350 2.047 2.452 2.198 2.108 2.515 2.737 2.655 2.286 2.053 1.644 1.360 0.920 0.702 0.539 0.000 0.543 0.780 1.108 1.412 1.516 1.523 1.937 2.154 2.183 1.712 1.596 1.955 1.748 1.291 1.479 1.829 1.646 1.258 1.538 1.561 1.274 1.078 0.941 1.131 1.391 1.738 2.118 2.563 3.350 4.244 5.280 5.567 6.909 10.228 9.720 12.569 10.173 15.228 11.675 15.072 12.366 17.181
5.475 3.316 1.765 1.452 1.619 1.471 1.470 1.281 1.317 1.251 1.098 1.172 1.376 1.497 1.489 1.603 1.796 1.872 1.627 1.354 1.148 1.041 0.975 1.168 1.226 1.509 1.682 1.703 1.887 2.112 2.121 1.892 1.686 1.480 1.823 1.896 1.756 1.883 1.696 1.408 1.658 1.641 1.528 1.277 1.065 0.817 0.728 0.584 0.576 0.586 0.513 0.000 0.495 0.550 0.688 0.877 0.884 1.101 1.160 1.244 1.007 0.884 1.105 1.098 0.860 0.927 1.182 1.189 1.021 1.269 1.345 1.185 0.938 0.857 0.815 0.904 1.029 1.229 1.632 2.479 3.197 4.360 5.440 6.740 11.588 11.203 13.884 10.433 15.138 13.967 17.417 15.852 17.888
5.363 3.243 1.868 1.448 1.529 1.343 1.335 1.119 1.150 1.033 0.923 1.019 1.223 1.302 1.316 1.391 1.586 1.709 1.517 1.193 1.033 0.893 0.846 1.010 1.080 1.304 1.547 1.515 1.764 2.019 2.064 1.819 1.626 1.401 1.762 1.815 1.615 1.729 1.460 1.282 1.417 1.439 1.287 1.048 0.902 0.708 0.589 0.578 0.615 0.757 0.663 0.493 0.000 0.495 0.545 0.759 0.743 0.938 1.011 1.113 0.928 0.852 1.030 1.053 0.882 0.967 1.204 1.260 1.103 1.434 1.492 1.362 1.093 0.977 0.834 0.861 0.901 1.014 1.352 2.184 2.922 4.027 4.747 5.859 10.220 10.564 14.476 12.684 15.089 14.484 15.683 15.985 15.905
5.461 3.345 1.909 1.571 1.620 1.450 1.340 1.118 1.101 0.974 0.838 0.938 1.159 1.261 1.215 1.356 1.538 1.641 1.408 1.156 0.924 0.833 0.772 0.995 1.145 1.337 1.503 1.619 1.843 2.080 2.226 1.969 1.771 1.609 1.839 1.926 1.769 1.943 1.648 1.424 1.519 1.466 1.314 1.160 0.911 0.774 0.639 0.607 0.711 0.905 0.867 0.587 0.496 0.000 0.517 0.691 0.691 0.837 0.937 1.060 0.912 0.793 1.041 1.067 0.860 1.022 1.277 1.298 1.221 1.539 1.677 1.461 1.211 1.049 0.961 0.936 0.965 1.113 1.474 2.304 2.941 4.018 4.821 5.886 10.980 10.238 13.267 12.152 15.800 16.421 16.801 15.890 17.357
5.742 3.543 2.264 1.945 2.153 1.962 1.908 1.581 1.587 1.364 1.066 1.103 1.387 1.594 1.597 1.828 2.019 2.023 1.646 1.384 1.026 1.041 1.046 1.445 1.654 1.984 2.157 2.227 2.446 2.725 2.859 2.447 2.224 2.069 2.546 2.517 2.342 2.536 2.234 2.016 2.127 2.122 1.915 1.701 1.273 1.012 0.835 0.834 0.971 1.185 1.219 0.874 0.639 0.503 0.000 0.584 0.804 1.071 1.341 1.453 1.226 1.087 1.352 1.398 1.160 1.295 1.517 1.534 1.497 1.801 1.902 1.841 1.544 1.512 1.290 1.297 1.334 1.443 1.976 2.680 3.491 4.739 5.095 7.006 11.491 10.668 14.814 13.408 18.197 16.531 18.099 16.433 16.878
6.278 4.409 3.099 2.707 2.930 2.501 2.337 1.905 1.815 1.478 1.046 0.971 1.235 1.633 1.664 2.005 2.190 2.256 1.887 1.513 1.126 1.189 1.286 1.648 1.927 2.306 2.727 2.827 3.088 3.492 3.686 3.348 3.146 2.825 3.163 3.332 2.917 3.043 2.536 2.356 2.373 2.402 2.139 1.890 1.445 1.349 1.037 1.222 1.567 1.891 1.818 1.442 1.025 0.821 0.537 0.000 0.628 0.879 1.369 1.454 1.309 1.340 1.806 1.787 1.687 1.894 2.288 2.354 2.288 3.039 2.986 2.739 2.353 2.084 1.750 1.460 1.570 1.529 2.012 2.828 3.629 4.538 4.902 6.406 12.521 11.410 16.059 13.939 18.446 17.966 18.783 16.926 18.420
5.491 3.454 2.037 1.715 1.823 1.608 1.395 1.164 1.073 0.893 0.619 0.654 0.802 0.993 1.111 1.321 1.593 1.656 1.428 1.149 0.864 0.887 0.871 1.179 1.323 1.482 1.747 1.889 2.050 2.290 2.439 2.172 2.012 1.877 2.150 2.237 2.132 2.250 1.988 1.752 1.890 1.732 1.605 1.439 1.170 1.036 0.930 0.969 1.096 1.333 1.370 1.021 0.842 0.698 0.686 0.514 0.000 0.495 0.623 0.734 0.682 0.685 0.902 0.980 0.971 1.123 1.302 1.426 1.467 1.787 1.890 1.820 1.584 1.504 1.317 1.258 1.293 1.401 1.728 2.537 3.179 4.101 4.686 5.992 11.348 9.026 14.431 12.712 15.673 15.693 16.991 17.833 16.676
5.410 3.155 1.677 1.322 1.323 1.136 0.988 0.843 0.768 0.694 0.569 0.611 0.683 0.796 0.921 1.046 1.298 1.432 1.253 1.012 0.813 0.837 0.782 0.926 0.997 1.074 1.183 1.309 1.430 1.649 1.784 1.601 1.539 1.423 1.592 1.718 1.706 1.750 1.639 1.384 1.477 1.299 1.280 1.209 1.055 0.967 0.950 1.006 1.034 1.242 1.298 1.027 0.897 0.739 0.771 0.673 0.492 0.000 0.489 0.528 0.534 0.540 0.611 0.743 0.808 0.891 0.984 1.162 1.186 1.530 1.612 1.587 1.342 1.357 1.204 1.251 1.211 1.333 1.580 2.335 3.017 3.870 4.700 6.698 10.794 11.510 14.769 12.858 14.755 14.282 17.121 15.697 18.211
5.351 3.037 1.556 1.197 1.216 1.045 0.942 0.793 0.729 0.619 0.600 0.633 0.678 0.837 0.882 0.990 1.273 1.370 1.190 1.016 0.821 0.837 0.728 0.868 0.958 1.016 1.152 1.266 1.384 1.639 1.810 1.507 1.449 1.324 1.517 1.666 1.613 1.690 1.559 1.336 1.430 1.257 1.212 1.133 1.011 0.925 0.980 0.998 0.975 1.189 1.275 1.032 0.955 0.798 0.884 0.802 0.559 0.488 0.000 0.488 0.512 0.517 0.522 0.616 0.712 0.727 0.817 1.019 1.059 1.316 1.387 1.408 1.216 1.281 1.134 1.218 1.159 1.298 1.536 2.363 3.058 3.937 4.543 6.213 9.707 10.202 15.813 13.316 16.358 16.382 18.500 17.694 16.795
5.514 3.259 1.797 1.528 1.613 1.463 1.202 1.050 0.905 0.839 0.723 0.792 0.824 0.896 1.016 1.140 1.417 1.538 1.366 1.225 1.023 1.070 0.975 1.147 1.260 1.330 1.527 1.704 1.895 2.114 2.211 1.958 1.864 1.809 2.004 2.098 2.092 2.108 2.061 1.759 1.832 1.652 1.558 1.565 1.320 1.197 1.274 1.194 1.116 1.241 1.355 1.112 1.185 0.972 1.106 1.014 0.711 0.531 0.489 0.000 0.490 0.553 0.580 0.572 0.659 0.824 0.839 0.949 1.066 1.355 1.492 1.544 1.363 1.476 1.392 1.527 1.551 1.683 1.933 2.602 3.304 4.142 5.089 6.167 11.295 11.005 15.275 13.050 15.796 14.894 17.110 15.523 16.506
5.211 3.027 1.574 1.224 1.324 1.175 1.080 0.901 0.903 0.802 0.701 0.777 0.800 0.929 1.078 1.186 1.438 1.553 1.390 1.147 0.947 0.943 0.823 0.976 1.041 1.161 1.329 1.408 1.563 1.838 1.865 1.629 1.466 1.367 1.622 1.672 1.566 1.688 1.504 1.345 1.456 1.404 1.336 1.213 1.066 0.880 0.915 0.850 0.792 0.955 1.106 0.853 0.866 0.724 0.863 0.828 0.599 0.525 0.509 0.488 0.000 0.487 0.514 0.529 0.521 0.603 0.704 0.842 0.867 1.150 1.268 1.205 1.011 1.041 0.964 1.067 1.090 1.258 1.537 2.338 3.037 3.926 4.690 6.404 9.984 9.510 13.429 10.622 15.576 14.467 16.564 12.287 15.508
5.279 2.965 1.393 1.050 1.122 1.014 0.932 0.809 0.838 0.789 0.696 0.771 0.829 0.937 1.036 1.121 1.441 1.579 1.375 1.171 0.949 0.916 0.755 0.898 0.924 1.070 1.184 1.188 1.349 1.595 1.603 1.369 1.246 1.153 1.389 1.446 1.395 1.537 1.411 1.218 1.307 1.266 1.257 1.145 1.018 0.853 0.894 0.858 0.790 0.992 1.161 0.928 0.864 0.743 0.856 0.816 0.598 0.545 0.514 0.505 0.487 0.000 0.487 0.514 0.526 0.532 0.619 0.796 0.831 1.131 1.203 1.192 0.972 1.039 0.933 1.055 1.080 1.256 1.513 2.366 3.112 4.122 4.714 6.389 10.051 10.827 11.937 12.147 13.463 14.188 15.957 14.759 15.045
5.224 2.903 1.426 1.140 1.218 1.096 0.993 0.846 0.828 0.786 0.710 0.810 0.880 0.987 1.074 1.145 1.403 1.539 1.330 1.121 0.976 0.886 0.750 0.889 0.971 1.105 1.290 1.319 1.467 1.713 1.737 1.456 1.368 1.328 1.547 1.608 1.575 1.629 1.520 1.335 1.426 1.355 1.277 1.165 1.007 0.869 0.944 0.908 0.843 1.024 1.189 0.983 0.940 0.773 0.904 0.881 0.649 0.594 0.523 0.519 0.508 0.487 0.000 0.489 0.512 0.533 0.561 0.673 0.799 1.058 1.146 1.206 1.031 1.090 1.010 1.091 1.130 1.246 1.519 2.319 2.964 3.898 4.624 6.097 10.601 9.182 13.146 10.658 14.093 12.438 15.228 16.043 13.955
5.431 3.052 1.582 1.365 1.449 1.351 1.164 1.026 1.021 0.994 0.911 1.054 1.035 1.121 1.263 1.355 1.696 1.847 1.655 1.514 1.236 1.190 1.040 1.176 1.241 1.319 1.513 1.618 1.772 2.052 2.115 1.802 1.707 1.629 1.902 1.994 1.933 2.075 1.936 1.687 1.798 1.664 1.581 1.527 1.296 1.150 1.161 1.057 0.918 1.041 1.184 0.957 1.053 0.928 1.130 1.147 0.846 0.746 0.623 0.556 0.553 0.530 0.489 0.000 0.490 0.548 0.591 0.662 0.772 1.081 1.225 1.250 1.106 1.194 1.168 1.318 1.407 1.632 1.900 2.622 3.301 4.160 5.127 6.727 11.322 10.622 13.458 11.717 15.549 13.788 15.663 13.264 15.336
5.389 2.945 1.382 1.061 1.160 1.064 1.022 0.897 0.971 0.949 0.845 0.969 1.033 1.129 1.238 1.306 1.619 1.762 1.542 1.320 1.128 1.021 0.877 0.998 1.005 1.141 1.268 1.257 1.431 1.676 1.689 1.411 1.259 1.172 1.442 1.468 1.359 1.526 1.378 1.191 1.369 1.345 1.326 1.151 1.056 0.857 0.922 0.812 0.675 0.875 1.017 0.820 0.888 0.771 0.955 0.988 0.764 0.702 0.665 0.580 0.524 0.511 0.499 0.488 0.000 0.487 0.527 0.607 0.613 0.953 1.044 1.013 0.828 0.897 0.847 0.983 1.056 1.234 1.534 2.370 3.069 3.986 4.536 5.628 10.803 9.875 12.399 9.538 13.139 12.719 14.777 14.523 15.138
5.248 2.953 1.369 0.996 1.084 1.006 1.000 0.874 0.980 0.988 0.909 1.024 1.131 1.233 1.252 1.390 1.636 1.800 1.597 1.323 1.128 1.028 0.876 0.990 0.966 1.137 1.235 1.200 1.373 1.554 1.573 1.328 1.203 1.144 1.327 1.415 1.366 1.477 1.367 1.206 1.327 1.304 1.289 1.158 1.028 0.843 0.919 0.828 0.693 0.868 1.026 0.824 0.856 0.776 0.953 1.006 0.799 0.771 0.725 0.677 0.586 0.529 0.530 0.509 0.488 0.000 0.491 0.600 0.619 0.973 1.021 1.032 0.871 0.932 0.856 0.977 1.032 1.224 1.515 2.385 3.061 4.233 4.782 6.194 10.048 11.235 11.369 13.104 14.244 16.873 14.388 14.382 12.860
5.261 3.091 1.558 1.300 1.461 1.326 1.288 1.122 1.250 1.259 1.172 1.386 1.461 1.545 1.586 1.650 1.897 2.067 1.937 1.633 1.429 1.252 1.064 1.234 1.248 1.501 1.676 1.676 1.891 2.182 2.183 1.828 1.677 1.632 1.973 2.049 1.970 2.102 1.912 1.652 1.734 1.703 1.611 1.483 1.287 1.072 1.179 1.113 0.959 1.172 1.408 1.166 1.252 1.023 1.232 1.332 1.089 1.052 0.979 0.898 0.824 0.655 0.611 0.581 0.558 0.492 0.000 0.512 0.662 1.041 1.201 1.300 1.108 1.240 1.126 1.324 1.359 1.519 1.828 2.551 3.220 4.213 4.913 7.122 11.580 10.388 14.432 11.854 14.962 15.412 15.108 15.978 15.456
5.523 3.371 1.953 1.860 2.082 1.991 1.712 1.659 1.748 1.802 1.779 2.156 2.033 2.100 2.333 2.420 2.727 3.007 2.894 2.658 2.370 2.164 1.857 1.992 2.005 2.156 2.321 2.422 2.560 3.017 3.052 2.537 2.431 2.326 2.864 2.993 2.961 3.267 2.970 2.563 2.861 2.634 2.635 2.501 2.280 2.001 2.049 1.818 1.386 1.426 1.740 1.613 1.890 1.729 2.118 2.256 1.788 1.579 1.361 1.216 1.276 1.095 0.822 0.814 0.856 0.740 0.535 0.000 0.601 1.039 1.386 1.477 1.334 1.650 1.829 2.177 2.328 2.639 3.000 3.662 4.575 5.545 6.111 7.612 11.423 10.220 13.814 12.438 16.140 16.129 15.595 16.862 16.079
5.733 3.586 2.082 1.699 2.186 2.154 2.274 2.119 2.439 2.534 2.359 2.695 2.620 2.738 3.136 3.123 3.411 3.789 3.616 3.300 2.832 2.555 2.143 2.391 2.303 2.627 2.735 2.522 2.849 3.132 3.089 2.530 2.234 2.194 2.662 2.719 2.372 2.799 2.517 2.366 2.742 2.861 2.869 2.467 2.396 1.980 2.166 1.754 1.371 1.333 1.737 1.679 1.941 1.849 2.385 2.522 2.144 2.168 2.155 1.669 1.642 1.572 1.365 1.132 1.016 0.944 0.842 0.536 0.000 0.802 1.153 1.198 1.083 1.376 1.627 1.940 2.250 2.591 2.927 3.675 4.439 5.560 6.145 6.964 10.465 11.238 12.059 10.680 14.967 13.378 17.012 16.698 14.368
5.883 3.632 2.212 2.028 2.447 2.638 2.973 2.922 3.325 3.435 3.037 3.087 3.476 3.848 3.836 4.186 4.350 4.689 4.315 3.993 3.272 3.140 2.724 3.204 3.090 3.624 3.622 3.376 3.415 3.631 3.417 2.724 2.252 2.529 3.070 2.755 2.701 3.361 3.292 2.980 3.528 3.890 3.913 3.406 3.023 2.532 2.437 2.115 1.570 1.642 2.068 1.748 2.093 2.065 2.611 2.814 2.242 2.506 2.699 2.398 1.922 1.970 2.069 1.590 1.270 1.410 1.376 0.977 0.661 0.000 0.533 0.899 1.238 1.690 2.085 2.438 2.786 3.335 3.936 4.545 5.504 6.428 7.095 8.427 10.732 10.608 12.089 10.710 15.324 14.186 15.839 18.387 13.741
5.630 3.372 1.998 1.789 2.172 2.371 2.719 2.931 3.241 3.436 3.407 3.799 3.869 3.955 3.997 4.023 4.342 4.707 4.584 4.253 3.823 3.384 3.090 3.157 2.962 3.298 3.169 2.829 2.867 3.017 2.749 2.249 1.795 2.020 2.324 2.152 1.956 2.323 2.329 2.392 2.910 3.213 3.449 3.089 2.942 2.550 2.623 2.307 1.748 1.644 2.178 2.120 2.537 2.547 3.054 3.323 3.069 3.091 2.870 2.674 2.507 2.354 2.249 1.900 1.674 1.559 1.563 1.240 0.974 0.530 0.000 0.566 0.973 1.397 1.763 2.239 2.543 3.123 3.422 4.144 4.890 5.838 6.405 7.896 11.539 11.069 10.642 10.285 15.312 12.808 13.757 12.485 10.927
5.338 3.054 1.595 1.279 1.522 1.661 1.911 1.992 2.254 2.382 2.343 2.554 2.802 2.854 2.802 2.819 2.988 3.217 3.091 2.729 2.492 2.125 1.957 2.044 1.906 2.206 2.189 1.919 2.054 2.234 2.065 1.666 1.378 1.423 1.794 1.689 1.566 1.807 1.673 1.615 1.978 2.214 2.228 1.848 1.785 1.529 1.493 1.307 1.079 1.045 1.403 1.488 1.656 1.706 1.931 2.217 2.119 2.294 2.212 2.132 1.972 1.734 1.755 1.714 1.426 1.255 1.403 1.360 0.975 0.793 0.517 0.000 0.532 0.749 0.924 1.238 1.461 1.743 2.162 2.865 3.586 4.668 5.122 6.742 10.367 11.894 11.895 10.768 15.753 21.424 12.492 7.974 11.741
5.262 2.904 1.381 1.021 1.233 1.246 1.425 1.468 1.726 1.770 1.756 1.932 2.121 2.178 2.119 2.132 2.294 2.409 2.272 1.962 1.825 1.512 1.382 1.422 1.321 1.577 1.604 1.405 1.605 1.766 1.678 1.375 1.149 1.124 1.354 1.365 1.221 1.376 1.269 1.171 1.387 1.554 1.570 1.282 1.223 1.019 1.012 0.884 0.741 0.762 1.062 1.076 1.167 1.221 1.404 1.642 1.577 1.716 1.647 1.666 1.475 1.266 1.288 1.271 1.080 0.954 1.076 1.063 0.825 0.814 0.684 0.501 0.000 0.503 0.610 0.816 0.966 1.189 1.506 2.351 3.089 4.056 4.968 6.842 10.363 11.269 10.336 13.208 11.432 22.538 15.653 12.720 11.495
5.249 3.006 1.562 1.096 1.292 1.226 1.369 1.291 1.470 1.445 1.399 1.552 1.749 1.842 1.773 1.796 1.913 2.108 1.934 1.601 1.461 1.217 1.124 1.182 1.136 1.414 1.521 1.356 1.585 1.735 1.688 1.444 1.204 1.104 1.346 1.363 1.177 1.313 1.153 1.082 1.258 1.398 1.310 1.103 0.984 0.814 0.801 0.715 0.596 0.619 0.892 0.873 0.973 0.967 1.126 1.335 1.300 1.433 1.446 1.469 1.298 1.125 1.225 1.228 1.002 0.945 1.128 1.140 0.871 0.970 0.904 0.701 0.495 0.000 0.503 0.641 0.786 0.989 1.313 2.188 2.854 4.166 5.075 7.226 10.898 13.183 14.869 19.610 15.781 17.040 13.274 13.055 14.875
5.282 3.034 1.413 0.975 1.087 1.015 1.075 0.995 1.144 1.149 1.117 1.209 1.389 1.479 1.426 1.483 1.670 1.823 1.620 1.332 1.177 0.986 0.883 0.950 0.930 1.124 1.204 1.114 1.317 1.522 1.531 1.277 1.083 0.965 1.167 1.229 1.063 1.152 0.975 0.883 1.046 1.116 1.111 0.884 0.802 0.608 0.643 0.572 0.552 0.632 0.873 0.778 0.775 0.794 0.896 1.064 1.014 1.088 1.123 1.155 1.040 0.895 0.988 1.033 0.878 0.803 1.001 1.070 0.885 1.042 1.010 0.819 0.598 0.495 0.000 0.500 0.581 0.802 1.146 2.031 2.666 3.744 5.391 6.737 11.175 14.111 17.088 19.524 18.055 16.980 16.490 15.425 14.171
5.198 3.100 1.710 1.248 1.346 1.198 1.263 1.096 1.250 1.231 1.216 1.397 1.539 1.596 1.558 1.564 1.728 1.918 1.755 1.409 1.289 1.033 0.948 0.995 0.983 1.269 1.389 1.356 1.610 1.811 1.861 1.590 1.371 1.194 1.441 1.512 1.265 1.350 1.069 0.989 1.143 1.238 1.146 0.875 0.733 0.584 0.588 0.588 0.620 0.798 0.973 0.876 0.858 0.840 0.977 1.174 1.113 1.267 1.247 1.321 1.221 1.006 1.144 1.184 0.989 0.967 1.180 1.245 1.048 1.282 1.303 1.096 0.827 0.660 0.498 0.000 0.505 0.654 1.039 1.983 2.788 4.052 5.762 7.798 16.233 12.674 15.424 15.787 14.016 19.044 16.007 12.945 18.010
5.541 3.414 1.975 1.485 1.583 1.449 1.474 1.276 1.410 1.333 1.395 1.554 1.801 1.753 1.608 1.601 1.722 1.896 1.813 1.470 1.399 1.103 1.005 1.020 1.053 1.363 1.518 1.660 1.856 2.158 2.167 1.871 1.617 1.416 1.686 1.764 1.510 1.571 1.266 1.028 1.189 1.260 1.100 0.831 0.710 0.636 0.682 0.751 0.827 0.947 1.157 1.072 1.043 1.035 1.128 1.392 1.381 1.510 1.481 1.641 1.459 1.208 1.417 1.489 1.232 1.229 1.491 1.536 1.270 1.544 1.581 1.279 1.055 0.828 0.648 0.509 0.000 0.504 0.868 1.782 2.625 3.396 4.793 5.608 13.355 13.711 15.042 15.870 15.254 14.259 12.640 11.985 16.030
5.818 3.811 2.399 1.993 2.092 1.780 1.827 1.585 1.847 1.765 1.841 2.170 2.446 2.382 2.282 2.201 2.251 2.512 2.456 1.890 1.853 1.415 1.259 1.258 1.313 1.757 1.923 1.950 2.396 2.742 2.862 2.491 2.322 1.926 2.346 2.475 2.139 2.221 1.703 1.387 1.370 1.572 1.341 0.880 0.759 0.784 0.912 1.157 1.291 1.518 1.722 1.617 1.495 1.399 1.473 1.812 1.864 2.051 1.930 2.066 1.994 1.623 1.797 1.907 1.687 1.674 1.935 2.007 1.809 2.212 2.191 2.021 1.677 1.539 1.104 0.920 0.527 0.000 0.553 1.465 2.442 3.790 4.749 5.881 16.283 10.100 13.372 14.399 14.846 15.660 17.762 14.532 19.166
9.518 8.345 6.732 5.673 5.566 4.594 4.554 3.952 4.446 4.390 4.806 5.292 6.167 5.755 5.402 4.778 4.824 5.415 5.680 4.483 4.485 3.296 3.283 3.011 3.189 3.757 4.271 4.605 5.791 6.182 7.108 6.499 6.256 4.998 5.301 6.198 4.995 4.609 3.497 3.290 2.373 2.922 2.462 1.541 1.905 2.513 2.258 2.811 3.691 4.098 3.991 4.081 3.316 3.643 3.232 4.269 5.021 5.263 5.239 5.705 5.353 4.537 5.450 5.729 5.058 5.075 6.441 6.269 5.540 6.694 7.131 6.236 5.155 4.082 3.057 2.278 1.618 0.644 0.000 1.048 2.382 3.810 4.752 6.276 11.285 11.971 17.979 16.164 21.664 21.345 22.423 20.904 20.766
12.396 11.589 9.913 7.693 8.918 7.186 8.225 7.082 8.745 9.003 9.989 11.151 12.003 11.753 10.150 9.580 9.123 10.059 9.884 8.901 8.950 7.373 6.776 5.721 5.347 7.358 8.556 8.658 10.629 11.489 12.477 10.928 8.948 8.238 9.461 10.695 8.722 8.785 6.785 4.952 5.158 5.771 4.563 3.389 4.271 4.657 6.487 7.402 6.631 7.991 10.320 10.099 9.926 8.497 8.905 10.017 10.548 11.603 10.636 11.763 11.224 9.102 9.867 10.716 9.564 7.962 10.175 10.617 8.805 10.020 9.945 9.250 7.514 6.674 4.947 5.135 3.510 2.660 0.872 0.000 1.921 3.806 6.101 7.229 12.319 14.009 18.130 17.072 22.393 21.434 21.431 20.533 19.272
19.667 18.471 16.723 16.044 15.817 13.332 11.880 9.507 10.027 9.372 10.632 12.507 13.710 12.613 11.266 9.920 9.122 11.525 12.437 9.429 10.544 7.333 7.436 6.698 7.600 9.624 12.252 12.808 15.958 17.653 18.477 17.248 16.972 15.070 16.454 17.226 15.584 14.503 11.840 9.976 7.839 8.034 5.916 5.398 5.261 7.151 8.523 10.879 12.650 15.163 15.185 14.261 12.698 10.603 10.102 11.283 11.788 12.114 11.464 13.356 12.889 11.691 12.635 13.959 13.516 13.860 15.240 15.921 15.714 17.608 18.259 17.504 16.058 14.683 12.127 9.987 7.047 5.245 3.483 1.328 0.000 1.291 4.605 6.038 10.324 10.934 14.926 16.254 19.408 19.585 21.035 21.046 22.495
17.909 16.839 15.883 15.823 15.880 13.607 11.867 10.821 10.276 10.687 11.358 12.250 12.810 12.347 10.855 9.759 9.881 10.244 10.785 10.414 10.677 9.763 10.178 8.683 9.383 9.438 11.540 12.685 14.654 16.210 17.518 16.957 17.102 15.113 15.816 16.814 16.545 14.702 13.023 10.575 8.098 8.130 6.805 7.035 7.683 10.933 12.619 14.793 15.649 15.756 14.774 14.727 13.609 13.707 13.023 12.320 13.046 12.603 12.083 13.909 13.852 13.226 13.418 14.680 14.486 14.113 14.948 15.596 15.296 16.852 16.795 17.097 17.205 16.385 14.435 12.487 10.014 6.589 4.195 3.021 1.412 0.000 0.893 2.435 3.834 5.673 8.198 10.841 13.372 15.809 16.156 16.394 18.926
18.782 17.672 18.144 17.403 16.637 14.517 13.352 13.312 12.181 12.021 13.931 14.150 14.928 14.081 11.531 10.922 10.148 10.223 12.189 11.260 12.536 11.903 13.270 11.705 12.532 10.686 12.719 13.430 15.548 16.714 18.659 17.417 18.024 15.421 16.448 17.513 17.072 15.616 15.070 12.999 11.141 9.958 9.084 10.034 10.051 12.608 13.939 16.955 17.159 17.066 17.163 17.698 17.652 15.431 15.235 15.230 15.697 14.412 14.285 15.543 16.107 15.213 15.023 17.302 16.573 16.493 17.339 18.525 17.032 19.119 18.136 19.531 18.334 20.364 16.043 15.312 12.690 9.061 5.571 3.843 3.264 0.728 0.000 0.926 1.877 3.392 4.553 6.798 9.098 11.337 12.229 13.369 15.512
16.967 16.478 17.025 17.679 15.945 15.247 13.457 14.553 12.453 12.186 13.795 14.095 14.343 13.540 12.444 11.333 10.424 10.463 12.272 11.752 12.088 12.408 13.423 11.624 12.403 12.158 12.883 13.760 15.164 16.266 16.831 16.004 17.800 16.006 16.561 16.642 16.641 14.290 13.481 12.871 11.215 11.005 9.110 11.343 11.097 12.684 13.065 14.942 17.108 18.822 17.752 18.787 17.772 15.633 15.089 14.733 15.630 14.866 14.671 14.868 15.721 15.171 15.270 16.277 16.478 16.499 16.075 17.356 17.967 18.494 17.634 19.073 20.370 16.363 15.102 12.985 14.445 11.143 6.484 4.262 3.669 2.356 0.687 0.000 0.724 1.421 2.435 3.529 4.328 6.357 7.343 8.697 11.116
17.176 17.971 18.206 19.077 17.149 16.164 14.913 14.338 12.090 12.002 13.590 13.273 13.654 13.031 9.976 11.222 9.503 9.071 10.448 11.263 10.872 14.651 14.717 13.545 13.574 11.920 13.737 13.658 15.631 17.439 18.270 17.236 19.324 14.559 16.749 17.339 14.848 14.839 16.986 15.517 12.361 9.676 8.965 14.727 14.254 17.162 18.289 15.974 15.619 19.902 19.743 20.435 19.378 16.044 15.778 14.598 16.967 14.409 14.025 15.191 17.487 16.670 14.612 19.222 17.372 17.788 18.990 19.397 20.156 19.221 19.620 20.761 17.395 17.004 17.768 16.499 17.216 11.605 6.401 5.135 4.022 2.473 1.450 0.596 0.000 0.625 1.056 1.597 1.901 2.447 2.830 4.139 5.669
16.886 17.225 18.110 16.653 15.751 13.148 13.246 12.558 11.994 12.163 12.503 12.902 13.298 12.578 11.055 10.706 9.744 9.698 10.539 11.703 10.871 12.320 13.276 11.512 11.747 11.388 12.514 11.685 15.307 15.924 16.436 16.452 17.737 13.627 14.927 16.449 16.000 14.850 16.295 12.668 11.460 9.960 9.073 12.713 11.137 14.968 15.797 15.579 15.075 17.339 17.242 19.123 16.837 14.079 14.084 14.918 16.023 14.616 13.650 14.886 14.839 15.372 15.125 18.022 16.316 16.396 17.207 17.365 19.522 19.570 18.703 15.851 16.022 18.931 19.945 16.410 17.938 6.808 6.757 5.400 4.718 2.915 1.703 1.047 0.548 0.000 0.546 0.859 1.301 1.771 2.068 2.969 4.155
17.689 18.680 19.574 15.942 15.581 15.410 13.764 15.078 13.449 13.217 15.859 13.572 13.967 13.331 12.093 12.370 11.055 10.224 10.753 12.192 12.917 15.623 16.951 15.030 13.941 12.327 13.850 13.015 15.878 15.749 18.202 17.619 18.176 13.272 16.159 17.002 17.160 15.191 12.882 14.715 11.324 9.623 10.275 13.088 11.969 16.567 16.780 16.162 20.247 22.274 21.498 19.838 18.696 16.231 14.805 15.306 18.037 14.096 15.731 16.592 18.179 18.422 16.518 21.232 19.496 16.203 20.152 21.425 20.454 19.990 19.753 17.176 20.546 21.221 23.866 18.629 14.756 11.196 7.699 6.508 4.907 3.473 2.369 1.595 0.948 0.545 0.000 0.540 0.821 1.131 1.524 2.085 2.949
18.771 18.864 17.976 18.547 16.390 16.992 13.063 14.067 11.350 13.554 13.524 12.255 14.450 12.716 11.283 10.990 10.102 9.728 10.432 11.272 12.115 14.535 15.278 13.574 15.026 12.983 12.840 16.126 15.763 16.240 17.505 16.131 20.337 16.639 15.724 17.380 15.410 13.618 14.772 15.411 10.895 10.362 9.820 12.589 12.310 16.486 14.804 17.025 18.446 21.672 18.744 19.293 17.466 16.171 15.281 14.608 17.554 13.663 13.825 14.881 17.772 15.710 15.985 20.515 16.654 16.062 21.015 20.037 19.644 19.287 19.761 22.144 17.917 14.224 21.624 16.115 16.302 9.487 7.707 5.763 4.596 3.418 2.367 1.434 1.030 0.725 0.516 0.000 0.527 0.732 1.026 1.378 2.283
18.467 18.217 16.910 18.627 15.485 13.614 13.496 15.044 12.816 13.592 14.395 13.374 13.968 13.118 11.987 12.564 11.323 9.981 10.759 12.703 12.331 13.153 16.604 12.669 14.840 12.943 12.408 15.243 14.607 15.050 15.839 15.647 21.293 15.928 15.368 16.639 11.933 16.278 11.966 14.286 10.042 9.673 8.646 12.653 14.547 16.020 14.186 16.635 19.787 21.069 20.678 18.378 19.131 16.887 17.037 13.979 16.877 14.004 16.318 15.868 16.937 18.062 17.844 20.267 16.196 14.780 17.564 19.777 22.714 21.218 21.687 20.108 25.634 18.941 19.845 12.775 14.935 11.056 7.329 5.322 4.490 3.684 2.582 1.771 1.305 1.022 0.741 0.514 0.000 0.516 0.751 1.179 1.899
18.134 18.812 17.916 23.238 17.729 18.772 15.187 16.834 13.642 14.404 13.520 13.511 14.677 13.552 12.352 11.898 11.510 11.542 12.144 13.106 12.994 15.218 16.404 13.828 16.571 13.011 13.227 16.096 14.003 12.945 15.997 16.366 18.267 16.770 14.610 16.029 17.371 15.928 13.693 12.271 11.177 10.241 9.882 12.669 12.566 18.824 15.625 17.590 18.967 21.924 19.550 20.052 20.855 18.806 18.233 16.562 17.708 14.836 17.021 16.211 19.154 17.212 16.531 19.619 16.227 18.796 18.006 18.435 19.217 21.444 19.766 22.147 25.730 21.389 18.875 18.790 16.426 12.427 8.545 6.126 4.885 4.058 2.865 1.986 1.586 1.266 0.951 0.732 0.514 0.000 0.541 0.899 2.131
16.540 19.251 20.553 16.939 17.158 14.161 13.675 14.186 14.147 14.271 15.420 15.301 15.582 14.055 13.148 13.907 12.271 12.130 12.831 14.187 13.547 14.029 15.357 13.535 14.954 13.023 14.333 14.773 14.072 16.504 17.372 18.913 18.140 16.236 15.923 17.081 12.397 15.585 15.177 14.291 10.754 10.760 9.707 12.354 12.518 15.526 16.418 17.928 18.163 21.480 21.034 20.211 18.331 17.989 17.801 16.261 17.589 16.444 17.225 16.026 17.253 19.069 17.472 19.702 17.306 16.621 17.577 17.728 21.170 20.617 20.397 21.087 20.825 20.148 19.431 14.800 15.997 11.617 8.882 7.333 5.924 4.749 3.909 3.038 2.395 1.931 1.598 1.211 0.922 0.560 0.000 0.563 1.505
20.119 19.515 21.308 21.543 16.158 19.468 14.951 16.546 15.654 16.312 17.957 18.351 18.941 16.905 15.973 15.663 15.199 15.710 16.708 17.307 16.591 15.600 17.612 15.483 15.730 14.294 15.357 14.674 16.721 16.832 18.244 18.135 19.338 16.322 16.935 19.898 18.261 16.481 16.317 14.793 12.832 12.789 12.272 14.505 14.674 16.543 18.055 21.134 21.380 21.321 25.115 23.344 21.292 20.370 19.246 18.798 20.465 17.727 19.606 18.407 21.126 20.646 19.094 21.287 22.443 20.200 20.477 22.516 22.993 19.981 22.522 21.524 23.468 21.568 19.305 20.067 16.038 14.177 11.659 10.833 9.624 8.540 7.343 5.951 4.502 3.536 2.694 2.060 1.630 1.109 0.563 0.000 0.776
18.064 17.730 19.194 20.771 19.976 21.072 19.992 20.732 20.319 20.667 21.031 21.490 21.401 21.536 21.351 21.322 21.307 21.585 22.198 21.767 20.500 20.061 19.823 19.770 20.094 19.863 20.171 19.694 20.474 20.055 20.432 20.163 22.606 19.954 20.271 20.164 20.509 19.356 19.416 19.081 18.432 19.337 19.467 18.519 18.703 20.930 19.781 21.009 22.055 22.489 22.288 21.644 21.178 20.504 21.100 20.631 21.489 20.846 21.180 20.361 21.219 21.776 21.706 22.024 23.228 22.283 21.045 21.959 23.096 22.446 20.597 21.594 23.673 21.802 21.480 20.953 19.133 19.185 19.035 19.101 19.533 19.348 17.933 16.973 15.704 13.915 13.555 10.789 8.401 5.389 3.723 1.366 0.002
