56.162
56.531
77.550
88.085
88.298
90.555
88.434
90.387
91.926
91.190
90.193
88.455
89.837
90.000
91.675
92.240
92.197
91.126
90.948
91.564
90.374
89.213
88.308
85.925
88.887
89.684
91.598
91.110
92.529
93.257
92.058
89.946
92.226
91.950
90.282
88.942
86.891
89.040
88.404
88.033
90.056
91.409
91.476
91.502
92.597
93.025
93.172
91.025
90.573
89.422
86.131
88.815
91.105
92.042
93.154
92.925
91.778
90.756
88.708
84.017
71.472
69.253
66.469
73.252
82.761
86.464
88.428
89.920
90.375
91.561
90.223
90.318
87.801
79.598
73.205
72.054
84.940
89.102
89.859
89.954
89.795
89.474
86.297
84.205
84.357
82.063
77.998
70.804
56.910
50.205
47.433
36.696
36.959
