61.780
82.775
86.019
87.522
87.126
85.015
87.718
87.640
88.676
89.160
90.548
89.443
87.412
89.094
88.049
86.683
85.071
83.188
87.627
89.777
91.436
91.928
93.234
93.561
92.223
90.520
93.451
93.590
92.647
91.523
90.221
92.410
92.788
92.331
93.962
94.171
93.934
93.684
94.562
94.151
93.633
92.330
92.292
90.748
87.067
89.127
91.104
91.929
92.581
92.231
91.879
90.541
88.353
83.859
70.871
64.926
56.971
68.154
79.550
84.623
87.095
87.992
88.287
90.605
89.505
90.888
89.166
85.084
79.598
78.470
87.712
89.131
88.513
87.560
89.685
90.296
88.026
86.397
85.685
85.497
85.145
86.500
75.727
76.272
77.087
79.259
72.845
80.519
79.769
83.673
86.921
85.905
84.063
