81.344
82.555
79.170
83.288
82.296
79.452
83.271
84.437
85.936
88.220
90.008
91.356
90.180
87.791
90.551
90.187
88.539
88.634
89.045
88.730
86.549
83.621
84.720
88.315
86.899
86.589
86.401
85.415
83.762
76.056
69.672
58.587
51.232
48.185
54.619
63.152
77.767
82.933
86.142
88.309
89.692
90.250
88.839
86.761
79.873
80.746
79.707
85.751
91.180
91.289
93.132
94.241
94.144
93.247
91.021
90.307
90.770
91.580
92.972
90.634
88.877
87.314
87.373
85.999
86.826
88.134
88.557
90.736
90.949
92.151
93.589
94.867
93.874
93.079
91.103
87.559
89.098
90.182
90.722
91.504
91.013
89.757
89.322
89.719
89.188
88.611
90.186
87.265
86.581
86.917
87.163
83.416
71.370
