80.494
78.318
78.602
85.939
88.129
90.652
91.389
92.656
92.393
90.853
87.972
91.447
92.149
91.506
90.316
89.801
91.091
91.351
91.365
93.360
92.789
92.252
92.530
93.040
91.700
91.729
91.317
90.069
87.292
81.053
85.289
88.650
89.572
90.972
91.295
90.949
89.871
88.125
84.914
78.069
76.990
75.597
77.924
83.064
86.254
87.681
88.782
88.939
88.907
88.514
87.573
85.223
80.045
82.320
79.806
85.732
89.645
88.445
91.380
93.415
94.450
94.492
92.308
91.946
92.171
92.693
93.852
91.962
91.193
89.679
85.942
84.944
85.182
89.162
90.011
93.047
92.389
92.543
93.116
93.436
90.442
89.796
87.405
81.744
83.958
85.158
84.674
85.391
85.537
80.330
77.445
80.947
77.352
