88.344
89.960
91.046
92.104
92.102
89.973
85.784
85.346
84.513
83.718
86.724
88.360
90.712
91.647
92.843
92.034
92.339
91.958
93.288
93.176
92.317
92.311
90.796
91.009
89.366
90.800
92.445
93.161
90.692
92.016
92.492
92.142
90.832
89.949
88.757
91.313
92.617
93.229
93.248
93.292
92.844
90.665
88.967
91.975
93.079
92.600
90.973
90.865
93.471
93.348
93.022
93.694
93.503
93.206
92.340
93.265
92.322
91.759
90.957
89.747
86.955
80.275
84.095
87.499
88.523
90.795
92.409
92.195
92.335
90.591
88.326
81.059
77.884
72.306
74.144
79.121
82.943
85.598
86.903
86.992
89.032
86.113
87.782
86.350
84.271
84.110
82.491
84.318
82.082
81.919
85.030
79.765
85.519
