0.001 1.278 3.038 5.129 7.202 8.583 11.205 12.328 12.910 13.733 14.815 13.881 13.665 13.746 13.768 15.308 15.501 14.817 13.950 12.931 11.474 10.550 8.426 8.979 8.017 6.158 6.186 7.687 6.492 4.092 2.500 2.873 4.791 4.743 3.607 5.145 5.411 5.305 7.962 9.659 10.894 9.375 10.547 9.915 11.075 10.840 9.538 10.090 12.613 12.241 12.872 12.813 12.756 13.562 12.671 13.190 13.464 11.998 12.618 10.158 9.082 11.709 9.917 7.834 7.405 10.348 7.845 7.923 7.221 8.112 7.088 7.572 7.456 9.300 9.046 10.136 9.679 11.710 12.310 12.362 12.642 12.060 15.622 15.220 18.128 17.480 17.728 16.994 19.754 20.686 15.943 17.044 12.998
0.599 0.000 0.560 0.767 1.377 1.890 2.443 3.010 3.268 3.784 4.126 3.918 3.900 3.818 3.927 4.799 4.814 3.962 3.567 3.027 2.487 2.365 1.709 2.033 1.500 1.115 1.224 1.527 1.591 1.175 1.116 1.022 1.270 1.844 1.991 2.189 2.205 1.685 2.032 2.028 2.585 2.381 2.454 2.096 2.561 2.382 1.922 2.073 2.836 2.532 2.855 2.697 3.044 3.622 3.227 3.230 2.916 2.933 2.786 2.287 1.992 2.220 1.978 1.552 1.626 1.883 1.706 1.788 1.605 1.671 1.587 1.764 1.857 2.334 2.490 2.912 3.235 4.201 5.031 6.562 6.846 7.669 11.024 11.751 11.087 13.969 14.029 20.059 15.546 14.336 13.082 17.744 15.486
0.938 0.541 0.000 0.533 0.830 1.316 1.648 2.140 2.423 2.675 2.783 2.666 2.592 2.313 2.516 2.809 2.931 2.625 2.537 2.181 1.846 1.566 1.107 1.108 0.874 0.719 0.876 1.204 1.350 1.020 1.002 0.926 1.104 1.349 1.435 1.515 1.608 1.269 1.298 1.191 1.460 1.597 1.685 1.713 2.080 2.005 1.804 1.947 2.413 2.314 2.480 2.296 2.560 2.750 2.641 2.502 2.283 2.263 2.336 1.997 1.678 1.933 1.900 1.492 1.469 1.807 1.681 1.659 1.446 1.684 1.551 1.845 1.710 1.881 1.904 1.986 2.134 2.933 3.620 5.034 5.783 7.170 10.802 11.983 13.448 13.720 14.188 17.944 14.543 13.478 13.158 15.047 14.525
1.082 0.680 0.506 0.000 0.495 0.621 0.781 0.991 1.143 1.394 1.411 1.364 1.362 1.280 1.549 1.733 1.653 1.440 1.323 1.136 0.958 0.860 0.663 0.670 0.618 0.622 0.727 1.011 1.088 0.822 0.844 0.750 0.838 1.015 1.039 1.149 1.126 0.941 1.041 0.912 1.043 1.013 1.044 0.985 1.196 1.247 1.151 1.387 1.666 1.517 1.429 1.252 1.378 1.467 1.388 1.310 1.147 1.271 1.321 1.101 1.069 1.266 1.171 1.037 1.182 1.440 1.362 1.520 1.440 1.392 1.170 1.252 1.094 1.215 1.161 1.269 1.457 2.327 3.006 3.981 4.507 6.426 10.067 10.384 11.118 14.020 13.284 18.551 15.874 14.142 15.300 14.209 13.308
1.441 1.031 0.690 0.498 0.000 0.496 0.608 0.829 0.977 1.167 1.269 1.228 1.194 1.144 1.471 1.736 1.493 1.274 1.117 1.017 0.821 0.726 0.621 0.629 0.686 0.681 0.835 1.097 1.195 0.995 1.087 0.956 1.008 1.234 1.287 1.358 1.390 1.142 1.140 0.989 1.086 1.088 1.028 1.081 1.340 1.533 1.468 1.798 2.012 1.763 1.671 1.342 1.384 1.353 1.309 1.189 1.018 1.233 1.340 1.095 1.111 1.430 1.420 1.275 1.432 1.786 1.748 1.986 1.827 1.824 1.616 1.665 1.427 1.540 1.315 1.443 1.612 2.475 3.273 4.366 4.917 6.332 9.864 10.297 11.970 11.356 12.850 15.116 13.837 12.244 11.562 13.632 13.179
1.409 1.039 0.838 0.627 0.507 0.000 0.496 0.607 0.842 1.030 1.102 1.039 0.995 0.967 1.265 1.507 1.335 1.080 0.997 0.876 0.687 0.617 0.592 0.628 0.755 0.787 0.962 1.214 1.310 1.104 1.129 0.962 1.085 1.268 1.220 1.332 1.220 1.013 1.039 0.918 0.949 0.908 0.874 0.878 1.087 1.207 1.201 1.446 1.676 1.417 1.345 1.149 1.189 1.231 1.129 1.044 0.870 1.041 1.107 0.933 0.939 1.177 1.200 1.059 1.215 1.477 1.483 1.688 1.626 1.590 1.381 1.375 1.184 1.220 1.096 1.182 1.385 2.286 2.922 3.671 4.298 5.616 8.994 10.071 11.012 11.239 13.114 12.927 14.557 14.482 12.736 12.167 11.337
1.637 1.214 1.051 0.844 0.647 0.497 0.000 0.499 0.686 0.858 0.986 0.894 0.882 0.871 1.196 1.417 1.230 1.033 0.866 0.833 0.652 0.649 0.655 0.700 0.831 0.938 1.131 1.395 1.557 1.335 1.377 1.176 1.296 1.508 1.485 1.553 1.445 1.170 1.192 1.012 1.031 1.018 1.002 1.036 1.238 1.373 1.389 1.661 1.842 1.611 1.485 1.218 1.206 1.157 1.076 0.989 0.876 1.120 1.232 1.084 1.108 1.405 1.356 1.304 1.476 1.755 1.690 1.977 1.898 1.845 1.615 1.632 1.378 1.440 1.254 1.408 1.558 2.369 3.093 4.240 5.018 6.038 9.555 10.290 13.036 12.105 14.401 14.122 16.993 14.357 14.097 13.453 12.537
2.262 1.834 1.698 1.345 1.037 0.828 0.529 0.000 0.515 0.664 0.877 0.951 0.974 1.055 1.397 1.572 1.348 1.145 0.890 0.953 0.809 0.896 1.034 0.964 1.121 1.400 1.597 1.847 2.191 2.009 2.185 1.862 1.931 2.261 2.293 2.252 2.160 1.791 1.684 1.330 1.278 1.415 1.197 1.230 1.427 1.630 1.698 2.025 2.206 1.763 1.558 1.243 1.188 1.021 0.932 0.851 0.830 1.125 1.176 1.097 1.251 1.512 1.545 1.611 1.854 2.093 2.113 2.512 2.658 2.578 2.184 2.172 1.893 1.840 1.718 1.800 1.989 2.691 3.477 4.629 5.253 6.623 10.784 10.868 13.786 15.955 16.987 20.433 17.055 16.822 14.726 13.244 12.648
2.349 1.890 1.776 1.466 1.235 1.000 0.686 0.544 0.000 0.505 0.690 0.793 0.893 0.993 1.316 1.522 1.301 1.066 0.842 0.905 0.858 0.921 1.126 1.111 1.377 1.565 1.834 2.104 2.336 2.153 2.153 1.867 2.040 2.326 2.275 2.201 2.083 1.704 1.702 1.428 1.358 1.367 1.196 1.195 1.419 1.632 1.727 2.084 2.169 1.785 1.607 1.244 1.196 1.012 0.932 0.776 0.795 1.057 1.167 1.089 1.221 1.491 1.572 1.611 1.786 2.009 2.088 2.477 2.573 2.489 2.157 2.153 1.862 1.808 1.605 1.692 1.926 2.668 3.396 4.383 5.021 6.193 9.485 10.240 13.946 14.334 17.023 17.707 17.743 17.570 14.802 14.298 14.007
2.252 1.803 1.800 1.517 1.412 1.097 0.958 0.701 0.501 0.000 0.523 0.785 0.923 1.093 1.375 1.435 1.206 1.065 0.841 0.905 0.882 1.053 1.244 1.396 1.607 1.801 1.997 2.337 2.414 2.178 2.042 1.860 2.108 2.245 2.105 2.204 2.000 1.754 1.825 1.656 1.536 1.443 1.232 1.109 1.239 1.360 1.355 1.652 1.770 1.485 1.355 1.027 1.077 0.891 0.728 0.660 0.814 1.011 1.041 0.968 1.154 1.339 1.347 1.362 1.584 1.785 1.729 2.136 2.225 2.075 1.790 1.766 1.513 1.531 1.499 1.636 1.917 2.727 3.610 4.586 4.698 5.976 10.308 9.563 14.302 14.270 16.606 16.002 18.350 14.687 14.281 14.708 13.342
3.562 2.878 2.894 2.586 2.241 1.844 1.442 1.062 0.696 0.539 0.000 0.585 1.074 1.390 1.711 1.758 1.453 1.381 1.012 1.215 1.362 1.687 2.041 2.146 2.656 3.110 3.261 3.575 4.015 3.666 3.502 3.153 3.516 3.887 3.465 3.627 3.372 2.984 3.035 2.701 2.401 2.240 1.850 1.789 1.722 1.921 2.060 2.481 2.475 2.080 1.690 1.432 1.245 1.083 0.991 0.854 1.101 1.507 1.603 1.529 1.974 2.180 2.161 2.161 2.594 2.852 2.890 3.603 3.747 3.462 3.030 2.895 2.510 2.303 2.297 2.284 2.697 3.268 4.217 5.347 5.885 6.968 11.544 11.451 15.894 14.347 18.537 16.250 18.688 15.171 15.556 15.371 14.378
4.182 3.491 3.305 2.796 2.236 1.882 1.259 0.974 0.924 0.827 0.566 0.000 0.550 0.852 1.233 1.562 1.404 1.360 1.204 1.381 1.638 1.424 1.919 1.785 2.302 2.852 3.301 3.578 4.178 4.006 3.851 3.499 3.589 3.979 3.903 3.697 3.517 3.050 2.689 2.162 1.922 2.130 2.068 2.299 2.530 3.013 3.181 3.474 3.610 3.192 2.727 2.257 2.059 1.692 1.552 1.168 1.297 1.685 1.900 2.166 2.358 2.641 2.815 2.951 3.492 3.708 3.727 4.347 4.716 4.476 4.167 3.835 3.504 3.315 2.959 2.781 2.836 3.310 4.270 5.337 6.340 7.718 12.565 13.172 16.650 16.334 20.831 20.115 19.759 18.619 17.539 16.109 15.111
3.621 3.114 3.089 2.431 2.240 1.674 1.280 0.968 1.002 1.000 0.796 0.514 0.000 0.551 1.027 1.348 1.262 1.237 1.105 1.368 1.539 1.461 1.870 1.843 2.317 2.661 3.077 3.439 3.868 3.736 3.617 3.201 3.433 3.821 3.643 3.639 3.320 2.857 2.504 2.186 1.882 1.995 1.878 2.253 2.317 2.792 2.815 3.280 3.356 2.963 2.702 2.093 2.053 1.726 1.622 1.301 1.376 1.681 1.961 1.899 2.225 2.418 2.527 2.643 2.959 3.163 3.404 3.819 4.151 4.093 3.667 3.714 3.163 2.959 2.598 2.499 2.593 3.064 3.981 5.169 5.901 6.983 10.900 10.732 16.310 14.961 18.943 19.554 19.631 17.507 17.091 15.441 14.488
4.061 3.638 3.402 2.724 2.291 1.960 1.433 1.050 1.207 1.210 1.281 0.979 0.565 0.000 0.703 1.237 1.241 1.085 1.052 1.324 1.496 1.528 1.922 1.821 2.491 3.004 3.547 3.830 4.331 3.948 3.858 3.635 3.761 4.238 4.119 3.896 3.628 3.140 2.885 2.309 1.977 2.127 2.123 2.264 2.544 3.068 3.191 3.766 4.370 3.425 3.040 2.405 2.180 1.900 2.002 1.661 1.686 2.449 2.421 2.375 2.743 3.177 3.028 3.133 3.792 3.974 3.865 4.755 4.960 4.878 4.132 3.999 3.529 3.433 2.854 2.738 3.093 3.296 4.342 5.498 6.175 7.599 11.269 11.559 16.180 15.644 18.594 18.773 19.632 17.565 17.572 15.931 14.879
3.713 3.685 3.558 2.980 2.408 1.930 1.518 1.309 1.646 1.914 1.976 1.552 1.112 0.599 0.000 0.566 1.018 1.271 1.589 1.694 1.846 1.703 2.426 2.315 2.770 3.285 3.589 4.320 4.761 4.203 4.271 3.971 4.357 4.950 4.739 4.746 4.415 3.747 3.605 2.992 2.559 2.865 2.419 2.843 2.995 3.599 3.837 4.308 4.684 3.983 3.517 2.869 2.708 2.429 2.445 2.379 1.941 2.514 2.845 2.553 2.646 3.128 3.434 3.280 3.571 4.078 4.078 4.801 4.988 5.138 4.669 4.649 4.195 3.969 3.375 3.270 3.628 3.801 4.816 6.167 7.169 8.583 11.267 11.582 15.828 15.962 18.664 20.701 19.581 19.180 17.717 16.412 14.354
6.004 5.395 5.256 4.378 3.848 3.145 2.564 2.340 2.572 2.158 2.701 2.257 1.409 1.363 0.705 0.000 0.652 1.221 1.831 2.387 2.701 2.640 2.902 2.996 3.371 4.059 4.599 5.037 5.945 5.838 5.564 5.464 5.272 5.978 5.819 5.677 5.287 4.496 4.064 3.215 2.992 3.123 2.968 3.397 3.824 4.349 5.010 5.160 5.485 5.048 4.444 3.510 3.283 2.945 2.949 3.298 3.612 4.024 3.990 3.936 4.569 5.023 4.818 5.208 5.777 5.817 6.071 6.425 6.714 6.770 6.421 5.669 5.237 4.704 4.207 3.608 3.939 4.275 5.480 6.479 7.207 7.835 10.658 11.707 16.333 16.035 18.700 18.611 19.317 17.365 16.019 15.185 15.472
4.897 4.377 4.310 3.716 3.210 2.629 2.185 1.537 1.477 1.429 1.696 1.588 1.292 1.349 1.015 0.570 0.000 0.584 0.853 1.101 1.686 2.098 2.753 2.893 3.619 4.149 4.637 5.357 5.648 5.212 4.923 4.454 5.045 5.378 5.007 5.071 4.576 3.883 3.820 3.411 2.798 2.729 2.120 2.223 1.981 2.288 2.749 3.092 2.953 2.530 2.122 1.976 1.547 1.536 1.839 2.018 2.205 2.677 2.574 2.377 2.977 3.241 2.885 3.230 3.919 3.878 3.818 4.471 4.866 4.501 4.055 3.500 3.231 2.719 2.810 2.627 3.132 3.588 4.487 5.637 5.767 6.602 10.447 11.014 16.040 15.142 18.465 17.547 19.415 16.939 16.438 15.143 14.504
2.754 2.403 2.419 2.029 1.823 1.430 1.232 0.910 0.906 1.008 1.248 1.180 0.899 1.093 1.066 0.778 0.541 0.000 0.501 0.662 0.944 1.164 1.509 1.618 2.117 2.351 2.720 3.110 3.269 2.984 2.775 2.546 2.879 3.066 2.902 2.926 2.562 2.255 2.163 1.950 1.614 1.586 1.279 1.308 1.439 1.706 1.765 2.150 2.164 1.829 1.614 1.274 1.201 1.152 1.217 1.207 1.294 1.461 1.465 1.285 1.558 1.658 1.681 1.820 2.001 2.167 2.247 2.576 2.702 2.697 2.438 2.297 2.019 1.965 1.762 1.835 2.128 2.729 3.540 4.687 5.339 7.735 12.187 10.463 15.122 14.286 19.166 19.077 19.420 17.218 15.333 14.137 13.115
2.432 1.966 2.074 1.790 1.646 1.279 1.176 0.864 0.805 0.885 1.114 1.143 0.960 1.152 1.170 1.044 0.737 0.494 0.000 0.523 0.679 0.971 1.354 1.548 1.931 2.086 2.426 2.750 2.805 2.462 2.199 2.096 2.501 2.589 2.309 2.609 2.215 1.933 2.006 1.845 1.548 1.495 1.075 1.041 1.169 1.341 1.412 1.674 1.837 1.556 1.410 1.079 1.065 1.023 1.037 1.069 1.113 1.379 1.285 1.113 1.386 1.576 1.451 1.506 1.721 1.886 1.813 2.246 2.250 2.090 1.796 1.773 1.554 1.552 1.459 1.460 1.887 2.527 3.403 4.700 5.465 6.259 11.198 10.724 15.538 13.000 17.220 16.096 18.507 14.257 14.793 13.657 12.807
1.800 1.350 1.340 1.122 0.996 0.760 0.750 0.648 0.704 0.877 1.063 1.041 0.908 1.056 1.159 1.148 0.896 0.602 0.502 0.000 0.494 0.631 0.830 0.995 1.206 1.360 1.529 1.838 1.940 1.690 1.624 1.421 1.716 1.856 1.784 1.889 1.671 1.388 1.413 1.279 1.142 1.028 0.824 0.746 0.974 1.106 1.173 1.453 1.640 1.396 1.240 0.955 0.973 0.957 0.950 0.985 0.951 1.164 1.160 0.978 1.077 1.312 1.245 1.180 1.387 1.615 1.531 1.855 1.808 1.736 1.461 1.432 1.200 1.243 1.102 1.224 1.558 2.273 2.998 4.215 4.847 7.343 10.817 11.477 13.822 14.578 16.113 19.184 17.969 17.309 13.553 12.637 11.819
1.604 1.097 1.075 0.852 0.766 0.596 0.587 0.565 0.614 0.793 0.924 0.898 0.864 0.930 1.128 1.308 1.141 0.802 0.618 0.497 0.000 0.498 0.555 0.723 0.851 0.930 1.169 1.331 1.517 1.303 1.224 1.059 1.194 1.342 1.246 1.280 1.139 0.935 0.949 0.843 0.823 0.679 0.596 0.588 0.720 0.838 0.894 1.098 1.252 1.059 0.938 0.745 0.815 0.851 0.827 0.793 0.758 0.908 0.896 0.752 0.869 1.014 0.982 0.947 1.143 1.345 1.259 1.505 1.491 1.354 1.172 1.082 0.913 0.904 0.777 0.863 1.149 2.010 2.783 3.695 4.626 5.745 8.956 9.980 10.542 11.412 13.203 14.422 13.817 15.461 12.023 13.109 13.100
1.585 1.084 0.963 0.733 0.657 0.568 0.572 0.597 0.675 0.850 0.986 0.984 0.935 0.926 1.230 1.386 1.188 0.918 0.746 0.576 0.492 0.000 0.491 0.559 0.684 0.767 0.972 1.163 1.336 1.170 1.149 0.966 1.038 1.223 1.152 1.133 1.021 0.846 0.818 0.686 0.678 0.599 0.580 0.632 0.786 0.917 0.988 1.214 1.337 1.151 1.019 0.864 0.881 0.916 0.870 0.874 0.820 0.978 0.974 0.846 0.928 1.098 1.067 1.053 1.206 1.413 1.349 1.612 1.539 1.473 1.240 1.175 0.981 0.958 0.805 0.860 1.097 1.999 2.798 3.909 4.882 6.710 10.370 10.497 10.768 11.384 14.819 13.724 15.430 15.401 13.489 13.293 12.158
1.480 0.974 0.847 0.638 0.567 0.547 0.595 0.735 0.869 1.062 1.195 1.189 1.122 1.044 1.271 1.551 1.390 1.088 0.968 0.750 0.563 0.490 0.000 0.493 0.543 0.657 0.882 1.107 1.283 1.090 1.098 0.908 1.026 1.212 1.163 1.127 0.997 0.809 0.700 0.583 0.625 0.594 0.599 0.645 0.821 0.938 0.975 1.206 1.365 1.181 1.067 0.935 0.986 1.090 1.042 1.040 0.939 1.069 1.081 0.910 0.921 1.129 1.080 0.991 1.162 1.354 1.345 1.543 1.465 1.426 1.186 1.181 0.945 0.934 0.806 0.859 1.050 2.007 2.722 3.873 4.562 6.365 9.108 10.289 11.010 11.939 13.337 17.505 18.358 17.129 14.598 14.946 13.589
1.823 1.307 1.128 0.777 0.621 0.632 0.773 1.013 1.234 1.465 1.662 1.564 1.500 1.284 1.564 1.927 1.801 1.476 1.295 1.033 0.787 0.606 0.496 0.000 0.509 0.798 1.069 1.349 1.634 1.463 1.492 1.264 1.412 1.701 1.570 1.589 1.343 1.037 0.979 0.706 0.800 0.799 0.822 0.841 1.060 1.096 1.186 1.393 1.562 1.386 1.287 1.150 1.207 1.369 1.340 1.405 1.273 1.439 1.372 1.145 1.234 1.440 1.291 1.254 1.485 1.682 1.594 1.912 1.892 1.756 1.486 1.365 1.165 1.144 1.017 1.156 1.334 2.280 3.032 4.033 4.301 5.493 8.151 9.002 11.849 11.808 13.577 15.235 16.062 16.394 15.625 14.459 13.611
1.663 1.196 0.855 0.696 0.704 0.819 0.881 1.170 1.475 1.698 1.782 1.612 1.447 1.294 1.555 1.825 1.714 1.540 1.521 1.371 1.159 0.873 0.663 0.512 0.000 0.498 0.711 0.944 1.185 0.976 1.092 0.937 0.897 1.129 1.248 1.272 1.364 1.105 1.044 0.793 1.030 1.141 1.246 1.377 1.769 1.952 1.810 2.135 2.531 2.270 2.216 1.817 1.880 1.914 1.915 1.767 1.532 1.822 1.974 1.650 1.597 1.992 1.982 1.671 1.914 2.259 2.189 2.371 2.131 2.084 1.882 1.992 1.738 1.841 1.578 1.675 1.697 2.439 3.192 4.473 5.030 6.590 10.563 10.364 12.635 12.250 15.945 16.364 17.283 13.972 14.439 13.910 13.404
1.370 0.897 0.676 0.583 0.700 0.891 1.083 1.324 1.522 1.770 1.854 1.749 1.650 1.500 1.718 2.028 1.956 1.691 1.627 1.383 1.146 0.958 0.728 0.683 0.498 0.000 0.503 0.661 0.895 0.762 0.835 0.703 0.679 0.917 0.945 0.958 0.973 0.834 0.895 0.758 0.984 0.995 1.118 1.134 1.387 1.471 1.329 1.536 1.818 1.764 1.692 1.513 1.630 1.802 1.700 1.768 1.532 1.648 1.726 1.440 1.390 1.639 1.518 1.314 1.459 1.715 1.580 1.721 1.547 1.454 1.350 1.362 1.219 1.332 1.212 1.360 1.427 2.341 3.056 4.356 4.641 6.882 9.908 10.784 13.268 12.903 14.247 16.594 15.776 13.350 12.471 13.212 11.854
1.394 0.965 0.719 0.694 0.940 1.167 1.416 1.658 1.898 2.144 2.234 2.167 2.006 1.912 2.124 2.467 2.403 2.058 1.962 1.675 1.424 1.199 0.935 0.980 0.719 0.506 0.000 0.504 0.638 0.685 0.852 0.787 0.749 0.950 1.087 1.177 1.197 1.028 1.106 1.036 1.278 1.236 1.333 1.426 1.645 1.743 1.680 1.843 2.177 2.080 1.984 1.842 1.915 2.061 2.086 2.074 1.835 2.082 2.071 1.747 1.717 1.983 1.858 1.644 1.761 2.038 1.958 2.102 1.828 1.795 1.651 1.639 1.543 1.611 1.496 1.628 1.733 2.567 3.264 4.398 4.923 7.010 11.217 11.551 12.829 12.724 15.001 17.921 17.177 16.890 15.772 16.796 14.558
1.831 1.363 0.949 0.966 1.172 1.553 1.757 2.141 2.477 2.783 2.802 2.642 2.533 2.393 2.554 2.967 3.082 2.707 2.625 2.314 2.011 1.804 1.355 1.317 0.991 0.764 0.500 0.000 0.582 0.715 1.018 1.021 0.823 1.074 1.337 1.406 1.653 1.397 1.559 1.453 1.824 1.781 2.003 1.988 2.402 2.471 2.243 2.534 3.002 2.818 2.837 2.538 2.692 2.882 2.788 2.686 2.315 2.508 2.632 2.294 2.151 2.504 2.459 2.126 2.315 2.610 2.429 2.613 2.314 2.242 2.178 2.223 2.104 2.320 2.173 2.384 2.423 3.209 3.938 5.132 5.291 6.827 11.534 10.729 14.389 13.112 16.596 15.516 16.104 13.512 14.903 14.697 12.286
1.708 1.352 1.090 1.396 1.678 2.112 2.571 2.977 3.413 3.755 3.822 3.654 3.469 3.187 3.386 3.902 4.093 3.691 3.586 3.146 2.799 2.461 1.965 1.828 1.474 1.103 0.742 0.554 0.000 0.587 0.855 1.125 0.951 1.106 1.430 1.635 1.840 1.770 1.861 1.790 2.269 2.340 2.611 2.594 2.938 2.868 2.636 2.617 3.205 3.165 3.361 3.286 3.411 3.687 3.625 3.511 3.124 3.228 3.194 2.912 2.646 2.790 2.740 2.340 2.434 2.621 2.450 2.416 1.995 2.111 2.085 2.341 2.405 2.665 2.717 2.943 2.897 3.661 4.417 5.688 6.300 7.730 12.081 10.934 13.290 13.117 13.507 15.515 15.124 12.140 12.437 14.013 13.239
1.576 0.974 0.872 0.990 1.307 1.645 1.934 2.286 2.497 2.644 2.820 2.780 2.623 2.553 2.715 3.127 3.133 2.738 2.593 2.327 1.975 1.764 1.481 1.505 1.278 0.959 0.831 0.659 0.552 0.000 0.502 0.609 0.700 0.739 0.776 1.162 1.277 1.227 1.436 1.581 1.877 1.696 1.889 1.735 2.008 1.906 1.659 1.722 2.073 2.122 2.237 2.259 2.416 2.608 2.581 2.549 2.321 2.432 2.375 2.100 1.921 2.148 1.990 1.699 1.814 2.043 1.840 1.898 1.596 1.467 1.363 1.419 1.503 1.709 1.775 2.036 2.209 3.080 3.843 5.085 5.501 6.676 11.012 10.836 13.378 10.739 12.713 13.905 13.523 11.709 10.060 15.139 13.921
1.342 0.805 0.723 0.810 1.069 1.277 1.500 1.778 1.916 2.110 2.216 2.173 2.155 2.035 2.214 2.569 2.487 2.182 2.029 1.780 1.532 1.343 1.160 1.206 1.084 0.832 0.821 0.842 0.724 0.494 0.000 0.489 0.544 0.591 0.572 0.720 0.795 0.828 1.052 1.188 1.380 1.280 1.390 1.347 1.502 1.487 1.399 1.533 1.829 1.775 1.807 1.715 1.865 2.071 1.984 2.005 1.818 1.864 1.889 1.590 1.507 1.716 1.612 1.362 1.500 1.702 1.568 1.657 1.457 1.349 1.229 1.272 1.189 1.323 1.326 1.467 1.614 2.479 3.085 3.957 4.528 5.460 9.438 10.131 8.347 11.044 11.816 14.591 10.342 9.971 7.761 14.422 13.064
1.211 0.763 0.698 0.745 0.951 1.087 1.335 1.549 1.738 1.897 1.972 1.978 1.896 1.856 2.018 2.302 2.226 1.903 1.802 1.545 1.339 1.229 0.959 1.071 0.898 0.680 0.756 0.796 0.773 0.556 0.488 0.000 0.490 0.541 0.578 0.615 0.758 0.785 0.923 1.020 1.221 1.135 1.261 1.185 1.420 1.399 1.264 1.421 1.753 1.633 1.704 1.562 1.708 1.877 1.777 1.760 1.629 1.702 1.687 1.434 1.373 1.516 1.422 1.189 1.323 1.516 1.392 1.463 1.324 1.248 1.117 1.204 1.117 1.303 1.206 1.359 1.474 2.358 3.098 4.298 4.943 6.189 10.239 12.269 10.467 15.167 14.067 19.459 14.729 13.869 11.603 14.054 12.691
1.263 0.778 0.697 0.733 0.953 1.070 1.334 1.529 1.626 1.865 1.943 1.912 1.901 1.845 1.990 2.264 2.237 1.896 1.784 1.578 1.330 1.213 0.996 1.064 0.916 0.680 0.744 0.730 0.736 0.564 0.528 0.487 0.000 0.492 0.545 0.655 0.788 0.806 0.991 1.055 1.260 1.123 1.281 1.216 1.398 1.434 1.298 1.436 1.708 1.650 1.651 1.551 1.677 1.861 1.723 1.736 1.547 1.639 1.664 1.418 1.364 1.551 1.449 1.238 1.373 1.575 1.427 1.543 1.371 1.303 1.163 1.237 1.139 1.287 1.248 1.415 1.518 2.400 3.106 4.386 4.720 5.930 10.638 10.862 12.690 12.840 12.114 16.728 17.767 13.601 16.268 15.170 13.507
1.448 0.943 0.847 0.907 1.105 1.361 1.608 1.935 2.101 2.377 2.385 2.289 2.269 2.126 2.327 2.696 2.661 2.384 2.293 2.033 1.786 1.584 1.268 1.248 1.053 0.832 0.844 0.873 0.842 0.641 0.601 0.554 0.492 0.000 0.504 0.646 0.850 0.953 1.204 1.282 1.538 1.517 1.717 1.586 1.859 1.882 1.666 1.775 2.154 2.075 2.181 1.987 2.200 2.413 2.237 2.224 1.906 2.003 2.110 1.838 1.657 1.938 1.859 1.568 1.680 1.978 1.790 1.876 1.625 1.545 1.385 1.492 1.453 1.681 1.596 1.801 1.909 2.734 3.388 4.674 5.209 6.549 11.462 12.416 11.439 11.719 15.548 13.911 16.759 12.465 12.952 16.820 13.362
1.543 1.040 0.929 1.066 1.214 1.400 1.658 1.905 2.009 2.201 2.281 2.280 2.230 2.184 2.309 2.622 2.532 2.218 2.058 1.875 1.613 1.427 1.222 1.273 1.170 0.975 0.993 1.000 0.965 0.721 0.626 0.585 0.571 0.500 0.000 0.560 0.611 0.778 1.052 1.207 1.358 1.246 1.388 1.357 1.543 1.512 1.435 1.563 1.938 1.854 1.910 1.817 1.929 2.118 2.111 2.089 1.958 2.020 1.987 1.772 1.680 1.900 1.756 1.524 1.631 1.859 1.683 1.802 1.532 1.372 1.289 1.252 1.205 1.294 1.333 1.427 1.605 2.527 3.213 4.339 4.764 6.145 9.933 11.139 10.314 16.968 14.570 22.141 13.819 13.625 12.558 11.868 11.704
1.895 1.415 1.359 1.506 1.779 2.012 2.341 2.582 2.856 3.048 3.250 3.053 2.890 2.743 2.737 3.142 3.230 2.737 2.769 2.440 2.178 1.972 1.636 1.801 1.603 1.270 1.401 1.364 1.267 1.091 0.878 0.793 0.756 0.660 0.534 0.000 0.541 0.709 1.117 1.437 1.645 1.457 1.825 1.856 2.134 2.172 1.990 2.127 2.586 2.574 2.639 2.589 2.565 2.996 2.970 3.038 2.834 2.936 2.966 2.503 2.408 2.658 2.458 2.109 2.287 2.506 2.247 2.333 1.886 1.802 1.723 1.803 1.715 1.788 1.662 1.714 1.713 2.596 3.337 4.537 4.913 7.443 10.384 13.413 12.541 13.055 16.181 17.992 17.291 12.836 15.638 14.778 12.035
1.886 1.327 1.262 1.182 1.360 1.388 1.532 1.689 1.860 2.004 2.224 2.098 1.972 1.855 1.980 2.259 2.195 1.796 1.760 1.454 1.389 1.211 1.036 1.254 1.240 1.041 1.242 1.315 1.286 1.165 1.027 0.777 0.791 0.815 0.581 0.513 0.000 0.523 0.760 1.035 1.114 0.902 1.073 1.142 1.306 1.415 1.447 1.651 1.870 1.818 1.742 1.629 1.606 1.851 1.957 2.030 1.882 2.046 2.000 1.706 1.800 1.976 1.806 1.645 1.899 2.046 1.837 2.042 1.875 1.657 1.450 1.380 1.176 1.149 1.015 1.124 1.327 2.268 3.011 4.405 4.844 7.089 10.501 13.279 13.059 20.139 15.943 17.143 17.263 13.178 14.781 15.214 13.310
1.701 1.151 1.037 0.901 1.060 1.106 1.314 1.465 1.616 1.788 1.963 1.901 1.768 1.687 1.778 2.057 2.003 1.723 1.644 1.373 1.211 1.012 0.821 0.971 0.931 0.820 1.085 1.227 1.312 1.122 1.010 0.780 0.863 0.974 0.715 0.671 0.503 0.000 0.508 0.656 0.867 0.730 0.965 1.021 1.214 1.315 1.301 1.522 1.751 1.641 1.597 1.479 1.548 1.752 1.762 1.783 1.661 1.804 1.821 1.484 1.527 1.779 1.584 1.399 1.631 1.822 1.631 1.844 1.697 1.516 1.318 1.232 1.056 1.105 0.987 1.093 1.196 2.146 2.864 3.950 4.749 6.804 10.275 13.357 11.457 20.906 14.917 20.130 17.936 15.341 13.415 14.477 12.793
2.151 1.557 1.404 1.168 1.189 1.187 1.244 1.398 1.742 1.977 2.082 1.893 1.774 1.538 1.708 2.010 2.035 1.738 1.733 1.457 1.252 0.935 0.741 0.815 0.906 0.995 1.369 1.563 1.768 1.590 1.431 1.121 1.183 1.364 1.083 0.952 0.717 0.515 0.000 0.498 0.682 0.663 0.972 1.144 1.405 1.527 1.544 1.766 2.066 2.011 1.916 1.747 1.800 1.983 2.004 2.037 1.851 2.046 2.152 1.741 1.865 2.107 1.985 1.774 2.111 2.299 2.057 2.310 2.105 1.844 1.645 1.475 1.315 1.292 1.064 1.143 1.220 2.282 2.998 4.368 5.055 6.836 8.437 10.779 12.044 14.485 15.492 16.583 18.116 14.864 13.675 13.921 12.166
1.966 1.462 1.269 1.007 0.983 0.981 1.065 1.246 1.480 1.690 1.801 1.731 1.621 1.452 1.658 1.949 1.836 1.526 1.489 1.246 1.051 0.837 0.659 0.701 0.780 0.865 1.174 1.384 1.641 1.476 1.442 1.146 1.182 1.393 1.260 1.153 0.958 0.720 0.506 0.000 0.544 0.606 0.857 1.034 1.302 1.471 1.480 1.754 1.966 1.882 1.780 1.531 1.590 1.692 1.762 1.745 1.561 1.724 1.827 1.512 1.560 1.845 1.803 1.633 1.851 2.053 1.953 2.142 2.034 1.920 1.706 1.648 1.403 1.328 1.076 1.099 1.220 2.196 2.989 4.256 4.698 7.438 10.086 11.505 13.707 14.504 15.911 14.498 16.213 17.097 16.143 14.804 12.937
2.475 1.943 1.633 1.281 1.256 1.263 1.404 1.567 1.886 2.187 2.394 2.302 2.125 1.909 2.021 2.340 2.229 1.813 1.779 1.384 1.241 0.911 0.741 0.806 0.867 1.022 1.354 1.572 1.942 1.798 1.896 1.503 1.535 1.899 1.762 1.666 1.381 0.982 0.756 0.528 0.000 0.534 0.729 1.038 1.277 1.708 1.935 2.196 2.446 2.283 1.987 1.852 1.597 1.891 2.174 2.269 2.165 2.412 2.502 2.023 2.173 2.569 2.437 2.233 2.530 2.852 2.627 3.005 2.898 2.679 2.246 2.074 1.667 1.497 1.067 0.953 1.171 2.213 3.073 4.277 5.129 6.767 9.999 10.890 13.390 13.862 16.201 17.110 19.116 16.412 16.511 15.216 12.776
1.976 1.501 1.300 1.065 1.018 0.969 1.002 1.061 1.194 1.400 1.593 1.590 1.529 1.377 1.591 1.834 1.679 1.358 1.235 0.931 0.782 0.632 0.673 0.810 0.914 0.986 1.265 1.468 1.699 1.532 1.459 1.236 1.273 1.499 1.310 1.275 1.057 0.810 0.659 0.624 0.511 0.000 0.506 0.647 0.838 1.071 1.220 1.484 1.577 1.515 1.225 1.093 1.043 1.251 1.291 1.386 1.372 1.471 1.457 1.260 1.388 1.564 1.488 1.410 1.678 1.840 1.810 2.071 2.027 1.902 1.576 1.431 1.107 1.031 0.793 0.781 0.987 2.078 2.838 4.041 4.983 6.134 9.593 10.680 10.885 12.660 15.782 17.343 18.850 15.846 15.219 14.319 14.123
2.153 1.656 1.632 1.335 1.289 1.053 1.136 1.177 1.275 1.582 1.743 1.754 1.672 1.461 1.642 1.943 1.890 1.449 1.341 0.968 0.808 0.717 0.784 1.038 1.252 1.347 1.715 1.938 2.176 1.890 1.795 1.490 1.718 1.908 1.688 1.685 1.354 1.044 0.913 0.884 0.719 0.516 0.000 0.512 0.653 0.793 0.934 1.199 1.313 1.165 1.049 0.920 1.047 1.323 1.341 1.476 1.401 1.520 1.410 1.137 1.348 1.495 1.272 1.304 1.591 1.661 1.576 1.924 1.953 1.770 1.431 1.232 0.954 0.856 0.666 0.686 0.878 1.932 2.814 4.221 5.401 6.757 10.184 11.057 13.082 12.967 15.820 16.844 16.042 15.522 14.114 13.544 11.958
1.589 1.085 1.083 0.907 0.889 0.742 0.808 0.803 0.828 0.966 1.133 1.191 1.121 1.162 1.331 1.521 1.354 1.062 0.925 0.702 0.572 0.571 0.636 0.814 0.938 0.958 1.198 1.375 1.531 1.317 1.202 1.016 1.170 1.287 1.167 1.200 1.003 0.831 0.854 0.833 0.783 0.590 0.495 0.000 0.492 0.532 0.623 0.806 0.905 0.784 0.655 0.597 0.701 0.879 0.827 0.929 0.935 1.005 0.931 0.788 0.912 0.980 0.862 0.845 1.052 1.165 1.072 1.314 1.287 1.137 0.926 0.816 0.633 0.582 0.550 0.641 0.986 2.024 2.659 3.976 5.148 6.352 8.958 9.845 10.144 12.847 12.651 17.655 16.702 14.484 12.056 12.990 12.545
1.754 1.258 1.201 1.027 1.010 0.894 0.970 0.958 0.949 1.077 1.275 1.297 1.304 1.297 1.524 1.704 1.511 1.175 1.039 0.836 0.711 0.732 0.771 0.961 1.042 1.070 1.278 1.465 1.582 1.372 1.278 1.120 1.210 1.351 1.226 1.221 1.071 0.868 0.952 0.953 0.895 0.716 0.586 0.489 0.000 0.492 0.577 0.755 0.842 0.666 0.571 0.601 0.712 0.873 0.893 1.029 1.042 1.098 1.000 0.858 0.988 1.078 0.912 0.933 1.133 1.196 1.122 1.374 1.353 1.203 0.972 0.834 0.635 0.567 0.568 0.682 1.027 1.952 2.781 4.047 5.207 6.176 10.477 10.532 10.700 12.573 12.269 17.135 15.803 14.190 13.239 13.408 12.377
1.532 1.083 1.166 1.094 1.129 0.986 1.066 1.028 0.976 1.084 1.272 1.352 1.305 1.364 1.520 1.701 1.471 1.179 1.037 0.872 0.790 0.858 0.894 1.142 1.213 1.206 1.396 1.570 1.601 1.363 1.189 1.076 1.287 1.351 1.188 1.296 1.124 0.970 1.122 1.130 1.089 0.861 0.709 0.540 0.491 0.000 0.488 0.550 0.668 0.566 0.539 0.567 0.674 0.848 0.837 0.988 1.019 1.060 0.902 0.782 0.893 0.922 0.725 0.760 0.925 0.985 0.822 1.075 1.071 0.958 0.717 0.640 0.557 0.570 0.657 0.763 1.117 1.981 2.714 3.815 5.253 6.850 12.264 10.598 12.392 11.490 11.886 12.796 14.497 11.531 11.586 12.853 12.968
1.442 1.019 1.120 1.065 1.086 0.988 1.115 1.099 1.025 1.140 1.313 1.432 1.429 1.494 1.707 1.877 1.645 1.337 1.141 0.960 0.850 0.933 0.921 1.150 1.210 1.143 1.334 1.518 1.541 1.316 1.153 1.040 1.242 1.309 1.170 1.275 1.135 0.992 1.165 1.192 1.179 0.965 0.837 0.619 0.569 0.491 0.000 0.498 0.657 0.547 0.558 0.590 0.753 0.924 0.869 1.021 1.035 1.090 0.925 0.796 0.894 0.902 0.747 0.671 0.879 0.922 0.752 1.016 1.026 0.907 0.681 0.604 0.557 0.625 0.732 0.916 1.301 2.196 2.900 4.032 4.767 5.799 10.290 9.828 12.616 10.284 13.126 12.396 13.166 18.061 9.684 14.358 13.978
1.816 1.423 1.513 1.462 1.497 1.427 1.590 1.655 1.602 1.796 2.042 2.098 2.130 2.099 2.302 2.600 2.390 2.003 1.796 1.509 1.296 1.336 1.378 1.572 1.701 1.623 1.815 2.006 2.119 1.806 1.560 1.473 1.730 1.825 1.645 1.851 1.640 1.493 1.678 1.735 1.711 1.438 1.302 0.996 1.052 0.734 0.517 0.000 0.672 0.637 0.846 0.978 1.271 1.495 1.363 1.580 1.540 1.641 1.369 1.151 1.306 1.329 1.051 1.012 1.327 1.320 1.023 1.356 1.359 1.145 0.860 0.756 0.725 0.966 1.207 1.466 1.861 2.684 3.445 4.587 5.293 6.262 11.192 10.599 11.257 10.499 13.294 12.301 15.901 15.073 11.446 15.271 13.399
2.466 1.954 2.315 2.234 2.519 2.312 2.589 2.545 2.235 2.145 2.598 2.958 2.894 3.116 3.147 3.469 3.020 2.657 2.360 2.131 2.047 2.365 2.311 2.772 2.855 2.613 2.856 3.127 2.927 2.522 2.107 2.081 2.577 2.446 2.125 2.544 2.272 2.183 2.596 2.824 2.739 2.366 2.118 1.696 1.398 0.948 0.717 0.544 0.000 0.549 0.801 1.137 1.454 1.560 1.566 1.996 2.215 2.239 1.757 1.639 2.007 1.791 1.325 1.521 1.897 1.691 1.319 1.612 1.630 1.313 1.125 0.968 1.169 1.436 1.787 2.182 2.649 3.416 4.383 5.476 5.749 6.998 10.422 9.961 12.912 10.469 15.571 11.745 15.492 12.683 14.385 15.344 13.538
1.897 1.519 1.688 1.538 1.531 1.327 1.364 1.296 1.135 1.209 1.422 1.551 1.549 1.671 1.858 1.950 1.693 1.404 1.190 1.074 1.006 1.205 1.269 1.564 1.741 1.774 1.967 2.198 2.223 1.972 1.752 1.551 1.896 1.969 1.830 1.948 1.754 1.462 1.712 1.699 1.580 1.316 1.093 0.842 0.747 0.594 0.585 0.595 0.516 0.000 0.496 0.558 0.705 0.899 0.912 1.134 1.198 1.287 1.037 0.912 1.143 1.131 0.887 0.960 1.228 1.222 1.069 1.339 1.398 1.224 0.973 0.876 0.840 0.929 1.059 1.267 1.688 2.516 3.289 4.509 5.570 6.832 11.641 11.236 13.627 10.409 14.714 12.617 17.126 15.563 14.480 14.494 14.165
1.993 1.508 1.590 1.401 1.385 1.162 1.187 1.066 0.950 1.050 1.259 1.342 1.367 1.449 1.641 1.777 1.577 1.240 1.070 0.923 0.873 1.046 1.122 1.350 1.602 1.578 1.834 2.100 2.152 1.892 1.682 1.463 1.834 1.886 1.692 1.803 1.521 1.337 1.467 1.495 1.334 1.083 0.928 0.727 0.600 0.588 0.628 0.780 0.676 0.494 0.000 0.497 0.553 0.777 0.761 0.965 1.042 1.144 0.955 0.875 1.061 1.082 0.910 0.998 1.242 1.303 1.157 1.511 1.559 1.413 1.136 1.006 0.864 0.889 0.928 1.044 1.403 2.220 3.029 4.163 4.952 5.873 10.279 10.698 14.550 12.571 15.485 14.263 15.890 15.250 13.908 14.902 13.373
2.075 1.625 1.680 1.516 1.387 1.156 1.136 1.008 0.862 0.963 1.199 1.304 1.263 1.411 1.591 1.698 1.460 1.197 0.956 0.861 0.794 1.028 1.192 1.382 1.548 1.671 1.913 2.148 2.311 2.031 1.834 1.669 1.899 1.995 1.834 2.023 1.700 1.479 1.568 1.512 1.358 1.200 0.935 0.800 0.656 0.620 0.730 0.927 0.885 0.597 0.498 0.000 0.521 0.708 0.707 0.858 0.962 1.086 0.934 0.812 1.073 1.096 0.885 1.059 1.318 1.344 1.280 1.617 1.740 1.512 1.254 1.078 0.998 0.965 0.995 1.152 1.530 2.352 3.019 4.163 4.950 5.796 10.924 10.242 13.430 12.380 16.131 15.158 16.834 15.947 13.382 13.203 12.591
2.409 2.030 2.223 2.041 1.982 1.637 1.643 1.422 1.100 1.141 1.433 1.653 1.668 1.902 2.090 2.095 1.716 1.446 1.069 1.078 1.083 1.501 1.715 2.059 2.232 2.313 2.534 2.837 2.992 2.545 2.314 2.147 2.653 2.631 2.438 2.647 2.305 2.089 2.204 2.197 1.981 1.758 1.309 1.045 0.861 0.861 0.994 1.225 1.252 0.898 0.655 0.506 0.000 0.599 0.822 1.104 1.387 1.496 1.260 1.115 1.396 1.432 1.193 1.336 1.562 1.576 1.561 1.888 1.973 1.892 1.602 1.567 1.334 1.346 1.380 1.497 2.048 2.739 3.590 4.867 5.240 7.028 11.334 10.770 14.783 13.118 18.328 16.343 17.784 15.979 14.804 14.544 12.294
3.352 2.812 3.020 2.591 2.436 1.965 1.886 1.528 1.072 1.004 1.268 1.689 1.730 2.092 2.257 2.336 1.967 1.567 1.161 1.225 1.317 1.709 1.999 2.407 2.831 2.937 3.205 3.629 3.826 3.460 3.248 2.929 3.280 3.474 3.024 3.159 2.622 2.442 2.454 2.478 2.215 1.954 1.487 1.371 1.058 1.247 1.592 1.928 1.849 1.464 1.047 0.838 0.542 0.000 0.639 0.901 1.406 1.492 1.344 1.366 1.844 1.824 1.729 1.935 2.344 2.396 2.352 3.133 3.073 2.798 2.414 2.131 1.788 1.493 1.615 1.574 2.080 2.896 3.739 4.723 5.069 6.343 12.538 11.598 15.962 13.578 18.502 17.722 18.286 16.544 15.252 15.086 13.939
2.223 1.790 1.904 1.680 1.456 1.210 1.117 0.924 0.633 0.668 0.826 1.025 1.157 1.372 1.653 1.719 1.489 1.197 0.888 0.914 0.896 1.227 1.378 1.539 1.813 1.965 2.133 2.381 2.550 2.268 2.079 1.947 2.229 2.319 2.209 2.330 2.047 1.827 1.961 1.798 1.669 1.490 1.208 1.071 0.956 1.001 1.132 1.378 1.414 1.047 0.866 0.714 0.703 0.517 0.000 0.497 0.632 0.752 0.695 0.701 0.931 1.007 1.000 1.164 1.345 1.475 1.531 1.879 1.975 1.889 1.648 1.554 1.371 1.312 1.344 1.462 1.798 2.603 3.281 4.259 4.822 6.006 11.440 9.197 14.307 12.502 15.637 14.969 16.653 16.827 13.947 14.161 13.258
1.861 1.369 1.372 1.177 1.026 0.881 0.793 0.717 0.581 0.623 0.707 0.819 0.953 1.086 1.335 1.481 1.303 1.044 0.838 0.859 0.804 0.953 1.033 1.108 1.224 1.354 1.489 1.722 1.873 1.670 1.585 1.465 1.647 1.779 1.770 1.811 1.683 1.425 1.519 1.337 1.319 1.244 1.085 0.992 0.973 1.030 1.059 1.267 1.327 1.052 0.916 0.755 0.785 0.684 0.493 0.000 0.489 0.533 0.539 0.545 0.620 0.754 0.827 0.914 1.003 1.188 1.219 1.604 1.673 1.635 1.377 1.391 1.238 1.288 1.243 1.372 1.624 2.373 3.117 4.012 4.911 6.721 11.037 11.709 14.814 12.906 14.913 14.099 17.192 14.527 14.947 15.379 14.039
1.732 1.241 1.278 1.093 0.978 0.837 0.760 0.638 0.615 0.650 0.699 0.866 0.917 1.029 1.307 1.421 1.237 1.055 0.848 0.863 0.750 0.902 1.001 1.055 1.197 1.321 1.449 1.720 1.942 1.580 1.505 1.379 1.580 1.745 1.689 1.782 1.629 1.402 1.491 1.303 1.258 1.180 1.053 0.961 1.014 1.033 1.013 1.225 1.310 1.060 0.986 0.821 0.909 0.822 0.565 0.489 0.000 0.488 0.515 0.521 0.527 0.628 0.728 0.744 0.835 1.049 1.098 1.377 1.445 1.462 1.265 1.317 1.186 1.271 1.212 1.359 1.590 2.390 3.133 4.082 4.737 6.130 9.897 10.220 15.639 13.150 16.652 16.068 18.419 17.109 14.102 13.196 13.396
1.980 1.582 1.666 1.511 1.236 1.083 0.926 0.856 0.738 0.804 0.843 0.914 1.043 1.168 1.446 1.578 1.404 1.260 1.047 1.093 0.995 1.176 1.291 1.364 1.570 1.751 1.959 2.188 2.305 2.040 1.923 1.858 2.060 2.170 2.153 2.165 2.103 1.801 1.869 1.683 1.597 1.594 1.351 1.223 1.299 1.221 1.136 1.260 1.376 1.132 1.208 0.989 1.125 1.026 0.722 0.534 0.489 0.000 0.491 0.559 0.588 0.579 0.672 0.838 0.854 0.970 1.095 1.410 1.541 1.592 1.395 1.499 1.414 1.555 1.581 1.716 1.972 2.637 3.386 4.268 5.255 6.176 11.483 11.087 15.435 12.969 16.237 14.746 17.512 15.455 13.541 14.155 14.108
1.706 1.271 1.382 1.220 1.114 0.930 0.924 0.826 0.723 0.796 0.822 0.951 1.113 1.222 1.480 1.599 1.436 1.183 0.974 0.969 0.846 1.002 1.071 1.190 1.362 1.448 1.612 1.901 1.942 1.692 1.509 1.414 1.675 1.728 1.622 1.740 1.547 1.386 1.493 1.439 1.372 1.246 1.094 0.900 0.933 0.866 0.809 0.973 1.127 0.875 0.886 0.740 0.882 0.845 0.608 0.530 0.511 0.488 0.000 0.488 0.517 0.534 0.526 0.611 0.714 0.861 0.892 1.199 1.315 1.242 1.037 1.059 0.986 1.094 1.115 1.294 1.580 2.381 3.124 4.049 4.815 6.297 10.070 9.594 13.058 10.812 15.711 14.197 16.317 11.984 12.747 14.066 14.092
1.454 1.078 1.160 1.050 0.957 0.832 0.857 0.814 0.717 0.788 0.848 0.959 1.068 1.150 1.478 1.626 1.417 1.205 0.973 0.940 0.777 0.919 0.951 1.096 1.217 1.219 1.393 1.654 1.675 1.418 1.283 1.185 1.433 1.497 1.434 1.577 1.439 1.246 1.332 1.293 1.285 1.173 1.042 0.871 0.911 0.876 0.806 1.013 1.183 0.950 0.885 0.760 0.877 0.833 0.607 0.550 0.517 0.507 0.487 0.000 0.488 0.516 0.530 0.537 0.627 0.810 0.855 1.175 1.241 1.224 0.996 1.058 0.953 1.081 1.100 1.285 1.553 2.391 3.185 4.258 4.864 6.385 10.153 10.848 11.928 12.135 14.092 13.977 16.365 14.616 12.683 13.100 13.774
1.531 1.182 1.258 1.132 1.017 0.870 0.847 0.806 0.729 0.824 0.902 1.010 1.110 1.181 1.440 1.587 1.375 1.159 1.005 0.912 0.769 0.911 0.999 1.133 1.322 1.349 1.507 1.768 1.815 1.507 1.411 1.357 1.591 1.655 1.633 1.673 1.557 1.369 1.454 1.387 1.310 1.198 1.033 0.886 0.964 0.927 0.857 1.042 1.211 1.005 0.962 0.788 0.924 0.898 0.656 0.603 0.528 0.523 0.511 0.487 0.000 0.490 0.516 0.537 0.566 0.686 0.822 1.105 1.181 1.240 1.057 1.105 1.036 1.114 1.154 1.279 1.559 2.351 3.041 4.003 4.743 5.893 10.592 9.181 12.557 10.310 14.066 11.988 15.595 15.997 11.237 13.569 13.461
1.716 1.400 1.491 1.379 1.188 1.048 1.041 1.013 0.930 1.072 1.053 1.143 1.295 1.392 1.732 1.896 1.694 1.554 1.262 1.206 1.055 1.194 1.263 1.346 1.549 1.652 1.820 2.114 2.194 1.858 1.753 1.671 1.947 2.051 1.988 2.125 1.971 1.721 1.827 1.695 1.612 1.553 1.317 1.165 1.174 1.074 0.929 1.056 1.205 0.979 1.071 0.943 1.148 1.165 0.860 0.757 0.631 0.562 0.560 0.533 0.490 0.000 0.491 0.553 0.597 0.669 0.792 1.124 1.258 1.279 1.128 1.206 1.181 1.338 1.423 1.660 1.935 2.646 3.379 4.286 5.282 6.715 11.469 10.745 13.296 11.770 15.307 13.582 15.907 13.434 12.053 13.950 13.172
1.434 1.089 1.197 1.102 1.052 0.924 0.996 0.978 0.866 0.993 1.057 1.154 1.282 1.348 1.670 1.826 1.595 1.365 1.158 1.050 0.900 1.022 1.035 1.170 1.304 1.296 1.477 1.742 1.760 1.465 1.296 1.203 1.492 1.516 1.406 1.568 1.415 1.220 1.401 1.383 1.365 1.179 1.082 0.875 0.937 0.830 0.689 0.894 1.043 0.842 0.910 0.790 0.977 1.013 0.780 0.717 0.677 0.588 0.530 0.515 0.501 0.488 0.000 0.488 0.529 0.616 0.627 0.993 1.080 1.037 0.847 0.913 0.867 1.004 1.076 1.265 1.583 2.411 3.154 4.127 4.727 5.598 10.798 10.015 12.296 9.702 13.557 12.743 14.966 14.340 11.661 14.360 14.274
1.421 1.021 1.128 1.038 1.027 0.900 1.001 1.014 0.931 1.046 1.156 1.261 1.296 1.436 1.680 1.868 1.651 1.369 1.162 1.058 0.895 1.013 0.993 1.164 1.271 1.235 1.426 1.622 1.649 1.387 1.244 1.180 1.381 1.466 1.407 1.527 1.406 1.241 1.361 1.335 1.324 1.186 1.052 0.863 0.934 0.842 0.706 0.887 1.053 0.844 0.873 0.794 0.977 1.029 0.812 0.784 0.737 0.686 0.592 0.534 0.534 0.510 0.488 0.000 0.492 0.607 0.637 1.018 1.050 1.059 0.890 0.941 0.879 0.993 1.054 1.256 1.564 2.423 3.143 4.388 4.997 6.234 10.023 11.316 11.274 13.080 14.420 15.512 15.591 14.390 11.800 13.930 15.272
1.659 1.326 1.490 1.348 1.300 1.138 1.260 1.277 1.189 1.405 1.482 1.574 1.625 1.688 1.936 2.127 1.984 1.670 1.458 1.278 1.077 1.251 1.265 1.519 1.688 1.700 1.916 2.213 2.245 1.864 1.699 1.652 2.010 2.095 2.019 2.135 1.941 1.676 1.756 1.724 1.636 1.511 1.310 1.081 1.198 1.126 0.965 1.186 1.430 1.184 1.277 1.035 1.256 1.356 1.108 1.064 0.988 0.903 0.832 0.660 0.616 0.584 0.562 0.493 0.000 0.514 0.676 1.088 1.228 1.313 1.116 1.247 1.136 1.342 1.376 1.543 1.866 2.567 3.284 4.338 5.054 7.034 11.490 10.392 14.308 11.686 15.324 14.929 15.319 15.686 13.231 16.637 15.357
2.093 1.928 2.170 2.048 1.774 1.698 1.787 1.841 1.823 2.202 2.084 2.156 2.382 2.484 2.791 3.089 2.962 2.725 2.433 2.228 1.901 2.039 2.074 2.217 2.385 2.507 2.659 3.139 3.212 2.671 2.532 2.430 2.985 3.139 3.097 3.409 3.092 2.654 2.961 2.718 2.715 2.585 2.345 2.056 2.114 1.885 1.433 1.473 1.797 1.671 1.948 1.787 2.173 2.319 1.852 1.617 1.395 1.240 1.314 1.119 0.837 0.831 0.883 0.753 0.541 0.000 0.620 1.094 1.437 1.528 1.378 1.700 1.885 2.270 2.414 2.727 3.086 3.732 4.691 5.717 6.358 7.825 11.630 10.418 14.176 12.517 16.558 16.197 16.098 16.357 13.088 14.925 13.950
2.289 1.818 2.351 2.305 2.409 2.245 2.563 2.678 2.498 2.851 2.777 2.904 3.337 3.308 3.595 4.034 3.826 3.500 2.998 2.702 2.281 2.536 2.460 2.783 2.907 2.698 3.043 3.373 3.341 2.756 2.409 2.372 2.871 2.921 2.553 3.003 2.666 2.538 2.941 3.028 3.044 2.608 2.526 2.101 2.279 1.853 1.444 1.399 1.829 1.780 2.047 1.961 2.506 2.650 2.269 2.288 2.265 1.745 1.734 1.659 1.435 1.176 1.073 0.980 0.861 0.539 0.000 0.844 1.216 1.285 1.143 1.462 1.744 2.054 2.383 2.717 3.098 3.846 4.663 5.847 6.523 7.203 10.711 11.461 12.345 11.318 15.508 13.501 17.143 17.527 13.270 15.437 14.595
2.442 2.205 2.685 2.857 3.197 3.130 3.527 3.667 3.223 3.245 3.670 4.087 4.057 4.445 4.627 4.972 4.571 4.245 3.465 3.343 2.915 3.453 3.360 3.910 3.932 3.720 3.709 3.978 3.805 3.007 2.493 2.766 3.406 3.074 2.993 3.694 3.607 3.247 3.833 4.214 4.228 3.680 3.240 2.707 2.591 2.266 1.668 1.754 2.220 1.870 2.237 2.167 2.755 2.972 2.351 2.628 2.852 2.525 2.003 2.067 2.163 1.661 1.337 1.488 1.453 1.020 0.684 0.000 0.540 0.940 1.308 1.820 2.242 2.634 3.013 3.566 4.230 4.837 5.858 6.856 7.638 8.877 11.034 10.940 12.682 11.591 15.692 13.565 16.320 19.244 12.403 13.666 12.073
2.140 1.903 2.305 2.480 2.841 3.053 3.358 3.577 3.548 3.953 4.016 4.116 4.150 4.191 4.497 4.862 4.761 4.422 3.995 3.504 3.221 3.300 3.102 3.449 3.335 3.001 3.007 3.239 2.966 2.417 1.931 2.152 2.483 2.300 2.093 2.468 2.464 2.526 3.042 3.392 3.604 3.250 3.075 2.665 2.740 2.410 1.814 1.689 2.260 2.201 2.661 2.651 3.166 3.483 3.201 3.204 2.990 2.780 2.606 2.441 2.338 1.970 1.726 1.614 1.638 1.285 1.013 0.533 0.000 0.575 1.010 1.431 1.826 2.332 2.654 3.239 3.569 4.299 5.075 6.101 6.744 8.032 11.760 11.317 11.223 10.845 15.600 12.894 14.659 12.186 9.793 14.198 11.691
1.716 1.349 1.614 1.747 2.009 2.072 2.336 2.490 2.444 2.662 2.911 2.963 2.922 2.945 3.098 3.343 3.225 2.840 2.599 2.220 2.030 2.129 1.985 2.306 2.294 2.020 2.167 2.370 2.204 1.777 1.471 1.512 1.914 1.789 1.663 1.900 1.751 1.681 2.069 2.312 2.329 1.924 1.867 1.576 1.554 1.362 1.110 1.088 1.470 1.546 1.718 1.767 2.013 2.322 2.198 2.384 2.296 2.213 2.045 1.789 1.813 1.761 1.466 1.294 1.449 1.408 1.019 0.825 0.524 0.000 0.540 0.770 0.954 1.292 1.524 1.830 2.259 2.938 3.721 4.860 5.343 6.744 10.825 11.648 12.207 11.264 16.222 20.577 13.844 9.862 10.923 13.995 12.723
1.442 1.074 1.309 1.313 1.485 1.531 1.793 1.846 1.834 2.009 2.211 2.262 2.214 2.226 2.380 2.517 2.378 2.062 1.904 1.594 1.448 1.485 1.382 1.649 1.678 1.468 1.677 1.859 1.778 1.455 1.209 1.190 1.420 1.433 1.289 1.438 1.320 1.221 1.441 1.626 1.636 1.339 1.288 1.067 1.057 0.931 0.778 0.804 1.110 1.137 1.227 1.281 1.475 1.722 1.643 1.777 1.714 1.727 1.529 1.324 1.337 1.314 1.125 0.985 1.116 1.105 0.872 0.867 0.707 0.505 0.000 0.506 0.628 0.844 1.000 1.238 1.577 2.413 3.200 4.210 5.183 6.756 10.459 11.301 10.439 13.592 12.459 21.315 16.535 12.244 11.311 13.560 13.116
1.615 1.132 1.323 1.257 1.396 1.318 1.503 1.484 1.436 1.589 1.788 1.884 1.831 1.853 1.966 2.173 1.994 1.650 1.507 1.248 1.146 1.208 1.161 1.443 1.548 1.384 1.615 1.778 1.743 1.486 1.233 1.135 1.381 1.399 1.214 1.351 1.177 1.106 1.283 1.430 1.342 1.127 1.005 0.830 0.819 0.730 0.605 0.633 0.915 0.891 0.992 0.984 1.148 1.365 1.324 1.461 1.481 1.498 1.318 1.145 1.241 1.240 1.019 0.961 1.146 1.157 0.906 1.018 0.941 0.721 0.497 0.000 0.505 0.652 0.802 1.012 1.354 2.196 2.918 4.232 5.133 7.054 10.806 13.207 14.281 18.988 16.745 16.616 13.475 12.602 10.573 17.138 15.198
1.486 1.017 1.128 1.052 1.101 1.017 1.173 1.180 1.148 1.239 1.428 1.518 1.479 1.540 1.719 1.891 1.682 1.377 1.214 1.016 0.904 0.972 0.956 1.152 1.236 1.152 1.365 1.583 1.602 1.331 1.122 0.999 1.217 1.277 1.112 1.197 1.009 0.909 1.071 1.142 1.135 0.906 0.821 0.618 0.656 0.580 0.560 0.647 0.897 0.798 0.795 0.815 0.920 1.089 1.043 1.113 1.149 1.184 1.067 0.917 1.010 1.056 0.901 0.824 1.023 1.100 0.922 1.096 1.050 0.846 0.612 0.496 0.000 0.501 0.588 0.823 1.183 2.052 2.739 3.848 5.610 6.659 10.994 13.887 17.149 19.332 18.925 15.914 18.258 15.861 12.750 15.833 14.931
1.785 1.281 1.364 1.224 1.280 1.110 1.262 1.247 1.232 1.412 1.562 1.618 1.590 1.598 1.756 1.960 1.790 1.435 1.308 1.054 0.960 1.008 1.000 1.284 1.404 1.378 1.633 1.849 1.912 1.621 1.397 1.220 1.468 1.536 1.295 1.367 1.082 1.000 1.156 1.252 1.161 0.886 0.738 0.587 0.593 0.592 0.625 0.807 0.985 0.888 0.868 0.850 0.988 1.184 1.130 1.281 1.263 1.340 1.236 1.021 1.156 1.195 1.005 0.981 1.198 1.264 1.085 1.334 1.343 1.125 0.846 0.664 0.500 0.000 0.506 0.660 1.058 2.000 2.859 4.147 5.853 7.834 16.172 12.642 14.712 15.185 13.702 17.615 16.515 12.351 14.784 14.099 12.742
2.050 1.499 1.601 1.455 1.473 1.267 1.405 1.330 1.393 1.555 1.799 1.762 1.629 1.612 1.732 1.916 1.829 1.484 1.404 1.107 1.002 1.017 1.053 1.360 1.513 1.659 1.855 2.161 2.194 1.873 1.621 1.428 1.692 1.779 1.524 1.588 1.271 1.029 1.190 1.249 1.106 0.830 0.711 0.639 0.684 0.755 0.831 0.955 1.164 1.076 1.043 1.039 1.130 1.391 1.381 1.511 1.483 1.649 1.456 1.218 1.419 1.493 1.240 1.241 1.495 1.551 1.299 1.588 1.602 1.292 1.069 0.831 0.651 0.511 0.000 0.504 0.881 1.791 2.693 3.501 4.962 5.545 13.111 13.660 14.987 15.423 15.522 13.739 14.228 12.791 13.441 12.993 12.634
2.553 2.044 2.127 1.827 1.866 1.605 1.881 1.787 1.864 2.192 2.479 2.424 2.322 2.254 2.289 2.553 2.494 1.927 1.877 1.427 1.274 1.281 1.337 1.806 1.972 2.003 2.449 2.793 2.930 2.532 2.358 1.972 2.406 2.532 2.195 2.258 1.735 1.408 1.393 1.596 1.373 0.899 0.767 0.797 0.920 1.171 1.304 1.545 1.752 1.637 1.507 1.419 1.482 1.829 1.889 2.071 1.960 2.088 2.014 1.642 1.817 1.934 1.719 1.697 1.972 2.052 1.868 2.292 2.254 2.066 1.717 1.565 1.119 0.934 0.530 0.000 0.562 1.468 2.515 3.866 4.916 5.904 15.826 9.832 13.381 14.052 14.975 15.700 17.499 14.401 16.194 14.143 13.769
7.203 6.089 5.953 4.901 4.824 4.221 4.700 4.645 5.039 5.587 6.466 6.064 5.684 5.033 5.100 5.666 5.998 4.743 4.686 3.489 3.442 3.172 3.395 4.000 4.547 4.897 6.187 6.547 7.575 6.990 6.653 5.357 5.635 6.625 5.382 4.953 3.724 3.486 2.533 3.094 2.605 1.627 2.021 2.661 2.357 2.953 3.880 4.283 4.115 4.231 3.426 3.810 3.372 4.474 5.236 5.530 5.550 6.012 5.587 4.787 5.779 6.008 5.303 5.375 6.789 6.595 5.871 7.096 7.574 6.562 5.453 4.246 3.224 2.372 1.688 0.663 0.000 1.056 2.521 3.979 4.844 6.431 11.513 12.014 18.286 16.263 21.730 20.931 21.938 20.754 19.059 17.989 17.414
9.752 7.756 9.231 7.370 8.551 7.406 9.411 9.653 10.706 12.063 13.035 12.700 11.065 10.441 9.924 11.058 10.675 9.669 9.759 8.019 7.224 6.067 5.586 7.804 9.027 9.090 11.149 12.086 13.169 11.185 8.958 8.244 9.756 11.151 8.665 9.030 6.840 5.007 5.341 6.015 4.831 3.543 4.519 4.909 6.835 7.822 6.686 8.182 10.748 10.705 10.730 9.159 9.785 10.886 11.478 12.521 11.399 12.456 11.913 9.764 10.347 11.259 10.085 7.992 10.386 10.985 9.005 10.248 9.915 9.213 7.265 6.529 4.905 5.300 3.568 2.793 0.873 0.000 2.067 3.967 6.442 7.404 11.956 13.532 17.742 16.721 22.060 20.715 20.895 20.283 18.188 17.652 17.076
17.164 16.268 16.119 13.605 12.153 9.714 10.408 9.916 11.481 13.462 14.552 13.316 12.072 10.340 9.462 12.159 13.140 9.978 11.389 7.817 7.825 6.933 7.738 9.625 12.395 13.244 16.235 18.074 18.938 17.702 17.341 15.379 16.869 17.721 16.011 15.028 12.195 10.251 8.177 8.127 5.954 5.670 5.575 7.625 9.129 11.593 13.392 15.809 15.910 15.065 13.604 11.329 10.832 12.270 12.647 12.952 12.084 13.930 13.670 12.414 12.995 14.497 14.130 14.257 15.576 16.460 16.269 18.274 18.852 18.080 16.453 15.174 12.864 10.420 7.437 5.613 3.594 1.435 0.000 1.441 4.871 6.239 10.767 11.247 14.923 16.247 19.587 19.760 21.348 21.453 22.052 22.321 22.696
16.687 15.939 16.157 14.002 12.233 11.162 10.543 10.988 11.802 12.694 13.315 12.829 11.236 10.126 10.090 10.621 11.157 10.694 11.099 10.023 10.456 8.752 9.758 9.715 11.953 13.080 15.090 16.577 17.992 17.281 17.114 15.522 16.230 17.226 16.851 15.132 13.329 11.016 8.298 8.278 6.925 7.231 7.813 11.206 12.837 15.155 16.014 16.103 15.077 15.075 13.910 14.129 13.263 12.816 13.567 13.065 12.469 14.258 14.249 13.607 13.695 14.956 14.757 14.338 15.151 15.865 15.524 17.094 17.006 17.361 17.405 16.541 14.851 12.664 10.142 6.763 4.290 3.144 1.439 0.000 0.907 2.481 3.822 5.695 8.051 10.587 13.090 15.656 16.233 16.247 18.247 18.516 19.631
18.883 17.424 16.771 14.835 13.720 13.689 12.559 12.277 14.250 14.371 15.348 14.323 11.820 11.239 10.409 10.616 12.453 11.471 12.875 12.167 13.527 12.020 12.995 11.085 13.151 13.767 15.949 17.003 18.916 17.559 17.835 15.607 16.792 17.799 17.423 15.871 15.233 13.296 11.756 10.272 9.350 10.288 10.210 12.984 13.960 17.031 17.580 17.389 17.633 17.912 17.958 15.720 15.460 15.669 16.043 14.639 14.524 15.804 16.341 15.714 15.326 17.641 17.185 16.601 17.462 18.828 17.288 19.170 18.293 19.538 18.462 20.679 16.283 15.548 12.801 9.055 5.735 4.078 3.352 0.743 0.000 0.914 1.814 3.369 4.575 6.692 9.094 11.332 12.241 13.408 14.422 15.546 17.673
17.159 17.365 15.730 15.266 13.485 14.607 12.335 12.178 13.643 13.814 14.235 13.374 12.354 11.278 10.472 10.457 12.170 11.664 12.030 12.183 13.369 11.399 12.398 12.232 12.994 13.903 15.169 16.139 16.779 15.976 17.259 15.920 16.515 16.492 16.591 14.226 13.501 12.888 11.557 11.059 9.160 11.216 10.847 12.677 12.828 14.543 17.214 18.558 17.568 18.497 17.596 15.412 14.839 14.620 15.433 14.603 14.416 14.838 15.558 15.015 14.945 16.069 16.133 16.559 16.019 17.372 17.776 18.402 17.616 18.711 20.408 16.190 15.125 12.951 14.165 10.885 6.803 4.614 3.733 2.375 0.675 0.000 0.715 1.403 2.424 3.494 4.352 6.299 7.388 8.567 10.226 11.698 13.868
17.696 18.596 16.680 15.841 15.201 14.313 12.063 11.997 13.504 13.090 13.715 13.006 10.090 11.145 9.662 9.273 10.616 11.322 10.867 14.527 14.705 13.112 13.540 12.204 14.058 13.626 15.810 17.158 17.979 17.069 18.689 14.154 16.499 17.312 15.245 14.780 16.941 15.526 12.845 9.814 9.104 14.654 14.072 17.113 18.022 15.920 15.924 19.559 19.436 20.237 19.117 16.079 15.650 14.580 16.928 14.457 14.042 15.064 17.334 16.990 14.423 18.911 17.320 18.114 18.790 19.306 19.906 18.700 19.597 20.349 17.167 17.050 17.656 16.514 16.996 11.313 6.767 5.804 4.078 2.474 1.421 0.593 0.000 0.618 1.059 1.584 1.902 2.430 2.896 4.106 5.186 6.906 8.884
18.230 16.213 15.324 13.015 13.515 12.480 12.029 12.192 12.523 12.845 13.258 12.603 11.228 10.733 9.866 9.888 10.635 11.662 10.917 12.048 13.143 11.221 11.766 11.796 12.749 11.760 15.242 15.759 16.562 16.223 17.552 13.526 14.844 16.274 16.346 14.860 16.617 12.795 11.485 10.184 9.083 12.503 10.804 14.622 15.706 15.632 15.403 17.111 16.903 18.849 16.677 14.147 13.891 14.793 15.948 14.525 13.799 14.976 14.662 15.415 15.315 17.890 16.624 16.471 17.320 17.425 19.414 18.897 18.212 15.305 16.647 18.467 20.070 16.497 17.501 6.679 6.833 5.984 4.833 2.917 1.699 1.047 0.550 0.000 0.549 0.858 1.321 1.785 2.144 2.944 3.938 6.183 8.885
18.898 15.301 14.967 15.209 13.888 14.865 13.620 13.219 15.933 13.592 14.175 13.515 12.149 12.363 11.445 10.537 10.962 12.427 13.160 15.248 16.629 14.783 13.752 12.560 13.901 13.193 15.713 15.346 17.901 16.965 17.229 13.066 15.997 16.897 16.903 15.143 12.613 14.527 11.836 9.873 10.427 13.092 11.707 16.132 16.404 16.004 20.355 21.881 21.297 19.885 18.691 16.207 14.894 15.383 18.039 14.149 15.668 16.730 18.022 18.820 16.470 20.901 19.419 16.739 19.777 21.050 19.846 19.384 19.108 16.612 20.324 21.147 23.554 18.334 14.460 11.133 8.090 7.156 5.130 3.564 2.418 1.625 0.960 0.546 0.000 0.540 0.834 1.165 1.619 2.158 2.887 4.746 6.972
15.561 17.345 15.728 16.487 13.354 14.155 11.402 13.487 13.378 12.189 14.325 12.726 11.233 11.004 10.349 10.000 10.642 11.286 12.067 14.311 15.318 13.340 14.895 13.204 13.112 15.818 15.427 15.910 17.287 15.867 19.123 16.622 15.733 17.057 15.023 13.415 14.691 15.463 11.245 10.680 9.798 12.384 12.138 16.282 14.947 16.925 18.173 21.010 18.320 19.360 17.288 16.055 15.258 14.389 17.589 13.303 13.561 14.713 17.590 15.834 16.014 20.343 17.166 16.484 21.013 19.737 18.772 17.731 18.428 20.992 17.392 14.345 21.515 16.258 16.148 9.495 8.218 6.922 4.765 3.501 2.436 1.495 1.055 0.737 0.519 0.000 0.534 0.773 1.080 1.473 2.244 4.619 7.112
16.435 18.206 15.541 13.966 14.306 14.812 13.107 13.845 14.541 13.414 14.103 13.431 12.396 12.842 11.899 10.268 10.966 13.108 12.628 13.069 16.612 12.828 14.592 13.621 13.004 15.132 14.630 14.970 15.913 14.974 20.688 16.009 15.474 16.384 11.785 16.389 11.996 14.448 10.628 10.057 8.784 12.664 14.414 15.893 14.241 16.972 20.131 20.646 20.390 18.448 19.083 16.964 17.306 14.274 16.887 13.987 16.334 16.080 17.306 18.800 18.278 20.277 16.734 17.175 18.228 19.419 22.123 20.064 21.334 19.382 26.138 19.303 19.865 12.976 14.783 10.796 8.093 6.128 4.718 3.800 2.650 1.826 1.341 1.041 0.754 0.516 0.000 0.521 0.793 1.224 1.843 4.242 6.288
17.542 22.384 16.606 17.935 15.121 16.428 13.507 14.255 13.586 13.526 14.631 13.677 12.527 11.989 11.836 11.825 12.432 13.308 13.111 14.541 16.551 13.656 16.217 13.172 13.197 15.706 13.576 12.921 15.277 15.627 17.849 16.333 14.685 15.435 16.771 15.771 13.507 12.190 11.680 10.892 10.016 12.694 12.592 18.735 16.126 17.532 18.965 21.264 18.836 19.690 20.471 18.644 17.737 16.361 17.631 14.500 16.707 15.773 18.915 16.925 17.062 19.150 16.287 18.306 18.001 17.822 17.934 19.236 18.231 20.687 25.695 21.170 18.734 18.559 16.360 12.255 9.840 7.152 5.305 4.362 3.047 2.102 1.678 1.319 0.984 0.753 0.517 0.000 0.552 0.978 1.916 3.980 6.292
19.008 15.441 16.204 14.102 14.321 13.864 14.334 14.390 15.298 15.154 15.787 14.151 13.204 14.078 12.559 12.275 12.947 14.223 13.622 13.744 15.451 13.530 15.007 13.461 14.579 14.842 14.082 16.436 17.115 17.447 15.819 15.786 15.365 16.826 12.553 15.119 15.834 14.408 11.707 11.578 9.911 12.589 12.464 15.583 16.586 19.090 18.371 20.927 20.713 19.747 18.055 18.193 17.698 16.470 17.500 16.321 17.193 16.397 17.289 19.080 17.882 19.640 17.750 17.633 17.765 17.588 20.111 19.109 18.439 20.488 20.847 20.291 19.635 15.162 16.013 11.817 9.655 8.197 6.570 5.152 4.222 3.267 2.552 1.992 1.635 1.230 0.928 0.571 0.000 0.572 1.428 3.198 5.700
21.443 21.324 14.779 18.268 14.550 16.047 15.057 15.894 17.764 17.806 18.481 16.357 15.262 15.083 15.003 15.193 16.389 17.097 16.149 15.090 17.598 15.072 15.423 14.573 14.837 14.162 15.936 16.539 17.483 16.940 17.863 14.984 15.961 19.319 17.260 16.360 16.394 14.427 13.219 13.357 12.166 14.333 14.773 16.127 17.328 19.662 21.450 20.850 23.935 22.831 20.933 19.968 18.434 18.089 19.630 17.187 18.583 17.795 20.224 20.186 18.426 20.027 21.465 18.688 19.184 21.619 20.694 18.858 21.473 21.171 22.239 20.526 19.166 18.826 15.226 13.993 11.916 11.254 9.908 8.954 7.641 6.239 4.895 3.936 2.890 2.210 1.620 1.118 0.578 0.000 0.789 3.084 5.372
16.520 19.964 18.303 19.203 18.205 18.930 18.428 18.985 19.618 19.657 20.162 19.941 19.303 19.334 19.375 19.616 20.005 20.081 18.877 18.422 19.045 17.904 19.017 18.214 18.488 17.168 19.430 17.797 18.092 16.641 17.873 17.609 18.538 18.664 18.291 17.356 17.421 17.746 17.389 17.982 17.870 17.230 17.243 19.730 18.863 20.678 21.097 21.809 21.554 21.183 20.103 19.695 19.672 19.208 20.117 19.360 19.326 19.654 19.907 21.122 19.581 20.472 21.542 20.034 19.698 20.709 21.245 22.307 19.311 20.941 22.557 20.663 20.640 20.112 18.134 17.948 17.705 17.674 17.875 18.439 16.790 16.173 13.959 12.488 11.159 9.361 7.182 4.658 3.759 1.238 0.000 1.702 3.628
15.421 17.258 16.714 19.407 20.751 21.291 21.348 22.018 22.724 23.346 23.870 23.346 23.381 22.621 22.706 23.896 24.002 23.270 23.042 21.925 21.575 20.837 20.757 20.498 20.572 18.839 19.180 19.242 17.749 17.367 18.434 18.154 18.524 18.381 18.334 19.139 19.531 19.651 19.330 20.037 20.902 20.030 20.503 21.110 21.239 22.034 22.951 22.616 22.305 22.453 22.578 22.103 22.452 23.068 22.646 23.091 22.368 22.890 22.558 22.214 21.615 22.222 22.199 22.536 20.842 22.129 21.167 19.475 18.546 19.841 20.940 22.958 22.190 21.442 20.641 20.972 20.455 21.321 21.415 21.736 20.533 19.386 17.865 16.245 14.503 12.042 10.093 6.904 5.429 3.912 1.043 0.001 1.633
14.377 18.305 18.338 21.642 23.217 24.939 25.951 26.785 27.330 27.847 27.976 27.769 27.890 27.251 27.897 28.424 28.466 28.140 27.822 27.156 26.369 26.056 24.911 25.362 24.861 22.734 21.044 21.212 19.588 17.029 17.598 20.195 21.090 19.847 21.205 23.278 23.890 23.726 25.137 25.621 26.253 25.716 26.404 25.765 26.340 25.792 24.437 24.685 25.997 26.049 27.060 26.566 27.192 27.696 27.365 27.348 26.387 26.283 26.184 25.586 24.400 24.768 24.551 22.221 20.617 22.869 21.330 19.439 17.274 20.374 21.540 23.808 23.360 25.353 25.685 26.947 26.818 27.531 27.875 28.028 27.517 26.927 25.660 24.534 23.006 20.076 16.359 13.097 9.033 7.393 4.299 1.320 0.002
