65.146
76.112
86.051
80.697
85.021
86.781
84.381
83.567
85.473
87.526
83.464
83.208
85.692
87.822
87.791
86.229
86.352
83.998
80.554
72.069
63.466
59.321
48.895
46.255
52.183
60.762
75.325
83.043
86.849
90.158
90.803
91.787
89.316
86.213
78.248
79.867
79.066
85.325
91.738
91.908
93.842
94.222
93.609
91.807
88.802
87.370
85.764
86.115
88.075
87.989
87.739
87.837
86.497
86.169
85.964
86.745
87.505
89.942
90.633
92.941
94.317
95.269
94.287
93.161
91.799
89.014
89.708
90.724
91.671
92.351
91.604
89.923
90.095
90.245
90.537
90.109
91.643
88.936
89.100
88.498
89.823
87.810
87.289
89.907
88.751
84.726
87.297
85.679
86.064
82.120
71.946
58.576
51.922
