77.655
77.957
74.935
72.596
76.810
79.284
78.598
80.652
82.096
85.218
85.994
87.277
89.626
86.654
85.497
87.483
87.517
84.865
85.863
86.389
85.000
82.404
77.699
82.975
84.906
84.130
83.731
84.470
84.256
82.226
81.018
78.774
76.236
73.565
72.129
72.704
77.110
82.710
85.578
87.487
88.472
88.990
88.953
86.572
82.819
76.485
80.175
80.160
84.766
89.587
89.975
92.040
93.543
93.587
93.229
91.110
90.131
90.057
91.209
92.470
90.634
88.029
86.769
85.982
86.183
85.400
88.732
88.504
91.515
91.498
92.505
93.107
93.996
92.690
90.967
88.444
84.168
86.979
89.109
89.321
90.147
89.579
88.335
89.257
90.378
89.853
89.071
90.576
87.655
87.525
87.886
86.340
80.534
