57.497
70.934
73.820
71.182
68.268
72.082
75.415
73.677
75.993
78.704
82.460
83.725
84.190
87.405
83.850
82.095
84.169
84.377
81.604
82.319
83.396
82.438
78.646
75.367
81.175
82.662
80.370
80.427
80.266
80.403
78.127
77.607
75.943
75.083
74.952
74.702
76.393
81.378
85.660
87.809
89.565
90.105
90.220
89.921
87.435
83.686
78.029
82.751
83.609
86.584
90.756
91.041
93.103
94.189
94.443
93.993
91.660
90.833
90.816
91.634
93.104
91.203
89.415
87.319
85.599
85.168
85.544
88.860
88.985
92.501
92.670
93.629
94.170
94.852
93.701
92.170
90.029
86.412
88.735
90.604
90.684
91.593
90.781
89.489
90.584
91.870
91.400
91.237
92.074
89.351
89.653
88.990
82.241
