86.938
87.426
86.231
85.758
87.292
90.700
90.812
92.372
92.978
92.695
92.289
93.535
93.102
92.678
92.956
91.970
91.257
89.925
87.420
87.515
90.651
91.166
89.695
90.061
88.734
87.329
82.306
74.054
55.091
51.447
51.148
61.679
71.213
79.007
85.211
88.148
90.366
91.378
92.656
91.474
89.113
83.136
82.961
80.770
88.316
93.588
93.633
94.915
95.684
95.788
94.936
93.530
92.705
93.237
93.740
94.214
92.676
90.577
88.614
89.189
89.375
90.424
91.675
91.831
92.915
92.858
93.783
94.825
95.411
94.574
93.721
92.272
89.912
91.104
92.210
92.768
92.967
92.260
91.065
90.726
90.805
90.744
89.828
91.299
89.125
89.823
90.285
91.882
90.118
89.902
91.555
88.584
73.426
