0.000 0.797 1.976 2.460 3.022 2.722 2.783 2.777 4.339 4.604 3.861 3.053 2.244 2.551 2.578 2.048 3.166 2.321 2.989 3.273 4.275 4.778 5.445 4.444 4.763 4.219 5.062 5.892 5.891 5.796 5.598 4.486 4.590 3.752 3.902 3.717 3.714 3.140 4.791 5.609 4.719 5.829 6.129 5.674 5.389 3.679 3.811 3.231 3.138 3.213 2.544 4.074 4.375 3.607 3.546 5.089 4.422 3.766 5.053 6.020 6.038 6.414 6.306 6.166 5.333 5.798 4.645 5.576 4.846 5.584 6.191 6.574 7.099 8.183 9.398 9.762 11.367 12.733 13.615 14.619 15.946 16.180 18.551 18.380 19.406 20.259 19.760 18.265 16.703 18.061 17.545 17.775 17.461
0.681 0.000 0.601 1.019 1.539 1.746 1.981 2.232 2.952 3.067 2.695 2.347 1.734 1.874 1.452 1.507 1.814 1.834 2.506 2.879 3.500 3.533 4.208 3.942 4.062 3.653 4.011 4.321 4.384 4.351 4.381 3.456 3.682 2.980 2.627 2.899 2.225 2.722 2.787 3.313 3.279 3.871 4.360 3.603 2.977 2.606 2.362 1.798 1.683 1.451 1.386 1.992 2.317 2.120 2.282 2.971 3.126 3.203 3.557 3.977 4.260 4.729 4.889 4.951 4.423 4.491 3.546 3.970 3.594 4.124 4.269 4.249 5.043 5.924 6.641 7.493 9.066 10.539 12.032 13.332 14.832 15.680 17.199 18.030 18.754 19.961 19.387 18.284 16.837 17.455 17.146 17.499 17.351
1.043 0.625 0.000 0.547 0.937 1.263 1.573 1.818 2.345 2.417 2.149 1.728 1.334 1.462 1.307 1.468 1.887 1.951 2.408 2.492 3.031 3.285 3.568 3.321 3.358 2.855 3.118 3.488 3.449 3.306 3.180 2.672 2.758 2.416 2.330 2.250 2.011 2.095 2.362 2.679 2.856 3.289 3.368 2.888 2.571 2.124 1.983 1.629 1.560 1.165 1.321 1.707 1.952 1.893 2.035 2.397 2.559 2.639 2.853 3.035 3.268 3.858 4.001 3.842 3.391 3.344 3.126 3.015 2.802 2.936 3.233 3.648 4.065 4.958 5.921 6.474 8.236 9.204 10.597 11.988 13.106 14.243 15.308 16.017 16.703 17.825 17.326 16.423 15.393 15.753 15.651 16.184 16.168
1.520 0.985 0.529 0.000 0.619 1.117 1.481 1.880 2.261 2.338 1.889 1.727 1.319 1.396 1.394 1.756 2.127 2.359 2.580 2.720 3.114 3.651 3.568 3.165 3.000 2.854 3.199 3.324 3.150 3.307 3.151 2.788 2.954 2.755 2.611 2.376 2.012 1.917 2.108 2.236 2.160 2.427 2.672 2.496 2.153 1.693 1.878 1.383 1.218 0.980 1.199 1.533 1.753 1.561 1.880 2.221 2.291 2.106 2.559 2.748 2.757 3.449 3.427 3.056 2.737 2.675 2.509 2.516 2.671 2.810 3.098 3.534 4.333 5.127 6.059 6.779 8.085 9.436 10.329 11.995 13.192 14.206 15.449 16.209 17.182 17.882 17.695 16.601 15.422 15.845 15.643 15.926 16.003
2.540 1.770 1.053 0.617 0.000 0.799 1.743 2.354 2.753 2.827 2.284 2.252 1.539 1.936 2.197 2.690 3.234 3.545 3.963 4.480 5.113 5.721 6.031 5.515 5.300 4.806 5.282 5.739 5.250 5.491 5.034 4.386 4.836 4.298 3.776 3.551 3.075 2.920 2.890 3.000 3.264 3.626 3.690 3.288 2.801 2.285 2.147 1.676 1.531 1.313 1.810 2.345 2.666 2.420 3.113 3.374 3.481 3.236 4.068 4.303 4.355 5.489 5.647 5.228 4.426 4.454 3.908 3.653 3.904 3.869 4.251 4.672 5.727 6.328 7.152 7.825 9.358 10.742 11.816 13.325 14.840 15.268 17.021 18.124 18.471 19.508 18.825 17.930 16.426 17.080 16.731 16.758 16.537
2.344 1.692 1.369 1.206 0.686 0.000 0.664 1.242 1.891 2.524 2.382 2.218 2.116 2.265 2.892 2.744 3.379 3.289 4.083 4.818 5.440 5.854 6.615 6.237 6.155 5.744 5.902 6.263 6.102 5.888 5.660 4.880 4.753 3.923 3.701 3.667 3.717 4.051 4.501 4.898 5.336 5.529 5.625 5.253 4.772 3.975 3.873 3.085 2.649 2.091 2.062 3.044 3.289 3.646 4.083 4.723 4.638 4.924 5.791 6.036 6.069 6.887 7.136 6.845 6.292 6.087 5.860 5.389 5.207 4.887 4.933 5.386 5.899 6.549 7.441 7.894 9.475 10.766 12.244 13.201 14.713 15.218 16.573 17.391 17.519 18.725 18.241 17.331 16.581 16.725 16.641 16.989 16.677
2.673 1.766 2.033 1.918 1.245 0.562 0.000 0.691 1.565 2.438 2.335 2.173 2.095 2.316 3.092 3.002 3.456 3.566 4.391 4.707 5.364 5.918 6.360 6.251 5.837 5.316 5.900 6.064 6.078 6.213 5.733 4.972 4.513 4.366 3.781 3.706 3.901 4.310 4.346 5.023 4.883 5.640 5.888 5.336 5.160 4.164 4.211 3.488 3.015 2.446 2.632 3.027 3.810 3.489 4.137 4.445 4.723 4.724 4.952 5.334 5.837 6.423 6.687 6.499 5.971 6.007 5.346 4.996 4.972 4.587 4.717 4.922 5.211 6.075 6.866 7.273 8.930 10.153 11.582 12.610 14.417 15.210 16.787 17.082 17.986 18.534 18.007 16.935 16.700 16.504 16.956 16.289 16.721
2.897 2.060 1.941 1.784 1.868 1.456 0.634 0.000 0.840 1.654 2.027 1.787 1.681 2.155 2.648 2.846 3.563 3.355 4.232 4.859 5.415 5.835 6.499 5.838 5.955 5.488 5.641 6.260 6.350 6.001 5.593 5.269 5.146 4.422 3.846 3.810 3.512 4.200 4.105 5.105 5.201 5.465 6.145 5.461 4.975 4.183 3.858 3.345 3.508 2.785 2.971 3.992 4.368 4.055 4.505 5.225 4.815 5.439 5.835 5.948 5.870 7.173 6.926 6.708 5.965 5.761 5.608 5.461 4.988 4.462 5.518 4.865 5.507 6.328 7.044 7.654 9.286 10.685 11.844 12.713 14.501 14.834 16.727 16.979 17.361 18.585 17.738 17.072 16.098 16.295 16.353 16.834 16.405
2.768 2.106 2.623 2.957 2.873 2.247 1.672 0.656 0.000 0.644 1.424 2.009 2.357 2.437 2.980 2.858 3.667 3.754 4.325 4.924 5.544 5.979 6.916 6.018 6.051 5.763 6.235 6.831 6.576 6.730 6.598 5.709 5.543 4.977 3.945 4.379 3.742 4.704 4.624 5.388 5.629 5.864 6.300 5.812 5.204 4.557 4.323 3.764 4.045 3.969 3.195 4.217 4.583 4.141 4.259 4.795 5.122 4.831 5.213 5.749 5.941 6.571 6.687 6.614 6.222 6.414 6.156 6.004 5.333 4.904 5.237 5.148 5.675 6.690 7.404 7.898 9.812 10.713 12.434 13.283 14.661 15.462 16.554 17.251 18.072 18.652 18.101 17.374 16.378 16.563 16.575 16.646 16.662
4.235 3.450 3.645 3.285 3.967 3.344 2.166 1.898 0.814 0.000 0.848 1.809 2.508 3.340 3.774 3.939 4.219 4.602 5.086 5.851 6.991 7.348 8.020 8.137 7.464 7.515 7.263 8.030 7.610 7.565 7.297 6.203 5.870 4.964 4.620 4.604 4.383 4.987 5.272 6.037 6.843 7.375 7.366 7.220 6.297 5.079 4.624 4.450 4.296 4.817 5.078 5.904 6.061 5.896 6.599 7.321 6.994 6.696 7.989 8.219 8.339 8.715 8.758 8.709 8.155 7.421 6.904 6.345 6.401 5.276 5.507 5.464 6.478 7.170 8.350 8.908 10.751 11.834 13.409 14.103 15.733 16.581 17.854 18.718 19.415 20.384 19.635 18.926 17.471 17.431 17.371 17.556 17.212
3.729 2.492 2.271 2.292 2.814 2.636 2.007 2.284 1.412 0.635 0.000 0.684 1.194 1.485 2.423 3.110 4.170 4.536 5.312 5.891 6.646 7.527 7.675 7.111 6.653 6.346 6.999 7.103 6.642 6.811 5.995 5.376 5.284 5.043 4.104 3.849 2.941 3.145 2.775 2.990 3.725 3.976 3.811 3.497 3.048 2.892 2.288 2.299 2.799 3.331 3.588 4.225 4.055 3.697 4.526 5.023 4.240 4.537 5.625 5.513 5.437 6.424 6.507 5.970 5.419 4.718 4.320 3.546 3.842 3.855 4.069 4.542 5.293 6.133 7.089 7.997 9.499 10.867 12.087 13.077 14.571 15.730 16.831 17.776 18.167 19.060 18.277 17.456 16.670 16.404 16.191 16.913 17.114
1.832 1.367 1.374 1.492 1.825 1.748 1.474 1.762 1.646 1.050 0.596 0.000 0.527 0.857 1.267 1.782 2.116 2.356 3.111 3.359 3.923 4.439 4.559 4.085 3.862 3.570 4.084 4.254 4.059 4.158 3.690 3.413 3.286 2.944 2.389 2.406 1.851 1.918 2.119 2.535 2.553 2.924 3.027 2.571 2.454 1.817 1.839 1.714 1.650 1.678 1.841 2.007 2.090 1.814 2.158 2.234 2.377 2.478 2.675 2.895 3.190 3.653 3.893 3.730 3.349 3.269 3.053 3.109 2.794 2.908 3.267 3.431 4.091 4.766 5.704 6.627 8.121 9.416 10.986 11.830 13.372 14.435 15.871 16.263 17.716 17.977 17.613 16.700 15.851 15.960 15.497 16.250 16.085
2.004 1.231 1.298 1.370 1.675 1.787 1.704 2.041 1.919 1.460 0.978 0.508 0.000 0.575 0.852 1.237 1.732 2.124 2.642 2.769 3.407 3.634 3.714 3.347 2.962 2.797 3.310 3.331 3.015 3.412 2.977 2.593 2.672 2.557 2.191 1.984 1.403 1.408 1.626 1.861 1.908 2.266 2.504 2.190 1.983 1.577 1.597 1.422 1.474 1.538 1.645 1.990 1.880 1.661 1.980 2.262 2.082 2.068 2.460 2.655 2.657 3.305 3.259 2.953 2.573 2.436 2.221 2.223 2.161 2.302 2.661 3.099 3.640 4.680 5.460 6.277 7.656 8.910 10.069 11.381 12.551 13.684 14.661 15.663 16.198 16.983 16.616 15.587 14.677 14.848 14.894 15.473 15.541
1.324 1.055 1.117 1.292 1.511 1.577 1.517 1.993 1.922 1.620 1.208 0.735 0.522 0.000 0.513 0.758 1.044 1.307 1.551 1.778 2.133 2.420 2.554 2.219 2.270 2.012 2.316 2.532 2.435 2.492 2.332 1.859 1.903 1.761 1.527 1.423 1.045 1.046 1.383 1.590 1.698 2.026 2.177 1.896 1.717 1.365 1.457 1.289 1.300 1.327 1.299 1.637 1.658 1.347 1.509 1.784 1.738 1.630 1.886 2.150 2.214 2.653 2.649 2.475 2.124 2.063 1.751 1.876 1.708 2.000 2.257 2.648 3.269 4.024 4.978 5.668 6.757 8.580 9.666 11.106 12.452 13.660 15.067 15.378 16.564 17.479 16.882 16.000 14.744 15.032 14.718 15.502 15.431
1.303 1.236 1.018 1.282 1.356 1.463 1.487 1.877 1.944 1.914 1.618 1.121 0.756 0.512 0.000 0.511 0.648 0.918 1.124 1.289 1.689 1.887 2.194 1.892 1.835 1.614 1.718 1.921 1.805 1.760 1.573 1.243 1.238 1.127 1.071 0.860 0.712 0.795 0.992 1.150 1.280 1.540 1.692 1.469 1.325 1.102 1.251 1.209 1.210 1.103 1.101 1.331 1.337 1.074 1.286 1.509 1.437 1.441 1.736 1.922 1.988 2.366 2.341 2.065 1.794 1.584 1.332 1.254 1.191 1.314 1.593 2.124 2.568 3.467 4.378 4.950 6.351 7.940 9.027 10.203 11.505 11.824 13.578 14.265 14.955 15.954 15.397 15.054 13.460 14.515 14.094 15.347 15.079
1.306 1.187 1.113 1.371 1.514 1.655 1.623 1.796 1.978 2.036 1.732 1.319 0.940 0.673 0.503 0.000 0.502 0.672 0.845 0.986 1.302 1.483 1.788 1.598 1.594 1.348 1.376 1.635 1.540 1.486 1.347 1.079 1.031 0.955 0.846 0.837 0.731 0.849 1.066 1.223 1.342 1.601 1.754 1.559 1.382 1.237 1.336 1.273 1.220 1.213 1.267 1.405 1.362 1.186 1.377 1.558 1.469 1.526 1.714 1.949 1.990 2.418 2.344 2.115 1.806 1.639 1.359 1.377 1.212 1.359 1.623 2.158 2.675 3.590 4.507 5.281 6.638 8.358 9.460 10.542 12.033 12.902 14.556 15.295 16.194 17.034 16.766 15.913 14.392 15.557 15.312 15.831 16.319
1.194 1.209 1.380 1.559 1.769 1.773 1.800 1.965 2.111 2.248 1.900 1.414 1.212 0.906 0.655 0.497 0.000 0.508 0.637 0.839 1.146 1.374 1.634 1.463 1.517 1.276 1.338 1.539 1.524 1.430 1.243 0.973 0.869 0.754 0.770 0.713 0.758 0.853 1.067 1.235 1.363 1.627 1.769 1.609 1.446 1.319 1.439 1.475 1.419 1.426 1.348 1.551 1.538 1.304 1.398 1.670 1.565 1.473 1.727 1.996 2.076 2.424 2.332 2.122 1.839 1.659 1.356 1.325 1.231 1.287 1.544 2.091 2.516 3.563 4.416 5.119 6.684 8.349 9.651 11.076 12.122 13.046 14.473 14.719 15.639 16.653 16.379 15.768 14.034 14.380 14.140 16.065 15.649
1.433 1.552 1.826 2.147 2.388 2.265 2.268 2.180 2.435 2.854 2.595 2.071 1.781 1.395 1.068 0.762 0.509 0.000 0.545 0.969 1.393 1.665 2.077 1.935 2.096 1.689 1.761 2.249 2.079 2.041 1.882 1.365 1.243 0.923 1.015 1.017 1.061 1.158 1.423 1.505 1.658 1.952 2.182 1.953 1.782 1.658 1.714 1.917 1.868 2.012 1.840 2.132 2.009 1.686 1.818 2.256 1.932 1.855 2.297 2.526 2.436 3.013 2.909 2.630 2.201 2.006 1.636 1.598 1.459 1.702 1.923 2.504 2.952 3.937 4.951 5.629 7.105 8.927 9.851 11.510 13.215 13.555 15.182 15.743 16.392 17.823 16.887 15.761 14.739 14.971 14.899 16.173 15.993
1.561 1.657 2.000 2.297 2.494 2.338 2.208 2.219 2.383 2.622 2.483 2.066 2.013 1.763 1.542 1.093 0.831 0.535 0.000 0.517 0.853 1.129 1.410 1.246 1.410 1.222 1.111 1.381 1.591 1.596 1.772 1.410 1.275 1.022 1.308 1.410 1.569 1.814 2.261 2.506 2.384 2.800 3.345 3.073 2.907 2.453 2.554 2.579 2.532 2.431 2.213 2.633 2.725 2.282 2.298 2.819 2.732 2.335 2.686 3.103 2.998 3.260 2.995 2.785 2.591 2.596 2.280 2.392 2.072 2.292 2.305 2.735 3.321 4.259 5.206 5.978 7.410 9.057 10.582 11.607 13.527 13.777 15.693 15.853 16.571 17.664 17.005 15.964 14.681 15.171 14.777 15.927 15.983
1.814 1.892 2.124 2.442 2.583 2.502 2.455 2.519 2.643 2.878 2.738 2.273 2.127 1.764 1.451 1.205 0.890 0.798 0.516 0.000 0.533 0.767 1.076 1.001 1.154 0.974 0.859 1.151 1.244 1.205 1.287 1.071 1.107 0.960 1.247 1.265 1.437 1.472 1.863 1.969 1.861 2.115 2.515 2.421 2.317 2.124 2.285 2.457 2.319 2.386 2.121 2.349 2.379 1.999 2.038 2.306 2.177 1.895 2.157 2.471 2.407 2.606 2.431 2.222 2.029 1.932 1.729 1.884 1.707 1.983 1.942 2.583 3.008 3.878 4.905 5.748 6.936 8.820 9.771 11.448 12.605 13.283 15.400 15.532 16.678 17.928 17.435 16.099 14.678 15.628 15.030 15.957 15.839
2.119 2.289 2.590 2.950 3.143 3.028 2.929 2.909 3.059 3.353 3.279 2.666 2.536 2.084 1.811 1.481 1.139 1.184 0.847 0.526 0.000 0.528 0.774 0.922 1.266 1.067 1.006 1.274 1.580 1.612 1.719 1.369 1.429 1.324 1.607 1.593 1.711 1.921 2.274 2.486 2.430 2.779 3.328 3.086 2.928 2.624 2.691 2.851 2.819 2.882 2.662 3.047 2.976 2.494 2.624 3.010 2.778 2.417 2.868 3.184 3.063 3.273 3.007 2.808 2.611 2.532 2.257 2.383 2.197 2.264 2.332 2.800 3.408 4.262 5.323 6.138 7.648 9.151 11.109 11.976 13.762 13.860 15.773 16.193 17.733 18.081 17.862 16.007 15.490 15.763 15.694 16.893 16.077
2.566 2.825 3.270 3.752 3.790 3.667 3.594 3.559 3.735 4.163 4.225 3.555 3.432 2.854 2.443 2.196 1.610 1.592 1.172 0.872 0.511 0.000 0.616 0.863 1.208 1.245 1.004 1.271 1.644 1.712 2.071 1.784 1.883 1.847 2.235 2.214 2.445 2.443 2.984 3.043 2.671 3.082 3.686 3.564 3.573 3.273 3.533 3.817 3.633 3.568 3.057 3.407 3.448 2.918 2.879 3.295 3.100 2.649 3.031 3.362 3.222 3.508 3.056 2.890 2.745 2.704 2.579 2.896 2.801 3.159 3.072 3.650 4.211 5.047 5.844 6.898 7.918 9.850 11.259 12.719 14.518 14.778 16.728 17.312 18.286 19.271 18.957 17.135 16.020 17.060 15.686 16.187 16.263
3.630 3.894 4.477 4.895 5.066 4.818 4.781 4.517 4.742 5.360 5.467 4.894 4.551 3.920 3.350 2.904 2.378 2.287 1.855 1.359 0.943 0.618 0.000 0.670 1.072 1.406 1.127 1.316 1.762 2.025 2.334 2.209 2.392 2.326 2.876 2.923 3.184 3.210 3.641 3.524 3.235 3.216 3.934 3.965 4.322 4.184 4.500 4.797 4.609 4.537 4.137 4.211 4.058 3.671 3.554 3.682 3.474 2.962 3.256 3.381 3.204 3.228 2.798 2.779 2.796 2.856 3.031 3.276 3.390 3.771 3.818 4.324 4.812 5.622 6.295 7.416 8.439 9.877 11.471 12.487 14.285 14.911 16.176 17.370 18.137 18.990 18.383 17.255 16.101 16.072 15.981 16.644 16.933
3.130 3.249 3.499 3.803 4.055 3.989 3.912 3.952 4.030 4.559 4.481 3.865 3.567 3.076 2.642 2.431 1.892 2.061 1.734 1.213 1.068 0.767 0.587 0.000 0.528 0.692 0.810 0.872 0.916 1.439 1.665 1.535 1.905 2.083 2.573 2.376 2.632 2.281 2.598 2.455 2.175 2.291 2.687 2.815 3.045 2.998 3.354 3.567 3.462 3.508 3.129 3.379 3.249 2.838 2.703 3.055 2.767 2.245 2.545 2.809 2.631 2.774 2.390 2.143 1.997 1.918 2.070 2.337 2.498 2.850 3.070 3.635 4.222 4.982 6.079 6.775 7.980 9.654 10.764 12.176 13.811 14.578 16.366 17.096 18.760 19.363 18.614 17.088 15.800 16.207 16.152 16.967 15.938
2.499 2.611 2.830 3.240 3.284 3.254 3.330 3.133 3.365 3.704 3.668 3.142 2.941 2.419 2.141 1.878 1.504 1.684 1.414 1.056 1.046 0.986 0.836 0.505 0.000 0.499 0.616 0.688 0.661 0.867 0.993 1.059 1.342 1.580 1.843 1.748 1.909 1.889 2.093 2.035 1.978 2.090 2.461 2.496 2.604 2.522 2.745 3.057 2.856 2.955 2.666 2.806 2.797 2.433 2.326 2.563 2.330 1.975 2.219 2.534 2.366 2.660 2.293 2.043 1.849 1.738 1.675 1.823 1.863 2.093 2.248 2.751 3.162 3.950 4.931 5.675 6.922 8.499 9.604 11.038 12.422 13.368 15.135 15.479 17.308 17.594 17.485 15.992 14.514 14.999 15.255 15.683 15.543
2.319 2.440 2.558 2.985 3.042 3.044 3.085 3.074 3.213 3.534 3.343 2.850 2.633 2.228 1.908 1.758 1.350 1.503 1.213 0.878 0.972 0.997 0.911 0.605 0.494 0.000 0.497 0.597 0.682 0.742 0.969 0.975 1.199 1.416 1.716 1.515 1.809 1.665 2.041 1.989 1.816 1.989 2.380 2.357 2.454 2.292 2.544 2.748 2.622 2.654 2.516 2.587 2.543 2.150 2.140 2.364 2.191 1.863 2.037 2.304 2.177 2.355 2.160 1.886 1.785 1.736 1.616 1.877 1.736 2.152 2.134 2.760 3.062 3.923 5.003 5.618 7.089 8.681 9.748 11.222 12.441 12.999 14.887 15.459 16.621 16.983 17.491 16.049 14.367 15.547 14.734 15.936 15.141
2.184 2.308 2.364 2.760 2.862 2.857 2.920 2.990 3.120 3.351 3.321 2.665 2.470 2.096 1.863 1.629 1.322 1.482 1.192 0.905 0.986 0.978 0.900 0.651 0.579 0.492 0.000 0.503 0.610 0.827 1.009 1.041 1.271 1.396 1.693 1.517 1.730 1.695 1.900 1.964 1.801 1.990 2.331 2.325 2.342 2.216 2.450 2.645 2.459 2.505 2.332 2.494 2.442 2.122 2.101 2.329 2.120 1.861 2.090 2.308 2.196 2.435 2.163 1.936 1.801 1.728 1.638 1.844 1.798 2.050 2.202 2.728 3.159 4.169 5.180 5.930 7.298 9.002 10.072 11.484 12.821 13.818 15.476 15.795 16.814 17.863 17.919 16.544 15.318 15.646 15.600 16.434 15.913
2.530 2.669 2.954 3.308 3.363 3.255 3.386 3.254 3.426 3.699 3.665 3.281 3.087 2.633 2.305 2.028 1.615 1.671 1.370 1.009 1.049 1.058 1.000 0.789 0.709 0.625 0.503 0.000 0.524 0.750 1.034 1.161 1.464 1.672 1.964 1.942 2.163 2.059 2.329 2.393 2.153 2.276 2.773 2.740 2.935 2.641 3.010 3.254 3.021 3.082 2.726 2.933 2.946 2.493 2.435 2.768 2.537 2.165 2.436 2.832 2.576 2.773 2.467 2.195 2.053 2.029 1.915 2.272 2.154 2.355 2.552 3.016 3.454 4.460 5.219 6.185 7.386 9.041 10.341 11.364 13.034 13.981 15.096 15.788 16.930 17.889 17.386 16.150 15.529 16.185 15.180 15.840 15.924
2.752 2.880 3.114 3.417 3.473 3.477 3.611 3.446 3.624 3.973 3.838 3.372 3.088 2.618 2.304 2.162 1.820 1.906 1.679 1.355 1.395 1.314 1.201 0.931 0.803 0.769 0.697 0.517 0.000 0.639 0.821 0.991 1.486 1.701 1.945 1.818 2.059 1.946 2.263 2.171 2.027 2.173 2.571 2.562 2.688 2.619 2.807 3.224 3.030 3.155 2.959 3.092 3.047 2.621 2.552 2.916 2.581 2.218 2.473 2.770 2.500 2.731 2.397 2.024 2.039 1.770 1.786 1.907 1.973 2.375 2.333 2.864 3.060 4.212 5.428 5.943 7.554 9.156 10.255 11.507 12.907 13.669 14.789 15.660 17.084 18.134 17.607 16.343 15.046 15.229 15.403 16.027 15.771
3.213 3.417 3.918 4.127 4.380 4.192 4.129 3.857 3.859 4.486 4.426 3.654 3.577 3.045 2.767 2.459 2.016 2.269 2.196 1.697 1.875 1.773 1.639 1.452 1.139 1.059 1.059 0.792 0.582 0.000 0.574 0.813 1.363 1.787 2.039 1.791 2.180 2.297 2.578 2.688 2.431 2.651 3.266 3.241 3.440 3.352 3.367 3.941 3.842 4.040 3.849 4.022 3.903 3.362 3.349 3.611 3.314 2.852 3.182 3.322 3.042 3.152 2.652 2.418 2.275 2.222 2.066 2.261 2.089 2.323 2.235 2.655 2.919 4.007 5.056 5.546 6.862 8.754 10.039 11.671 12.853 13.819 14.913 15.999 16.835 17.939 17.361 16.220 15.414 15.543 15.663 16.028 16.300
2.375 2.438 2.585 2.835 3.201 3.020 2.950 2.826 2.951 3.100 3.003 2.398 2.307 1.928 1.826 1.579 1.327 1.623 1.618 1.351 1.681 1.683 1.629 1.593 1.393 1.062 0.984 0.949 0.683 0.536 0.000 0.550 0.930 1.224 1.338 1.093 1.313 1.579 1.751 1.911 2.011 2.185 2.510 2.474 2.375 2.249 2.230 2.521 2.538 2.806 2.633 2.884 2.817 2.462 2.618 2.880 2.643 2.375 2.733 3.011 2.747 3.002 2.793 2.439 2.060 1.973 1.571 1.555 1.530 1.622 1.827 2.349 2.963 3.877 4.908 5.501 6.685 8.562 9.684 11.042 12.637 13.225 14.546 15.246 16.602 17.459 17.349 15.984 14.957 15.099 15.277 15.719 15.334
2.024 1.953 2.204 2.346 2.568 2.582 2.472 2.654 2.679 2.766 2.609 2.158 1.990 1.692 1.431 1.161 0.953 1.118 1.080 0.987 1.304 1.412 1.544 1.394 1.280 0.998 1.056 1.127 0.898 0.764 0.525 0.000 0.516 0.697 0.957 0.830 1.075 1.187 1.474 1.537 1.512 1.742 2.006 1.939 1.920 1.811 1.981 2.161 2.124 2.196 2.097 2.348 2.255 1.814 1.933 2.262 1.943 1.761 2.077 2.315 2.145 2.539 2.340 1.974 1.717 1.537 1.327 1.385 1.278 1.388 1.606 2.160 2.622 3.510 4.482 5.170 6.365 8.476 9.580 10.848 12.234 12.823 14.279 15.182 15.834 16.689 16.716 15.947 14.517 14.783 14.960 15.437 15.466
2.043 1.829 2.164 2.409 2.620 2.502 2.516 2.410 2.485 2.720 2.625 2.089 2.012 1.680 1.450 1.093 0.824 0.920 0.979 1.112 1.564 1.655 1.890 1.753 1.625 1.253 1.279 1.444 1.229 1.007 0.770 0.523 0.000 0.503 0.706 0.705 1.033 1.278 1.534 1.650 1.686 1.933 2.266 2.200 2.107 1.982 2.125 2.280 2.217 2.272 2.173 2.357 2.380 2.026 2.199 2.444 2.236 2.050 2.407 2.647 2.468 2.867 2.702 2.302 2.023 1.779 1.511 1.539 1.450 1.435 1.460 2.217 2.618 3.615 4.496 5.293 6.704 8.617 9.629 11.154 12.190 13.436 14.788 15.745 16.326 17.099 16.815 15.904 15.045 14.975 15.579 15.501 15.848
1.821 1.833 2.053 2.280 2.458 2.457 2.429 2.409 2.457 2.734 2.471 1.992 1.899 1.585 1.313 1.073 0.781 0.892 0.940 1.045 1.434 1.622 1.882 1.756 1.757 1.414 1.382 1.562 1.452 1.288 1.086 0.778 0.513 0.000 0.558 0.647 0.972 1.233 1.520 1.783 1.843 2.097 2.338 2.302 2.165 1.997 2.083 2.181 2.179 2.231 2.032 2.430 2.382 2.008 2.180 2.467 2.305 2.120 2.469 2.678 2.570 2.936 2.872 2.505 2.287 2.062 1.684 1.649 1.410 1.509 1.505 2.029 2.442 3.530 4.607 5.353 6.721 8.404 9.538 10.847 12.187 13.004 14.532 15.522 16.109 17.534 16.535 15.902 14.474 14.584 15.130 15.486 16.074
1.987 1.881 2.182 2.545 2.746 2.693 2.647 2.709 2.592 2.804 2.560 2.072 1.952 1.541 1.384 1.030 0.861 0.994 1.033 1.184 1.603 1.825 2.154 2.039 2.113 1.680 1.706 2.050 1.876 1.740 1.484 1.060 0.822 0.544 0.000 0.550 0.790 1.096 1.388 1.815 2.045 2.276 2.559 2.463 2.223 2.022 1.831 2.119 2.308 2.458 2.355 2.686 2.728 2.228 2.483 2.843 2.713 2.478 2.779 3.106 2.972 3.428 3.324 2.962 2.556 2.295 1.815 1.663 1.222 1.182 1.299 1.910 2.435 3.517 4.727 5.632 7.029 8.629 9.902 10.765 12.398 13.124 14.656 15.526 16.348 17.304 17.158 16.007 14.433 15.139 15.166 16.044 16.017
1.624 1.445 1.610 1.888 2.013 2.032 2.066 2.189 2.150 2.399 2.097 1.626 1.510 1.083 0.923 0.718 0.922 0.954 1.059 1.174 1.501 1.748 2.038 1.835 1.750 1.476 1.483 1.678 1.500 1.446 1.237 0.920 0.740 0.691 0.520 0.000 0.515 0.678 0.922 1.175 1.372 1.704 1.773 1.710 1.416 1.301 1.324 1.505 1.510 1.601 1.623 1.782 1.737 1.542 1.720 1.919 1.796 1.741 2.076 2.198 2.272 2.663 2.648 2.346 1.888 1.659 1.302 1.219 0.897 1.115 1.107 1.813 2.486 3.373 4.364 5.035 6.364 8.152 9.436 10.783 11.684 12.668 14.500 14.666 15.544 16.392 16.166 15.404 14.092 14.536 14.952 15.166 15.023
1.738 1.551 1.655 2.028 2.184 2.301 2.228 2.325 2.440 2.572 2.363 1.826 1.617 1.121 1.000 0.853 0.933 1.236 1.493 1.586 2.082 2.224 2.551 2.227 2.132 1.779 1.947 2.139 1.910 1.863 1.595 1.166 1.020 0.996 0.777 0.526 0.000 0.530 0.727 0.890 1.101 1.379 1.487 1.347 1.216 1.124 1.324 1.582 1.620 1.788 1.715 1.889 1.751 1.440 1.671 1.854 1.596 1.615 1.964 2.032 2.064 2.545 2.582 2.282 1.809 1.546 1.135 1.022 0.819 0.925 1.123 1.739 2.345 3.389 4.381 5.002 6.328 8.000 9.311 10.561 11.867 13.051 14.426 15.229 16.111 16.871 16.749 15.584 14.324 15.091 15.063 15.570 15.837
1.564 1.368 1.315 1.514 1.671 1.827 1.878 2.240 2.195 2.242 1.978 1.464 1.344 0.946 0.751 0.741 0.836 1.152 1.294 1.368 1.705 1.832 2.088 1.821 1.710 1.485 1.608 1.739 1.612 1.625 1.352 1.080 1.098 1.069 0.953 0.672 0.504 0.000 0.503 0.601 0.794 1.021 1.111 1.012 0.838 0.801 1.014 1.211 1.179 1.276 1.397 1.443 1.321 1.134 1.296 1.381 1.244 1.242 1.505 1.603 1.654 2.046 2.070 1.800 1.399 1.193 0.830 0.782 0.768 0.906 1.290 1.978 2.439 3.258 4.374 5.136 6.421 8.431 9.422 11.012 11.821 12.861 13.685 14.557 15.379 16.223 15.898 15.064 14.102 15.016 14.573 15.470 15.709
1.812 1.661 1.552 1.703 1.913 1.978 2.106 2.268 2.378 2.585 2.210 1.710 1.516 1.152 0.997 1.008 0.999 1.296 1.386 1.454 1.819 1.985 2.107 1.866 1.750 1.547 1.654 1.764 1.586 1.615 1.382 1.105 1.194 1.207 1.102 0.877 0.663 0.496 0.000 0.510 0.676 0.938 1.017 0.825 0.712 0.825 1.033 1.220 1.250 1.440 1.492 1.525 1.432 1.191 1.409 1.450 1.252 1.305 1.537 1.600 1.670 2.082 2.064 1.840 1.433 1.181 0.829 0.690 0.718 0.953 1.390 1.997 2.535 3.461 4.502 5.292 6.703 8.969 9.641 11.224 12.226 13.161 15.007 15.489 17.021 16.946 17.139 15.979 14.794 15.432 14.974 15.947 15.664
1.925 1.644 1.588 1.674 1.880 2.038 1.988 2.219 2.316 2.496 2.111 1.667 1.498 1.241 1.120 1.182 1.240 1.615 1.651 1.693 1.956 2.122 2.196 1.887 1.689 1.563 1.745 1.836 1.613 1.754 1.491 1.328 1.448 1.528 1.394 1.085 0.841 0.632 0.501 0.000 0.494 0.637 0.823 0.761 0.698 0.773 1.045 1.268 1.207 1.352 1.430 1.489 1.276 1.095 1.250 1.284 0.986 1.053 1.255 1.315 1.340 1.730 1.645 1.487 1.031 0.969 0.695 0.762 1.003 1.065 1.426 2.059 2.568 3.573 4.651 5.370 6.604 8.324 9.428 11.166 12.376 13.248 14.811 15.344 16.918 17.305 16.859 16.131 14.649 15.491 14.943 16.113 15.871
1.882 1.759 1.623 1.698 1.926 2.193 2.297 2.520 2.612 2.736 2.341 1.918 1.643 1.388 1.202 1.327 1.306 1.651 1.742 1.663 1.926 2.096 2.207 1.832 1.623 1.506 1.739 1.738 1.610 1.724 1.562 1.363 1.538 1.650 1.580 1.273 1.078 0.803 0.671 0.503 0.000 0.520 0.795 0.653 0.669 0.764 1.048 1.271 1.208 1.388 1.439 1.509 1.288 1.102 1.233 1.247 0.993 0.936 1.204 1.297 1.252 1.735 1.708 1.432 1.066 1.019 0.714 0.838 1.044 1.393 1.742 2.346 2.717 3.801 4.703 5.358 6.808 8.279 9.477 11.197 12.554 13.553 14.909 15.687 16.612 17.294 16.916 16.395 14.807 15.651 15.050 16.182 15.445
2.347 2.211 2.146 2.406 2.693 2.833 3.030 3.074 3.271 3.548 3.190 2.571 2.277 1.934 1.671 1.681 1.776 2.068 2.255 2.142 2.485 2.529 2.779 2.324 2.099 1.947 2.192 2.281 2.089 2.257 2.053 1.847 2.105 2.122 2.160 1.804 1.622 1.223 1.280 0.905 0.551 0.000 0.884 0.763 1.059 1.208 1.659 1.914 1.741 1.985 1.970 2.101 1.765 1.503 1.748 1.745 1.368 1.342 1.753 1.710 1.563 2.115 2.034 1.705 1.204 1.076 0.900 1.201 1.528 1.971 2.326 2.861 3.493 4.276 5.230 6.002 7.037 8.762 9.495 11.108 11.823 13.526 14.670 15.431 16.991 17.686 17.469 16.637 15.273 16.312 15.656 16.691 16.251
3.525 3.181 2.779 2.820 3.305 3.718 3.777 4.215 4.145 4.432 3.992 3.270 2.901 2.597 2.457 2.905 2.747 3.428 3.612 3.151 3.488 3.701 3.534 3.002 2.567 2.556 3.050 2.939 2.554 3.117 2.819 2.641 3.187 3.520 3.397 2.861 2.577 1.953 1.655 1.147 0.823 0.586 0.000 0.591 0.933 1.338 1.805 1.870 1.882 2.458 2.682 2.725 2.143 1.982 2.446 2.269 1.620 1.848 2.327 2.098 1.847 2.307 2.287 1.870 1.426 1.286 1.446 1.777 2.237 2.704 3.218 3.911 4.712 5.617 6.483 7.414 8.397 10.002 11.082 12.717 13.925 14.866 16.346 16.492 18.403 18.597 18.112 17.298 16.216 16.722 16.016 17.224 16.480
2.345 2.005 1.764 1.798 2.061 2.296 2.468 2.744 2.770 2.839 2.465 1.966 1.717 1.528 1.386 1.631 1.758 2.241 2.468 2.462 2.814 3.075 3.056 2.687 2.405 2.295 2.611 2.635 2.461 2.606 2.391 2.008 2.297 2.327 2.196 1.776 1.536 1.118 0.921 0.700 0.704 0.704 0.542 0.000 0.510 0.656 0.900 1.215 1.195 1.491 1.661 1.765 1.418 1.267 1.567 1.594 1.154 1.332 1.645 1.690 1.635 2.126 2.152 1.907 1.430 1.227 1.117 1.256 1.502 1.894 2.277 2.810 3.286 4.342 5.256 5.956 7.431 9.260 10.123 11.868 13.012 14.043 15.275 16.109 17.355 18.257 17.649 16.985 14.909 16.037 15.246 16.176 15.653
1.970 1.626 1.407 1.577 1.821 1.970 2.194 2.407 2.542 2.628 2.302 1.827 1.521 1.301 1.224 1.481 1.578 1.908 2.143 2.103 2.494 2.701 2.785 2.447 2.281 2.048 2.440 2.409 2.209 2.338 2.114 1.808 2.013 2.038 1.776 1.515 1.341 1.020 0.783 0.733 0.805 0.977 0.795 0.507 0.000 0.513 0.659 1.090 0.969 1.270 1.389 1.519 1.293 1.157 1.440 1.466 1.182 1.350 1.638 1.711 1.710 2.212 2.285 2.087 1.573 1.467 1.188 1.287 1.344 1.611 2.011 2.516 3.023 4.025 5.031 5.863 6.895 8.818 9.445 11.439 12.374 13.760 15.399 15.789 17.383 17.335 17.481 16.757 15.111 16.001 15.306 16.549 15.671
2.023 1.719 1.438 1.497 1.799 2.062 2.108 2.450 2.535 2.581 2.235 1.778 1.423 1.266 1.134 1.527 1.701 2.122 2.298 2.417 2.844 3.053 3.308 2.839 2.631 2.500 2.683 2.850 2.624 2.773 2.423 2.066 2.265 2.161 1.978 1.712 1.374 1.123 0.894 0.773 0.964 1.206 1.061 0.702 0.516 0.000 0.585 0.989 0.935 1.143 1.337 1.523 1.296 1.068 1.522 1.570 1.212 1.497 1.886 1.856 1.920 2.483 2.604 2.309 1.818 1.636 1.392 1.374 1.435 1.719 2.189 2.754 3.109 4.175 5.217 5.809 7.324 8.899 10.191 11.732 12.962 13.994 15.310 16.632 17.005 17.876 17.330 16.448 15.395 15.773 15.434 15.977 16.071
3.081 2.509 1.901 2.057 2.427 2.817 3.047 3.393 3.724 3.618 2.961 2.577 1.879 1.663 1.795 2.631 2.813 3.532 3.669 3.557 4.000 4.385 4.534 3.845 3.599 3.449 4.155 4.134 3.842 4.236 3.763 3.332 3.719 3.678 3.320 2.911 2.082 1.631 1.295 1.386 1.602 2.012 1.872 1.319 0.952 0.574 0.000 1.065 1.330 1.847 2.151 2.256 1.981 1.702 2.152 2.129 1.774 2.046 2.378 2.358 2.509 3.035 3.306 3.242 2.571 2.625 2.155 2.274 2.304 2.585 3.266 3.806 4.247 5.279 6.241 6.981 8.411 10.081 11.284 12.604 13.847 14.839 16.513 16.594 17.902 18.209 18.225 16.980 16.258 16.287 16.327 16.777 16.505
2.821 2.143 1.490 1.579 1.730 2.507 2.688 3.204 3.362 3.507 2.956 2.331 1.729 1.707 1.747 2.339 2.619 3.236 3.720 3.807 4.348 4.789 4.906 4.422 4.123 3.748 4.267 4.341 3.810 3.972 3.332 3.137 3.230 3.291 2.980 2.563 1.980 1.750 1.352 1.564 1.958 2.426 2.338 1.901 1.417 1.108 0.705 0.000 0.696 1.132 1.728 1.799 1.648 1.655 2.228 2.299 2.162 2.425 2.949 3.075 3.131 4.101 4.174 3.721 3.095 2.745 2.210 1.982 2.070 2.244 2.605 3.437 4.132 5.086 6.013 6.812 8.230 10.019 11.225 12.934 14.335 15.216 17.357 17.942 18.763 18.977 18.707 17.639 17.520 16.977 16.881 17.580 16.610
1.980 1.388 0.999 1.003 1.218 1.620 1.853 2.257 2.577 2.622 2.276 1.814 1.222 1.319 1.322 1.799 1.969 2.347 2.647 2.711 3.099 3.359 3.488 3.128 2.955 2.793 3.081 3.177 3.025 3.114 2.832 2.616 2.713 2.610 2.430 2.162 1.747 1.559 1.337 1.363 1.619 1.905 1.900 1.431 1.158 0.926 0.959 0.560 0.000 0.531 0.775 0.977 0.895 0.903 1.315 1.417 1.410 1.624 1.883 2.036 2.263 2.752 2.973 2.812 2.381 2.259 1.936 1.951 1.986 2.248 2.517 2.987 3.609 4.479 5.491 6.054 7.366 9.087 10.078 11.731 12.895 14.322 15.345 16.557 17.222 17.812 17.475 16.561 15.512 15.844 15.587 16.127 16.058
1.500 1.143 0.874 1.000 1.156 1.303 1.592 2.005 2.202 2.416 2.038 1.616 1.215 1.220 1.144 1.393 1.501 1.725 1.835 1.982 2.264 2.476 2.674 2.353 2.267 2.133 2.327 2.488 2.472 2.574 2.385 1.997 2.182 1.967 1.906 1.753 1.601 1.401 1.377 1.414 1.462 1.690 1.741 1.416 1.215 1.002 1.087 0.879 0.509 0.000 0.507 0.626 0.682 0.668 0.800 1.022 1.084 1.209 1.373 1.599 1.755 2.342 2.494 2.373 1.990 1.992 1.713 1.869 1.873 2.076 2.258 2.816 3.269 4.123 5.065 5.618 6.997 8.464 9.584 11.374 12.811 13.717 15.280 16.077 17.024 17.982 17.525 16.264 15.343 15.603 15.494 15.528 16.079
1.552 1.071 0.945 1.116 1.106 1.407 1.576 1.924 2.214 2.228 1.904 1.591 1.272 1.205 1.118 1.344 1.666 1.718 1.895 1.972 2.292 2.573 2.715 2.268 2.225 2.050 2.321 2.548 2.408 2.547 2.416 2.022 2.200 2.024 1.850 1.741 1.533 1.451 1.391 1.424 1.435 1.618 1.710 1.428 1.314 1.092 1.297 1.085 0.696 0.497 0.000 0.499 0.571 0.604 0.627 0.775 0.905 0.980 1.097 1.349 1.523 2.049 2.193 2.165 1.808 1.903 1.679 1.822 1.793 2.006 2.353 2.649 3.279 4.265 5.015 5.741 7.063 8.603 10.271 11.239 12.922 13.393 15.301 15.739 16.947 17.819 17.290 15.955 14.419 15.544 14.609 15.756 15.391
1.629 1.343 1.087 1.142 1.362 1.377 1.692 2.009 2.189 2.294 2.045 1.854 1.526 1.532 1.351 1.669 1.742 1.908 2.154 2.338 2.668 2.940 3.112 2.655 2.539 2.496 2.703 2.861 2.793 2.876 2.790 2.373 2.490 2.255 2.171 2.080 1.800 1.656 1.633 1.578 1.454 1.627 1.718 1.447 1.544 1.235 1.543 1.334 0.905 0.601 0.494 0.000 0.501 0.636 0.690 0.674 0.797 1.011 1.048 1.217 1.509 2.054 2.275 2.268 1.909 2.040 1.836 2.085 2.175 2.412 2.627 3.043 3.500 4.445 5.237 5.759 7.240 8.524 9.791 11.405 12.916 13.935 15.219 15.987 17.078 18.335 17.631 16.168 15.026 15.554 15.593 15.841 15.551
1.794 1.399 1.169 1.284 1.318 1.515 1.847 2.110 2.414 2.473 2.204 1.852 1.455 1.488 1.228 1.503 1.579 1.819 1.993 2.062 2.386 2.680 2.709 2.339 2.180 2.071 2.353 2.384 2.252 2.417 2.202 1.976 2.140 2.044 1.940 1.853 1.644 1.362 1.355 1.173 1.109 1.297 1.451 1.156 1.185 0.991 1.281 1.133 0.794 0.614 0.552 0.492 0.000 0.494 0.573 0.612 0.604 0.758 0.868 1.107 1.290 1.891 2.018 1.900 1.540 1.534 1.411 1.607 1.666 2.033 2.245 2.679 3.262 4.107 5.067 5.767 7.171 8.723 9.839 11.563 12.915 14.218 15.292 15.786 17.249 17.671 17.388 16.263 14.874 15.623 15.488 16.150 16.019
1.601 1.407 1.302 1.299 1.302 1.521 1.747 2.033 2.398 2.531 2.134 1.811 1.453 1.340 1.177 1.326 1.413 1.698 1.808 1.837 2.164 2.403 2.482 2.077 1.909 1.831 2.076 2.146 2.034 2.249 2.079 1.823 2.001 1.945 1.871 1.743 1.477 1.288 1.236 1.162 1.126 1.334 1.509 1.245 1.179 1.002 1.279 1.097 0.784 0.649 0.573 0.541 0.491 0.000 0.496 0.565 0.608 0.633 0.770 0.996 1.185 1.809 1.868 1.799 1.436 1.534 1.371 1.663 1.699 2.071 2.260 2.744 3.363 4.293 5.149 6.013 7.177 8.945 10.011 11.447 12.680 13.678 15.417 15.789 17.095 17.848 17.425 16.172 14.650 15.699 15.286 16.030 15.664
1.612 1.323 1.178 1.272 1.409 1.604 1.897 2.195 2.389 2.433 2.068 1.794 1.500 1.364 1.189 1.475 1.512 1.753 1.940 2.021 2.343 2.586 2.677 2.234 2.119 2.018 2.309 2.377 2.327 2.454 2.280 1.990 2.070 2.088 1.951 1.811 1.549 1.328 1.369 1.278 1.177 1.377 1.550 1.312 1.271 1.074 1.360 1.214 0.851 0.751 0.631 0.610 0.564 0.492 0.000 0.502 0.577 0.643 0.680 0.870 1.137 1.770 1.872 1.886 1.538 1.619 1.511 1.678 1.774 2.010 2.231 2.696 3.266 4.173 5.002 5.698 7.115 8.567 10.088 11.381 13.041 13.606 15.500 15.821 16.858 18.294 17.168 16.169 14.507 15.660 14.842 16.376 15.935
1.888 1.636 1.503 1.700 1.636 1.780 2.200 2.434 2.655 2.774 2.536 2.268 1.837 1.671 1.457 1.714 1.774 2.018 2.185 2.319 2.578 2.886 2.968 2.508 2.350 2.259 2.640 2.723 2.604 2.814 2.640 2.284 2.520 2.291 2.184 2.112 1.847 1.614 1.599 1.512 1.233 1.412 1.597 1.314 1.495 1.264 1.675 1.612 1.172 0.976 0.752 0.684 0.681 0.599 0.496 0.000 0.502 0.634 0.714 0.809 1.104 1.751 1.984 1.969 1.586 1.753 1.608 1.899 2.017 2.354 2.684 3.184 3.682 4.486 5.276 5.942 7.407 8.845 10.074 11.651 13.015 14.035 15.303 16.064 17.014 17.964 17.606 16.602 15.119 15.628 15.709 16.350 16.095
1.760 1.649 1.414 1.648 1.614 1.758 2.184 2.286 2.608 2.791 2.378 2.128 1.752 1.580 1.322 1.497 1.482 1.742 1.888 1.904 2.181 2.435 2.476 2.072 1.925 1.822 2.104 2.160 2.015 2.192 2.047 1.722 1.987 1.956 1.941 1.706 1.655 1.263 1.285 1.104 0.920 1.234 1.378 1.105 1.221 1.078 1.409 1.420 1.072 0.928 0.816 0.694 0.612 0.569 0.529 0.493 0.000 0.495 0.576 0.742 0.888 1.614 1.712 1.613 1.286 1.366 1.262 1.504 1.614 1.973 2.256 2.728 3.173 4.056 4.939 5.691 6.893 8.612 9.646 11.379 12.360 13.796 15.045 15.954 17.324 17.826 17.610 16.513 14.820 15.830 15.561 16.010 15.899
1.887 1.659 1.487 1.607 1.717 1.974 2.187 2.521 2.837 2.940 2.583 2.136 1.767 1.604 1.429 1.641 1.541 1.872 1.964 1.941 2.327 2.423 2.485 2.160 1.943 1.820 2.195 2.199 2.144 2.320 2.189 1.907 2.154 2.102 2.035 1.841 1.608 1.347 1.334 1.163 0.999 1.242 1.377 1.182 1.189 1.160 1.489 1.451 1.097 1.000 0.975 0.893 0.724 0.627 0.619 0.565 0.494 0.000 0.509 0.720 0.908 1.626 1.704 1.660 1.334 1.399 1.308 1.513 1.628 2.029 2.376 2.826 3.364 4.425 5.245 6.011 7.349 8.990 10.172 11.617 12.840 13.955 15.921 16.588 17.725 18.935 18.403 16.707 15.357 15.852 15.893 16.213 16.092
2.065 1.899 1.827 2.128 2.201 2.387 2.585 2.779 3.011 3.203 3.036 2.443 2.092 1.857 1.565 1.814 1.827 2.194 2.294 2.418 2.673 2.983 3.131 2.502 2.338 2.291 2.691 2.771 2.700 2.903 2.628 2.306 2.447 2.385 2.304 2.169 1.862 1.511 1.604 1.474 1.256 1.503 1.777 1.493 1.662 1.376 1.804 1.868 1.483 1.445 1.309 1.222 1.077 0.814 0.768 0.707 0.647 0.507 0.000 0.556 0.884 1.696 1.913 1.928 1.551 1.721 1.536 1.831 1.966 2.228 2.511 3.034 3.498 4.353 5.111 5.870 7.211 8.844 10.419 11.712 13.120 14.006 15.567 16.440 17.517 18.316 17.927 16.492 15.453 15.914 15.651 16.646 16.028
2.860 2.722 2.818 3.376 3.099 3.390 3.658 3.956 4.260 4.659 4.563 4.055 3.483 3.140 2.772 2.905 2.808 3.187 3.365 3.466 3.746 4.223 4.328 3.547 3.345 3.300 3.848 4.181 4.164 4.431 4.238 3.554 4.001 3.684 3.787 3.597 3.304 2.836 2.973 2.637 1.974 2.098 2.487 2.271 2.767 2.484 3.194 3.203 2.636 2.384 2.050 1.794 1.774 1.492 1.096 1.080 1.090 0.915 0.576 0.000 0.750 1.763 2.279 2.386 1.966 2.538 2.536 3.303 3.478 3.953 4.277 4.925 5.563 6.133 6.996 7.680 9.049 11.018 11.853 13.694 14.881 15.794 17.529 17.909 18.877 19.677 19.376 18.472 16.894 17.593 17.466 17.635 17.131
4.706 4.833 4.746 5.317 5.184 5.361 6.146 6.110 6.740 7.694 7.243 6.348 5.353 4.983 4.186 4.523 4.243 4.944 5.054 4.896 5.279 5.604 5.568 4.627 3.795 3.993 4.743 4.614 4.186 4.949 4.418 4.233 4.983 5.197 5.339 4.676 4.567 3.682 4.017 3.198 2.453 2.301 3.116 2.999 3.687 3.531 4.526 4.817 4.002 3.952 3.680 2.981 3.040 2.894 2.494 1.869 1.804 1.511 1.350 0.611 0.000 1.273 2.041 2.288 2.035 2.527 2.997 3.595 3.981 5.059 5.226 6.135 6.820 7.443 8.558 9.305 10.783 12.184 13.001 14.377 15.542 16.490 18.571 19.285 20.278 21.188 20.500 19.734 18.559 18.615 18.586 18.692 18.013
6.819 6.871 6.445 6.273 7.205 7.755 8.190 8.611 8.976 9.523 8.833 8.133 6.702 6.408 5.739 6.400 6.219 7.374 7.297 6.565 6.593 6.843 6.418 5.053 4.051 4.662 5.804 5.284 5.058 6.351 6.057 5.782 6.789 7.400 7.554 6.674 6.110 4.872 4.534 3.923 2.962 2.994 3.931 3.200 3.853 3.871 5.100 5.287 4.426 5.185 5.696 5.001 3.659 3.778 4.269 2.878 2.199 2.407 2.357 1.516 0.993 0.000 0.809 1.580 2.271 3.213 3.714 4.740 5.317 6.230 7.299 8.142 9.015 10.130 10.960 11.908 12.891 14.921 15.812 16.821 18.765 18.974 21.077 21.099 22.319 23.039 22.875 21.960 19.897 20.909 20.371 21.153 19.969
6.939 6.927 6.995 7.630 7.864 8.140 8.053 8.446 8.372 9.310 8.793 8.147 7.461 6.524 6.108 6.018 5.844 6.727 6.558 5.751 5.936 6.056 5.799 4.683 3.518 3.689 4.612 4.454 3.661 4.485 4.192 4.332 5.488 6.183 6.539 5.874 5.522 4.704 4.899 4.219 3.162 2.861 4.016 4.036 4.997 4.985 5.906 6.800 6.224 6.316 5.887 5.825 5.164 4.484 4.443 3.867 3.164 2.773 2.811 2.182 1.657 0.676 0.000 0.829 1.632 2.269 3.104 3.982 4.531 5.486 5.974 6.882 7.473 7.993 8.833 9.774 10.904 13.144 13.800 14.624 16.267 16.525 18.794 19.884 20.839 20.993 21.174 20.041 18.262 19.252 19.093 20.053 18.787
5.042 5.184 5.114 5.551 5.986 6.107 6.060 6.107 6.206 6.649 6.500 5.814 5.457 4.420 4.172 4.093 4.045 4.811 4.795 4.261 4.544 4.750 4.505 3.584 2.798 2.872 3.998 3.820 3.145 3.909 3.459 3.182 4.037 4.685 4.777 3.898 3.711 3.038 2.849 2.448 1.898 1.822 2.613 2.947 3.299 3.375 3.857 4.773 4.406 4.846 4.574 4.628 4.016 3.484 3.431 3.286 2.753 2.279 2.656 2.392 1.810 1.284 0.609 0.000 0.653 1.218 1.543 2.210 2.826 3.475 4.188 5.028 5.795 6.586 7.186 8.173 9.559 10.883 11.322 12.921 14.965 15.816 17.344 18.607 19.394 19.660 19.908 18.596 17.510 17.666 17.137 18.114 17.193
4.027 4.089 4.138 4.502 4.807 4.858 4.874 4.866 4.879 4.959 4.986 4.414 4.099 3.490 3.132 3.209 3.125 3.688 3.788 3.241 3.656 3.865 3.925 2.986 2.433 2.369 2.953 2.959 2.352 2.934 2.591 2.423 2.973 3.344 3.259 2.752 2.676 2.207 2.171 1.813 1.460 1.490 2.120 2.466 2.592 2.760 3.179 3.705 3.649 4.006 3.732 3.786 3.483 2.981 3.112 2.971 2.420 2.033 2.279 2.168 1.720 1.614 1.125 0.610 0.000 0.589 0.950 1.347 1.730 2.121 2.651 3.371 3.803 4.838 5.705 6.396 7.933 9.252 10.332 11.940 14.061 14.677 16.710 16.807 18.445 18.801 18.281 17.333 15.438 16.202 15.839 16.868 15.807
2.877 2.669 2.490 2.778 3.113 3.166 3.192 3.227 3.252 3.348 3.235 2.660 2.459 1.970 1.934 1.923 1.896 2.365 2.422 2.169 2.588 2.772 2.777 2.351 2.033 1.772 2.155 2.238 1.930 2.179 1.853 1.727 2.001 2.236 2.037 1.716 1.462 1.275 1.195 1.037 0.888 0.899 1.380 1.375 1.568 1.584 1.965 2.289 2.154 2.439 2.514 2.494 2.256 2.006 2.100 2.088 1.696 1.508 1.876 1.807 1.549 1.687 1.449 1.023 0.542 0.000 0.535 0.833 1.076 1.423 1.824 2.419 3.082 4.037 4.897 5.826 7.076 9.182 10.126 11.385 13.114 14.204 15.337 14.925 16.753 17.354 17.354 16.106 15.186 15.973 14.751 16.229 15.298
2.340 2.048 2.019 2.123 2.382 2.535 2.528 2.813 2.879 2.974 2.617 2.175 1.883 1.591 1.441 1.537 1.577 1.890 1.981 1.890 2.257 2.420 2.503 2.015 1.818 1.657 1.873 1.912 1.724 1.800 1.724 1.380 1.642 1.742 1.671 1.367 1.159 0.863 0.922 0.773 0.772 0.880 1.247 1.139 1.178 1.309 1.484 1.668 1.671 1.741 1.810 1.929 1.725 1.475 1.600 1.664 1.395 1.254 1.548 1.608 1.543 1.823 1.717 1.299 0.855 0.518 0.000 0.518 0.762 1.070 1.407 2.016 2.540 3.512 4.639 5.164 6.634 8.807 10.242 11.391 13.034 13.723 15.281 16.036 16.548 17.513 16.856 15.882 14.560 15.040 14.686 15.729 15.085
2.278 1.969 1.992 2.308 2.473 2.545 2.612 2.738 2.760 2.914 2.703 2.153 1.935 1.547 1.368 1.459 1.398 1.858 1.960 1.893 2.299 2.524 2.503 2.203 1.950 1.694 1.996 2.032 1.760 1.800 1.484 1.299 1.574 1.681 1.546 1.141 0.936 0.718 0.758 0.746 0.814 1.042 1.262 1.218 1.209 1.220 1.502 1.733 1.675 1.908 1.896 1.968 1.836 1.535 1.660 1.714 1.429 1.376 1.656 1.725 1.667 2.037 1.983 1.631 1.099 0.815 0.523 0.000 0.526 0.776 1.163 1.877 2.439 3.518 4.468 5.481 6.736 9.443 9.828 11.393 12.719 13.228 14.934 14.632 17.113 16.966 17.122 16.075 14.495 15.396 14.873 16.006 15.105
2.421 2.073 2.140 2.363 2.641 2.646 2.618 2.590 2.614 2.861 2.659 2.137 1.979 1.601 1.488 1.500 1.521 1.983 2.122 2.273 2.688 2.963 3.054 2.584 2.230 2.047 2.270 2.361 2.110 2.171 1.781 1.391 1.777 1.739 1.535 1.028 0.897 0.840 0.866 0.983 1.114 1.235 1.510 1.491 1.455 1.512 1.649 1.962 1.941 2.089 2.066 2.331 2.099 1.768 2.037 2.149 1.747 1.719 2.122 2.113 1.927 2.408 2.414 1.885 1.411 1.100 0.778 0.540 0.000 0.528 0.950 1.537 2.231 3.242 4.034 4.622 6.210 7.724 9.627 10.664 12.085 12.863 14.420 15.094 16.054 16.840 16.562 15.457 14.187 14.676 14.839 15.134 15.038
2.849 2.514 2.594 2.965 3.284 3.320 3.239 3.170 3.182 3.589 3.253 2.419 2.440 1.779 1.642 1.605 1.704 2.197 2.467 2.334 2.994 3.318 3.358 3.036 2.791 2.334 2.812 2.863 2.459 2.504 1.999 1.654 1.690 1.893 1.694 1.124 0.914 0.947 1.015 1.260 1.435 1.630 1.879 1.832 1.790 1.778 1.909 2.336 2.363 2.629 2.479 2.701 2.583 2.109 2.312 2.393 2.088 2.022 2.375 2.452 2.352 2.824 2.818 2.515 1.933 1.707 1.218 1.000 0.559 0.000 0.568 1.189 1.964 3.193 4.179 4.917 6.148 8.614 9.605 10.923 12.194 13.455 14.833 15.683 16.784 16.559 16.812 16.261 15.235 15.453 15.528 16.110 15.688
3.936 3.507 3.881 4.215 4.714 4.537 4.375 4.094 3.973 4.598 4.338 3.508 3.520 2.604 2.539 2.416 2.508 3.208 3.495 3.504 4.577 4.804 5.242 4.663 4.522 3.577 3.834 4.258 3.587 3.698 2.816 2.456 2.093 2.337 2.044 1.299 1.411 1.798 1.734 2.112 2.620 2.970 3.041 3.119 2.650 2.791 2.749 3.353 3.643 4.017 4.064 4.455 4.149 3.599 4.168 4.419 3.820 3.806 4.635 4.672 4.267 5.146 5.256 4.547 3.672 3.021 2.143 1.710 1.257 0.598 0.000 0.689 1.517 2.563 3.583 4.347 5.681 7.219 9.127 10.540 11.632 12.916 14.333 14.669 16.150 16.866 16.670 15.725 14.910 15.092 15.655 16.004 15.702
6.059 5.652 5.978 6.627 7.860 7.251 6.452 6.240 5.860 6.350 6.296 5.352 5.502 4.162 4.247 3.703 3.732 4.859 5.616 5.466 6.710 7.100 7.478 6.663 5.893 5.299 5.906 6.240 5.277 5.216 4.047 3.196 3.321 3.558 2.891 2.051 2.375 2.964 3.382 3.890 4.067 4.562 5.270 5.422 5.243 5.006 4.926 5.876 6.169 7.059 6.517 7.467 7.070 5.996 6.258 6.897 5.963 5.582 6.455 6.584 5.639 6.577 6.426 5.525 4.814 4.373 3.189 2.931 2.020 1.444 0.697 0.000 0.721 1.735 2.860 3.357 4.616 5.774 7.542 9.088 10.742 11.904 13.267 14.490 15.151 16.261 16.098 15.308 14.158 14.258 14.838 15.087 15.352
7.634 7.000 6.969 7.593 9.149 8.890 7.693 7.344 6.729 7.475 7.650 6.193 6.154 4.793 5.160 5.288 5.841 6.987 8.179 8.478 10.406 11.134 11.866 10.919 9.915 8.810 9.893 10.415 8.811 8.606 7.157 6.054 5.435 5.691 4.557 3.816 3.448 4.299 4.151 4.987 5.870 6.862 7.178 6.528 5.812 5.576 5.172 6.183 6.404 7.740 7.801 8.699 7.857 6.900 8.255 8.430 7.319 7.588 9.048 9.138 8.599 10.075 10.159 9.563 7.888 7.112 5.827 4.765 3.473 2.557 1.723 0.685 0.000 0.664 1.434 2.308 3.464 5.023 6.148 7.480 9.490 10.784 11.424 12.671 14.165 14.815 15.082 13.766 12.956 13.392 14.078 14.277 13.658
9.090 8.575 9.069 9.817 10.739 10.126 9.133 8.477 7.850 8.871 9.120 7.483 7.866 6.658 6.999 6.586 6.844 8.014 9.349 9.352 11.324 11.804 13.020 11.678 10.848 9.812 10.326 11.271 9.729 9.190 7.134 6.524 5.702 6.234 4.897 4.290 4.443 5.604 6.053 6.988 7.567 8.217 8.839 8.415 7.857 7.855 7.237 8.303 8.908 9.933 9.865 10.743 10.006 9.280 10.024 10.533 9.391 9.314 10.683 10.896 10.272 11.519 11.562 10.523 9.059 8.035 6.982 5.619 4.100 3.249 2.495 1.366 0.649 0.000 0.613 1.343 2.175 3.379 4.884 5.259 7.258 8.337 9.873 10.529 12.001 13.341 13.124 11.745 10.611 11.377 11.896 12.780 11.681
9.773 9.211 9.975 10.885 11.822 11.045 9.821 9.550 8.417 9.514 9.879 8.276 8.865 7.388 7.742 7.033 7.503 8.200 9.064 9.586 11.251 11.839 12.636 11.776 10.889 9.564 10.382 11.340 9.872 9.485 7.691 7.090 6.141 6.322 5.015 5.168 5.436 6.911 7.178 8.324 8.966 9.418 10.229 10.239 9.505 9.063 8.437 9.556 10.411 11.226 10.640 11.797 11.357 10.004 10.712 11.252 10.473 9.850 11.084 11.580 10.891 12.013 11.761 10.923 9.841 9.145 7.829 6.983 5.353 4.306 3.231 2.287 1.326 0.605 0.000 0.703 1.475 2.421 3.617 4.311 6.113 7.243 8.790 9.308 10.275 11.415 11.354 10.572 9.583 9.822 10.604 11.477 11.398
10.826 10.141 10.738 11.540 12.362 11.999 10.411 9.982 8.693 9.914 10.774 8.992 9.844 8.274 9.094 8.249 8.740 9.667 10.757 11.219 13.201 13.458 14.654 14.030 13.152 11.952 12.508 13.387 11.718 11.487 9.889 8.977 8.009 8.044 6.739 6.525 6.912 8.101 8.825 10.227 10.942 11.859 12.395 12.285 11.185 10.701 9.764 11.061 11.183 11.881 11.724 12.451 12.262 11.337 12.132 12.716 12.259 11.923 13.289 13.540 13.241 14.268 14.299 13.399 12.254 11.475 10.031 9.068 7.559 6.314 4.665 3.507 2.793 1.860 0.720 0.000 0.824 1.614 2.288 2.821 3.637 4.192 5.436 6.242 7.087 8.302 8.260 7.273 6.224 6.656 7.098 8.296 7.924
12.429 12.115 12.439 13.384 14.303 13.141 12.470 11.384 9.855 11.084 11.625 10.527 11.249 10.025 10.410 9.310 9.799 10.621 11.854 12.275 14.119 15.486 15.918 15.102 14.380 12.683 13.360 14.095 12.680 11.724 10.223 9.696 8.566 8.640 7.368 7.638 8.013 9.599 10.217 10.897 11.889 12.469 13.491 12.972 12.650 11.932 11.569 12.637 13.027 13.827 13.553 14.537 14.282 13.388 13.969 14.813 14.056 13.350 14.761 15.350 14.351 15.643 15.217 14.175 12.906 11.889 10.956 9.762 8.298 6.574 5.638 3.954 3.054 2.503 1.780 0.677 0.001 0.681 1.324 1.637 2.273 2.832 3.574 4.296 4.910 6.120 6.101 5.336 4.585 5.261 5.302 6.170 6.105
12.367 11.825 12.611 13.642 14.462 13.460 12.116 11.322 9.841 10.715 11.733 10.448 11.747 10.031 10.779 9.833 9.779 10.766 11.929 12.686 14.388 15.218 16.487 15.559 14.675 13.090 13.743 14.675 13.297 12.977 11.387 10.112 9.701 9.480 7.833 8.392 8.803 9.845 10.968 12.125 12.719 13.369 14.541 14.118 13.502 12.831 12.262 13.453 13.251 14.072 13.899 14.449 14.398 13.400 13.915 14.799 14.071 13.679 15.023 15.769 14.778 16.209 15.996 14.687 13.781 13.469 11.944 11.175 9.856 8.374 6.807 5.251 3.999 3.112 2.362 1.349 0.638 0.000 0.613 1.064 1.418 1.782 2.338 2.607 3.395 4.570 4.453 3.677 3.258 3.603 3.992 4.916 5.136
13.107 12.661 13.097 14.366 14.966 13.937 12.967 12.235 10.376 11.454 12.186 11.246 12.202 11.124 11.416 10.568 10.546 11.215 12.786 13.293 15.231 16.495 17.194 16.304 15.146 13.696 14.650 15.202 13.725 13.621 12.129 11.072 9.953 10.164 8.371 8.751 9.551 10.325 11.452 11.972 12.945 13.301 14.068 14.019 13.725 12.900 13.229 13.979 13.874 14.642 14.488 15.421 15.363 14.491 14.886 15.710 14.662 14.162 16.285 16.431 15.088 16.770 16.319 15.297 14.523 13.593 12.550 11.523 10.181 8.413 7.217 5.828 4.564 3.871 2.929 1.900 1.194 0.584 0.001 0.578 0.975 1.168 1.673 2.083 2.762 3.516 3.821 3.046 2.380 3.208 3.363 4.264 4.417
12.948 12.582 13.299 14.290 15.012 13.911 12.939 12.115 10.562 11.170 12.435 11.286 12.489 11.307 11.626 10.750 10.471 11.215 12.218 12.945 14.373 15.085 16.940 15.351 14.852 13.385 13.985 14.522 13.474 12.770 11.975 11.026 10.117 10.090 8.549 9.083 9.698 10.998 11.681 13.068 13.619 14.312 15.588 15.413 14.425 13.187 13.149 14.252 14.370 15.052 14.648 15.421 15.532 14.001 14.747 15.974 14.742 14.300 15.926 16.943 15.193 17.072 16.906 15.399 14.385 13.928 12.910 11.897 10.667 8.959 7.740 5.954 4.683 3.918 2.993 2.128 1.522 0.929 0.548 0.000 0.555 0.907 1.256 1.695 2.244 2.967 3.241 2.676 2.259 2.827 3.323 4.068 4.450
13.566 13.131 13.512 14.657 15.237 13.874 13.512 12.652 10.739 11.699 12.778 11.940 12.746 11.895 12.345 11.767 11.371 12.027 13.166 13.431 15.401 16.401 17.767 16.233 15.783 14.054 14.552 15.340 14.110 13.719 12.258 11.287 10.763 11.006 9.346 9.791 10.640 11.131 12.502 12.836 13.318 14.165 15.056 14.652 14.968 13.832 14.677 14.706 14.623 15.173 15.034 16.179 15.960 14.808 15.379 16.318 15.493 14.810 16.563 17.404 16.400 17.064 17.723 16.197 14.239 14.415 12.724 12.221 11.240 10.382 8.375 6.867 5.575 4.630 3.703 2.561 1.904 1.247 0.973 0.544 0.001 0.550 0.977 1.293 1.784 2.458 2.621 2.144 1.982 2.595 2.951 3.547 4.187
14.361 14.249 14.911 15.773 16.694 15.008 14.683 13.379 11.587 12.356 13.845 12.622 14.024 13.010 13.291 12.300 12.297 12.761 14.086 14.406 16.019 16.926 17.683 16.748 15.806 15.468 15.103 15.838 15.313 14.705 13.469 12.689 11.749 11.756 10.311 10.878 11.553 12.421 13.550 13.886 14.838 15.325 16.328 16.388 16.029 14.623 14.695 15.755 15.876 16.619 15.822 17.179 17.264 15.344 16.258 17.637 15.748 16.205 16.987 18.061 16.898 18.068 19.111 16.476 15.377 14.664 13.887 13.575 12.044 10.685 9.284 7.013 5.838 4.881 4.013 3.099 2.334 1.715 1.215 0.902 0.551 0.000 0.576 1.044 1.639 2.177 2.308 2.120 1.959 2.655 3.080 3.647 4.641
14.798 14.213 14.860 16.086 16.868 15.515 14.498 13.386 12.382 12.644 15.697 13.122 14.288 13.132 14.064 12.873 12.515 13.444 14.378 14.643 16.803 17.390 18.591 17.824 17.465 15.952 15.981 17.120 15.805 15.041 14.118 12.707 12.487 12.090 10.799 11.315 11.831 12.807 14.272 15.040 15.497 16.297 17.164 17.523 16.726 15.462 15.311 16.012 16.119 16.876 16.062 17.582 17.638 16.289 16.951 18.157 17.626 16.697 18.343 19.829 18.649 19.484 19.626 18.374 16.838 15.710 14.538 14.057 12.513 11.695 9.731 8.356 6.928 6.153 5.125 4.090 3.377 2.396 2.050 1.439 1.102 0.616 0.000 0.591 1.225 1.903 2.152 1.726 1.919 2.511 3.096 4.021 4.651
16.772 16.674 17.252 18.179 18.825 17.196 17.488 15.835 14.866 15.184 16.421 16.281 16.537 15.863 15.595 15.529 15.053 15.747 16.883 17.638 19.207 20.007 20.871 19.872 19.686 18.185 18.526 19.067 18.172 17.731 16.593 15.043 14.890 14.439 13.098 14.248 14.767 15.254 16.360 16.491 17.112 18.329 19.116 19.140 18.106 17.092 17.499 17.974 18.343 19.062 18.316 19.578 20.110 18.354 19.038 20.325 19.516 19.355 20.568 21.050 21.032 21.629 21.460 20.964 19.563 18.095 15.908 16.273 14.859 13.969 12.333 10.571 8.905 8.024 6.977 5.719 4.877 3.887 2.882 2.328 1.602 1.150 0.635 0.000 0.718 1.599 2.063 2.061 1.958 3.041 3.844 4.909 6.058
18.422 17.931 18.463 19.356 20.002 18.857 17.947 17.180 16.024 16.197 17.194 17.050 17.700 16.854 17.500 16.517 16.030 16.789 17.604 18.023 19.913 20.690 22.164 21.387 21.009 18.893 19.319 20.596 19.567 18.955 17.851 15.979 16.104 15.585 15.041 15.614 15.802 16.600 17.654 18.854 19.270 20.741 21.120 21.565 20.234 18.999 18.829 19.328 19.737 20.673 20.039 21.242 21.499 19.829 20.654 22.276 21.470 20.504 22.040 22.935 21.653 22.912 22.719 21.820 20.212 19.611 17.577 18.017 16.715 15.977 14.377 12.722 11.744 10.439 8.897 8.033 6.248 5.651 4.424 3.596 2.717 1.915 1.393 0.774 0.000 0.753 1.328 1.886 2.214 3.420 4.239 5.340 6.441
19.126 18.786 19.150 19.428 20.160 19.274 18.124 17.500 16.661 16.172 17.769 17.102 18.220 17.727 17.976 17.251 16.893 17.531 18.624 19.035 20.708 21.245 22.171 21.286 21.084 19.893 19.936 20.788 19.752 19.642 18.753 17.252 17.153 16.408 15.604 16.255 16.502 17.514 18.485 19.355 19.849 20.996 21.330 21.548 20.315 19.759 19.529 19.642 20.019 20.673 20.454 21.545 21.301 20.723 20.880 22.497 21.971 21.134 22.158 22.691 22.404 22.533 22.254 21.611 20.558 20.325 18.763 18.767 17.457 16.326 15.326 13.426 12.426 11.565 10.166 8.904 7.827 6.668 5.574 4.892 3.842 2.805 1.946 1.433 0.666 0.000 0.737 1.453 2.233 2.970 3.727 5.155 6.039
18.281 17.820 18.385 18.751 19.760 18.750 17.411 17.082 15.833 15.559 17.289 16.567 17.671 17.214 17.545 16.816 16.520 16.966 17.897 18.478 20.115 21.047 21.881 21.203 20.924 19.652 20.038 21.191 20.146 19.312 18.456 17.373 16.984 15.970 15.289 16.181 16.423 17.272 18.158 19.567 19.946 21.053 21.364 21.406 20.471 19.667 19.005 19.386 19.704 20.183 19.476 20.618 20.883 19.980 20.280 21.614 21.297 20.716 21.679 22.254 21.828 21.822 22.032 21.754 20.975 20.322 18.524 18.943 17.234 16.530 15.141 13.540 12.478 11.695 10.626 9.466 8.751 7.658 7.100 5.873 5.104 4.089 3.169 2.268 1.388 0.678 0.000 1.046 1.847 2.784 3.299 4.228 5.554
16.755 16.190 17.109 17.891 18.631 17.148 16.421 15.546 14.758 15.040 16.243 15.725 16.326 15.625 15.802 15.063 14.803 15.414 16.710 17.444 18.781 19.773 20.981 20.219 19.422 17.482 18.231 19.160 18.195 17.252 16.573 14.902 14.701 14.075 13.525 14.322 14.459 15.267 16.207 16.921 18.027 18.381 19.118 19.413 18.343 17.595 17.550 17.794 18.193 18.902 18.290 19.534 19.699 18.577 19.107 20.430 19.713 19.422 20.222 21.054 20.287 20.939 20.775 19.393 18.696 17.947 16.197 16.231 14.604 13.921 12.286 10.979 9.497 8.798 7.930 5.966 5.610 4.264 3.891 3.261 2.876 2.377 2.295 1.790 1.755 1.580 1.030 0.000 0.661 1.976 2.369 4.144 4.995
15.943 15.382 15.985 16.708 17.570 16.180 15.482 14.791 13.572 13.527 15.481 14.797 15.278 14.826 14.183 14.263 14.357 15.048 16.103 16.549 18.294 18.588 19.426 18.689 19.043 17.247 16.918 17.634 17.361 15.755 15.377 15.141 13.966 14.276 12.538 12.840 13.451 14.384 15.259 15.174 16.831 16.454 18.148 17.458 17.327 16.191 16.461 16.754 16.802 17.138 16.943 18.414 18.284 16.457 17.597 18.615 17.603 18.264 18.931 18.967 18.562 19.248 20.558 19.315 17.116 16.458 15.648 14.867 13.358 13.194 11.578 10.281 9.092 8.068 7.012 5.439 4.885 4.084 3.524 2.947 2.822 2.354 2.307 1.864 2.158 2.189 1.625 0.604 0.000 0.686 1.289 2.432 3.239
16.887 15.998 16.785 17.186 17.957 16.748 15.863 15.450 14.162 13.883 15.776 14.927 15.661 15.349 15.368 14.765 14.935 15.424 15.958 17.631 17.906 19.160 19.841 19.518 18.901 18.003 18.023 18.725 18.004 16.756 15.872 15.618 14.046 14.187 13.657 13.602 14.331 15.864 16.006 17.517 17.834 18.680 18.998 19.042 18.314 17.835 17.047 17.359 17.925 18.401 18.096 18.839 19.010 18.051 18.252 19.375 19.420 18.704 19.764 20.306 19.308 20.273 20.061 19.005 17.975 17.627 16.668 16.463 15.378 14.159 12.864 10.901 10.407 9.602 9.535 8.211 7.160 5.914 5.301 4.680 4.128 3.037 2.948 2.274 2.608 2.916 2.481 1.223 0.696 0.000 0.826 1.619 2.643
18.468 16.373 16.552 17.350 18.389 17.213 15.975 15.071 14.132 14.471 15.617 15.466 15.906 15.933 15.593 15.859 16.163 16.891 17.678 18.297 19.830 20.457 20.081 20.948 20.145 18.613 19.116 18.563 18.626 17.841 16.602 16.718 15.453 16.201 13.932 14.548 14.932 16.142 17.180 17.778 17.942 19.356 19.915 19.996 18.985 18.191 17.882 18.134 18.086 19.014 18.408 19.641 19.715 18.369 19.453 20.313 19.984 19.660 20.326 21.311 20.006 21.034 21.142 20.386 19.420 18.846 17.762 16.978 16.048 14.974 13.521 11.584 10.241 9.479 8.974 7.674 7.251 6.226 6.047 5.200 4.733 3.799 3.458 3.461 3.154 3.352 2.947 2.337 1.651 0.659 0.000 0.650 1.786
18.825 16.735 17.793 18.548 19.215 17.966 17.059 16.178 15.350 15.520 16.569 16.477 17.392 17.226 16.797 16.306 16.375 17.254 17.859 19.342 19.570 20.199 21.536 20.844 20.239 18.751 18.771 20.176 19.224 19.111 17.957 16.806 15.781 16.114 14.626 15.018 15.614 16.820 17.817 18.955 18.739 20.298 20.457 20.840 19.931 19.171 18.921 18.962 19.315 20.021 19.001 20.249 20.309 19.216 19.949 20.869 20.034 20.272 20.720 21.679 20.625 21.791 21.723 20.979 19.836 19.963 18.021 18.089 16.932 16.059 14.847 12.532 11.760 10.739 9.811 8.536 7.938 7.262 6.773 5.667 5.325 4.676 4.378 4.173 4.114 4.797 3.886 3.099 2.464 1.536 0.661 0.000 0.959
21.249 20.303 20.527 20.913 21.269 19.945 19.074 18.301 17.318 16.985 19.077 18.840 19.929 19.838 20.097 19.968 19.687 20.646 21.736 21.735 22.899 23.873 24.564 24.260 24.310 22.680 23.506 23.887 23.313 22.776 21.779 20.742 20.546 19.893 19.116 18.797 19.549 20.052 21.585 21.782 21.974 23.530 23.680 23.628 22.885 21.747 21.837 21.649 21.392 21.741 21.454 22.719 22.557 21.805 22.729 23.391 23.605 22.215 23.521 24.265 24.061 24.798 24.709 24.290 23.311 23.544 21.941 21.998 20.312 20.603 19.076 17.988 16.862 15.851 14.957 12.989 12.465 11.763 10.859 9.349 8.928 8.073 7.673 7.166 5.980 7.111 5.325 5.273 3.852 2.918 2.046 1.108 0.004
