59.408
84.426
88.888
92.211
90.883
91.300
90.990
89.987
91.600
91.251
89.726
89.986
87.858
90.550
91.841
93.802
93.284
94.372
94.958
93.235
91.916
94.131
94.549
94.196
91.531
92.314
94.500
94.732
95.163
95.397
95.384
95.796
95.722
95.617
95.278
95.305
93.928
93.183
92.088
87.986
89.669
91.456
93.036
93.647
93.944
92.891
91.707
88.376
84.115
65.519
56.718
54.285
66.345
75.183
83.052
87.201
89.927
91.220
92.481
92.262
91.976
90.463
84.619
82.718
82.286
88.333
92.140
91.897
93.611
94.733
95.584
94.676
93.233
93.148
92.405
92.125
92.651
89.350
88.597
87.066
86.350
84.798
87.881
89.759
91.266
93.198
92.214
93.175
93.152
94.127
92.842
89.911
76.283
