0.002 2.042 3.822 5.459 6.581 9.122 10.490 10.263 14.139 14.312 16.814 17.139 17.375 17.651 19.172 19.743 19.859 20.123 19.976 20.958 21.666 21.661 21.695 21.798 21.708 20.677 20.166 21.230 20.076 19.390 19.813 20.174 18.506 18.181 15.751 14.607 14.343 14.564 13.320 14.776 12.021 14.258 12.305 13.594 14.038 14.031 16.564 18.057 19.763 21.145 22.277 22.780 23.688 24.594 25.064 25.686 26.217 26.876 26.132 25.877 24.877 24.664 23.909 23.927 23.270 22.748 22.127 21.471 21.418 22.879 22.947 21.711 21.963 21.019 21.567 20.623 19.756 20.042 19.409 21.058 21.405 22.664 23.030 23.942 24.550 25.376 26.034 26.248 25.889 25.249 24.284 25.142 25.872
1.269 0.002 1.167 2.646 3.787 6.008 6.349 5.599 7.633 8.449 11.047 12.215 12.423 12.273 13.902 14.482 13.294 14.135 12.809 13.822 14.564 15.097 15.312 15.559 15.272 15.101 14.386 15.396 14.644 14.547 15.623 15.445 14.684 14.813 13.229 10.809 10.864 9.335 7.983 8.616 6.706 7.064 6.114 6.883 7.491 9.161 10.750 12.079 13.660 15.639 16.189 18.300 18.815 20.024 21.110 22.018 22.837 23.255 22.725 21.986 20.452 20.880 19.091 19.296 18.002 18.064 17.393 16.870 17.165 18.621 17.995 16.738 16.688 15.621 15.990 15.676 14.365 15.071 14.264 15.881 16.308 17.259 17.667 19.698 19.406 21.141 21.734 22.351 21.394 20.494 19.522 20.423 21.501
2.776 0.723 0.000 0.941 2.167 2.841 2.957 2.130 2.667 3.473 5.226 6.150 6.296 6.650 7.707 7.012 7.289 6.300 5.619 6.845 6.879 7.814 7.503 8.719 8.424 7.890 8.019 9.570 8.780 7.104 9.160 9.880 8.083 8.781 7.447 6.742 6.051 6.046 4.739 4.559 3.628 3.971 3.744 4.102 5.787 6.495 7.796 8.796 10.379 11.655 12.445 12.964 14.019 14.242 15.680 15.889 17.414 17.652 16.761 16.013 14.637 14.772 13.332 13.131 12.206 11.758 11.052 10.964 11.142 12.131 11.420 10.606 10.622 10.286 10.028 9.712 8.651 9.576 9.373 10.309 10.537 11.586 12.211 13.489 13.868 14.700 15.750 17.283 16.131 15.051 14.275 14.191 15.431
3.374 2.229 0.621 0.000 0.582 0.932 1.387 1.160 1.658 1.827 2.239 2.279 2.199 2.454 2.880 2.898 2.831 2.711 2.775 3.187 3.230 3.507 3.337 3.733 3.500 2.877 2.987 3.443 3.042 2.678 3.235 3.372 2.974 3.452 3.100 2.539 2.386 2.045 1.953 1.975 1.789 1.896 2.034 2.630 3.084 3.760 4.688 5.455 6.810 7.925 8.703 9.549 10.513 11.146 12.051 12.264 13.651 14.454 13.179 12.732 11.430 11.735 10.512 10.058 9.561 9.189 8.805 8.280 8.207 9.455 9.080 8.376 8.402 7.620 7.854 7.539 6.622 6.897 6.842 7.677 7.855 8.774 9.256 10.470 11.205 11.528 12.424 13.203 12.326 11.558 10.758 11.063 12.006
3.571 1.889 1.132 0.552 0.000 0.530 0.807 0.861 1.257 1.561 1.900 2.108 2.164 2.343 2.876 2.886 2.716 2.592 2.545 2.828 2.995 2.982 2.996 3.165 3.274 2.747 3.028 3.277 3.008 2.632 3.151 3.297 2.898 3.430 3.035 2.525 2.327 2.097 1.812 1.926 1.780 1.716 1.637 2.494 2.823 3.406 4.201 5.031 6.084 7.055 7.906 8.670 9.508 10.287 11.324 11.968 12.578 13.234 12.433 12.077 10.788 10.739 9.897 9.779 8.647 8.382 7.697 7.471 7.736 9.113 8.319 7.703 7.902 7.056 7.391 7.204 6.500 6.592 6.237 6.946 7.345 8.382 8.513 9.614 10.029 10.725 11.669 12.342 11.529 10.915 10.281 10.411 11.774
4.148 2.210 1.465 0.893 0.529 0.000 0.660 0.792 1.189 1.524 1.805 2.132 2.308 2.629 2.992 3.033 2.692 2.541 2.461 2.763 2.736 3.042 2.789 3.110 3.243 2.555 2.642 3.280 3.000 2.573 3.040 3.310 2.935 3.458 3.232 2.767 2.627 2.522 2.126 1.936 1.747 1.762 1.793 2.326 2.745 3.502 4.401 5.140 6.395 7.209 7.975 9.339 10.290 11.182 11.975 12.570 13.383 14.267 13.107 12.676 11.678 11.294 10.853 10.285 9.319 8.758 7.962 7.758 8.093 9.226 8.636 7.966 7.775 7.210 7.475 7.336 6.528 6.819 6.564 7.432 7.693 8.645 9.165 9.494 10.643 11.446 12.312 12.945 12.223 11.284 11.071 11.057 12.196
4.423 2.733 1.769 1.204 0.849 0.582 0.000 0.581 0.843 1.209 1.437 1.815 2.039 2.384 2.701 2.600 2.281 2.042 1.902 2.248 2.393 2.570 2.516 2.910 2.913 2.530 2.677 3.084 2.942 2.883 3.109 3.320 3.131 3.697 3.558 3.134 2.665 2.370 1.928 1.662 1.268 1.197 1.382 2.049 2.641 3.474 4.450 5.258 6.604 7.499 8.255 8.951 10.251 10.363 11.860 12.710 13.319 13.898 13.313 12.869 11.104 11.707 10.613 10.441 9.408 9.064 8.253 7.943 8.066 9.059 8.685 7.855 7.857 7.316 7.367 7.130 6.305 6.789 6.681 7.616 7.865 8.880 8.935 10.228 11.316 11.466 12.021 13.031 12.326 11.530 10.313 11.079 11.746
3.986 2.366 1.511 1.076 0.821 0.759 0.534 0.000 0.524 0.743 0.995 1.280 1.453 1.846 1.968 1.793 1.517 1.396 1.323 1.654 1.742 1.844 1.815 2.004 2.015 1.756 1.906 2.140 2.034 1.928 2.284 2.494 2.434 2.847 2.738 2.367 2.076 1.787 1.451 1.289 0.966 1.150 1.144 1.965 2.546 3.260 4.134 4.752 5.950 6.766 7.552 8.611 9.317 10.013 11.123 11.176 12.038 12.682 12.177 11.686 10.649 10.692 9.662 9.489 8.788 8.248 7.596 7.414 7.608 8.821 8.553 7.668 7.793 6.986 7.231 6.734 5.949 6.597 6.127 7.067 7.299 7.957 8.640 9.875 10.547 10.840 11.552 12.165 11.525 10.907 10.196 10.745 11.206
4.174 2.618 1.812 1.222 1.083 1.107 0.829 0.524 0.000 0.530 0.698 0.891 1.090 1.402 1.543 1.397 1.198 1.144 1.256 1.599 1.685 1.803 1.734 1.977 1.877 1.554 1.740 2.024 1.765 1.748 2.096 2.241 2.183 2.605 2.516 2.240 1.804 1.528 1.137 0.966 0.820 0.909 1.163 1.802 2.320 3.162 3.876 4.549 5.494 6.206 7.118 7.844 8.789 9.492 10.929 11.345 12.108 12.818 12.306 11.663 10.316 10.467 9.824 9.569 8.643 8.413 7.828 7.568 7.620 8.640 8.457 7.395 7.712 7.111 6.975 6.837 6.082 6.502 6.195 6.821 6.811 7.772 8.566 9.512 9.749 10.651 11.454 11.880 11.218 10.409 9.707 10.156 10.866
4.279 2.628 1.692 1.229 1.241 1.236 1.097 0.724 0.503 0.000 0.504 0.601 0.796 1.033 1.150 1.033 0.813 0.835 0.953 1.234 1.326 1.442 1.480 1.635 1.529 1.286 1.461 1.578 1.411 1.384 1.651 1.798 1.729 2.104 2.055 1.766 1.376 1.118 0.839 0.766 0.741 0.810 1.179 1.894 2.277 2.953 3.867 4.423 5.479 6.288 7.114 7.998 8.495 9.305 9.964 10.598 11.546 12.542 11.502 11.121 10.012 10.206 9.284 9.231 8.540 7.941 7.432 7.104 7.219 8.363 8.006 7.170 7.281 6.628 6.978 6.541 5.682 6.215 5.851 6.749 6.969 7.115 8.337 9.258 9.388 10.130 10.792 11.284 10.467 9.735 9.399 9.492 10.342
4.264 2.652 1.683 1.236 1.281 1.341 1.144 0.892 0.673 0.496 0.000 0.503 0.672 0.935 1.043 0.841 0.699 0.785 0.935 1.190 1.277 1.450 1.519 1.532 1.460 1.238 1.415 1.481 1.256 1.335 1.528 1.640 1.632 1.968 1.923 1.700 1.309 1.085 0.798 0.663 0.705 0.893 1.280 1.962 2.420 3.208 3.964 4.562 5.635 6.760 7.347 8.515 8.867 9.857 10.682 11.479 12.369 12.872 12.319 11.541 10.811 10.674 9.979 9.679 9.014 8.431 7.997 7.720 7.935 9.236 8.472 7.620 7.599 6.771 7.184 6.762 6.102 6.418 6.186 7.040 7.023 7.797 8.500 9.658 10.209 11.158 11.544 11.973 11.492 10.775 9.979 10.519 11.250
4.393 2.711 1.860 1.487 1.502 1.596 1.388 1.117 0.855 0.638 0.498 0.000 0.494 0.653 0.858 0.750 0.636 0.750 0.914 1.142 1.173 1.316 1.408 1.459 1.290 1.119 1.221 1.283 0.993 1.056 1.250 1.336 1.318 1.649 1.525 1.337 0.948 0.891 0.684 0.745 0.884 1.004 1.340 2.060 2.544 3.329 4.007 4.733 5.717 6.543 7.131 7.988 8.613 9.209 10.232 10.724 11.476 12.230 11.358 10.824 9.852 9.685 8.909 8.836 8.125 7.656 7.040 7.356 7.582 8.434 8.077 7.271 7.035 6.531 6.877 6.694 5.852 6.320 5.940 6.710 6.543 7.207 7.575 8.834 9.008 10.287 10.625 10.826 10.625 10.114 9.048 9.350 10.136
4.538 2.714 1.936 1.577 1.621 1.767 1.681 1.280 1.134 0.811 0.671 0.504 0.000 0.526 0.825 0.664 0.679 0.764 0.968 1.220 1.235 1.369 1.461 1.473 1.349 1.094 1.208 1.285 1.002 0.913 1.209 1.312 1.251 1.689 1.568 1.318 1.017 0.991 0.723 0.806 1.000 1.301 1.670 2.382 2.650 3.460 4.205 4.846 5.859 6.732 7.426 8.275 8.961 10.168 10.669 11.401 12.218 13.037 11.850 11.662 10.451 10.493 9.282 9.348 8.631 7.961 7.553 7.276 7.531 8.901 8.220 7.326 7.258 6.750 7.219 6.728 5.937 6.415 6.328 6.875 6.960 7.488 8.381 9.278 9.652 10.697 11.261 12.016 11.000 10.721 9.452 9.922 11.178
4.611 3.277 2.425 1.977 2.154 2.300 2.241 1.798 1.656 1.253 1.331 0.979 0.563 0.000 1.200 0.822 1.115 1.253 1.682 1.984 1.794 2.067 1.931 2.209 1.848 1.577 1.756 1.787 1.397 1.365 1.784 1.737 1.548 2.037 1.963 1.609 1.130 1.049 0.901 1.224 1.532 1.936 2.290 2.906 3.517 4.151 4.911 5.544 6.599 7.546 8.199 8.942 9.847 10.940 11.654 12.046 13.234 13.547 12.753 12.430 10.880 11.586 10.127 10.257 9.516 8.816 8.085 7.952 7.951 8.916 8.651 7.979 7.936 7.445 7.669 7.158 6.425 7.059 6.884 7.418 7.766 8.375 9.065 10.246 10.590 11.336 12.452 12.589 12.020 11.446 10.429 10.972 12.039
4.989 4.082 3.101 2.879 3.192 3.607 3.389 2.885 2.589 1.973 1.659 1.181 0.856 0.590 0.000 0.593 0.987 1.357 1.760 1.873 1.906 2.475 2.829 2.790 2.209 2.037 2.470 2.268 1.632 1.877 2.343 2.107 1.812 2.198 2.148 1.719 1.315 1.239 1.445 1.780 2.243 2.656 3.105 3.928 4.647 5.415 6.144 6.872 7.922 8.845 9.620 10.367 11.547 12.112 13.435 13.684 14.416 15.174 13.928 13.643 12.463 12.915 11.488 11.458 10.336 10.004 9.267 9.091 9.255 10.299 10.028 8.713 8.682 7.724 7.932 7.723 7.469 8.000 7.919 8.650 8.879 9.575 9.700 11.361 11.996 12.988 13.434 14.119 13.561 13.047 12.209 12.674 13.482
5.019 3.729 2.743 2.199 2.457 2.413 2.235 1.761 1.591 1.191 0.944 0.721 0.691 0.719 0.547 0.000 0.511 0.660 0.866 1.171 1.263 1.525 1.679 1.856 1.498 1.404 1.577 1.639 1.197 1.374 1.651 1.711 1.579 2.008 2.015 1.753 1.339 1.174 1.110 1.228 1.471 1.811 2.194 2.842 3.344 4.114 4.835 5.501 6.753 7.436 8.313 9.073 9.875 10.723 11.316 11.943 12.926 13.577 12.490 12.168 10.646 11.212 9.797 9.867 8.657 8.624 7.740 7.894 7.751 9.137 8.850 7.654 7.578 6.852 7.093 6.831 6.229 6.904 6.693 7.275 7.222 7.932 8.707 9.852 10.195 11.218 11.670 12.371 11.875 11.053 10.337 10.708 11.599
4.806 3.466 2.527 1.957 2.109 2.060 1.750 1.511 1.305 1.019 0.837 0.747 0.804 0.996 0.823 0.509 0.000 0.518 0.651 1.070 1.089 1.332 1.438 1.575 1.383 1.215 1.458 1.535 1.231 1.369 1.651 1.775 1.695 2.118 2.150 1.903 1.489 1.431 1.191 1.247 1.324 1.589 1.924 2.532 2.891 3.698 4.479 5.037 5.940 7.128 7.493 8.651 9.431 10.261 11.370 11.648 12.854 13.527 12.731 12.185 10.559 10.968 9.730 9.890 8.715 8.506 7.607 7.323 7.790 9.040 8.590 7.591 7.767 6.876 7.227 7.081 6.217 6.610 6.546 6.938 7.106 7.872 8.577 10.170 10.281 11.370 11.782 12.398 11.539 10.637 10.016 10.675 11.704
4.687 3.481 2.591 2.023 2.174 2.136 1.936 1.592 1.328 1.024 0.861 0.741 0.874 1.136 1.008 0.687 0.511 0.000 0.542 0.887 0.941 1.148 1.363 1.441 1.263 1.065 1.478 1.503 1.152 1.438 1.746 1.773 1.766 2.293 2.370 2.074 1.621 1.422 1.256 1.226 1.325 1.531 1.960 2.576 2.952 3.705 4.483 5.079 6.513 6.973 7.909 8.651 9.667 10.665 11.156 11.720 12.148 13.336 12.380 11.741 11.196 10.931 9.875 9.784 8.899 8.155 8.120 7.990 7.961 9.295 8.479 7.854 7.819 7.193 7.034 6.716 6.050 6.609 6.395 7.233 7.347 7.883 8.570 9.625 10.264 11.054 11.701 11.633 11.478 10.867 10.159 10.452 11.015
5.270 4.055 3.150 2.678 2.775 2.685 2.459 2.118 1.612 1.289 1.068 1.041 1.160 1.516 1.494 1.054 0.770 0.530 0.000 0.734 1.064 1.372 1.643 1.746 1.503 1.369 1.736 1.681 1.479 1.644 1.900 1.936 2.069 2.427 2.550 2.320 1.940 1.923 1.586 1.626 1.737 1.880 2.426 3.124 3.359 4.198 4.961 5.669 6.775 7.840 8.792 9.521 10.443 11.116 12.120 12.511 13.352 14.015 13.437 12.560 11.406 11.738 10.514 10.501 9.461 8.871 8.367 8.351 8.534 9.679 8.847 8.169 8.170 7.402 7.795 7.521 6.731 7.005 7.015 7.681 7.733 8.467 9.200 10.692 11.016 11.857 12.683 13.113 12.637 11.986 11.158 11.678 12.470
6.059 5.063 3.928 3.357 3.464 3.612 3.107 2.743 2.116 1.900 1.356 1.611 2.068 2.481 2.469 1.990 1.358 1.079 0.633 0.000 0.820 1.258 2.000 2.043 1.800 1.855 2.538 2.530 2.378 2.725 3.428 3.525 3.516 4.443 4.541 3.901 3.278 2.777 2.330 2.010 2.109 2.191 2.716 3.630 4.035 4.912 5.813 6.543 7.676 8.939 9.759 11.162 11.990 13.052 13.681 14.553 16.366 16.024 15.242 14.238 13.537 13.280 12.419 11.983 11.051 10.106 9.624 9.345 9.371 10.915 9.845 8.737 8.947 8.247 8.079 7.793 7.490 7.976 7.962 8.918 9.078 9.864 10.321 12.096 12.886 13.465 14.506 14.755 14.150 13.358 12.556 13.152 13.769
5.563 4.486 3.627 3.046 3.149 2.984 2.770 2.472 2.107 1.763 1.552 1.671 1.945 2.184 2.174 1.633 1.338 0.993 0.986 0.584 0.000 0.557 0.892 1.116 1.046 1.027 1.578 1.720 1.800 1.932 2.244 2.459 2.669 3.086 3.372 3.101 2.756 2.579 2.211 2.154 2.239 2.431 2.761 3.468 3.968 4.690 5.507 6.004 7.417 7.874 8.891 9.658 10.698 11.989 12.382 13.096 13.681 14.229 13.855 12.840 12.034 11.994 10.724 10.856 9.614 9.091 8.603 8.418 8.668 9.786 9.111 8.078 7.881 7.730 7.314 6.940 6.505 7.101 6.813 7.857 7.759 8.432 9.244 10.340 10.842 12.149 12.759 12.693 12.782 12.025 11.460 11.611 12.358
5.027 3.787 2.985 2.315 2.433 2.389 2.287 1.967 1.801 1.545 1.516 1.617 1.649 1.848 1.994 1.609 1.315 1.071 1.072 0.918 0.519 0.000 0.537 0.685 0.796 0.759 0.882 1.194 1.268 1.363 1.601 1.828 1.936 2.477 2.617 2.533 2.152 2.227 1.931 2.073 2.075 2.238 2.428 3.126 3.517 4.185 4.946 5.560 6.757 7.114 8.495 8.948 10.221 10.889 11.986 12.509 13.669 14.067 13.153 12.352 11.354 11.524 10.219 10.218 9.287 8.536 8.105 7.876 8.008 9.353 8.147 7.453 7.567 6.782 7.198 6.868 6.188 6.798 6.639 7.500 7.241 8.121 8.897 10.272 10.555 11.783 12.444 12.661 12.228 11.357 10.844 10.965 11.732
5.003 3.578 2.870 2.207 2.421 2.326 2.187 1.959 1.774 1.496 1.536 1.554 1.575 1.646 1.855 1.533 1.380 1.151 1.271 1.183 0.771 0.501 0.000 0.508 0.623 0.639 0.635 0.829 0.983 1.003 1.136 1.388 1.575 2.039 2.181 2.080 1.813 1.902 1.784 1.852 1.833 2.102 2.411 2.933 3.529 4.150 4.851 5.548 6.552 7.251 8.293 8.887 10.117 10.669 11.528 12.300 13.166 13.638 12.911 12.419 10.974 11.475 9.774 10.145 8.788 8.389 7.439 7.427 7.738 8.964 8.138 7.384 7.507 6.983 7.221 7.209 6.627 6.681 6.670 7.012 7.432 7.954 8.457 9.846 10.179 11.593 12.126 12.662 12.126 11.486 10.549 10.840 11.945
5.127 3.806 3.108 2.486 2.574 2.472 2.305 2.087 1.880 1.684 1.621 1.584 1.473 1.665 1.822 1.465 1.549 1.189 1.455 1.385 0.967 0.617 0.499 0.000 0.505 0.638 0.696 0.686 0.818 1.029 1.083 1.279 1.553 2.049 2.241 2.210 1.868 2.048 1.840 2.088 2.122 2.318 2.586 3.151 3.551 4.301 5.032 5.533 6.767 7.241 8.502 8.742 10.226 10.553 11.879 11.818 13.252 13.780 12.725 11.843 10.521 11.011 9.709 9.642 8.624 8.247 7.795 7.580 7.439 8.725 8.271 7.310 7.248 6.854 7.200 6.772 6.145 6.457 6.186 7.175 6.880 7.731 8.273 9.361 10.063 11.167 12.016 12.579 11.685 11.086 10.434 10.794 11.910
4.764 3.350 2.558 2.061 2.230 2.196 2.068 1.864 1.677 1.417 1.364 1.214 1.107 1.308 1.531 1.206 1.207 1.008 1.200 1.157 0.864 0.623 0.572 0.493 0.000 0.495 0.569 0.614 0.617 0.762 0.879 1.147 1.290 1.805 1.917 1.780 1.435 1.486 1.388 1.575 1.603 1.979 2.157 2.808 3.284 3.936 4.764 5.314 6.666 7.261 8.154 8.776 9.693 10.631 11.420 12.177 13.159 13.883 12.873 12.132 10.958 11.213 10.001 9.856 8.746 8.196 7.698 7.735 7.968 9.432 8.238 7.486 7.384 6.895 7.174 6.884 6.165 6.798 6.344 7.255 6.983 7.757 8.629 9.796 10.389 11.540 12.066 12.356 11.764 10.945 10.308 10.835 11.583
4.670 3.237 2.385 1.975 2.145 2.164 1.965 1.840 1.578 1.298 1.235 1.167 1.125 1.346 1.538 1.286 1.173 0.975 1.186 1.117 0.830 0.665 0.566 0.539 0.491 0.000 0.496 0.563 0.612 0.621 0.760 1.021 1.185 1.724 1.751 1.641 1.336 1.467 1.308 1.530 1.605 1.961 2.118 2.746 3.289 3.912 4.670 5.413 6.405 7.354 8.067 8.936 9.870 10.658 11.596 12.104 13.113 13.943 13.030 12.197 11.325 11.463 10.106 9.928 8.708 8.356 7.963 7.686 7.937 9.193 8.573 7.714 7.656 7.052 7.371 6.730 6.308 6.838 6.603 7.193 7.370 8.126 8.453 9.476 10.221 11.143 12.045 12.521 11.881 11.149 10.628 10.872 11.797
4.775 3.257 2.452 1.947 2.121 2.219 2.001 1.755 1.534 1.274 1.291 1.209 1.112 1.353 1.513 1.264 1.195 0.975 1.181 1.122 0.852 0.725 0.629 0.600 0.555 0.492 0.000 0.500 0.570 0.611 0.651 0.848 1.091 1.631 1.714 1.640 1.388 1.461 1.396 1.528 1.597 1.868 2.102 2.688 3.174 3.856 4.572 5.162 6.382 6.812 8.032 8.529 9.786 10.325 11.522 11.995 12.790 13.632 12.709 12.130 10.642 10.910 9.514 9.545 8.720 8.419 7.911 7.431 7.550 9.039 8.317 7.682 7.332 6.916 7.188 6.830 6.043 6.513 6.160 7.192 6.705 7.582 8.190 9.186 9.986 11.182 11.675 12.353 11.700 11.110 10.096 10.530 11.748
5.060 3.600 2.786 2.262 2.442 2.385 2.193 2.082 1.837 1.542 1.537 1.421 1.147 1.374 1.591 1.283 1.403 1.188 1.498 1.521 1.124 0.927 0.788 0.673 0.665 0.602 0.497 0.000 0.501 0.614 0.689 0.813 1.055 1.632 1.779 1.732 1.421 1.596 1.498 1.777 1.880 2.192 2.494 3.133 3.564 4.135 4.886 5.412 6.598 7.240 8.233 8.715 10.038 10.608 11.676 12.165 12.802 13.502 12.673 12.226 10.767 10.684 9.701 9.904 8.807 8.337 7.611 7.464 7.420 8.965 8.162 7.178 7.269 6.919 7.367 6.745 6.062 6.614 6.225 7.077 7.088 7.929 8.668 9.850 10.364 11.407 11.934 12.436 11.704 10.962 10.333 10.912 11.957
4.622 3.033 2.234 1.798 2.055 2.057 1.961 1.679 1.573 1.264 1.262 1.087 0.901 1.192 1.371 1.100 1.187 1.055 1.262 1.343 1.055 0.899 0.852 0.695 0.608 0.569 0.527 0.492 0.000 0.494 0.557 0.727 0.841 1.443 1.484 1.367 1.114 1.255 1.189 1.399 1.523 1.813 2.095 2.635 3.089 3.711 4.423 4.950 5.965 6.825 7.726 8.434 9.488 10.219 11.140 11.882 12.692 13.716 12.461 12.103 10.936 10.626 9.484 9.521 8.360 8.060 7.468 7.377 7.446 8.906 8.109 7.183 7.003 6.559 7.024 6.700 5.834 6.450 6.067 6.863 6.575 7.476 8.046 9.084 9.737 10.749 11.584 12.086 11.226 10.596 9.825 10.197 11.290
4.654 3.085 2.362 1.925 2.209 2.180 2.019 1.818 1.581 1.279 1.217 1.100 0.936 1.199 1.334 1.128 1.111 1.081 1.293 1.335 1.072 0.992 0.929 0.865 0.712 0.607 0.592 0.564 0.492 0.000 0.503 0.695 0.847 1.470 1.457 1.413 1.157 1.262 1.206 1.362 1.495 1.774 2.075 2.640 3.171 3.824 4.469 5.161 6.048 6.807 7.866 8.534 9.603 10.193 11.348 11.916 13.096 13.740 12.685 12.157 10.558 10.923 9.510 9.106 8.590 8.111 7.668 7.543 7.637 9.228 8.234 7.269 7.209 6.782 7.199 6.650 5.833 6.499 6.340 7.017 7.116 7.785 8.363 9.516 10.050 11.278 11.916 12.736 11.692 11.109 10.202 10.359 11.668
4.785 3.457 2.742 2.162 2.431 2.497 2.285 2.039 1.816 1.512 1.530 1.446 1.215 1.506 1.778 1.507 1.614 1.354 1.666 1.814 1.551 1.457 1.267 1.165 1.082 0.822 0.717 0.702 0.657 0.505 0.000 0.558 0.871 1.605 1.708 1.713 1.402 1.596 1.435 1.700 1.792 2.071 2.435 2.962 3.454 4.110 4.757 5.485 6.279 7.254 8.129 8.775 9.977 10.601 11.745 12.191 13.482 13.898 13.002 12.210 10.686 10.764 9.676 9.789 8.993 8.487 7.941 7.915 8.111 9.512 8.623 8.045 7.568 7.130 7.583 7.270 6.418 7.022 6.657 7.446 7.247 8.062 8.572 9.491 10.167 11.308 12.154 12.591 12.117 11.436 10.343 10.811 11.992
5.674 4.631 3.998 3.242 3.702 3.685 3.550 3.350 3.214 2.669 2.823 2.510 1.883 1.958 2.359 2.219 2.661 2.383 3.048 3.190 2.641 2.388 2.041 1.770 1.753 1.499 1.076 1.044 1.070 0.879 0.562 0.000 0.731 1.670 2.023 2.070 1.740 2.295 2.327 2.995 3.137 3.586 3.947 4.587 5.346 5.674 6.387 7.193 8.281 9.155 10.207 11.027 12.282 12.867 14.106 14.291 15.359 15.977 14.908 14.270 13.085 12.942 11.746 11.952 10.767 10.299 9.193 8.911 8.999 10.140 9.700 8.803 9.105 8.431 8.423 7.781 7.329 8.009 7.805 8.893 9.081 10.220 10.575 12.065 12.572 13.683 14.182 14.583 14.097 13.411 12.578 13.220 13.891
5.865 4.821 4.047 3.833 4.415 4.818 4.735 3.960 4.186 3.207 3.624 2.922 2.281 2.116 2.876 2.790 3.319 3.183 3.999 4.135 3.653 3.734 3.497 2.899 2.858 2.664 2.416 1.744 1.660 1.385 1.228 0.604 0.000 1.408 1.807 2.042 1.796 2.301 2.703 3.253 3.474 4.395 4.421 5.246 5.863 6.295 7.042 7.833 8.771 9.551 10.464 11.300 12.423 13.765 15.057 15.518 16.816 17.567 16.407 15.311 14.331 14.598 13.123 13.005 12.023 11.572 10.884 10.863 10.419 11.531 11.121 10.489 10.326 9.632 9.862 9.268 8.813 9.499 9.175 10.168 10.158 11.158 11.537 13.034 13.402 14.680 15.362 16.242 15.464 14.650 13.446 13.810 14.789
6.347 5.756 5.046 4.675 5.685 5.970 6.057 5.381 5.156 4.061 3.999 3.371 2.586 2.511 3.421 2.890 3.536 3.413 4.417 4.729 3.985 4.533 4.842 4.277 3.310 3.216 3.447 2.587 1.974 2.001 2.037 1.390 0.912 0.000 0.737 1.260 1.887 2.672 3.059 3.810 4.307 5.217 5.856 6.875 7.690 8.199 9.091 9.877 11.188 12.026 12.966 13.608 14.865 15.753 16.961 16.992 18.144 18.677 18.070 17.146 16.028 16.124 14.909 14.792 13.922 13.117 12.459 12.371 12.310 13.062 12.838 11.876 11.515 10.911 11.011 10.661 10.360 10.753 10.815 11.816 12.130 12.905 13.119 14.843 15.182 16.367 16.916 17.409 16.987 16.315 15.251 16.042 16.660
5.600 4.613 3.723 3.589 4.480 5.066 5.234 4.484 4.453 3.788 3.970 3.458 2.699 2.392 3.421 3.435 4.160 4.071 4.789 5.397 4.967 4.951 4.833 4.711 4.200 3.707 3.551 3.180 2.624 2.314 2.384 1.814 1.457 0.616 0.000 0.707 1.378 1.953 2.489 3.157 3.612 4.437 4.753 5.485 6.112 6.548 7.207 8.126 8.865 10.190 10.993 11.900 12.534 13.242 14.545 15.838 17.196 17.405 17.189 15.887 14.068 14.662 13.432 13.487 12.532 12.113 11.904 11.720 11.871 12.451 12.336 11.548 11.215 10.421 10.848 10.440 9.909 10.518 9.998 10.829 11.023 11.878 12.289 13.680 13.870 15.156 15.855 16.092 15.789 14.570 13.593 13.970 14.907
4.964 3.744 3.149 2.692 3.363 3.815 3.832 3.088 3.071 2.476 2.339 2.009 1.582 1.593 2.245 2.397 2.628 2.706 2.993 3.629 3.469 3.863 3.681 3.667 3.233 2.827 2.778 2.736 2.242 1.935 2.167 2.064 1.531 1.143 0.573 0.000 0.581 1.093 1.344 1.884 2.301 2.840 3.336 4.077 4.753 5.211 5.896 6.671 7.740 8.722 9.564 10.198 11.533 12.277 12.928 13.675 14.891 15.171 14.705 13.918 12.162 12.771 11.244 11.327 10.474 9.995 9.422 9.470 9.839 10.617 10.279 9.219 8.920 8.290 8.670 8.383 7.682 8.264 8.070 8.643 8.757 9.560 9.893 11.423 11.662 12.954 13.432 14.331 13.673 12.871 11.506 11.979 13.110
4.675 3.363 2.469 2.103 2.667 2.928 2.892 2.313 2.223 1.795 1.732 1.476 1.193 1.270 1.759 1.942 2.036 2.196 2.508 2.905 2.851 3.227 3.034 3.059 2.698 2.332 2.385 2.379 1.915 1.623 1.829 1.856 1.453 1.431 1.011 0.591 0.000 0.557 0.897 1.206 1.507 1.871 2.265 2.971 3.357 4.090 4.855 5.510 6.679 7.502 8.256 9.310 10.195 11.111 11.594 12.030 13.388 14.272 13.236 12.926 10.920 11.555 10.107 10.298 9.017 9.186 8.697 8.600 8.604 9.968 9.355 8.604 8.330 7.393 7.749 7.564 6.869 7.319 7.059 7.658 7.859 8.247 9.110 10.391 10.368 11.649 12.314 13.315 12.630 11.294 10.402 10.851 12.103
4.631 2.771 2.040 1.722 1.901 2.185 1.952 1.615 1.370 1.136 1.119 0.950 0.842 0.881 1.285 1.268 1.370 1.400 1.649 1.963 1.956 2.185 2.311 2.266 2.018 1.789 1.874 1.875 1.488 1.375 1.655 1.650 1.396 1.553 1.332 0.954 0.541 0.000 0.542 0.825 1.029 1.300 1.728 2.343 2.920 3.724 4.417 5.230 6.184 7.333 8.557 9.018 9.615 10.477 10.983 11.458 12.634 13.315 12.365 11.898 10.479 10.846 9.441 9.511 8.715 8.359 7.960 7.832 8.163 8.960 8.548 8.036 7.658 7.258 7.587 7.241 6.482 6.871 6.577 7.129 7.388 7.821 8.602 9.751 9.874 10.852 11.498 12.552 11.547 10.682 9.604 10.123 11.338
4.442 2.544 1.983 1.481 1.639 1.753 1.604 1.307 1.125 0.830 0.871 0.742 0.727 0.847 1.211 1.070 1.063 1.215 1.278 1.549 1.572 1.651 1.675 1.780 1.640 1.370 1.480 1.557 1.317 1.184 1.442 1.560 1.423 1.661 1.539 1.166 0.805 0.513 0.000 0.515 0.773 1.032 1.389 2.006 2.466 3.159 3.985 4.509 5.681 6.671 7.389 8.637 9.365 10.468 11.307 11.491 12.696 13.225 12.208 11.610 10.393 10.402 9.730 9.324 8.541 7.973 7.512 7.226 7.470 8.690 8.043 7.290 7.115 6.514 6.873 6.621 5.796 6.157 6.149 6.400 6.895 7.418 8.293 9.525 9.764 10.554 11.792 12.489 11.168 10.560 9.874 10.082 11.296
4.518 2.694 1.846 1.426 1.577 1.662 1.519 1.127 0.931 0.698 0.732 0.716 0.802 1.015 1.230 1.200 1.130 1.196 1.303 1.591 1.645 1.839 1.764 1.864 1.805 1.482 1.591 1.663 1.381 1.337 1.587 1.725 1.622 1.923 1.870 1.524 1.062 0.791 0.521 0.000 0.532 0.789 1.230 1.933 2.383 3.265 3.998 4.857 5.823 7.077 7.576 8.405 9.018 9.610 10.513 11.109 12.376 12.650 12.271 11.519 10.003 10.236 9.421 9.192 8.335 8.151 7.599 7.445 7.796 8.733 8.552 7.724 7.670 6.838 7.181 6.630 6.189 6.487 6.178 6.566 6.978 7.697 8.334 9.541 9.838 10.802 11.214 11.934 11.157 10.436 9.611 9.878 11.082
4.544 2.953 2.055 1.553 1.792 1.790 1.592 1.058 0.939 0.852 0.919 0.973 1.122 1.215 1.511 1.496 1.432 1.494 1.556 2.015 2.034 2.249 2.159 2.423 2.245 1.881 2.070 2.247 1.794 1.755 2.126 2.183 1.909 2.377 2.365 1.803 1.365 1.076 0.790 0.535 0.000 0.532 1.048 1.651 2.254 2.981 3.652 4.231 5.164 5.839 6.828 7.998 8.378 9.588 10.231 10.686 11.754 12.470 11.957 11.185 10.050 10.301 9.446 9.081 8.435 7.882 7.569 7.227 7.426 8.695 8.200 7.428 7.481 6.885 7.057 6.674 5.852 6.155 6.010 6.494 6.950 7.273 8.106 9.254 9.492 10.460 11.225 11.689 10.793 10.127 9.439 9.973 10.770
4.867 3.453 2.343 1.786 1.693 1.815 1.520 1.074 0.853 0.935 1.044 1.291 1.430 1.701 1.959 1.953 1.782 1.777 1.794 2.232 2.409 2.585 2.371 2.700 2.589 2.119 2.356 2.494 2.239 2.112 2.505 2.637 2.424 2.929 2.901 2.512 1.956 1.703 1.255 1.012 0.567 0.000 0.599 1.280 1.979 2.855 3.596 4.153 5.064 6.201 7.100 8.174 9.117 9.604 10.683 11.317 12.239 12.993 12.276 11.596 10.559 10.375 9.561 9.719 8.598 8.480 7.845 7.833 7.823 9.229 8.743 7.975 8.099 7.191 7.481 6.914 6.241 6.421 6.353 6.779 7.088 7.774 8.554 9.486 9.756 10.933 11.082 11.634 11.054 10.727 9.526 9.967 10.727
5.962 4.217 3.388 2.728 2.245 2.495 2.102 1.546 1.419 1.852 1.779 2.212 2.789 3.240 3.110 3.266 2.742 2.894 2.745 3.500 3.886 4.357 4.441 4.736 4.442 3.979 4.592 4.771 4.119 4.142 5.094 5.082 4.525 5.488 5.792 4.820 3.931 3.114 2.370 1.779 1.308 0.610 0.000 0.705 1.450 2.333 2.857 3.515 4.387 5.324 6.280 7.331 8.608 9.383 10.634 10.985 12.047 12.927 12.399 11.536 10.279 10.437 9.524 9.560 8.633 8.614 7.875 7.791 8.074 9.322 8.960 7.938 7.951 7.351 7.567 7.277 6.189 6.772 5.973 6.615 6.738 7.686 8.388 9.461 9.829 10.927 11.554 12.141 11.361 10.647 9.707 10.467 11.178
7.418 6.045 4.626 3.640 3.409 3.613 3.011 2.248 2.358 2.817 3.129 3.592 3.979 4.508 4.927 5.011 4.829 4.849 4.674 5.596 6.245 6.996 6.704 7.502 6.774 5.878 6.318 6.618 5.661 5.869 6.612 6.409 5.660 6.794 6.829 5.719 5.078 4.323 3.214 2.789 2.007 1.420 0.704 0.000 0.681 1.404 2.254 2.768 3.705 4.540 5.467 6.699 8.087 8.965 10.276 10.865 11.715 12.692 12.021 11.477 9.970 10.065 9.261 9.499 8.469 8.479 7.775 7.964 8.205 9.442 9.173 8.131 8.194 7.409 7.705 7.433 6.551 6.717 6.039 6.832 6.930 7.670 8.380 9.285 9.458 10.539 11.088 11.830 10.897 10.138 9.058 9.822 10.538
9.279 7.305 6.003 5.042 4.353 4.569 3.664 3.371 3.180 3.735 3.937 4.623 5.356 6.202 6.491 6.260 5.410 5.569 5.226 6.064 6.553 7.727 7.591 8.615 7.947 6.801 7.914 8.331 7.294 7.186 8.510 8.532 7.787 9.133 9.314 8.166 6.831 5.991 4.973 4.012 3.119 2.325 1.532 0.634 0.000 0.591 1.166 1.977 2.683 3.673 4.287 5.324 6.420 7.393 8.658 9.192 10.400 11.300 10.702 9.889 8.294 8.760 7.755 7.812 6.640 6.997 6.435 6.612 6.848 7.988 7.918 6.953 6.569 5.981 6.438 6.473 5.257 5.522 4.732 5.240 5.355 6.079 6.870 8.007 8.100 9.233 9.861 10.754 9.757 9.121 8.213 8.659 9.423
10.109 8.278 6.402 5.410 4.504 5.032 4.069 3.675 3.828 4.571 5.090 5.678 6.034 6.875 7.461 7.066 6.648 6.569 6.227 7.060 7.542 8.701 8.344 9.712 8.799 7.865 8.667 9.501 8.196 8.055 9.526 9.601 8.577 10.157 10.028 8.682 7.496 6.647 5.541 4.654 3.578 2.821 2.140 1.211 0.562 0.000 0.562 1.138 1.827 2.616 3.348 3.854 4.829 5.783 6.576 7.417 8.602 9.346 9.068 8.252 6.850 7.368 6.766 6.940 6.032 6.530 6.146 6.308 6.519 7.643 7.349 6.579 6.481 6.083 6.475 6.309 5.148 5.389 4.545 4.909 4.992 5.516 6.133 6.911 6.943 7.713 8.638 9.066 7.819 6.928 6.345 6.984 7.567
10.016 8.517 7.060 5.990 4.957 5.119 4.070 4.185 4.162 5.299 5.562 6.400 6.797 7.435 8.098 7.758 7.453 7.138 6.746 7.656 8.111 8.935 8.427 9.812 9.153 7.982 8.931 9.520 8.370 8.202 9.430 9.607 8.900 10.165 10.212 9.270 8.129 7.318 6.088 5.289 4.309 3.433 2.702 1.940 1.119 0.552 0.000 0.612 1.207 1.886 2.630 3.275 4.277 5.170 6.166 6.756 7.698 8.621 8.280 7.759 6.413 6.774 6.191 6.536 5.571 5.969 5.396 5.396 5.513 6.740 6.538 5.570 5.519 5.267 5.417 5.374 4.403 4.645 3.968 4.416 4.417 4.923 5.675 6.503 6.390 7.189 8.079 8.139 7.259 6.678 6.143 6.826 7.197
10.592 9.046 7.540 6.742 5.576 5.816 4.936 4.828 5.050 5.795 6.469 7.239 7.518 8.138 8.910 8.511 8.080 7.609 7.330 7.953 8.422 9.042 9.189 9.822 9.576 8.879 9.520 10.124 9.250 9.172 10.379 10.526 9.823 11.070 11.099 9.825 8.730 8.043 7.003 6.202 5.298 4.451 3.364 2.637 2.001 1.334 0.630 0.000 0.673 1.272 1.641 2.136 2.710 3.099 3.793 4.177 4.990 6.002 5.616 4.770 3.949 4.327 3.881 4.182 3.679 4.184 4.214 4.284 4.723 5.288 5.246 4.643 4.413 4.224 4.583 4.669 3.693 3.847 3.010 3.075 3.019 3.169 3.731 4.277 4.273 4.843 5.513 5.762 4.807 4.373 4.055 4.583 5.159
10.726 8.891 7.676 6.880 5.682 5.841 5.080 5.119 5.331 5.934 6.603 7.385 7.598 8.199 9.232 8.743 8.468 7.924 7.903 8.659 8.990 9.844 9.475 10.343 10.139 8.980 9.666 10.442 9.572 9.285 10.410 10.691 9.772 10.946 10.815 9.850 8.939 8.046 6.968 6.508 5.401 4.630 3.755 2.783 2.225 1.783 1.226 0.583 0.000 0.627 1.145 1.544 1.987 2.432 2.908 3.377 3.973 4.701 4.332 3.705 3.148 3.416 3.023 3.269 2.945 3.316 3.068 3.192 3.549 4.164 3.942 3.548 3.536 3.746 4.001 3.938 3.188 3.160 2.562 2.526 2.519 2.630 3.190 3.532 3.524 3.770 4.183 4.297 3.702 3.314 3.122 3.732 4.211
11.496 9.503 8.351 6.920 6.201 6.230 5.303 5.215 5.436 6.096 6.950 7.558 7.968 8.504 9.472 8.898 8.630 7.839 7.895 8.372 8.624 9.287 9.428 9.849 9.816 9.043 9.626 10.361 9.721 9.216 10.616 10.981 10.208 11.380 11.533 10.211 9.253 8.726 7.564 7.073 5.894 5.050 3.994 3.283 2.704 2.209 1.631 1.041 0.562 0.000 0.566 0.916 1.206 1.532 1.913 2.232 2.831 3.468 3.392 2.779 2.171 2.575 2.368 2.697 2.525 2.898 2.930 3.028 3.445 3.811 3.650 3.362 3.144 3.299 3.749 3.634 2.937 2.937 2.298 2.147 2.174 2.145 2.719 2.910 2.709 3.084 3.373 3.404 2.790 2.489 2.335 2.856 3.507
10.722 8.895 8.067 7.113 6.107 6.170 5.588 5.405 5.746 6.559 7.259 7.770 8.190 8.929 9.567 8.841 8.657 8.040 8.215 8.536 8.958 9.635 9.524 10.215 9.981 9.165 9.875 10.626 9.701 9.472 10.723 10.944 10.295 11.508 11.503 10.274 9.636 9.060 7.666 7.235 6.171 5.473 4.652 3.960 3.212 2.674 2.062 1.472 0.964 0.550 0.001 0.539 0.851 1.030 1.474 1.852 2.428 2.904 2.795 2.275 1.740 2.001 1.939 2.258 2.146 2.522 2.502 2.596 2.948 3.322 3.172 3.001 2.999 3.185 3.613 3.484 2.814 2.633 2.218 1.946 2.017 1.979 2.352 2.459 2.243 2.579 2.746 2.763 2.210 1.827 1.883 2.427 3.141
11.269 9.596 8.434 7.265 6.276 6.287 5.578 5.681 6.076 7.021 7.792 8.305 8.985 9.582 10.183 9.781 9.169 8.532 8.274 8.807 9.129 9.619 9.446 9.815 10.053 9.064 9.901 10.416 9.937 9.587 10.622 10.979 10.549 11.594 11.769 10.786 9.701 9.096 8.169 7.856 6.467 5.715 4.896 4.034 3.445 2.917 2.219 1.702 1.200 0.852 0.532 0.000 0.538 0.803 1.137 1.557 2.065 2.488 2.526 1.968 1.574 1.834 1.816 2.120 2.080 2.573 2.646 2.698 3.073 3.438 3.261 3.057 2.913 3.211 3.527 3.542 2.826 2.796 2.265 2.077 2.068 1.916 2.323 2.352 2.136 2.348 2.593 2.588 2.037 1.734 1.748 2.205 3.000
10.904 9.039 8.545 7.464 6.375 6.524 5.886 5.829 6.183 6.951 7.485 7.931 8.376 8.851 9.550 9.112 8.944 8.451 8.293 8.751 8.820 9.536 9.291 10.052 9.870 9.254 9.644 10.670 9.882 9.272 10.900 10.997 10.829 11.365 11.911 10.563 9.208 8.787 7.590 7.376 6.472 5.956 5.048 4.350 3.653 3.121 2.510 1.903 1.490 1.067 0.832 0.519 0.001 0.515 0.839 1.170 1.677 2.087 2.054 1.574 1.248 1.477 1.593 1.905 1.991 2.354 2.515 2.620 3.010 3.321 3.181 2.964 2.895 3.151 3.583 3.451 2.862 2.759 2.320 2.036 1.992 1.826 2.112 2.134 1.853 2.023 2.236 2.116 1.641 1.346 1.445 1.877 2.538
11.597 9.981 8.868 8.000 6.760 6.664 6.000 6.182 6.461 7.425 7.903 8.658 9.241 9.863 10.205 9.905 9.342 8.806 8.491 9.007 9.517 9.790 9.227 10.118 10.310 9.077 10.054 10.819 10.173 10.022 11.210 11.368 10.948 11.976 12.079 11.051 9.828 9.241 8.729 8.009 6.967 6.197 5.315 4.661 3.938 3.440 2.755 2.265 1.801 1.444 1.046 0.816 0.522 0.000 0.555 1.030 1.615 1.936 1.881 1.595 1.202 1.443 1.533 1.896 1.995 2.520 2.686 2.829 3.404 3.665 3.359 3.243 3.097 3.379 3.609 3.670 3.116 3.127 2.548 2.247 2.141 1.812 2.143 2.008 1.708 1.846 2.074 2.079 1.614 1.230 1.345 1.812 2.747
11.567 10.299 9.549 8.375 7.814 7.805 6.989 7.114 7.361 8.221 8.880 9.562 9.868 10.635 11.271 10.776 10.547 9.901 9.614 10.407 10.796 11.225 10.916 11.812 11.702 10.628 11.185 12.314 11.356 10.870 12.205 12.768 12.143 12.794 13.149 11.446 10.621 10.314 9.147 8.874 7.758 7.079 6.159 5.442 4.733 4.179 3.453 2.929 2.506 1.959 1.728 1.216 0.966 0.557 0.000 0.608 1.173 1.714 1.967 1.562 1.451 1.799 2.052 2.655 2.810 3.494 3.785 3.880 4.485 5.026 4.885 4.574 4.277 4.523 5.084 4.923 4.230 4.088 3.320 3.010 2.869 2.404 3.015 2.968 2.376 2.551 2.737 2.558 1.898 1.446 1.709 2.225 2.964
15.266 12.853 12.280 11.604 10.539 10.304 9.705 10.565 10.569 11.891 12.337 12.509 13.102 14.105 14.548 14.538 13.719 12.928 12.698 12.957 13.919 14.233 13.705 14.612 14.932 13.671 14.588 15.650 15.036 14.665 15.477 16.359 15.990 16.055 16.240 15.562 14.219 13.750 12.140 12.008 11.076 10.014 9.331 8.265 7.353 6.793 5.825 5.230 4.376 3.674 2.959 2.390 1.725 1.259 0.635 0.000 0.796 1.477 1.930 1.687 1.700 2.414 2.906 3.583 3.970 4.942 5.355 5.825 7.208 7.240 6.516 6.860 6.244 6.483 7.373 7.751 6.776 6.742 5.566 4.881 4.878 4.132 4.562 4.340 3.446 3.342 3.705 3.231 2.316 2.074 2.677 3.261 3.921
16.723 14.539 13.541 12.734 11.765 11.423 10.990 11.701 11.579 13.375 13.523 15.048 15.226 16.750 16.737 16.643 15.450 14.831 13.875 14.581 15.460 15.619 15.437 16.570 16.799 15.299 16.234 17.584 16.754 16.219 17.586 18.249 17.545 18.813 18.861 17.391 16.094 15.248 14.230 14.026 12.662 11.739 10.795 9.621 9.134 8.216 7.035 7.006 5.501 5.233 4.330 3.613 2.800 2.053 1.509 0.849 0.000 0.769 1.373 1.744 2.077 3.088 3.669 4.688 5.191 6.312 6.948 6.861 8.092 8.499 8.437 8.122 7.734 8.404 9.047 9.286 8.232 7.578 6.535 5.835 5.926 5.343 6.117 5.786 4.645 4.337 4.894 4.172 3.095 2.671 3.520 4.237 4.826
17.645 15.570 14.566 13.605 12.418 12.433 11.872 12.282 12.175 13.851 13.874 15.158 15.814 16.613 16.814 16.549 15.607 15.045 13.857 14.415 15.355 15.536 15.538 16.721 16.591 15.490 16.855 17.625 16.917 16.767 17.751 18.375 18.137 18.799 18.620 17.714 16.742 16.337 15.065 14.580 13.258 11.947 11.317 10.344 9.414 9.126 8.091 7.612 6.530 5.866 5.027 4.443 3.672 2.745 2.021 1.490 0.634 0.000 0.762 1.555 2.206 2.628 3.265 4.058 4.738 5.600 6.484 7.021 7.956 8.208 7.969 7.570 7.359 7.780 8.856 9.119 8.178 7.604 6.777 5.774 5.867 5.004 5.261 4.827 4.193 3.520 3.955 3.340 2.770 2.646 3.464 4.117 4.765
15.800 13.674 12.644 11.609 10.774 10.691 9.615 10.100 10.052 11.402 11.679 12.754 12.819 14.293 14.344 13.929 12.837 12.091 11.828 12.303 12.628 13.094 13.036 13.969 13.775 13.053 13.636 15.049 14.121 13.571 15.152 16.084 15.420 16.271 16.170 15.466 14.123 13.927 12.263 12.284 10.971 10.164 9.312 8.439 7.855 7.468 6.427 6.249 5.647 5.257 4.813 4.159 3.707 2.995 2.598 2.036 1.266 0.635 0.000 0.766 1.413 1.910 2.208 2.765 3.241 4.026 4.771 5.102 6.057 6.062 5.652 5.594 5.300 5.893 6.225 6.691 5.799 5.593 4.791 4.153 3.977 3.441 3.882 3.465 2.996 2.677 3.067 3.089 2.302 2.373 2.801 3.552 4.539
13.656 11.676 10.524 9.683 8.986 8.914 8.491 8.579 9.092 10.065 10.407 10.976 11.605 12.235 12.928 12.563 11.661 11.561 11.043 11.414 12.206 12.773 12.921 13.858 13.219 12.207 13.382 13.982 13.044 12.599 13.678 14.478 13.652 14.730 14.704 13.213 12.564 11.615 10.681 10.088 9.390 8.416 7.427 6.770 5.778 5.441 4.588 3.807 3.494 2.813 2.781 2.309 2.290 1.667 1.922 1.517 1.713 1.263 0.839 0.000 0.614 1.308 1.663 2.680 3.103 4.105 4.461 4.969 5.707 6.058 5.535 5.257 4.792 5.012 5.679 6.043 5.031 5.226 4.113 3.716 3.376 2.617 3.394 3.059 2.200 2.276 2.585 2.634 1.734 1.419 1.679 2.455 3.439
12.613 10.555 9.750 8.671 7.898 7.652 6.927 7.229 7.448 8.586 8.804 9.355 10.048 10.976 11.209 10.810 10.115 9.800 9.152 9.703 10.350 10.665 10.100 11.437 11.229 10.447 11.038 11.985 11.206 10.938 12.245 12.645 11.958 12.886 13.435 11.799 10.952 10.359 9.418 8.930 8.099 7.228 6.581 5.706 4.848 4.554 3.630 3.312 2.807 2.547 2.303 1.891 1.839 1.458 1.616 1.401 1.766 1.737 1.298 0.544 0.000 0.605 0.861 1.356 1.706 2.404 2.701 2.878 3.765 3.963 3.516 3.385 3.127 3.342 3.823 4.142 3.377 3.371 2.774 2.358 2.176 1.592 1.778 1.499 1.188 1.421 1.790 1.935 1.434 1.368 1.502 1.728 2.705
12.250 10.122 9.569 8.543 7.585 7.622 6.897 6.798 6.793 8.128 8.219 9.145 9.517 10.144 10.576 10.195 9.404 9.084 8.710 9.102 9.744 10.151 10.205 11.033 11.114 10.279 11.134 11.479 11.108 10.925 11.904 11.892 11.847 12.650 12.826 11.931 10.651 9.962 8.924 8.455 7.421 6.617 5.918 5.282 4.918 4.531 3.853 3.428 3.022 2.827 2.582 2.282 2.185 1.571 1.729 1.502 1.975 1.969 1.714 0.988 0.587 0.000 0.632 1.054 1.596 2.092 2.643 3.045 3.564 3.739 3.420 3.193 2.712 2.922 3.355 3.787 3.295 3.251 2.746 2.255 1.887 1.354 1.329 1.075 0.906 1.210 1.743 1.894 1.449 1.453 1.446 1.772 2.614
10.978 9.154 8.048 6.805 6.245 5.837 5.324 5.480 5.628 6.347 6.913 7.383 7.820 8.422 9.189 8.465 8.118 7.343 7.214 7.620 7.943 8.269 8.309 8.955 8.904 8.337 8.921 9.423 8.926 9.007 10.248 10.089 9.694 10.515 10.797 9.918 9.133 8.343 7.464 6.878 5.958 5.338 4.660 4.105 3.564 3.184 2.548 2.302 2.020 1.897 1.782 1.555 1.594 1.350 1.518 1.516 1.845 1.989 1.598 1.184 0.791 0.523 0.000 0.506 0.674 0.909 1.151 1.419 1.756 1.872 1.632 1.568 1.442 1.721 2.052 2.061 1.800 1.709 1.456 1.171 1.045 0.789 0.775 0.752 0.763 0.926 1.363 1.522 1.146 1.374 1.118 1.505 2.362
10.692 8.818 7.760 6.862 6.114 5.997 5.278 5.214 5.341 6.239 6.764 7.485 7.733 8.469 8.978 8.579 8.195 7.362 7.147 7.436 7.930 8.221 8.414 8.883 8.825 8.155 8.617 9.400 8.968 8.566 9.722 9.988 9.708 10.646 10.627 9.697 8.766 8.341 7.376 7.072 5.941 5.260 4.685 4.145 3.602 3.300 2.728 2.376 2.153 2.023 2.022 1.744 1.861 1.636 1.847 1.861 2.260 2.285 1.972 1.531 1.159 0.753 0.510 0.000 0.509 0.675 0.969 1.161 1.455 1.666 1.451 1.366 1.271 1.557 1.911 1.775 1.474 1.365 1.204 0.938 0.813 0.659 0.711 0.724 0.744 0.942 1.374 1.566 1.315 1.422 1.243 1.460 2.186
10.955 8.748 7.680 6.905 6.040 5.647 4.992 5.289 5.254 6.333 6.539 7.097 7.794 8.401 9.252 8.469 8.157 7.361 7.116 7.458 8.071 8.060 8.294 9.029 9.005 8.388 9.021 9.549 8.799 8.811 9.913 10.068 9.612 10.581 10.532 9.744 8.837 8.289 7.240 7.129 5.869 5.111 4.416 3.775 3.392 2.982 2.385 2.137 1.882 1.912 1.859 1.726 1.874 1.661 1.975 1.937 2.289 2.380 2.051 1.549 1.241 0.996 0.713 0.515 0.000 0.506 0.699 0.999 1.246 1.401 1.227 1.072 1.068 1.350 1.643 1.551 1.268 1.211 1.014 0.824 0.721 0.651 0.762 0.869 0.910 1.153 1.501 1.728 1.446 1.511 1.366 1.577 2.320
10.332 8.836 7.638 6.672 6.022 5.884 5.326 5.194 5.206 5.888 6.360 7.134 7.814 8.257 8.512 8.236 7.961 7.081 6.835 7.171 7.723 8.104 7.941 8.848 8.537 7.748 8.655 9.113 8.580 8.238 9.297 9.557 9.224 10.167 10.093 9.228 8.608 8.115 7.323 6.904 5.810 5.031 4.478 4.005 3.438 3.112 2.545 2.284 2.102 2.035 2.108 1.875 2.057 1.835 2.150 2.132 2.500 2.553 2.235 1.848 1.456 1.221 0.937 0.703 0.505 0.000 0.499 0.807 1.069 1.271 1.037 0.950 0.938 1.262 1.533 1.442 1.150 1.045 0.907 0.750 0.740 0.716 0.822 0.971 1.125 1.391 1.828 2.069 1.753 1.804 1.641 1.896 2.662
11.093 9.470 8.064 6.930 6.310 6.098 5.388 5.708 5.384 6.330 6.894 7.611 8.206 8.977 9.391 8.889 8.345 7.560 7.572 7.700 8.284 8.684 8.665 9.780 9.322 8.089 9.384 9.842 9.033 8.961 10.130 10.373 9.792 11.153 11.154 10.202 9.134 8.760 7.631 7.350 6.258 5.572 4.873 4.164 3.666 3.298 2.817 2.758 2.544 2.748 2.832 2.641 2.934 2.806 3.225 3.072 3.476 3.556 3.127 2.660 2.324 2.073 1.656 1.201 0.921 0.560 0.000 0.588 0.851 1.159 1.132 1.062 1.117 1.523 1.798 1.647 1.363 1.039 1.023 0.863 1.059 1.223 1.188 1.381 1.816 2.048 2.476 2.962 2.672 2.996 2.614 2.879 3.766
11.243 9.591 8.490 7.657 6.748 6.587 5.919 5.982 6.135 7.149 7.379 7.873 8.681 9.181 9.443 9.353 8.919 8.206 7.650 8.299 8.532 9.219 8.997 10.020 9.671 8.870 10.071 10.709 9.808 9.689 10.882 10.776 10.434 11.561 11.814 10.640 9.844 8.781 8.394 7.622 6.857 5.851 5.260 4.685 4.137 3.856 3.204 3.019 2.876 2.992 3.047 2.920 3.257 3.095 3.549 3.389 3.871 4.018 3.538 3.019 2.670 2.385 1.897 1.605 1.196 0.784 0.556 0.000 0.542 0.869 0.918 0.951 1.111 1.497 1.802 1.608 1.305 1.038 1.051 0.965 1.113 1.398 1.444 1.796 2.125 2.553 3.004 3.399 3.116 3.270 2.838 3.191 3.947
12.074 10.156 9.095 7.887 6.833 6.494 6.022 6.151 6.230 7.125 7.807 8.298 9.076 9.759 10.168 9.952 9.167 8.565 8.299 8.355 8.981 9.285 8.958 10.084 10.073 9.176 9.921 10.946 10.314 9.937 11.245 11.459 11.078 12.023 12.377 11.307 10.821 9.925 8.770 8.184 6.884 6.177 5.488 4.839 4.398 4.018 3.312 3.303 2.903 3.045 3.020 2.944 3.204 3.108 3.749 3.636 4.107 4.597 4.062 3.260 2.887 2.722 2.228 2.043 1.493 1.261 0.931 0.531 0.000 0.615 0.971 1.059 1.326 1.637 1.869 1.607 1.440 1.111 1.129 1.129 1.359 1.669 1.950 2.394 2.658 3.078 3.620 3.922 3.445 3.382 3.044 3.548 4.360
12.427 10.554 9.085 8.403 7.368 7.070 6.198 6.684 6.593 8.069 8.371 9.172 10.186 10.753 10.837 10.669 9.950 9.277 8.894 9.104 9.559 9.920 10.059 10.945 10.662 9.835 11.284 11.878 10.832 11.069 12.539 12.303 11.917 13.047 13.500 11.895 11.290 10.214 9.546 8.465 7.741 6.808 6.098 5.343 5.019 4.461 3.833 4.131 3.633 4.185 4.148 4.396 4.809 4.948 5.682 5.455 6.262 7.027 6.270 5.246 4.735 4.557 3.730 3.187 2.415 1.886 1.434 0.870 0.565 0.000 0.694 1.161 1.646 2.040 2.119 1.930 1.794 1.347 1.536 1.679 2.124 2.675 2.980 3.849 4.347 5.172 5.523 6.190 5.822 5.683 5.012 5.688 6.475
12.422 10.387 9.159 8.202 7.441 7.114 6.291 6.513 6.565 7.455 7.745 8.593 9.556 9.736 10.046 9.893 9.284 9.056 8.068 8.480 9.351 9.704 9.961 10.872 10.479 9.542 10.744 11.105 10.613 10.238 11.497 11.528 11.441 12.227 12.406 11.371 10.723 9.691 8.885 8.244 7.342 6.438 5.753 5.222 4.678 4.492 3.760 3.815 3.610 4.012 4.070 4.141 4.487 4.287 4.912 5.001 5.322 5.902 5.048 4.473 3.675 3.504 2.792 2.346 1.773 1.300 1.035 0.990 0.973 0.636 0.000 0.553 0.856 1.224 1.632 1.611 1.480 1.362 1.438 1.397 1.432 1.915 1.997 2.560 3.113 3.522 4.132 4.974 4.496 4.311 3.875 4.311 5.141
11.643 9.948 8.778 7.808 6.857 6.527 5.687 6.017 5.735 6.821 7.073 8.047 8.642 9.387 9.823 9.070 8.648 8.041 7.663 8.144 8.869 9.256 9.172 10.154 9.751 8.856 9.943 10.292 9.605 9.744 10.757 10.972 10.613 11.587 11.585 10.472 9.741 9.348 8.369 7.663 6.522 5.558 5.106 4.376 3.973 3.856 3.175 3.215 2.958 3.224 3.387 3.353 3.707 3.604 3.999 4.017 4.376 4.609 4.138 3.568 3.135 2.949 2.296 2.091 1.540 1.159 0.860 0.941 1.003 0.900 0.526 0.000 0.528 0.932 1.321 1.287 1.160 1.060 1.144 1.231 1.257 1.672 1.650 2.087 2.488 2.967 3.448 3.955 3.731 3.819 3.277 3.693 4.384
11.318 9.648 8.815 7.512 6.849 6.562 5.580 6.182 5.971 6.925 7.070 8.041 8.673 9.471 9.660 9.124 8.765 8.155 7.276 7.842 8.474 8.788 9.388 9.841 9.476 8.755 9.695 10.422 9.816 9.676 10.569 11.113 10.580 11.454 11.324 10.743 9.552 9.292 8.209 7.922 6.581 5.717 5.086 4.262 4.056 3.671 3.198 3.179 2.879 3.311 3.378 3.242 3.685 3.433 4.069 3.955 4.377 4.677 4.087 3.609 3.176 2.908 2.398 2.037 1.574 1.272 1.004 1.012 1.122 1.262 0.940 0.535 0.000 0.585 1.095 1.268 1.047 0.966 1.104 1.200 1.272 1.628 1.597 2.039 2.407 2.969 3.263 3.780 3.440 3.518 3.370 3.494 4.129
12.060 10.331 9.122 8.001 7.052 6.730 6.170 6.456 6.296 7.438 7.329 8.229 9.381 9.965 9.963 9.731 8.979 8.725 7.762 8.469 9.230 9.315 9.389 10.322 10.432 9.520 10.240 11.108 10.466 10.184 11.284 11.700 11.275 12.078 12.111 11.439 10.394 9.841 8.652 7.799 6.969 5.888 5.416 4.835 4.213 4.087 3.536 3.680 3.688 3.970 4.127 4.063 4.433 4.323 4.743 4.245 4.768 4.745 4.306 3.751 3.427 3.268 2.693 2.218 1.636 1.360 1.156 1.444 1.747 1.891 1.454 0.956 0.571 0.000 0.588 1.047 1.113 1.259 1.305 1.422 1.498 2.109 1.937 2.376 2.949 3.342 3.936 4.482 4.024 4.218 3.891 4.287 5.179
13.419 11.305 10.201 8.643 8.183 7.599 6.807 7.011 7.051 7.641 8.211 9.387 9.775 11.080 11.814 10.771 9.914 9.082 8.812 9.145 9.313 9.728 9.354 10.374 10.271 9.492 10.359 11.331 10.683 10.389 12.102 12.584 12.071 13.324 13.295 12.572 11.251 10.911 9.591 9.098 7.857 7.170 6.604 5.761 5.484 5.095 4.523 4.964 4.763 5.374 5.597 5.710 6.081 6.349 6.666 6.799 6.982 6.910 6.637 6.400 5.650 5.129 4.263 3.982 3.200 2.422 2.197 2.296 2.034 2.619 2.088 1.422 1.338 0.710 0.000 0.691 1.275 1.678 2.169 2.491 2.452 2.836 2.769 3.221 4.030 4.541 5.060 6.066 5.999 5.941 5.524 5.333 6.324
12.061 10.812 9.428 7.956 7.259 6.674 5.791 6.160 6.293 7.126 7.999 8.837 9.360 10.717 11.301 10.358 9.668 8.685 8.547 8.927 9.596 9.869 9.580 10.632 10.556 9.202 10.607 11.467 10.513 10.558 12.338 12.573 11.885 13.459 13.250 12.139 11.200 10.752 9.132 8.544 7.213 6.246 5.485 4.794 4.392 3.871 3.362 3.733 3.296 3.892 3.583 4.234 4.547 4.876 5.428 5.696 6.342 6.521 6.107 5.512 5.041 4.869 4.096 3.590 2.788 2.249 1.696 1.557 1.485 1.862 1.686 1.301 1.493 0.999 0.593 0.000 0.582 0.861 1.101 1.717 2.123 2.906 3.046 3.846 4.472 5.165 5.923 6.220 5.843 5.706 4.914 5.721 6.510
10.888 9.226 8.064 7.018 6.305 5.772 5.309 5.520 5.347 6.393 6.705 7.629 8.090 8.698 8.969 8.691 8.367 7.740 7.268 7.686 8.224 8.483 8.467 9.322 9.223 8.354 9.160 9.708 9.211 9.162 10.352 10.439 9.938 10.920 11.163 10.330 9.086 8.834 7.633 7.097 5.965 5.212 4.568 4.051 3.493 3.149 2.642 2.568 2.375 2.521 2.613 2.554 2.799 2.791 3.243 3.140 3.617 3.877 3.523 2.978 2.528 2.591 2.029 1.847 1.394 1.234 1.005 0.998 1.129 1.410 1.254 0.924 1.032 1.007 0.779 0.545 0.000 0.504 0.628 0.925 1.155 1.459 1.558 2.059 2.330 2.669 3.179 3.607 3.231 3.199 2.903 3.230 3.800
10.479 9.334 8.080 6.891 6.132 5.796 5.157 5.386 5.230 6.118 6.459 6.944 7.545 8.272 8.704 8.361 7.773 7.265 6.902 7.389 7.681 8.367 8.372 8.985 9.168 8.402 8.838 9.459 8.838 8.890 9.815 10.035 9.459 10.795 11.099 9.702 9.207 8.395 7.675 7.013 5.955 5.060 4.592 3.905 3.496 3.172 2.563 2.520 2.199 2.365 2.368 2.365 2.488 2.538 2.773 2.898 3.403 3.605 3.294 2.807 2.363 2.376 1.977 1.807 1.335 1.264 0.953 0.894 1.040 1.311 1.210 0.987 1.199 1.126 1.058 0.754 0.494 0.000 0.520 0.732 1.034 1.469 1.656 2.120 2.364 2.771 3.195 3.374 2.992 2.800 2.672 3.146 3.768
10.754 9.108 8.013 6.814 6.051 5.667 5.128 5.261 5.157 5.968 6.136 7.256 7.825 8.324 8.775 8.218 7.927 7.033 6.819 7.163 7.635 7.996 8.189 8.683 8.508 7.758 8.298 9.152 8.605 8.181 9.329 9.741 9.331 10.443 10.620 9.860 8.825 8.584 7.458 6.847 5.847 5.047 4.529 3.975 3.451 3.203 2.541 2.414 2.197 2.192 2.162 2.060 2.245 2.107 2.383 2.422 2.751 2.962 2.627 2.160 1.773 1.638 1.349 1.152 0.870 0.873 0.731 0.845 1.069 1.367 1.199 0.977 1.048 1.112 1.175 0.918 0.609 0.507 0.000 0.502 0.710 0.968 1.180 1.415 1.618 1.881 2.272 2.539 2.270 2.274 2.070 2.354 3.082
10.097 8.286 7.389 6.527 5.486 5.474 4.903 5.081 5.215 6.038 5.987 6.654 7.426 7.624 8.469 7.979 7.605 6.907 6.539 7.129 7.358 7.935 7.795 8.909 8.403 7.904 8.743 9.132 8.467 8.393 9.307 9.644 8.806 9.687 9.947 8.977 8.376 7.763 7.100 6.367 5.583 4.736 4.210 3.567 3.142 2.758 2.182 1.931 1.630 1.680 1.695 1.720 1.884 1.861 2.212 2.294 2.733 2.932 2.587 2.093 1.634 1.506 1.171 0.985 0.747 0.738 0.680 0.783 1.095 1.280 1.101 1.002 1.062 1.224 1.437 1.325 0.919 0.732 0.506 0.000 0.505 0.677 0.917 1.082 1.255 1.651 2.016 2.359 2.029 1.972 1.832 2.008 2.857
9.954 8.350 7.640 6.464 5.742 5.296 5.097 5.181 4.969 5.994 6.557 7.036 7.530 8.105 8.696 8.233 7.995 7.357 7.119 7.206 7.769 8.071 8.414 8.386 8.555 7.938 8.351 8.878 8.354 8.268 9.214 9.448 9.109 9.825 10.186 9.177 8.376 8.266 7.216 6.895 5.943 5.152 4.503 3.684 3.195 2.821 2.190 1.942 1.685 1.659 1.728 1.630 1.801 1.750 2.001 2.091 2.411 2.585 2.265 1.875 1.457 1.219 0.900 0.778 0.636 0.653 0.685 0.841 1.091 1.283 1.145 1.013 1.000 1.249 1.517 1.365 1.063 0.879 0.664 0.502 0.000 0.502 0.669 0.851 1.004 1.266 1.584 1.887 1.701 1.653 1.470 1.618 2.462
10.377 8.684 7.424 6.719 5.964 5.733 5.204 5.028 5.394 5.995 6.667 7.064 7.320 7.885 8.734 8.230 7.918 7.193 7.271 7.544 7.804 8.364 8.254 8.710 8.470 8.093 8.381 9.103 8.627 8.551 9.263 9.729 9.033 9.989 10.290 9.537 8.499 8.131 7.277 6.588 5.617 4.974 4.218 3.716 3.144 2.769 2.245 1.955 1.679 1.635 1.690 1.583 1.756 1.606 1.909 1.898 2.272 2.439 2.048 1.656 1.265 1.025 0.741 0.658 0.612 0.671 0.859 1.048 1.353 1.546 1.351 1.216 1.090 1.335 1.683 1.623 1.248 1.165 0.893 0.658 0.496 0.000 0.503 0.624 0.809 1.079 1.465 1.717 1.500 1.520 1.386 1.585 2.377
11.076 8.719 8.063 7.167 5.961 6.140 5.716 5.715 5.911 6.959 7.410 8.301 8.517 9.206 9.726 9.319 8.737 8.576 7.827 8.187 9.237 9.316 9.514 9.998 10.012 9.523 9.655 10.233 9.764 9.453 10.276 10.642 10.305 10.926 11.034 10.101 9.349 9.023 7.992 7.784 6.509 5.615 4.851 4.286 3.586 3.177 2.580 2.278 1.957 1.954 1.921 1.818 1.982 1.888 2.262 2.283 2.718 2.849 2.480 1.981 1.496 1.253 0.871 0.692 0.677 0.894 1.240 1.471 1.847 2.173 1.893 1.770 1.444 1.763 2.316 2.286 1.817 1.592 1.260 0.918 0.698 0.506 0.000 0.537 0.868 1.312 1.674 2.069 1.909 1.967 1.694 1.892 2.874
11.238 9.388 8.453 7.296 6.583 6.361 5.882 5.782 5.846 6.671 6.951 7.915 8.603 9.510 9.810 9.270 8.646 8.049 7.832 8.378 8.495 9.061 8.732 9.546 9.497 8.824 9.201 10.161 9.771 9.519 10.367 10.973 10.756 11.457 11.493 10.740 9.856 9.217 8.154 7.650 6.447 5.726 5.221 4.635 4.206 3.783 3.306 2.998 2.689 2.647 2.586 2.225 2.351 1.977 2.199 2.218 2.509 2.745 2.271 1.859 1.480 1.097 0.833 0.821 0.929 1.074 1.410 1.846 2.178 2.381 1.990 1.731 1.529 1.748 2.109 2.201 1.943 1.918 1.699 1.362 1.030 0.822 0.542 0.000 0.520 0.867 1.296 1.643 1.467 1.595 1.495 1.424 2.302
11.458 9.606 8.661 7.776 6.738 6.609 5.929 6.234 5.881 6.944 7.221 8.165 8.652 9.300 9.692 9.639 8.814 8.268 7.735 8.227 8.706 9.126 8.657 9.732 9.903 9.023 9.423 10.717 9.912 9.345 10.690 11.106 10.070 11.296 11.546 10.247 9.652 9.102 8.324 7.789 6.605 5.625 5.134 4.441 3.980 3.735 3.148 2.816 2.424 2.275 2.200 1.874 1.893 1.572 1.860 1.852 2.286 2.444 2.084 1.682 1.172 0.896 0.727 0.880 1.153 1.454 1.828 2.132 2.662 2.848 2.498 2.218 1.874 2.099 2.613 2.725 2.313 2.400 1.998 1.615 1.295 0.971 0.839 0.524 0.000 0.531 0.923 1.306 1.219 1.348 1.176 1.292 2.215
11.963 10.091 9.009 7.781 7.081 7.084 6.348 6.366 6.594 7.414 7.898 8.589 9.151 9.812 10.277 9.897 9.355 8.747 8.448 9.118 9.455 10.034 9.562 10.822 10.626 9.591 10.122 11.273 10.566 10.008 11.365 11.847 11.217 11.987 12.162 11.181 10.199 9.722 8.549 8.122 7.131 6.218 5.689 4.925 4.469 4.044 3.340 3.144 2.808 2.777 2.672 2.253 2.380 1.889 2.242 2.181 2.474 2.647 2.211 1.951 1.332 1.001 0.933 1.256 1.521 1.999 2.405 2.940 3.458 3.854 3.313 2.932 2.663 2.943 3.295 3.517 2.911 2.965 2.389 2.056 1.663 1.209 1.333 0.910 0.555 0.000 0.557 0.956 1.114 1.325 1.284 1.268 2.062
13.572 11.730 10.702 9.209 8.728 8.133 7.762 7.814 7.762 8.837 9.210 10.404 10.779 12.028 12.056 11.736 10.898 10.069 9.614 9.869 10.604 11.086 10.843 11.769 11.843 10.882 11.383 12.688 12.166 11.769 12.838 13.463 13.206 13.731 13.979 12.954 11.858 11.566 10.245 10.127 8.639 7.947 7.292 6.487 6.065 5.604 4.849 4.699 4.218 3.917 3.806 3.256 3.249 2.585 2.890 2.905 2.997 3.301 2.567 2.569 1.959 1.375 1.356 1.768 2.332 2.845 3.443 4.053 4.547 4.890 4.336 3.923 3.527 3.869 4.519 4.801 4.155 4.177 3.526 3.109 2.748 1.919 1.946 1.449 1.076 0.530 0.000 0.798 1.144 1.669 1.698 1.428 2.321
15.625 13.283 12.572 11.361 10.758 9.892 9.700 9.896 9.632 10.855 11.061 12.165 12.578 13.570 13.729 13.028 12.538 11.735 11.222 11.667 12.296 12.682 12.687 13.771 13.559 12.723 13.643 14.621 13.981 13.509 14.856 15.567 15.280 15.925 16.197 15.401 13.898 13.470 12.077 11.699 10.302 9.777 8.559 8.096 7.594 7.099 6.393 5.875 5.429 4.746 4.576 3.691 3.345 2.459 2.562 2.632 2.683 3.042 2.514 2.556 1.876 1.660 2.212 2.671 3.278 4.046 4.773 5.476 6.011 6.292 6.109 5.639 4.970 5.326 6.145 6.400 6.119 5.630 5.058 4.364 3.798 2.990 2.933 2.321 1.793 1.315 0.784 0.000 0.808 1.324 1.688 1.497 2.427
13.132 11.670 10.909 9.994 9.234 8.655 8.220 8.378 8.571 9.490 9.919 10.832 10.762 11.944 12.578 11.985 11.383 10.663 10.439 10.841 11.225 11.904 11.436 12.727 12.411 11.199 12.122 13.279 12.245 11.780 13.292 13.838 13.156 14.058 13.996 13.121 12.167 11.531 10.363 10.238 9.150 8.390 7.718 6.904 6.203 5.883 4.759 4.164 3.732 3.131 2.915 2.357 2.192 1.630 1.909 2.159 2.433 2.823 2.347 2.278 1.509 1.418 1.888 2.386 2.927 3.560 4.359 4.761 5.226 5.470 5.086 4.789 4.392 4.727 5.231 5.567 4.942 4.721 4.156 3.831 3.321 2.682 2.697 2.427 1.789 1.528 1.153 0.760 0.000 0.585 0.927 1.184 1.719
11.628 10.210 9.757 8.472 7.718 7.154 6.758 6.714 7.101 7.937 8.554 9.137 9.374 10.299 10.865 10.298 9.828 9.229 9.134 9.275 9.836 10.184 10.314 11.107 10.696 9.864 10.624 11.391 10.544 10.111 11.452 11.768 11.194 12.059 12.349 11.524 10.453 10.056 8.940 8.799 7.738 7.040 6.206 5.551 4.976 4.632 3.848 3.213 2.931 2.547 2.330 1.986 1.850 1.390 1.730 1.848 2.300 2.461 2.085 1.775 1.146 1.176 1.395 2.003 2.125 2.686 3.170 3.338 3.920 4.055 3.846 3.873 3.408 3.809 4.142 4.295 4.081 3.740 3.069 2.590 2.428 2.055 2.049 1.978 1.459 1.359 1.443 1.195 0.537 0.000 0.526 0.865 1.667
12.645 10.685 9.794 8.843 8.240 7.615 7.117 7.210 7.295 8.223 8.726 9.501 9.722 10.627 11.197 10.451 10.110 9.316 9.093 9.215 9.868 10.276 10.258 10.946 10.849 10.086 10.730 11.535 10.610 10.647 11.615 11.964 11.565 12.625 12.596 11.758 10.795 10.451 9.189 9.130 8.092 7.167 6.447 5.652 5.047 4.855 3.745 3.412 3.007 2.792 2.547 2.198 2.092 1.594 2.034 1.874 2.281 2.625 2.276 1.928 1.307 1.300 1.405 1.969 2.397 2.707 3.020 3.528 4.099 4.349 3.820 3.720 3.486 3.611 4.216 4.312 3.534 3.600 3.053 2.712 2.508 2.079 2.122 1.819 1.319 1.489 1.724 1.447 0.847 0.508 0.000 0.551 1.363
14.701 12.426 11.587 10.889 9.894 9.054 8.845 9.073 9.364 10.694 11.077 12.136 12.567 13.685 14.276 13.897 12.830 12.204 11.694 12.022 12.507 12.795 12.770 13.381 13.440 12.510 13.309 14.098 13.486 12.924 14.173 14.814 14.255 15.277 15.176 14.457 13.230 12.772 11.713 11.423 10.372 9.239 8.381 7.599 6.784 6.475 5.617 4.736 4.486 3.665 3.761 2.944 3.054 2.225 2.957 3.000 3.589 4.287 3.791 3.011 1.893 1.755 2.098 2.981 3.329 4.401 4.814 5.305 6.065 6.482 5.980 5.761 5.459 5.630 6.372 6.732 5.680 5.645 4.585 4.126 3.803 3.077 3.274 2.640 2.105 2.079 2.164 1.901 1.438 0.993 0.556 0.000 0.901
23.956 22.169 21.638 20.627 20.595 18.311 18.927 19.776 19.410 20.148 20.961 21.373 21.609 22.443 22.846 22.481 22.031 20.572 21.007 20.619 20.712 21.234 21.067 22.096 22.247 21.234 22.153 22.832 22.457 22.277 22.824 23.426 23.617 23.510 23.766 23.415 22.779 22.332 21.356 21.487 20.133 20.116 18.538 17.831 17.243 16.542 15.792 15.308 14.172 12.759 12.283 9.503 9.989 8.036 9.128 9.536 9.534 10.261 8.694 8.003 6.190 4.481 4.559 4.945 8.066 8.978 11.507 12.907 13.336 13.909 13.019 12.529 12.624 13.374 14.982 15.165 13.951 13.507 12.883 11.056 9.949 7.214 6.769 5.627 3.902 3.966 3.953 4.369 3.916 3.935 2.509 0.865 0.002
