0.001 1.906 4.523 7.167 10.877 13.891 15.570 19.245 21.747 23.806 24.645 25.698 26.403 26.609 26.139 25.729 24.805 25.875 26.160 26.083 25.183 23.836 23.105 22.357 21.849 19.054 17.306 13.543 15.100 12.299 16.390 18.922 21.181 21.048 19.038 15.893 14.129 10.302 11.252 15.219 18.629 19.402 21.899 20.604 18.471 22.084 23.159 21.440 22.685 24.176 24.840 24.586 25.600 26.018 25.303 23.974 22.354 19.835 17.799 16.591 14.285 17.791 16.399 20.046 21.374 18.747 20.361 20.510 22.488 23.488 24.249 25.491 25.742 26.788 26.744 27.316 27.542 27.044 26.233 25.691 25.251 24.275 23.678 20.617 19.964 16.425 15.704 15.242 19.734 19.398 17.306 18.759 19.640
1.337 0.000 1.761 3.854 6.651 8.955 9.643 12.051 14.241 16.397 16.340 18.763 19.745 20.567 19.700 19.063 16.952 18.196 19.972 18.959 18.468 17.033 14.923 14.375 14.399 11.826 10.501 8.251 9.581 10.159 14.353 16.012 18.939 20.239 18.216 14.669 12.098 8.917 10.500 13.647 17.075 16.303 19.887 18.613 15.787 18.853 20.992 18.864 18.506 21.678 22.511 21.364 22.992 23.181 22.371 19.854 18.759 15.457 14.622 11.401 10.402 12.308 12.111 15.154 16.771 15.352 16.590 17.340 18.971 20.286 20.336 21.421 21.422 22.791 22.201 23.046 23.444 22.282 21.162 19.746 19.224 17.303 17.485 14.248 14.725 12.944 12.984 14.456 17.785 16.957 14.748 15.748 16.551
4.055 1.154 0.002 1.162 2.942 4.413 7.080 9.358 11.257 14.128 14.965 16.263 18.366 19.253 17.824 17.349 16.267 18.022 19.384 19.109 18.794 17.517 14.607 14.668 13.659 11.214 10.420 7.146 7.279 8.178 10.822 11.199 14.004 14.257 12.008 10.149 6.632 6.129 6.419 6.732 8.017 6.612 9.427 9.538 7.136 8.174 10.789 10.871 10.254 11.962 13.300 13.760 15.394 16.637 17.120 15.572 15.727 13.059 12.505 10.875 10.661 12.421 11.715 14.407 16.337 15.392 16.676 18.208 19.338 21.326 20.700 22.124 20.916 21.858 20.233 20.028 18.631 17.768 16.554 17.044 16.509 13.971 12.386 9.314 8.910 7.811 7.346 9.786 11.852 10.830 10.149 11.557 13.221
5.089 3.188 0.885 0.000 0.770 2.668 4.797 6.973 7.743 9.855 11.038 11.413 13.283 14.395 13.274 12.760 12.332 12.641 14.170 13.672 13.318 13.410 11.927 10.866 9.659 8.018 7.775 5.350 6.263 6.937 9.333 10.067 11.134 11.913 9.726 8.918 6.109 4.660 5.619 5.713 6.648 5.639 8.626 8.936 7.263 7.834 9.845 9.411 9.566 11.228 12.287 11.946 13.506 14.061 14.007 12.528 12.748 12.106 10.624 9.949 9.096 9.502 9.173 11.081 12.317 12.529 13.272 16.075 15.967 17.853 18.189 19.815 19.257 19.377 17.668 17.720 16.931 15.595 14.368 15.005 14.309 12.047 11.127 9.490 7.287 6.481 7.166 9.646 9.716 8.203 7.857 9.388 11.266
6.445 4.268 2.522 0.705 0.000 0.935 2.716 3.715 4.348 5.207 7.296 5.966 8.422 9.103 8.761 9.384 8.724 9.682 10.220 11.296 11.112 10.054 9.038 8.243 6.786 6.052 5.311 4.350 4.869 5.815 7.137 7.364 9.399 9.758 7.813 6.881 4.766 3.253 3.668 4.701 4.350 3.914 5.696 6.175 4.944 4.811 7.358 7.166 6.853 8.352 9.229 9.334 9.758 10.720 11.150 10.880 10.160 8.608 8.440 6.802 7.845 8.303 9.553 11.590 12.412 13.079 14.506 17.109 17.458 20.592 19.113 20.985 19.795 18.972 18.160 16.474 14.417 12.782 12.116 15.156 10.059 11.913 5.905 6.055 4.330 7.136 5.608 10.848 7.793 7.351 7.576 8.448 10.496
6.983 4.750 2.921 2.121 0.602 0.000 0.528 0.787 1.110 1.384 1.600 2.066 2.279 2.647 2.273 2.213 1.888 2.012 2.414 2.210 2.090 2.049 1.532 1.388 1.197 1.170 0.983 0.840 0.975 1.163 1.371 1.553 1.915 2.050 1.735 1.444 1.282 1.193 1.209 1.301 1.308 1.267 1.571 1.655 1.292 1.499 1.904 1.846 1.859 2.149 2.289 2.344 2.642 2.716 2.500 2.408 2.032 1.914 1.558 1.428 1.365 1.715 2.406 3.329 4.533 6.576 7.861 12.967 12.597 12.559 13.204 12.859 14.875 13.520 15.059 13.100 12.064 10.929 11.395 11.120 9.285 10.634 8.602 11.016 6.898 8.268 5.886 5.968 5.387 5.624 6.266 6.891 8.523
7.134 4.875 3.003 2.287 0.961 0.512 0.000 0.516 0.819 0.959 1.107 1.399 1.631 1.981 1.771 1.935 1.591 1.549 1.977 1.995 1.830 1.752 1.376 1.295 1.012 1.024 0.993 0.930 1.147 1.384 1.731 1.922 2.410 2.553 2.138 1.788 1.476 1.320 1.298 1.379 1.411 1.526 1.796 1.723 1.559 1.743 2.066 2.034 2.080 2.302 2.702 2.624 3.057 3.122 2.912 2.583 2.365 2.091 1.900 1.641 1.497 1.822 2.670 3.512 5.072 6.917 9.212 13.281 13.422 14.800 14.144 14.216 15.455 15.136 16.713 14.407 13.042 12.017 11.186 11.594 10.006 12.243 7.700 11.448 8.635 9.692 5.288 8.897 7.471 6.690 7.206 8.824 10.012
7.087 4.909 2.969 2.209 1.201 0.667 0.504 0.000 0.500 0.579 0.747 1.024 1.275 1.475 1.305 1.323 1.079 1.196 1.399 1.359 1.317 1.131 0.952 0.785 0.638 0.687 0.656 0.676 0.771 0.963 1.119 1.159 1.440 1.626 1.423 1.285 1.128 1.191 1.294 1.315 1.328 1.243 1.369 1.358 1.136 1.170 1.401 1.350 1.215 1.439 1.642 1.659 1.899 1.815 1.823 1.637 1.516 1.211 1.151 1.024 1.057 1.256 2.034 2.827 4.048 5.493 7.213 11.975 11.895 10.744 10.381 8.855 13.618 16.429 15.334 14.176 14.178 12.814 11.048 10.252 8.332 12.913 10.934 11.904 7.020 6.681 6.420 7.563 8.088 6.268 6.436 7.190 8.751
7.012 5.069 3.216 2.445 1.470 0.931 0.691 0.501 0.000 0.529 0.852 1.227 1.527 1.813 1.648 1.682 1.444 1.568 1.905 1.782 1.811 1.569 1.166 1.091 0.763 0.864 0.877 0.944 0.971 1.181 1.241 1.351 1.601 1.819 1.586 1.469 1.340 1.373 1.590 1.556 1.653 1.479 1.683 1.603 1.316 1.446 1.688 1.502 1.511 1.743 1.941 1.854 2.291 2.266 2.177 1.812 1.643 1.424 1.327 1.224 1.323 1.508 2.372 3.216 4.232 5.088 6.347 9.706 10.389 12.111 11.552 11.873 13.099 15.008 15.094 13.896 11.948 10.972 10.659 10.885 9.682 6.673 7.217 9.534 4.911 6.824 6.305 7.956 8.021 6.416 6.704 6.581 8.615
7.326 5.256 3.522 2.800 1.762 1.312 0.984 0.732 0.522 0.000 0.498 0.737 1.000 1.259 1.016 1.117 0.974 0.918 1.142 1.268 1.299 1.372 1.115 1.061 0.808 1.093 1.189 1.379 1.511 1.869 2.029 1.951 2.240 2.709 2.413 2.365 1.975 2.076 2.182 2.092 1.927 1.728 1.979 2.163 1.813 1.741 2.131 2.148 1.861 2.115 2.405 2.358 2.517 2.308 2.276 2.256 2.102 1.929 1.922 1.687 1.773 1.827 2.478 3.302 4.613 5.930 7.480 11.756 11.146 12.135 11.640 13.317 14.358 16.513 14.147 14.052 13.372 11.206 10.068 11.206 8.479 9.335 5.028 7.312 5.332 8.144 5.900 6.940 6.110 5.277 5.700 6.569 8.437
7.360 5.264 3.529 3.045 1.890 1.344 1.117 0.815 0.730 0.503 0.000 0.509 0.691 0.970 0.813 0.887 0.769 0.719 0.977 0.999 1.034 1.045 0.897 0.958 0.826 1.078 1.090 1.286 1.299 1.581 1.670 1.513 1.726 2.057 2.039 1.968 1.774 1.910 2.106 2.016 2.061 1.789 1.987 2.036 1.679 1.673 1.931 1.814 1.574 1.732 2.039 1.868 2.026 1.787 1.711 1.707 1.585 1.484 1.494 1.401 1.537 1.589 2.411 3.186 4.525 5.450 7.687 12.089 11.554 12.716 12.484 10.230 14.219 13.911 11.817 12.704 12.487 10.666 11.518 9.629 10.501 9.874 10.032 6.731 6.524 6.406 6.066 6.648 7.250 6.116 6.465 6.711 8.127
7.581 5.580 3.955 3.298 2.271 1.682 1.432 1.046 1.104 0.800 0.514 0.000 0.513 0.685 0.748 0.937 0.880 0.822 1.054 1.224 1.325 1.357 1.142 1.232 1.163 1.451 1.404 1.564 1.689 1.953 2.031 1.941 2.186 2.575 2.476 2.359 2.170 2.243 2.453 2.464 2.479 2.210 2.531 2.470 2.019 2.065 2.405 2.219 1.977 2.147 2.451 2.354 2.478 2.184 2.269 2.148 2.007 1.952 1.941 1.819 1.891 2.002 2.698 3.432 4.649 5.761 7.769 12.918 12.486 12.882 13.054 16.146 16.207 17.845 17.120 15.678 15.171 10.924 12.844 11.679 8.308 9.299 5.929 7.919 6.070 6.195 6.463 6.993 6.682 5.703 6.443 6.683 8.393
7.965 6.154 4.552 3.878 2.847 2.241 2.074 1.493 1.472 1.097 0.803 0.503 0.000 0.612 0.741 1.058 1.116 0.880 1.165 1.475 1.525 1.792 1.521 1.684 1.596 2.040 1.983 2.288 2.256 2.762 2.796 2.517 2.862 3.343 3.215 3.190 2.939 3.059 3.328 3.183 3.079 2.713 2.932 2.993 2.632 2.514 2.863 2.799 2.366 2.648 2.974 2.797 2.947 2.648 2.612 2.674 2.598 2.460 2.661 2.519 2.707 2.739 3.418 4.177 5.420 6.024 7.795 12.886 11.486 13.792 13.072 14.118 13.911 15.626 14.053 12.730 11.422 9.784 11.006 11.066 8.496 8.703 8.121 5.923 5.783 6.711 6.635 7.322 6.485 6.091 6.297 7.010 8.356
8.412 6.838 5.391 4.662 3.680 3.108 2.757 2.157 2.076 1.669 1.230 0.772 0.564 0.000 0.581 0.879 1.178 1.003 1.156 1.540 1.774 1.995 1.885 2.037 1.983 2.543 2.538 2.884 2.848 3.295 3.193 2.893 2.909 3.546 3.586 3.816 3.656 3.886 4.198 4.097 4.016 3.568 3.649 3.609 3.250 2.971 3.112 3.083 2.566 2.786 2.956 2.750 2.683 2.243 2.411 2.570 2.628 2.752 2.981 3.008 3.260 3.292 3.982 4.876 6.177 7.197 8.670 12.884 11.628 13.003 13.196 12.436 14.088 14.575 13.386 12.267 10.250 9.398 8.012 11.672 5.719 9.917 6.632 8.069 6.350 7.015 7.867 8.675 8.000 7.050 7.113 7.547 8.775
7.922 6.032 4.430 3.952 2.852 2.187 1.967 1.654 1.643 1.419 1.031 0.901 0.693 0.568 0.000 0.503 0.630 0.724 0.787 0.831 1.250 1.367 1.309 1.533 1.675 2.033 1.856 2.081 1.913 2.187 2.048 1.788 1.844 2.229 2.290 2.463 2.437 2.658 2.895 2.822 2.813 2.546 2.699 2.618 2.287 2.096 2.362 2.213 1.862 2.028 2.270 2.028 2.105 1.747 1.627 1.553 1.540 1.664 1.843 1.953 2.242 2.425 3.245 4.112 5.401 6.318 7.659 12.527 11.294 12.609 10.426 10.220 12.152 14.732 12.273 11.253 12.324 8.512 8.656 11.727 4.144 6.660 6.039 5.809 6.005 6.370 7.093 7.150 7.166 6.553 6.522 7.153 8.792
7.673 5.602 3.810 3.253 2.212 1.706 1.474 1.275 1.310 1.137 0.871 0.883 0.892 0.760 0.496 0.000 0.490 0.552 0.604 0.595 0.762 0.845 0.874 1.111 1.242 1.448 1.347 1.464 1.464 1.591 1.566 1.494 1.633 1.927 1.899 1.951 1.846 2.029 2.242 2.140 2.200 2.019 2.078 2.070 1.734 1.674 1.873 1.738 1.508 1.628 1.807 1.706 1.776 1.549 1.458 1.395 1.397 1.313 1.420 1.454 1.578 1.762 2.479 3.159 4.157 5.259 6.275 11.321 10.584 7.445 10.764 10.309 12.709 11.446 11.720 8.303 11.708 8.686 8.997 15.423 6.769 4.477 7.416 5.805 6.278 6.292 7.311 7.424 6.745 6.230 6.413 7.029 8.445
7.532 5.534 3.688 3.119 2.083 1.530 1.417 1.058 1.182 0.960 0.712 0.815 0.843 0.805 0.567 0.489 0.000 0.492 0.553 0.610 0.646 0.802 0.825 0.989 1.095 1.324 1.231 1.409 1.322 1.573 1.563 1.407 1.569 1.946 1.839 1.930 1.728 1.927 2.113 2.022 2.019 1.906 1.991 1.938 1.605 1.564 1.749 1.620 1.326 1.502 1.693 1.546 1.630 1.454 1.444 1.384 1.436 1.270 1.463 1.359 1.507 1.682 2.430 3.217 4.556 6.024 7.143 12.109 13.242 9.714 15.518 12.662 18.346 14.989 12.765 12.469 11.517 10.724 8.179 15.575 7.088 7.137 8.187 6.367 6.195 5.847 5.611 6.996 7.038 5.982 6.476 7.130 8.369
7.493 5.483 3.715 3.020 2.030 1.514 1.358 1.091 1.166 0.972 0.718 0.814 0.794 0.793 0.580 0.535 0.488 0.000 0.494 0.563 0.691 0.830 0.856 1.062 1.122 1.350 1.208 1.409 1.377 1.559 1.586 1.465 1.587 1.898 1.854 1.840 1.752 1.890 2.128 1.955 1.992 1.797 1.926 1.894 1.625 1.572 1.795 1.653 1.431 1.565 1.796 1.637 1.760 1.564 1.534 1.444 1.482 1.360 1.454 1.421 1.577 1.694 2.467 3.233 4.602 5.530 6.594 12.135 11.903 11.727 13.124 9.597 15.214 16.477 12.465 14.682 12.226 11.663 12.638 8.858 7.940 6.424 7.482 5.695 6.341 7.226 7.078 7.820 7.170 6.176 6.548 6.901 8.312
7.789 5.726 4.107 3.549 2.444 1.941 1.745 1.353 1.310 1.092 0.867 0.884 0.930 0.883 0.670 0.611 0.555 0.494 0.000 0.504 0.646 0.881 0.985 1.248 1.320 1.603 1.571 1.802 1.713 1.988 1.996 1.768 1.878 2.296 2.207 2.346 2.144 2.368 2.632 2.453 2.447 2.119 2.283 2.317 1.981 1.834 2.134 2.034 1.707 1.882 2.177 1.957 2.027 1.757 1.710 1.611 1.625 1.575 1.787 1.719 1.895 2.044 2.734 3.508 4.835 5.801 7.403 12.974 12.716 10.013 11.393 10.703 11.432 13.389 13.196 9.765 13.516 11.972 11.525 9.139 6.816 6.542 6.568 7.330 6.674 6.698 6.740 7.492 7.117 6.355 6.472 6.825 8.533
7.783 5.840 4.028 3.242 2.391 1.797 1.666 1.386 1.416 1.272 1.049 1.064 1.076 1.022 0.749 0.654 0.611 0.590 0.504 0.000 0.554 0.631 0.809 1.149 1.317 1.515 1.370 1.541 1.507 1.699 1.643 1.560 1.700 2.089 2.029 2.082 1.988 2.142 2.379 2.327 2.341 2.200 2.288 2.205 1.940 1.875 2.118 1.937 1.666 1.810 2.054 1.809 1.980 1.660 1.505 1.471 1.361 1.354 1.409 1.483 1.575 1.791 2.548 3.299 4.503 5.761 7.087 12.148 11.080 9.542 18.951 12.195 18.692 10.784 13.431 10.451 9.416 8.970 9.162 10.499 9.488 9.134 7.255 6.993 6.072 7.056 7.619 8.459 7.318 6.472 6.614 6.901 8.361
7.872 6.059 4.406 3.877 3.065 2.399 2.199 1.856 2.013 1.803 1.415 1.551 1.517 1.410 1.155 0.934 0.837 0.808 0.687 0.549 0.000 0.548 0.730 1.201 1.561 1.790 1.584 1.996 2.072 2.344 2.386 2.180 2.333 2.824 2.828 2.973 2.821 2.841 3.424 3.302 3.500 3.236 3.425 3.310 2.772 2.700 3.054 2.763 2.365 2.610 2.840 2.501 2.563 2.090 2.019 1.992 2.054 1.974 1.991 1.880 1.902 1.907 2.536 3.378 4.460 5.678 7.805 12.053 13.781 11.931 12.342 13.218 15.335 13.805 13.108 13.532 11.924 11.887 9.644 12.194 10.604 12.028 7.656 7.876 6.492 7.457 8.077 9.017 8.438 7.477 7.417 7.674 8.847
7.559 5.354 3.702 3.079 2.077 1.562 1.266 1.121 1.349 1.335 1.119 1.361 1.442 1.380 1.243 1.107 0.838 0.852 0.866 0.609 0.518 0.000 0.530 0.795 1.089 1.176 0.950 1.142 1.259 1.457 1.557 1.610 1.819 2.100 2.029 1.947 1.825 1.806 2.085 2.172 2.262 2.117 2.327 2.246 1.877 2.014 2.236 2.016 1.846 2.116 2.334 2.069 2.280 2.077 1.850 1.745 1.571 1.414 1.283 1.129 1.236 1.484 2.177 3.013 4.490 5.884 7.996 12.201 14.453 10.069 19.915 11.490 12.268 12.725 12.359 13.311 12.308 10.662 7.960 9.235 8.674 9.810 8.043 6.838 6.044 6.439 7.305 8.476 7.784 6.581 6.653 6.774 8.126
7.404 5.276 3.482 2.914 1.865 1.382 1.138 0.910 1.063 0.991 0.878 1.187 1.329 1.421 1.213 1.096 0.859 0.931 1.038 0.790 0.714 0.508 0.000 0.511 0.677 0.914 0.772 1.042 1.133 1.340 1.452 1.419 1.665 1.917 1.831 1.794 1.638 1.735 1.946 1.972 1.972 1.861 2.041 2.046 1.639 1.717 1.978 1.774 1.580 1.796 1.996 1.802 2.043 1.863 1.721 1.526 1.390 1.252 1.249 1.107 1.194 1.318 2.115 2.842 4.067 5.737 7.907 12.865 14.553 11.001 20.549 12.057 17.266 15.496 15.081 13.113 12.803 10.713 10.016 9.137 7.920 11.594 7.114 6.055 6.308 7.003 6.986 7.456 7.491 6.145 6.624 6.967 7.950
7.659 5.447 3.705 3.073 1.883 1.376 1.073 0.798 0.865 0.936 1.025 1.441 1.658 1.865 1.674 1.489 1.184 1.239 1.411 1.147 1.006 0.751 0.520 0.000 0.500 0.691 0.688 1.022 1.220 1.507 1.611 1.632 1.858 2.196 2.164 2.086 1.874 1.918 2.142 2.182 2.158 2.027 2.201 2.325 1.839 1.984 2.269 2.144 1.898 2.213 2.462 2.212 2.458 2.253 1.987 1.823 1.586 1.450 1.410 1.193 1.227 1.308 2.217 3.024 4.450 6.039 8.230 10.490 11.372 12.204 16.265 12.310 15.233 16.138 14.207 11.789 12.063 10.019 8.840 9.143 7.378 10.249 7.283 7.181 6.645 6.633 7.811 8.090 7.762 6.343 6.721 6.657 8.507
7.410 5.291 3.473 2.639 1.688 1.161 0.957 0.702 0.751 0.801 0.915 1.261 1.489 1.732 1.517 1.459 1.193 1.233 1.427 1.317 1.208 1.008 0.740 0.512 0.000 0.538 0.613 0.897 1.092 1.370 1.584 1.640 1.881 2.131 2.049 1.916 1.692 1.733 1.820 1.892 1.867 1.784 1.920 2.005 1.681 1.800 2.067 1.998 1.837 2.066 2.268 2.155 2.377 2.240 2.136 1.992 1.874 1.600 1.452 1.206 1.207 1.302 2.106 2.947 4.225 5.406 7.939 11.978 12.959 13.237 13.893 13.807 12.759 14.312 16.387 14.300 12.427 11.948 11.151 9.732 8.585 9.110 6.102 6.452 6.188 6.944 6.791 9.245 7.620 6.094 6.514 6.983 8.436
7.086 5.165 3.348 2.580 1.824 1.304 0.957 0.788 0.851 0.908 1.064 1.412 1.633 1.991 1.770 1.849 1.497 1.540 1.905 1.746 1.706 1.384 0.981 0.730 0.526 0.000 0.543 0.716 1.020 1.275 1.658 1.885 2.159 2.441 2.307 2.022 1.864 1.605 1.895 2.118 2.244 2.213 2.500 2.511 2.043 2.229 2.664 2.448 2.315 2.542 2.897 2.641 3.153 3.008 2.758 2.382 2.111 1.742 1.544 1.112 0.969 1.184 2.024 3.029 4.250 5.814 7.503 11.604 12.093 12.795 12.746 13.145 14.016 15.456 14.174 14.375 12.507 10.198 11.990 10.879 8.059 8.776 7.731 7.373 6.036 6.780 6.676 8.284 7.881 6.934 6.683 7.513 8.471
7.374 5.296 3.170 2.456 1.479 0.861 0.742 0.812 0.841 0.954 1.040 1.324 1.543 1.766 1.554 1.499 1.287 1.310 1.534 1.374 1.338 1.110 0.865 0.684 0.630 0.515 0.000 0.507 0.650 0.869 1.088 1.227 1.501 1.611 1.589 1.260 1.140 1.105 1.298 1.366 1.438 1.471 1.549 1.555 1.340 1.446 1.678 1.564 1.475 1.770 1.969 1.883 2.185 2.185 2.025 1.720 1.570 1.188 1.088 0.837 0.865 1.036 1.935 2.785 3.949 5.685 7.103 11.389 10.857 9.743 11.994 9.885 14.138 15.898 13.935 13.627 11.963 11.010 10.025 10.893 8.014 10.419 8.381 7.267 7.216 8.003 7.061 8.209 7.729 6.915 6.398 7.304 8.585
7.716 5.487 3.413 2.542 1.551 0.929 0.795 0.841 1.099 1.240 1.340 1.764 1.910 2.191 1.815 1.735 1.493 1.657 1.819 1.630 1.628 1.328 1.035 0.912 0.875 0.717 0.508 0.000 0.509 0.635 0.781 0.929 1.161 1.313 1.150 1.038 0.931 1.039 1.299 1.361 1.427 1.414 1.485 1.393 1.167 1.338 1.461 1.299 1.322 1.568 1.658 1.602 1.956 1.999 1.768 1.586 1.256 0.992 0.882 0.717 0.735 0.937 1.818 2.789 4.294 6.165 8.063 11.848 13.274 13.651 13.884 10.860 13.702 14.569 14.139 13.330 12.086 11.210 10.405 11.253 9.255 10.433 8.507 7.823 7.152 7.476 6.774 7.890 8.485 7.599 7.822 8.061 9.065
7.258 5.256 3.097 2.460 1.424 0.731 0.785 0.727 0.945 1.045 1.076 1.392 1.515 1.746 1.460 1.341 1.156 1.280 1.428 1.322 1.352 1.114 0.911 0.920 0.887 0.829 0.607 0.496 0.000 0.495 0.553 0.673 0.871 0.982 0.863 0.711 0.667 0.779 0.972 0.990 1.076 1.169 1.188 1.110 0.923 1.063 1.124 1.011 1.007 1.206 1.301 1.248 1.480 1.444 1.331 1.106 0.996 0.725 0.711 0.683 0.743 1.073 1.970 2.662 4.165 6.362 7.048 12.097 12.030 11.328 12.911 7.471 15.068 15.089 15.129 12.373 12.461 11.362 10.872 11.421 9.388 9.158 8.150 7.469 7.294 8.548 5.375 7.006 7.180 6.846 6.508 7.072 8.375
7.304 5.200 3.186 2.277 1.504 0.943 0.904 0.883 1.091 1.146 1.189 1.449 1.657 1.876 1.526 1.430 1.300 1.310 1.508 1.361 1.383 1.191 0.942 1.022 1.014 0.945 0.761 0.611 0.493 0.000 0.497 0.612 0.829 0.923 0.726 0.615 0.681 0.787 0.955 1.047 1.203 1.299 1.253 1.175 1.000 1.141 1.224 1.077 1.094 1.280 1.341 1.324 1.599 1.608 1.447 1.338 1.008 0.723 0.628 0.640 0.749 1.081 1.902 2.760 4.137 6.200 7.511 13.322 11.379 11.179 13.307 9.374 14.933 14.552 14.427 13.091 12.952 12.100 11.495 11.687 9.923 7.543 8.276 8.818 7.438 8.159 8.848 9.205 8.222 7.160 6.662 7.039 8.401
6.999 5.063 3.051 2.187 1.424 0.962 1.014 1.025 1.276 1.338 1.357 1.587 1.755 1.796 1.499 1.312 1.199 1.393 1.482 1.298 1.432 1.217 1.061 1.192 1.216 1.161 0.923 0.752 0.574 0.494 0.000 0.489 0.572 0.727 0.613 0.577 0.630 0.749 0.925 0.940 1.073 1.131 1.164 1.006 0.856 0.983 1.021 0.803 0.850 1.016 1.057 0.923 1.176 1.134 1.031 0.837 0.690 0.592 0.650 0.794 0.820 1.174 1.899 2.694 3.928 6.265 7.976 14.888 11.785 12.158 11.995 8.725 13.063 13.337 12.830 10.112 11.472 9.886 9.696 9.059 9.454 7.405 7.416 6.775 6.225 7.133 6.095 8.204 7.558 6.860 6.327 6.837 8.305
7.439 5.305 3.216 2.532 1.517 1.025 1.065 1.029 1.275 1.320 1.254 1.461 1.647 1.706 1.406 1.256 1.151 1.338 1.396 1.279 1.377 1.243 1.084 1.243 1.283 1.243 1.022 0.892 0.675 0.599 0.494 0.000 0.503 0.717 0.577 0.589 0.632 0.813 0.979 0.965 1.123 1.161 1.211 1.041 0.859 0.981 1.016 0.818 0.725 0.964 1.021 0.835 1.161 1.123 0.986 0.739 0.727 0.613 0.708 0.843 1.002 1.389 2.193 2.950 4.192 6.027 7.154 13.372 11.023 13.733 11.175 9.846 12.687 11.568 15.383 9.347 11.068 9.880 9.987 12.283 8.006 10.382 6.846 5.974 5.861 6.850 6.841 8.303 7.451 6.943 6.614 7.343 8.562
7.692 5.568 3.689 2.892 2.064 1.499 1.481 1.573 1.745 1.883 1.817 2.065 2.235 2.341 1.948 1.782 1.675 1.899 1.993 1.845 2.049 1.841 1.678 1.849 1.893 1.877 1.566 1.410 1.106 1.158 0.805 0.532 0.000 0.808 0.692 0.918 1.068 1.424 1.599 1.510 1.757 1.704 1.845 1.539 1.315 1.486 1.505 1.184 1.187 1.503 1.464 1.167 1.583 1.511 1.316 1.038 0.896 0.879 1.095 1.379 1.622 2.056 2.805 3.673 4.826 6.330 7.341 13.365 11.432 11.372 12.721 12.160 13.631 13.251 16.088 10.251 12.476 10.019 9.066 12.021 7.018 7.166 7.239 5.954 5.434 6.388 7.306 7.543 6.842 6.411 6.636 7.108 8.629
7.622 5.671 4.264 3.357 2.791 2.317 2.662 2.620 3.081 3.293 2.931 3.170 3.526 3.277 2.731 2.293 2.310 2.850 2.664 2.348 2.817 2.519 2.377 2.874 3.127 3.032 2.531 2.312 1.849 1.524 1.032 0.752 0.561 0.000 0.569 0.845 1.211 1.602 1.655 1.714 2.240 2.472 2.473 1.962 1.777 2.191 2.014 1.445 1.673 2.103 1.868 1.464 1.796 1.817 1.463 1.345 1.121 1.392 1.596 2.038 2.383 2.915 3.696 4.839 5.818 6.693 8.305 12.630 10.627 12.876 10.739 13.798 11.966 14.193 12.747 12.609 12.725 10.528 9.904 9.561 8.708 8.060 7.510 6.671 6.409 6.470 6.794 7.574 6.576 6.490 6.696 7.343 8.578
7.144 5.163 3.265 2.424 1.618 1.249 1.394 1.486 1.807 2.002 2.094 2.252 2.525 2.623 2.216 2.021 1.820 2.122 2.232 2.091 2.229 2.002 1.653 1.932 1.892 1.778 1.445 1.239 0.949 0.820 0.622 0.621 0.625 0.524 0.000 0.501 0.585 0.748 0.961 1.021 1.275 1.405 1.472 1.183 1.041 1.303 1.319 0.990 1.084 1.384 1.384 1.237 1.532 1.573 1.396 1.214 1.041 1.004 1.086 1.262 1.440 1.867 2.619 3.478 4.872 6.525 8.006 13.969 12.300 13.876 10.343 12.643 12.173 14.839 13.731 11.893 11.851 11.302 11.023 10.768 9.438 7.772 8.190 6.717 6.500 7.308 6.797 8.193 7.846 6.466 6.669 7.226 8.460
7.067 4.988 3.161 2.179 1.561 1.125 1.271 1.307 1.518 1.809 1.806 2.101 2.375 2.534 2.093 1.863 1.663 2.000 2.093 1.882 2.063 1.750 1.525 1.643 1.637 1.432 1.179 1.051 0.833 0.671 0.625 0.685 0.839 0.717 0.499 0.000 0.502 0.578 0.852 0.862 1.099 1.193 1.302 1.105 0.979 1.191 1.226 1.010 1.109 1.378 1.416 1.281 1.677 1.762 1.587 1.329 1.169 1.056 1.077 1.104 1.186 1.552 2.251 3.205 4.393 5.883 6.801 11.937 10.525 13.465 10.745 11.507 11.915 13.134 12.962 12.140 12.211 11.036 10.166 8.445 8.162 7.368 5.981 5.870 5.472 6.315 7.013 8.077 7.554 5.893 5.751 6.702 7.874
6.915 4.784 2.921 2.112 1.608 0.971 1.224 1.327 1.545 1.666 1.784 2.070 2.291 2.525 2.106 1.959 1.809 2.008 2.142 1.985 2.220 1.840 1.586 1.697 1.589 1.438 1.265 1.048 0.883 0.709 0.648 0.769 0.969 0.921 0.621 0.501 0.000 0.523 0.701 0.761 0.918 1.072 1.198 1.011 0.867 1.164 1.214 0.957 1.154 1.421 1.438 1.377 1.746 1.817 1.612 1.383 1.208 1.168 1.086 1.126 1.253 1.661 2.371 3.128 4.328 5.804 6.766 13.467 11.681 13.860 12.814 15.025 15.211 15.572 15.690 12.142 11.492 10.651 10.808 12.153 9.373 9.440 7.590 6.855 5.681 7.192 6.347 7.165 7.830 7.622 6.088 6.268 7.955
7.397 5.076 3.416 2.395 1.499 1.194 1.477 1.698 2.022 2.147 2.272 2.523 2.773 3.043 2.473 2.315 2.161 2.541 2.594 2.381 2.606 2.215 1.982 2.082 2.091 1.857 1.611 1.264 1.029 0.859 0.847 0.978 1.239 1.215 0.901 0.646 0.506 0.000 0.566 0.786 1.068 1.290 1.443 1.217 1.072 1.379 1.386 1.175 1.289 1.528 1.547 1.574 1.935 1.987 1.889 1.608 1.540 1.328 1.355 1.379 1.452 1.979 2.572 3.462 4.907 6.389 8.615 13.995 11.175 14.307 12.448 17.434 15.877 16.496 15.698 13.949 12.690 11.537 11.637 10.959 8.514 6.476 7.952 7.408 6.430 7.883 7.301 7.768 7.854 6.654 6.902 7.168 8.576
7.234 5.258 3.360 2.488 1.714 1.658 1.958 2.298 2.756 3.169 3.302 3.684 4.114 4.405 3.826 3.496 3.222 3.590 3.793 3.228 3.401 2.768 2.611 2.647 2.687 2.420 2.106 1.673 1.518 1.139 1.348 1.725 2.072 2.002 1.630 1.150 0.935 0.550 0.000 0.686 1.041 1.618 1.657 1.541 1.526 2.056 2.068 1.922 2.111 2.594 2.644 2.618 3.473 3.503 3.117 2.668 2.271 1.905 1.635 1.700 1.678 2.227 3.104 4.010 4.822 5.887 7.557 14.537 12.631 15.208 12.446 16.626 15.778 15.597 15.452 13.893 13.275 11.179 10.969 11.993 9.105 9.040 8.050 7.273 7.303 8.131 6.822 8.512 7.442 6.667 6.337 7.363 8.257
6.885 4.786 2.929 2.235 1.467 1.176 1.640 1.753 1.930 2.224 2.370 2.540 2.850 3.040 2.664 2.420 2.346 2.566 2.742 2.621 2.744 2.486 2.243 2.328 2.174 2.004 1.799 1.503 1.324 1.153 1.202 1.393 1.708 1.683 1.239 1.001 0.821 0.771 0.531 0.000 0.510 0.702 0.870 0.806 0.787 1.105 1.236 1.175 1.391 1.632 1.774 1.837 2.249 2.388 2.324 2.087 1.958 1.788 1.628 1.701 1.759 2.174 2.868 3.706 4.669 5.893 7.401 13.898 10.969 14.975 13.070 14.678 15.492 15.136 15.558 12.859 11.566 10.772 11.374 12.238 8.188 8.822 7.943 5.924 5.472 5.886 6.443 3.627 5.995 5.603 4.915 6.022 7.467
7.250 5.156 2.901 2.231 1.336 1.097 1.243 1.283 1.416 1.507 1.622 1.832 2.081 2.301 1.941 1.848 1.737 1.899 2.094 2.034 2.129 1.964 1.659 1.764 1.595 1.571 1.443 1.349 1.181 1.128 1.170 1.215 1.429 1.496 1.205 1.027 0.860 0.858 0.712 0.499 0.000 0.493 0.567 0.593 0.578 0.693 0.866 0.941 1.042 1.141 1.337 1.385 1.811 1.956 1.896 1.589 1.603 1.455 1.509 1.497 1.605 1.868 2.580 3.332 4.182 5.511 7.303 13.114 12.769 13.916 12.093 12.264 12.816 14.170 12.455 12.666 12.990 11.713 9.346 10.018 7.674 7.215 6.382 6.114 5.760 8.054 4.965 8.042 6.124 6.039 5.089 6.129 7.536
7.262 5.002 2.957 2.396 1.376 0.993 1.247 1.282 1.367 1.468 1.655 1.788 2.079 2.633 1.832 1.753 1.610 1.823 2.032 1.903 2.119 1.883 1.612 1.694 1.511 1.451 1.410 1.256 1.217 1.155 1.167 1.210 1.362 1.445 1.179 1.107 0.920 1.027 0.907 0.602 0.490 0.000 0.491 0.532 0.538 0.540 0.669 0.772 0.815 0.899 1.107 1.176 1.485 1.610 1.638 1.439 1.475 1.466 1.477 1.458 1.577 1.827 2.445 3.305 4.311 5.437 6.903 11.637 11.441 14.658 12.313 14.726 14.546 15.594 14.340 13.414 11.407 10.977 9.803 10.753 7.412 7.135 7.311 7.423 5.719 7.409 3.623 5.843 10.726 5.419 5.555 6.367 7.979
7.451 5.352 3.222 2.658 1.644 1.282 1.508 1.543 1.596 1.808 1.961 2.189 2.462 2.719 2.244 2.132 2.077 2.244 2.407 2.329 2.394 2.280 1.990 2.056 1.861 1.801 1.712 1.550 1.398 1.439 1.342 1.246 1.387 1.497 1.231 1.319 1.072 1.235 1.145 0.790 0.548 0.491 0.000 0.495 0.576 0.610 0.604 0.710 0.885 0.898 1.045 1.188 1.528 1.709 1.772 1.594 1.663 1.579 1.714 1.767 1.881 2.152 2.729 3.506 4.428 6.013 6.953 13.285 12.021 14.931 12.534 13.467 12.917 14.622 13.211 12.455 11.838 11.257 9.717 9.751 8.118 7.539 8.187 8.873 5.809 6.393 5.868 5.905 7.585 6.348 5.571 6.193 7.744
7.141 5.225 3.233 2.599 1.635 1.203 1.378 1.387 1.514 1.665 1.736 1.896 2.215 2.286 1.935 1.710 1.626 1.887 1.970 1.856 1.959 1.752 1.599 1.702 1.642 1.576 1.461 1.337 1.101 1.073 0.964 0.906 1.069 1.229 0.965 0.982 0.819 0.997 0.939 0.676 0.549 0.519 0.489 0.000 0.489 0.525 0.551 0.538 0.640 0.745 0.924 0.971 1.321 1.459 1.384 1.203 1.182 1.164 1.259 1.325 1.517 1.820 2.519 3.294 4.307 5.722 7.338 11.994 11.255 13.284 11.019 12.813 13.204 14.568 11.353 11.326 10.680 10.211 9.044 8.846 8.034 6.705 8.176 6.504 6.524 6.567 6.437 5.794 8.525 7.881 6.416 6.583 8.157
7.339 5.231 3.105 2.373 1.557 0.961 1.108 1.143 1.312 1.384 1.375 1.601 1.870 1.969 1.592 1.422 1.320 1.578 1.683 1.582 1.762 1.585 1.392 1.480 1.408 1.389 1.321 1.174 0.999 0.981 0.932 0.874 1.110 1.276 1.041 0.958 0.819 0.953 0.897 0.651 0.561 0.520 0.511 0.488 0.000 0.488 0.522 0.541 0.543 0.640 0.831 0.889 1.252 1.309 1.310 1.137 1.229 1.080 1.275 1.268 1.423 1.700 2.361 3.291 4.474 5.906 7.280 12.591 11.076 11.809 10.865 11.152 12.377 14.703 14.601 11.815 10.721 11.356 9.275 9.397 8.369 8.131 8.100 10.500 5.925 8.966 9.199 5.870 7.150 6.700 6.369 6.776 7.908
7.439 5.246 3.166 2.582 1.560 1.049 1.139 1.224 1.329 1.497 1.551 1.682 2.002 2.158 1.689 1.597 1.553 1.769 1.874 1.820 1.884 1.760 1.534 1.610 1.532 1.445 1.370 1.192 1.073 1.078 1.010 1.016 1.141 1.290 1.099 1.039 0.885 1.036 0.975 0.725 0.639 0.539 0.536 0.520 0.488 0.000 0.492 0.527 0.555 0.576 0.716 0.872 1.205 1.283 1.372 1.294 1.247 1.265 1.244 1.358 1.421 1.736 2.390 3.178 4.155 5.658 6.873 13.054 11.013 12.592 10.031 11.700 12.183 15.938 14.636 11.241 13.341 13.934 11.385 11.973 8.508 8.101 7.659 9.341 5.662 5.952 6.316 6.076 7.887 7.575 6.257 6.901 8.045
7.577 5.434 3.396 2.678 1.802 1.309 1.422 1.492 1.551 1.720 1.872 2.093 2.363 2.507 2.037 1.944 1.888 2.132 2.248 2.196 2.318 2.144 1.910 2.014 1.835 1.744 1.693 1.497 1.352 1.313 1.207 1.064 1.179 1.315 1.086 1.186 1.049 1.285 1.278 0.963 0.808 0.656 0.583 0.586 0.538 0.491 0.000 0.494 0.568 0.617 0.680 0.846 1.216 1.349 1.411 1.402 1.428 1.373 1.526 1.623 1.817 2.152 2.743 3.515 4.479 5.970 7.518 13.378 12.241 13.402 12.588 13.056 13.205 14.901 12.915 11.053 11.593 11.233 10.861 12.128 9.361 8.062 8.776 6.598 7.548 6.797 6.731 6.568 8.491 8.050 6.098 6.558 7.790
7.126 5.169 3.235 2.555 1.749 1.213 1.281 1.269 1.388 1.492 1.522 1.701 1.953 1.988 1.663 1.469 1.364 1.652 1.699 1.574 1.751 1.574 1.353 1.593 1.528 1.541 1.331 1.275 1.000 1.039 0.903 0.743 0.998 1.148 0.913 1.002 0.870 1.092 1.109 0.866 0.765 0.718 0.611 0.547 0.519 0.504 0.489 0.000 0.489 0.535 0.632 0.659 1.093 1.158 1.128 1.071 1.080 1.048 1.176 1.300 1.408 1.778 2.468 3.284 4.381 5.710 6.689 12.841 10.489 10.865 9.261 9.609 10.432 13.507 11.644 10.516 10.393 10.291 9.083 10.535 9.760 6.778 8.245 6.309 6.131 7.282 6.948 7.637 6.875 7.434 6.289 6.564 7.930
7.504 5.351 3.290 2.525 1.572 1.152 1.223 1.144 1.337 1.457 1.405 1.669 1.830 1.893 1.580 1.413 1.349 1.553 1.642 1.587 1.744 1.593 1.417 1.538 1.492 1.469 1.346 1.202 1.004 1.038 0.921 0.803 0.989 1.144 0.952 0.952 0.888 1.095 1.106 0.876 0.822 0.774 0.722 0.621 0.543 0.545 0.519 0.489 0.000 0.494 0.618 0.665 1.108 1.124 1.165 1.003 1.076 1.107 1.150 1.210 1.421 1.742 2.524 3.305 4.686 6.198 7.624 12.617 11.961 11.525 13.206 10.927 14.820 14.353 13.222 12.110 12.567 12.732 10.760 11.203 10.438 8.792 8.820 7.371 6.489 8.456 6.926 7.750 7.705 7.349 6.651 6.848 8.166
7.502 5.410 3.511 2.804 1.788 1.256 1.405 1.426 1.642 1.781 1.883 2.086 2.399 2.520 2.045 1.926 1.865 2.170 2.264 2.211 2.327 2.069 1.827 1.893 1.816 1.763 1.641 1.425 1.194 1.306 1.203 1.050 1.275 1.498 1.255 1.367 1.105 1.372 1.486 1.186 1.130 1.044 0.953 0.877 0.672 0.630 0.605 0.580 0.496 0.000 0.520 0.706 1.184 1.325 1.398 1.342 1.369 1.283 1.437 1.515 1.659 1.997 2.567 3.344 4.443 5.967 7.930 13.245 12.511 14.820 12.386 15.023 15.766 16.971 15.451 12.942 15.153 13.351 11.948 14.616 10.146 8.920 8.919 7.174 6.136 6.990 6.654 8.033 6.614 5.911 6.435 6.689 8.110
8.034 6.311 4.480 3.813 2.785 2.256 2.311 2.288 2.472 2.594 2.810 2.966 3.449 3.574 2.977 2.864 2.732 3.286 3.496 3.491 3.777 3.416 2.882 3.303 2.955 3.015 2.880 2.661 2.328 2.383 2.094 1.570 1.637 1.970 1.817 2.146 1.974 2.453 2.542 2.083 1.811 1.537 1.379 1.418 1.174 0.882 0.878 0.921 0.769 0.545 0.000 0.634 1.231 1.594 1.696 1.562 1.941 2.152 2.592 2.763 3.072 3.467 4.087 5.043 5.970 7.354 8.951 13.336 12.000 14.437 13.227 14.395 15.979 15.432 15.314 11.180 12.504 9.958 10.705 11.532 9.924 7.617 7.786 5.922 6.767 6.889 7.461 7.763 7.204 6.321 6.407 7.018 8.339
8.610 6.913 5.095 4.333 3.450 2.873 3.095 3.002 3.349 3.453 3.282 3.731 3.823 3.949 3.199 2.873 2.893 3.328 3.348 2.958 3.464 3.084 2.944 3.389 3.444 3.445 2.962 2.946 2.539 2.665 2.158 1.673 1.558 2.101 2.065 2.347 2.331 2.858 3.010 2.601 2.664 2.592 2.062 2.049 1.896 1.721 1.380 1.237 1.094 0.950 0.552 0.000 0.953 1.454 1.518 1.346 1.756 2.219 2.437 2.798 3.150 3.646 4.419 5.313 6.468 7.916 8.882 12.062 12.192 12.585 12.381 13.637 12.828 14.860 17.141 12.082 13.732 11.925 13.289 11.998 10.673 9.791 8.699 7.702 7.886 8.121 8.244 8.196 7.752 7.046 7.416 8.059 9.437
8.871 7.262 5.964 5.144 4.356 3.672 4.098 4.146 4.718 4.769 4.625 4.464 4.602 4.538 3.701 2.999 3.293 3.982 3.658 3.602 4.327 4.304 3.991 4.531 4.967 5.020 4.404 3.882 3.252 3.042 2.623 2.003 2.006 2.601 2.129 2.559 2.509 3.279 3.421 2.721 3.153 3.523 3.033 2.297 2.351 2.518 1.906 1.505 1.652 1.676 1.148 0.777 0.000 0.574 1.039 1.505 2.101 2.646 3.094 3.579 4.219 4.999 5.702 6.812 7.833 9.139 10.957 12.558 12.720 14.082 12.358 14.797 14.036 14.665 17.533 11.515 12.904 9.353 10.101 14.240 10.171 9.613 8.542 8.634 7.575 7.737 9.003 8.161 8.523 8.092 8.044 8.617 9.872
8.932 7.010 5.819 5.095 4.390 3.709 3.745 3.478 3.919 3.690 3.394 3.234 3.475 3.179 2.556 2.085 2.313 2.654 2.518 2.281 2.645 2.657 2.654 3.288 3.659 3.946 3.525 3.391 2.955 3.042 2.627 2.002 1.834 2.496 2.463 2.980 2.916 3.482 3.971 3.569 3.622 3.392 3.148 2.955 2.657 2.550 2.185 1.912 1.726 1.765 1.409 1.098 0.551 0.000 0.594 1.060 1.534 1.931 2.532 2.853 3.522 3.844 4.588 5.391 6.241 7.618 9.061 13.893 12.534 11.461 11.430 15.763 12.777 13.622 13.264 10.667 13.686 10.401 10.540 12.357 9.448 7.920 8.413 8.777 7.923 8.699 9.225 9.885 9.565 8.097 7.867 8.268 9.491
7.922 6.095 4.505 3.782 2.918 2.303 2.299 2.322 2.564 2.526 2.277 2.455 2.613 2.413 1.915 1.677 1.703 2.082 1.970 1.849 2.094 1.959 1.830 2.216 2.478 2.528 2.056 1.998 1.721 1.675 1.462 1.174 1.146 1.587 1.664 1.863 1.888 2.170 2.557 2.386 2.610 2.465 2.432 2.262 1.908 1.959 1.901 1.585 1.391 1.574 1.536 1.107 0.891 0.531 0.000 0.548 0.805 1.007 1.401 1.651 1.987 2.432 3.020 3.907 5.122 6.602 8.080 13.417 12.544 13.457 13.232 17.363 19.635 11.965 11.014 12.283 11.242 9.542 9.722 13.899 7.860 7.033 7.956 8.238 7.426 7.596 8.349 9.163 9.182 7.544 7.379 7.754 8.895
7.499 5.693 3.899 3.183 2.224 1.695 1.685 1.617 1.892 1.911 1.629 1.885 2.053 2.027 1.587 1.350 1.315 1.545 1.559 1.428 1.581 1.490 1.341 1.561 1.753 1.732 1.456 1.387 1.172 1.163 0.993 0.829 0.872 1.252 1.273 1.358 1.445 1.641 1.886 1.784 1.975 1.883 1.880 1.683 1.446 1.481 1.470 1.271 1.053 1.222 1.219 0.946 0.931 0.729 0.512 0.000 0.515 0.654 0.900 1.074 1.323 1.690 2.366 3.247 4.246 6.405 7.854 13.611 12.795 12.531 14.479 15.059 22.050 16.446 14.553 11.919 11.581 9.783 9.770 16.366 7.653 8.324 6.541 6.136 7.320 7.568 7.484 7.456 7.685 6.769 6.996 7.684 9.208
7.593 5.443 3.645 2.796 1.830 1.262 1.292 1.263 1.545 1.629 1.458 1.748 1.934 1.910 1.554 1.370 1.239 1.461 1.472 1.322 1.444 1.291 1.187 1.333 1.490 1.393 1.166 1.019 0.881 0.847 0.733 0.633 0.649 0.957 0.925 1.027 1.036 1.212 1.431 1.376 1.553 1.564 1.603 1.402 1.192 1.291 1.302 1.106 1.034 1.238 1.215 0.973 1.086 0.965 0.739 0.500 0.000 0.507 0.656 0.829 1.041 1.397 2.112 2.951 4.275 5.923 8.365 14.302 13.894 16.000 20.009 15.447 17.741 13.404 12.680 9.088 15.144 11.998 6.799 13.066 7.632 8.650 8.514 6.550 6.603 6.602 6.748 8.133 8.161 6.872 6.661 7.242 8.719
7.379 5.478 3.514 2.599 1.680 1.148 1.175 1.168 1.336 1.357 1.293 1.555 1.724 1.814 1.452 1.266 1.113 1.321 1.388 1.274 1.331 1.199 1.013 1.168 1.217 1.213 1.001 0.898 0.683 0.709 0.605 0.614 0.685 0.981 0.876 0.875 0.952 1.077 1.196 1.223 1.230 1.291 1.323 1.204 1.037 1.103 1.171 1.014 0.924 1.120 1.180 1.032 1.193 1.090 0.886 0.629 0.498 0.000 0.504 0.613 0.872 1.233 2.008 2.741 3.930 7.038 7.826 13.990 15.832 18.686 20.951 18.618 16.380 17.902 16.313 13.298 14.988 11.768 10.914 12.204 10.458 7.823 8.486 6.353 6.923 7.498 7.597 8.278 8.122 7.099 6.922 7.751 8.759
7.220 5.227 3.363 2.525 1.658 1.181 1.242 1.149 1.433 1.516 1.533 1.803 2.055 2.108 1.742 1.564 1.355 1.590 1.650 1.427 1.481 1.205 1.088 1.255 1.347 1.243 0.953 0.799 0.625 0.650 0.634 0.670 0.849 1.067 0.978 0.953 0.977 1.101 1.276 1.289 1.429 1.408 1.488 1.389 1.130 1.243 1.306 1.122 1.070 1.286 1.365 1.190 1.439 1.413 1.196 0.886 0.669 0.505 0.000 0.516 0.691 1.087 1.894 2.813 4.313 7.290 9.056 18.565 14.719 15.962 16.606 13.401 17.450 14.730 13.756 13.860 13.663 11.999 11.646 10.377 11.036 8.718 8.691 6.501 7.487 7.072 7.902 9.248 7.898 6.901 6.905 7.260 8.338
7.251 5.273 3.401 2.628 1.804 1.266 1.259 1.264 1.603 1.724 1.920 2.130 2.405 2.485 2.080 1.832 1.622 1.877 1.985 1.756 1.852 1.418 1.125 1.366 1.444 1.266 0.894 0.753 0.754 0.761 0.829 0.917 1.042 1.276 1.216 1.178 1.183 1.282 1.574 1.584 1.710 1.723 1.843 1.696 1.385 1.593 1.698 1.402 1.378 1.662 1.691 1.416 1.723 1.713 1.360 1.131 0.861 0.673 0.518 0.000 0.509 0.891 1.678 2.668 3.633 5.555 6.686 16.417 16.745 16.879 17.775 15.485 14.885 15.225 15.818 14.558 13.550 11.998 11.237 12.335 9.479 10.941 7.838 7.919 6.706 7.057 7.305 8.239 8.036 6.871 6.985 7.280 8.662
7.883 5.600 3.746 2.675 2.181 1.550 1.591 1.669 2.115 2.324 2.298 2.811 3.168 3.336 2.811 2.619 2.214 2.671 2.795 2.458 2.545 1.938 1.533 1.513 1.732 1.489 0.971 0.792 0.841 0.937 1.193 1.354 1.579 1.798 1.705 1.592 1.578 1.641 1.964 2.075 2.222 2.219 2.334 2.210 1.837 1.990 2.135 1.866 1.827 2.155 2.192 1.954 2.421 2.364 2.193 1.754 1.609 1.128 0.953 0.540 0.000 0.560 1.336 2.358 4.072 6.767 6.859 19.429 12.016 13.751 15.575 14.523 17.057 16.820 15.494 15.628 14.238 12.441 12.372 10.813 10.764 8.832 9.419 7.430 7.799 7.475 8.429 10.237 9.472 7.469 7.624 8.178 9.123
9.275 6.860 5.039 4.265 4.031 3.394 3.315 3.466 4.180 4.371 4.489 5.755 6.019 6.864 6.180 5.870 4.894 5.188 5.741 5.120 4.711 3.444 3.362 2.425 2.848 2.542 1.487 1.899 2.463 2.333 2.712 3.522 3.879 3.762 3.978 3.193 3.535 3.405 4.247 4.873 5.353 5.474 5.851 5.301 4.517 5.539 5.708 5.066 4.978 6.109 6.119 5.473 6.466 6.756 5.780 4.983 3.901 2.870 2.238 1.544 0.619 0.000 0.970 2.174 3.679 4.663 6.753 12.419 12.696 16.773 15.602 19.334 19.160 18.278 17.835 16.199 15.305 13.279 13.126 14.642 11.485 12.517 10.618 9.410 8.877 9.388 10.116 10.568 11.055 9.266 8.705 9.084 10.350
11.466 10.047 8.633 8.412 8.417 7.300 6.193 5.884 7.524 8.366 8.096 10.182 10.843 11.562 10.508 8.349 7.703 9.030 9.877 8.431 8.332 6.478 4.531 5.208 5.925 4.717 3.343 4.153 5.232 7.008 7.794 7.051 8.147 10.253 10.410 10.550 9.269 9.414 10.783 11.420 12.229 11.463 12.358 11.644 9.780 10.053 11.255 9.844 8.418 10.274 10.895 9.141 10.182 9.858 8.996 7.530 7.067 5.104 5.507 3.497 2.443 0.908 0.000 1.771 4.055 6.115 7.144 13.077 14.447 17.524 16.960 20.059 18.829 18.179 18.329 16.459 15.525 14.677 14.621 14.814 12.585 12.010 11.544 11.365 10.817 11.524 12.504 13.438 14.248 13.393 13.094 12.917 13.541
12.799 11.173 9.342 7.772 8.402 7.661 7.153 8.588 11.017 14.157 15.024 17.922 19.307 19.810 18.770 18.151 16.888 18.419 18.476 17.513 16.903 13.473 11.956 9.269 9.674 6.467 6.034 5.360 7.574 9.329 11.246 12.821 15.519 14.947 14.325 12.811 10.855 10.513 11.295 11.133 11.575 10.844 13.164 12.934 11.428 12.556 14.053 13.841 13.899 15.745 16.541 16.517 18.278 19.071 18.303 16.881 15.302 13.065 10.981 7.716 5.559 3.578 1.360 0.000 1.506 4.899 6.787 11.873 12.770 16.648 17.714 20.272 20.120 21.337 21.280 21.504 21.809 21.032 19.721 19.616 18.485 16.722 15.113 12.561 11.722 10.891 11.960 13.050 13.815 13.186 12.251 12.368 13.781
13.518 12.115 10.860 10.473 10.986 11.205 10.064 10.933 11.009 13.405 14.191 16.705 17.720 18.715 17.973 17.562 16.588 16.921 17.874 17.831 15.839 14.099 11.693 9.556 9.567 7.639 7.719 8.182 12.278 13.703 16.389 16.760 16.632 16.501 15.789 15.526 14.996 15.038 14.611 14.381 14.249 14.054 15.465 15.305 14.864 15.030 16.132 15.660 15.549 16.464 17.199 16.504 18.154 17.971 18.237 18.514 18.182 16.369 13.870 10.550 7.348 4.643 3.148 1.703 0.000 0.967 3.079 4.610 6.747 9.689 11.777 14.509 16.208 17.292 16.804 18.333 18.689 18.523 16.850 16.267 16.283 15.030 14.162 12.531 12.133 11.984 12.326 13.049 13.734 13.479 12.896 12.777 13.707
14.327 14.003 13.281 11.939 13.226 14.363 12.801 14.041 12.513 14.325 14.405 16.824 17.559 18.634 17.840 17.886 16.467 17.079 18.356 18.117 16.771 15.928 13.992 14.152 11.467 11.013 11.513 12.086 14.318 15.564 18.241 18.565 18.119 18.419 18.521 19.289 16.987 17.582 17.187 17.161 16.401 15.676 17.484 17.496 15.876 16.683 18.646 17.292 17.500 18.405 19.679 17.419 19.612 19.226 20.616 19.647 22.578 17.575 17.226 14.206 10.053 5.895 3.730 3.188 0.874 0.000 0.947 2.111 4.042 5.416 8.085 10.371 12.177 13.085 13.701 14.598 15.200 15.943 14.945 13.811 14.134 13.644 13.119 12.502 12.136 11.921 12.063 12.475 13.221 13.097 12.990 13.350 13.895
13.559 12.925 12.774 11.744 13.384 13.985 12.372 12.503 12.786 13.096 13.523 14.376 15.487 16.529 15.483 16.358 14.780 15.917 16.735 16.051 14.749 13.380 13.343 12.295 11.644 10.892 12.220 12.540 13.801 13.662 15.454 18.214 19.213 19.075 18.854 19.272 16.798 15.599 16.618 16.373 15.261 15.415 15.434 16.640 15.647 14.581 15.990 16.871 17.112 15.722 17.992 17.920 18.330 18.284 19.231 20.423 16.062 16.091 13.993 15.905 12.005 6.957 3.725 3.620 2.645 0.694 0.000 0.747 1.487 2.450 3.529 4.284 5.992 6.902 7.700 8.882 9.659 10.407 9.224 8.694 9.829 9.915 9.412 10.208 10.514 10.868 10.714 11.344 10.438 11.224 12.027 12.078 12.537
12.604 12.435 11.819 12.813 12.480 13.355 11.636 12.206 10.153 11.495 11.459 12.611 13.881 14.622 14.465 16.131 11.484 14.392 15.933 13.387 14.535 16.223 15.037 13.588 9.728 9.680 14.659 13.949 16.723 17.209 17.034 16.570 19.090 20.671 19.800 20.836 16.021 14.984 15.403 16.074 14.200 11.932 13.849 16.019 13.513 12.329 17.165 16.593 16.253 16.440 17.773 18.304 17.574 18.723 19.788 16.620 17.000 18.375 17.113 19.912 12.509 6.618 4.750 3.801 2.737 1.584 0.582 0.000 0.606 0.931 1.324 1.690 2.123 2.479 3.024 3.806 4.451 5.233 4.264 3.924 4.891 5.271 4.729 4.644 5.704 6.485 6.690 6.008 6.892 8.078 9.157 9.202 9.865
12.759 12.046 11.227 10.741 11.953 12.174 11.549 10.759 9.878 10.574 9.420 11.882 12.755 14.848 13.519 13.837 11.598 12.130 14.549 14.397 14.476 14.967 13.096 12.245 9.804 10.011 13.347 12.279 15.761 15.965 16.608 16.145 16.451 17.538 19.459 16.472 13.267 13.806 15.924 15.920 14.239 13.560 14.411 15.269 14.060 14.535 16.351 16.975 15.839 16.452 17.573 17.758 17.890 19.038 15.849 17.097 19.621 22.199 18.400 20.355 8.042 7.332 5.489 4.708 3.063 1.782 1.011 0.538 0.000 0.536 0.833 1.151 1.520 1.812 2.084 2.891 3.849 4.196 3.222 2.523 2.938 3.362 3.715 3.867 5.272 5.667 6.368 6.019 6.505 7.965 8.675 9.167 10.201
12.961 12.468 11.448 11.164 13.360 14.184 12.735 11.536 9.500 10.007 9.680 11.093 11.099 13.670 12.998 11.905 10.470 12.608 14.864 14.697 13.724 11.558 12.751 11.790 9.070 10.566 12.001 11.137 15.274 15.285 15.594 21.742 21.609 20.652 19.850 18.229 15.307 13.147 14.658 16.123 13.231 12.159 13.804 16.065 13.668 13.324 18.264 17.713 13.496 16.085 19.565 17.525 16.382 17.411 16.770 21.006 21.679 24.943 18.784 17.260 11.624 8.400 6.097 4.527 3.483 2.385 1.470 0.881 0.534 0.000 0.530 0.742 0.975 1.317 1.633 2.166 2.804 3.072 2.133 1.600 1.756 1.907 2.124 2.179 2.972 4.463 4.747 4.959 5.425 6.652 8.143 8.183 9.166
12.985 12.050 10.803 11.039 12.704 12.366 11.656 11.889 8.787 9.637 11.810 10.438 13.013 14.211 12.351 14.166 13.502 13.781 15.770 13.871 11.689 13.837 15.171 10.889 9.523 9.927 11.850 12.502 14.643 13.507 15.246 17.551 20.354 18.567 17.993 17.222 13.446 12.796 14.898 15.858 12.679 10.859 12.756 15.605 10.948 14.007 19.086 15.837 13.184 21.027 18.700 15.783 15.436 16.458 20.832 16.285 15.630 21.001 15.849 17.416 9.912 8.144 6.007 4.441 3.360 2.325 1.375 0.992 0.689 0.508 0.000 0.515 0.661 0.931 1.149 1.672 2.359 2.523 1.771 1.513 1.508 1.912 1.676 1.999 3.108 4.016 4.218 4.815 6.108 6.542 7.819 8.247 9.120
13.015 12.073 10.946 11.473 13.085 13.700 12.257 12.020 8.537 8.973 10.654 9.511 11.044 11.918 9.918 16.473 12.224 11.746 13.987 10.196 14.705 10.525 11.749 10.194 8.834 8.621 11.925 14.047 14.066 11.660 15.261 20.873 19.954 19.826 17.288 17.024 12.449 14.454 12.584 14.009 11.838 12.319 12.622 15.046 12.499 14.140 18.615 14.268 13.709 16.050 17.668 20.107 18.038 18.554 20.437 26.080 18.823 20.220 11.549 14.959 10.706 7.720 5.751 4.169 3.697 2.632 1.668 1.203 0.939 0.703 0.505 0.000 0.509 0.699 0.975 1.463 2.186 2.303 1.466 1.264 1.227 1.412 1.535 1.597 2.094 3.016 3.495 3.625 4.591 5.911 7.165 7.387 8.914
13.360 12.764 11.844 12.047 12.220 13.412 11.873 12.768 9.357 9.332 11.134 9.281 9.967 11.667 10.384 11.005 12.481 12.475 13.351 12.832 12.294 11.037 10.073 11.127 9.592 9.888 12.026 12.966 16.474 13.311 15.417 17.896 19.348 18.106 17.430 18.498 15.573 14.985 14.596 13.935 12.001 12.191 12.113 15.205 11.302 12.052 16.750 13.452 13.847 15.269 15.439 13.204 17.378 14.835 20.302 23.979 19.644 19.120 17.040 15.910 12.793 9.299 6.656 4.911 4.123 2.954 1.877 1.454 1.166 0.865 0.696 0.505 0.000 0.520 0.804 1.377 2.044 2.254 1.628 1.203 1.488 1.716 1.668 1.929 2.762 3.217 3.735 4.270 6.132 6.830 8.258 8.697 9.781
13.511 12.536 11.489 10.877 11.873 12.014 11.829 11.491 8.299 9.370 10.146 9.069 11.977 12.938 12.007 10.151 11.290 12.730 13.354 8.971 12.747 12.966 11.048 10.762 8.935 8.897 11.097 11.651 12.454 13.485 14.633 16.422 19.489 18.427 16.972 16.206 15.883 15.466 13.491 15.180 13.307 12.982 13.107 14.850 14.383 13.186 16.709 14.651 12.751 13.366 15.628 17.150 16.680 17.045 19.311 20.448 18.876 18.047 11.063 14.907 11.189 8.875 7.081 5.397 4.556 3.753 2.736 2.125 1.746 1.409 1.121 0.861 0.538 0.000 0.539 1.013 1.769 2.093 1.458 1.431 1.583 1.897 2.218 2.402 3.263 4.084 5.093 5.013 6.146 7.159 8.084 8.529 9.601
14.448 14.204 13.253 13.167 13.221 14.717 12.348 12.054 10.071 10.461 10.653 11.187 12.361 14.395 12.242 12.692 11.013 12.573 16.299 14.575 14.428 14.116 12.688 12.473 10.806 10.407 12.666 12.853 14.754 16.462 16.563 21.004 19.166 21.680 21.354 19.202 17.538 16.826 16.314 16.219 14.609 14.342 13.897 16.895 14.838 14.567 17.782 20.710 14.719 16.097 20.312 17.233 15.387 18.673 18.612 20.546 16.491 17.789 15.825 14.565 12.939 11.031 9.878 8.541 7.345 6.159 4.637 3.524 2.985 2.295 1.807 1.317 0.930 0.547 0.000 0.638 1.434 1.967 1.583 1.501 2.358 2.893 3.105 4.004 5.049 6.093 7.003 7.876 9.035 8.572 9.784 9.651 10.807
16.278 15.445 14.023 13.600 13.398 14.441 12.070 12.529 10.254 11.377 11.373 13.025 12.827 13.598 12.055 11.721 13.994 13.740 13.071 14.434 13.133 14.226 13.381 12.208 11.364 12.132 12.805 13.138 16.672 16.064 18.311 18.937 19.103 19.772 19.022 18.665 17.290 16.409 16.141 16.656 15.160 14.634 14.730 16.290 16.607 14.500 16.666 18.513 15.435 15.549 17.345 16.387 19.791 15.592 17.329 18.535 17.280 18.225 17.551 17.029 13.878 12.532 12.220 11.789 11.677 10.113 9.118 6.905 6.467 4.540 3.817 2.786 2.102 1.547 0.809 0.000 0.760 1.425 1.960 2.246 3.650 4.072 5.171 5.985 7.341 8.876 9.724 9.647 10.820 11.162 11.461 11.586 12.626
17.039 15.750 14.498 13.690 13.096 13.678 12.373 11.820 10.511 11.055 11.286 10.396 12.681 12.649 12.491 14.909 12.963 13.628 14.866 14.805 13.768 14.166 13.415 12.490 11.350 12.521 12.752 13.054 15.272 15.412 17.704 19.639 17.656 17.410 17.127 16.983 16.248 16.280 16.021 15.604 14.856 13.878 15.382 15.124 16.223 13.900 15.739 16.325 15.642 15.727 16.933 16.129 15.779 17.949 18.289 19.017 20.694 19.027 17.638 16.473 14.238 13.487 13.383 13.176 13.393 12.063 10.840 9.583 8.650 7.252 6.180 4.511 3.383 2.428 1.598 0.637 0.000 0.843 1.804 2.817 3.546 4.298 5.372 6.332 7.405 9.351 10.593 11.000 11.389 11.598 12.289 12.140 13.151
14.593 13.516 12.488 12.082 11.714 12.518 10.830 10.001 8.896 9.379 9.959 9.865 11.456 11.943 10.930 11.610 12.703 12.423 14.652 14.308 12.739 13.200 12.367 11.773 10.084 11.626 11.411 12.340 13.498 14.893 16.215 16.614 17.722 16.763 16.129 16.675 15.004 14.738 14.893 14.868 13.757 12.287 12.524 14.235 13.851 11.507 13.518 15.658 13.086 13.873 16.023 16.546 18.241 18.093 17.947 18.741 18.742 15.671 15.887 14.860 13.685 12.673 12.471 12.363 12.677 11.928 11.102 10.327 9.803 9.379 8.158 7.239 5.038 3.836 2.563 1.508 0.709 0.000 0.989 2.063 3.062 3.591 4.316 5.243 6.278 7.701 8.656 9.447 9.658 9.348 9.969 10.355 11.429
13.703 12.699 11.037 10.693 10.777 11.011 9.718 10.094 8.924 9.167 8.437 8.522 10.831 12.976 8.533 12.659 8.401 13.100 14.592 14.392 11.855 12.263 10.881 10.002 9.402 9.266 11.682 9.677 12.954 11.994 15.345 14.783 14.327 16.354 15.213 13.597 13.941 12.930 12.285 12.694 11.395 11.301 11.752 12.941 12.702 10.982 13.451 14.321 11.583 12.556 14.802 14.582 14.590 16.413 15.660 14.746 14.860 16.722 15.095 14.385 10.463 9.084 9.264 9.045 8.381 8.087 5.898 5.719 4.594 5.043 4.577 4.033 3.113 2.696 1.964 2.213 1.908 1.029 0.000 0.707 1.849 2.770 3.991 4.973 6.645 6.919 7.613 8.247 8.962 8.821 9.664 10.022 11.002
12.177 11.264 9.509 8.999 9.897 9.814 8.969 8.899 7.599 6.871 7.678 5.726 9.832 11.240 7.215 11.418 16.868 9.930 11.647 10.577 11.206 10.401 9.063 8.022 7.890 8.369 9.291 8.781 12.728 11.124 11.992 15.413 15.972 17.112 15.888 13.723 13.391 12.065 11.384 11.583 11.464 9.726 10.775 12.385 10.508 11.605 12.213 15.628 11.191 14.253 14.623 12.845 15.815 15.635 11.657 14.617 11.394 17.064 10.177 11.305 10.508 8.509 7.065 6.563 5.979 4.971 3.791 3.410 3.261 2.625 3.181 2.378 2.545 1.803 1.587 1.842 1.949 1.527 0.550 0.000 0.537 0.794 1.430 1.981 2.363 2.918 3.369 4.168 5.053 5.319 7.030 7.320 8.535
11.250 10.555 8.424 9.188 8.561 9.845 8.781 7.374 6.271 5.264 5.719 5.867 7.738 11.244 5.329 9.344 7.488 9.096 10.612 11.310 9.697 8.216 8.903 6.979 6.119 6.852 8.776 9.757 10.787 11.118 12.148 10.360 15.844 12.851 13.020 11.875 12.325 11.129 10.536 9.729 10.282 9.058 10.532 10.829 8.685 10.130 12.522 11.152 10.634 12.389 13.359 11.228 13.208 14.737 11.731 14.968 9.467 13.529 10.641 12.120 8.875 8.081 5.895 5.306 5.505 4.554 3.978 3.617 3.959 3.159 4.126 3.395 3.465 2.302 2.162 2.108 2.334 2.396 0.985 0.570 0.000 0.562 0.992 1.623 2.033 2.670 3.656 3.817 4.826 5.389 6.095 6.686 7.724
9.732 8.650 6.127 7.738 10.781 10.392 8.946 15.727 6.912 9.466 9.777 5.772 8.904 16.102 7.549 11.464 7.917 9.947 15.888 10.094 12.602 10.491 13.214 8.720 8.774 7.376 8.474 8.672 12.861 9.334 9.904 12.615 13.855 14.437 13.751 12.655 10.484 10.305 10.369 9.953 10.215 9.497 9.610 11.578 9.216 10.961 10.887 10.796 13.238 12.842 12.730 11.937 14.236 15.709 16.021 15.999 9.654 13.856 8.942 10.702 7.874 6.706 5.361 4.235 4.284 3.221 2.608 2.900 2.350 2.428 3.397 2.026 2.809 1.724 1.508 1.825 2.248 2.132 1.317 0.820 0.527 0.000 0.505 0.687 0.935 1.175 1.400 1.774 2.180 2.806 4.404 5.457 7.084
9.289 7.831 6.392 7.092 8.356 11.625 6.906 10.107 8.458 8.345 11.121 8.490 10.646 12.943 11.329 11.602 11.925 13.228 13.498 10.268 11.968 9.150 11.437 7.253 7.590 5.785 7.998 8.647 10.891 9.920 12.550 11.560 14.349 11.969 13.852 12.215 11.375 11.002 7.222 7.833 8.978 8.252 9.686 10.207 9.041 10.205 11.668 10.318 11.443 11.463 12.743 11.779 11.158 12.880 13.730 12.499 11.607 13.672 11.709 10.936 9.437 7.233 5.721 5.161 4.580 3.935 2.869 3.119 2.631 2.399 2.548 1.985 2.344 1.800 1.696 2.031 2.480 2.321 1.453 1.407 0.743 0.506 0.000 0.501 0.680 1.055 1.200 1.416 2.045 2.846 4.623 5.721 7.369
8.816 7.385 6.212 5.930 10.091 8.867 9.440 10.244 3.951 7.697 8.167 9.843 9.580 11.342 11.045 12.731 10.079 12.769 13.683 13.045 12.361 12.194 11.095 8.440 8.327 6.486 8.189 8.974 13.413 9.761 10.790 16.857 16.748 15.730 16.734 14.273 12.518 9.538 9.085 7.911 7.371 10.533 8.982 10.561 9.712 9.125 11.042 13.920 13.037 15.723 15.720 14.753 15.731 15.741 16.558 17.517 13.334 16.791 9.511 12.424 7.075 6.912 4.550 4.197 3.895 3.149 2.818 2.965 3.210 3.025 3.355 3.009 2.813 2.321 1.891 2.069 2.453 2.253 1.555 1.517 1.037 0.739 0.514 0.000 0.508 0.729 1.226 1.364 1.777 2.597 4.191 4.947 6.835
9.319 8.214 6.663 6.135 7.886 14.796 7.858 9.841 4.122 5.600 7.208 7.336 7.818 7.825 7.983 9.176 8.645 11.024 8.836 8.550 9.060 8.929 9.513 7.724 6.375 5.790 7.089 8.715 13.623 10.712 11.816 12.723 14.289 13.123 12.930 12.418 12.509 8.853 9.208 9.480 9.997 7.881 10.496 10.123 9.653 8.860 10.626 11.640 11.554 11.452 13.382 12.666 12.058 12.683 12.895 12.397 11.722 12.593 11.452 10.840 7.997 6.728 5.576 5.265 5.314 4.787 4.146 4.138 4.098 4.349 3.835 3.673 2.446 2.820 2.349 2.684 3.010 2.732 1.950 1.633 1.335 1.082 0.771 0.517 0.000 0.544 1.096 1.436 2.017 2.728 4.667 5.669 7.482
8.719 8.051 6.651 5.893 9.019 8.882 6.635 7.362 4.974 6.827 8.566 6.882 6.940 8.719 9.943 8.807 11.202 10.505 9.957 12.203 10.397 9.740 11.232 9.580 7.487 7.064 8.445 8.261 12.792 9.747 12.047 13.422 14.665 14.615 14.797 12.605 9.983 8.240 8.311 6.522 7.862 9.740 10.036 10.370 7.946 9.967 10.708 11.626 10.263 12.085 13.866 14.436 12.066 12.554 13.624 15.523 13.138 14.898 11.744 10.834 8.954 8.298 6.833 6.552 6.371 5.479 5.137 5.708 6.187 5.770 6.503 5.636 5.750 5.242 4.945 4.527 4.737 4.046 3.201 3.076 2.568 2.350 1.553 1.227 0.591 0.000 0.772 1.152 1.847 2.731 4.424 5.775 7.405
10.154 9.562 8.007 7.130 6.236 8.100 8.063 6.826 5.607 6.826 7.862 6.943 8.146 9.983 9.549 10.010 9.078 9.704 10.625 12.865 9.789 10.488 9.736 8.988 7.065 6.597 7.376 9.652 10.998 11.240 11.457 15.618 15.362 15.735 14.536 13.658 11.501 12.130 8.975 10.345 9.171 6.979 8.036 11.862 12.188 10.779 12.303 13.983 12.858 11.424 14.941 14.354 14.472 13.985 14.990 17.174 15.550 15.525 11.257 11.595 8.607 8.399 7.514 7.016 6.871 6.172 5.532 5.614 6.033 5.535 6.159 5.359 5.664 5.532 5.398 5.391 5.911 5.400 4.584 3.974 3.410 2.674 2.423 1.940 1.097 0.693 0.000 0.559 1.168 2.108 3.651 4.899 6.937
9.359 8.682 7.663 7.212 7.247 8.567 7.694 8.536 6.844 7.301 7.619 6.876 8.653 9.665 8.882 9.279 9.116 9.479 11.119 12.129 11.193 10.504 10.522 8.640 7.369 6.743 8.190 8.508 10.731 11.608 11.642 12.825 14.222 14.977 13.985 14.754 11.592 9.379 8.211 17.521 10.613 5.576 10.057 10.030 11.183 9.795 11.792 13.861 11.364 11.955 14.016 13.688 13.640 14.053 14.493 15.308 14.981 14.893 12.054 11.839 8.277 7.606 7.088 7.520 7.475 6.271 6.004 5.849 5.935 5.939 6.079 5.159 4.897 4.688 4.539 4.503 4.938 4.617 4.227 3.641 3.077 2.769 2.653 1.732 1.467 0.998 0.536 0.000 0.638 1.481 3.188 4.443 6.079
9.519 8.171 6.463 7.127 9.428 9.004 8.445 8.717 8.215 8.401 9.736 10.086 11.097 12.439 11.268 11.146 10.887 11.370 13.229 12.881 12.467 11.608 10.881 9.661 8.429 8.025 8.241 8.930 10.793 10.986 11.845 13.890 12.466 13.510 13.656 13.117 10.348 11.140 8.895 8.242 9.137 7.175 9.163 12.249 10.638 10.115 12.293 12.683 12.231 13.306 14.255 13.445 13.640 13.292 14.385 14.479 14.858 13.177 12.512 12.328 9.095 8.650 8.716 9.266 9.291 8.851 8.737 9.573 10.165 10.413 10.277 11.235 10.525 10.918 10.087 10.613 10.433 9.880 9.145 8.448 7.501 7.214 7.110 4.792 3.688 2.983 1.505 0.626 0.000 1.063 2.994 4.148 5.891
12.706 12.054 10.786 10.100 8.308 10.144 10.562 11.385 10.716 12.279 14.044 14.180 15.545 16.792 16.113 16.258 15.970 15.824 16.940 17.071 16.522 16.028 15.570 14.215 12.534 12.310 13.005 12.690 13.913 14.344 15.520 15.985 16.210 16.524 15.411 14.907 12.989 12.157 9.927 8.903 7.328 6.122 9.459 11.229 12.708 12.125 13.291 13.824 14.842 14.857 15.748 16.001 16.900 17.634 18.009 17.499 20.443 17.255 16.937 15.877 15.172 13.965 14.118 14.695 15.649 15.402 15.647 16.218 16.650 17.168 17.068 17.526 17.426 17.272 16.586 16.849 16.616 15.987 15.155 14.958 14.188 12.870 10.617 9.214 5.994 4.336 2.896 2.010 0.902 0.000 1.058 2.643 5.071
15.122 14.102 12.215 11.997 9.729 10.765 11.509 13.681 12.985 15.974 17.012 17.617 18.909 19.803 19.530 19.209 18.866 19.093 20.271 19.682 19.447 18.645 18.399 16.947 15.517 13.796 15.208 14.132 14.937 16.454 17.724 17.268 18.421 18.361 17.422 17.026 13.518 13.766 11.844 9.705 8.260 8.010 10.094 11.486 11.728 13.251 14.705 15.207 16.506 17.601 17.440 18.440 18.888 20.077 20.333 19.617 19.669 18.579 18.382 17.544 17.332 16.544 15.768 16.574 17.638 17.482 18.305 19.165 19.492 20.217 19.877 20.813 20.070 20.787 19.670 19.725 19.197 18.532 18.498 18.477 17.511 16.653 14.671 10.844 8.102 5.671 4.968 4.957 2.815 0.843 0.001 1.731 4.459
17.333 16.637 14.621 14.202 11.140 13.699 14.226 18.335 16.819 21.215 22.656 23.909 25.073 25.591 25.510 25.268 24.691 25.273 25.885 25.541 25.257 24.955 23.540 22.743 20.681 17.971 19.747 18.597 19.129 20.200 21.562 21.754 23.400 23.327 21.213 19.959 16.621 16.613 13.513 12.276 10.410 10.783 14.748 15.029 16.047 17.808 19.643 20.144 21.266 22.431 23.396 23.446 24.748 25.594 25.686 24.789 24.595 23.661 23.243 22.226 21.863 22.042 21.352 22.414 23.756 23.626 24.530 24.680 25.404 25.673 25.417 26.341 25.967 26.409 26.005 26.186 25.992 25.297 24.721 24.010 24.082 22.459 20.346 16.572 11.853 7.241 5.657 5.660 4.608 3.973 1.351 0.001 1.577
19.748 19.129 16.893 16.343 12.719 14.900 15.751 19.142 16.693 21.585 24.417 25.170 26.134 26.820 26.330 26.376 25.482 26.381 27.105 27.106 26.642 25.942 25.138 24.469 22.185 18.547 21.572 19.280 20.625 22.213 23.440 23.859 25.055 25.359 23.660 22.877 19.584 19.528 17.549 16.000 14.398 12.282 16.636 18.259 18.190 19.348 21.295 22.329 22.731 23.707 24.520 24.947 25.876 26.772 26.748 25.960 25.948 25.241 24.909 24.205 23.935 23.867 22.096 23.851 25.775 25.375 26.138 26.359 26.636 27.217 26.677 27.328 26.850 27.277 26.619 26.884 26.546 25.781 25.118 24.704 24.662 23.203 19.694 15.528 11.881 8.887 8.829 10.094 9.209 5.720 4.255 1.446 0.012
