83.024
89.224
91.409
92.141
92.745
93.138
93.146
91.611
86.092
75.070
74.887
76.370
82.145
88.369
90.992
90.378
91.653
92.043
92.282
92.154
90.681
88.682
82.026
82.586
84.000
89.485
93.538
93.836
95.239
95.804
96.013
95.902
95.436
95.387
95.277
95.495
94.878
93.913
92.338
90.190
89.775
92.497
92.223
93.799
94.285
95.400
94.623
94.965
95.112
95.449
94.896
94.546
93.357
91.469
92.380
92.292
93.450
93.603
92.083
91.129
91.593
91.680
92.492
91.975
92.500
91.462
93.243
94.152
95.139
94.688
94.725
94.621
92.718
90.617
93.720
94.790
95.220
93.987
93.977
95.756
95.940
95.884
95.589
95.600
96.009
95.277
94.761
94.798
94.647
92.254
89.263
83.711
67.915
