55.952
66.229
70.579
73.829
68.104
72.165
71.925
78.442
79.172
81.528
83.396
85.163
85.413
82.654
81.480
77.557
76.279
75.793
75.791
81.394
86.024
88.353
89.456
90.303
89.821
89.526
87.180
82.939
75.844
79.650
78.871
84.584
90.317
90.628
92.230
94.111
93.976
94.331
92.756
92.417
92.822
92.855
92.303
91.817
90.331
90.001
88.532
91.116
90.864
92.383
92.246
93.633
93.603
94.241
94.729
95.033
94.144
92.643
91.174
87.820
88.732
89.322
90.985
91.741
90.464
88.917
90.709
91.597
91.760
91.913
93.395
91.299
91.639
92.129
92.689
91.557
90.867
91.530
89.124
86.512
88.012
89.644
88.316
88.725
89.298
88.752
90.543
89.113
89.839
88.317
87.133
87.022
80.738
