83.025
86.716
89.027
86.444
88.728
90.111
91.474
89.970
88.677
89.817
89.458
90.309
91.442
93.096
90.987
89.920
91.259
89.208
86.814
85.881
82.675
86.887
87.337
90.298
90.328
92.061
92.654
91.598
89.669
92.230
91.694
89.832
88.842
86.556
88.181
88.250
87.315
90.031
91.708
90.509
90.743
92.417
92.284
91.991
91.128
91.240
88.805
84.619
86.904
90.320
90.574
92.193
91.847
90.871
88.989
85.080
80.500
61.747
55.559
49.832
56.978
66.657
75.305
83.290
85.954
88.197
89.398
89.496
90.010
88.952
83.861
78.073
76.877
87.622
87.876
85.451
84.007
83.333
81.400
77.575
72.930
72.853
70.365
62.695
58.447
50.006
46.520
41.149
41.544
37.350
33.862
32.945
30.116
