79.614
76.826
80.560
83.905
85.407
84.015
80.482
84.554
85.562
82.990
83.891
84.875
85.992
87.375
87.304
90.099
87.963
86.803
88.265
88.707
86.192
87.275
87.429
86.326
84.056
78.543
82.887
86.076
85.197
86.304
85.549
85.863
84.342
83.047
79.281
74.195
73.534
72.051
73.671
78.307
81.622
83.693
86.207
85.670
87.143
86.297
84.437
80.603
75.530
79.835
80.101
83.679
87.070
86.706
88.692
90.793
90.752
91.297
88.573
88.496
89.598
89.907
91.074
88.810
85.175
84.244
84.109
82.772
82.324
86.240
85.368
88.484
88.639
88.836
89.309
90.547
88.907
88.182
86.632
81.808
84.067
85.830
84.738
86.870
87.207
85.201
84.224
84.461
84.942
82.795
81.645
78.646
74.188
