87.181
89.274
88.975
87.274
82.808
79.715
81.466
89.597
93.697
94.100
95.418
95.716
96.050
95.739
95.030
95.035
94.946
95.140
94.209
92.986
91.088
88.038
87.060
90.831
91.679
93.697
94.154
95.484
94.543
95.189
94.942
95.554
95.032
94.115
93.050
90.931
92.292
92.353
93.713
93.490
92.212
91.676
92.051
92.250
93.351
92.300
92.600
91.237
93.307
94.113
95.345
94.803
94.897
94.960
93.156
91.401
94.075
94.923
95.309
94.034
93.973
95.823
95.911
95.943
95.869
95.875
96.225
95.717
95.365
95.251
95.278
93.278
92.176
91.725
88.767
90.451
91.624
93.121
93.478
94.829
93.642
93.248
91.372
88.624
80.481
74.574
67.526
67.429
66.362
66.847
66.682
70.674
74.525
