0.000 0.729 1.438 2.723 3.796 3.971 5.668 5.905 6.889 6.503 6.330 5.133 4.893 5.831 5.155 4.404 3.898 3.200 2.636 2.396 2.078 1.792 1.470 1.799 2.653 3.667 4.073 5.183 5.364 4.503 3.641 2.612 2.521 2.686 2.667 2.622 2.595 3.345 3.292 2.605 3.513 4.315 4.187 4.315 5.472 5.864 5.886 6.697 7.120 6.580 5.848 5.359 4.597 3.928 3.231 2.993 3.094 4.264 5.836 8.961 11.131 14.364 21.821 21.192 26.439 25.499 27.947 28.067 28.999 28.680 28.624 27.605 27.809 27.300 27.501 25.290 24.800 23.597 27.014 23.610 24.591 24.660 23.931 23.135 22.103 21.318 20.629 18.953 18.579 19.134 19.628 20.606 22.098
0.559 0.000 0.541 0.916 1.092 1.248 1.601 1.819 2.206 1.984 2.174 1.792 1.720 2.237 2.113 2.013 1.909 1.496 1.405 1.095 1.060 1.041 1.043 1.280 1.594 2.013 2.148 2.637 2.861 2.524 2.035 1.739 1.612 1.666 1.759 1.731 1.697 2.095 2.063 1.736 2.062 2.403 2.312 2.302 2.566 3.105 2.972 3.348 3.450 3.206 2.766 2.569 2.203 2.115 1.754 1.679 1.984 2.884 4.182 7.521 9.692 13.667 20.732 19.618 26.455 25.860 28.803 28.600 29.039 29.405 28.781 28.351 28.232 27.850 27.720 26.340 25.963 25.241 25.192 25.886 24.557 24.606 25.923 25.497 24.188 21.675 20.817 19.119 18.670 18.763 19.370 20.236 21.400
0.823 0.508 0.000 0.503 0.609 0.825 1.097 1.339 1.544 1.397 1.439 1.153 1.260 1.482 1.432 1.370 1.164 0.968 0.826 0.671 0.694 0.674 0.705 0.814 1.020 1.188 1.215 1.542 1.724 1.530 1.373 1.231 1.276 1.463 1.447 1.441 1.325 1.469 1.514 1.255 1.291 1.546 1.460 1.325 1.586 1.786 1.768 2.077 2.036 1.973 1.585 1.502 1.216 1.211 1.049 1.095 1.361 2.258 3.368 7.041 9.392 13.044 21.339 20.452 26.715 26.166 27.244 28.455 28.631 28.212 27.982 28.727 27.844 27.917 26.757 25.232 26.886 27.978 26.185 22.994 21.768 23.410 24.840 24.762 22.654 21.262 20.361 18.848 18.445 18.677 19.185 20.032 21.233
1.116 0.711 0.502 0.000 0.533 0.884 1.262 1.549 1.880 1.733 1.772 1.493 1.561 1.954 1.804 1.847 1.612 1.215 1.111 0.808 0.883 0.904 0.958 0.998 1.242 1.341 1.424 1.733 1.921 1.716 1.582 1.447 1.488 1.745 1.712 1.826 1.717 1.879 1.783 1.473 1.636 1.903 1.676 1.659 1.944 2.174 2.051 2.500 2.494 2.286 1.882 1.759 1.457 1.437 1.280 1.416 1.682 2.583 3.868 7.252 9.589 13.310 20.528 20.211 27.423 27.190 28.509 28.871 28.999 29.067 28.656 28.845 28.400 27.852 27.962 27.232 24.409 27.443 27.181 24.992 20.870 25.121 24.014 24.748 23.103 21.375 19.879 18.710 18.271 18.538 19.179 19.995 21.188
1.510 1.041 0.773 0.526 0.000 0.502 0.748 1.038 1.304 1.100 1.210 1.033 0.960 1.217 1.326 1.372 1.424 1.184 1.104 0.856 1.119 1.244 1.401 1.566 1.889 2.104 1.956 2.321 2.745 2.558 2.431 2.073 2.171 2.322 2.301 2.170 1.930 2.161 2.366 1.972 1.901 2.311 2.292 1.939 2.230 2.541 2.475 2.672 2.533 2.427 2.177 2.146 1.913 2.020 1.728 1.828 1.963 2.670 3.870 7.279 9.456 13.215 20.076 20.567 26.619 26.654 28.507 28.386 28.963 28.339 28.237 28.643 28.770 27.884 28.085 26.891 25.203 25.423 26.027 24.497 23.849 24.028 24.656 24.606 22.779 21.039 20.199 18.995 18.527 18.563 19.359 20.472 21.232
1.479 1.145 0.836 0.750 0.505 0.000 0.513 0.709 1.006 0.888 0.978 0.808 0.757 1.029 1.066 1.077 1.106 0.929 0.996 0.867 1.112 1.144 1.338 1.339 1.638 1.737 1.572 1.835 2.157 2.126 2.045 1.816 1.984 2.178 2.136 2.159 1.881 2.050 2.113 1.779 1.777 2.024 1.886 1.660 1.849 2.144 1.961 2.183 2.020 1.915 1.660 1.631 1.479 1.613 1.476 1.642 1.727 2.570 3.606 7.287 9.465 13.497 20.481 20.209 27.237 26.276 27.902 28.427 28.714 28.599 28.424 28.519 28.271 27.560 27.110 26.947 27.049 25.579 24.250 24.915 23.269 24.010 24.303 25.611 22.607 20.281 19.723 18.262 18.516 19.003 19.587 20.584 21.779
1.772 1.459 1.081 1.114 0.816 0.518 0.000 0.522 0.717 0.816 1.054 0.916 0.881 1.132 1.305 1.402 1.436 1.190 1.292 1.200 1.476 1.445 1.594 1.748 2.025 2.188 2.042 2.356 2.760 2.655 2.499 2.269 2.356 2.519 2.597 2.638 2.350 2.655 2.643 2.162 2.251 2.565 2.387 2.142 2.390 2.655 2.538 2.712 2.454 2.449 2.108 2.096 1.952 2.082 1.898 2.030 2.148 2.925 4.190 7.595 9.381 13.401 20.712 21.568 27.156 26.622 28.876 28.528 29.239 29.356 29.250 29.350 28.926 28.276 27.524 27.580 25.979 24.348 25.414 22.292 24.007 24.773 23.494 24.455 22.043 20.333 19.832 18.271 18.643 18.792 19.391 20.418 21.677
2.316 2.019 1.487 1.483 1.111 0.827 0.501 0.000 0.577 0.756 1.067 1.110 0.877 1.141 1.429 1.514 1.790 1.514 1.685 1.606 1.976 1.956 2.213 2.197 2.657 2.715 2.430 2.788 3.285 3.185 3.159 2.896 3.073 3.293 3.224 3.129 2.710 2.927 2.997 2.620 2.511 2.876 2.769 2.404 2.592 2.967 2.791 2.990 2.701 2.595 2.452 2.419 2.340 2.587 2.452 2.771 2.772 3.565 4.828 7.869 9.397 12.914 19.648 20.772 26.617 26.682 28.422 28.446 28.926 29.166 29.116 28.831 28.717 28.505 28.301 27.619 26.673 26.359 24.880 24.572 23.674 24.238 23.726 24.841 22.271 20.121 19.306 18.133 18.257 18.658 19.226 20.456 21.628
3.261 2.689 2.207 2.095 1.728 1.285 0.804 0.583 0.000 0.618 0.931 1.225 1.024 1.205 1.568 1.791 2.007 1.947 2.068 2.054 2.528 2.562 2.872 2.875 3.275 3.180 2.943 2.941 3.559 3.625 3.833 3.673 4.022 4.242 4.161 4.076 3.683 3.733 3.625 3.266 3.104 3.289 3.117 2.661 2.802 3.070 2.816 2.786 2.394 2.440 2.377 2.615 2.739 2.973 3.024 3.339 3.407 4.181 5.452 8.553 10.533 13.908 20.900 21.586 26.375 26.193 27.517 28.339 28.608 29.109 29.082 28.712 28.433 27.911 26.979 26.457 26.807 24.377 25.416 22.987 22.988 23.584 24.134 24.305 22.239 20.863 20.476 18.498 18.808 19.034 19.505 20.597 21.846
2.441 2.088 1.755 1.832 1.596 1.132 0.980 0.748 0.585 0.000 0.513 0.674 0.770 0.845 0.873 1.338 1.460 1.379 1.660 1.824 2.204 2.034 2.237 1.995 2.298 2.166 1.895 2.010 2.393 2.494 2.609 2.609 2.849 3.104 3.010 3.095 2.837 2.960 2.846 2.492 2.342 2.624 2.400 2.046 2.220 2.472 2.166 2.286 1.918 1.776 1.594 1.606 1.752 1.993 2.081 2.413 2.675 3.606 5.141 8.315 9.963 13.483 20.733 21.871 26.510 25.704 27.927 28.316 28.448 28.382 28.936 28.591 28.630 27.071 27.817 24.842 25.036 23.847 21.757 21.523 22.073 23.037 22.812 23.991 22.121 20.498 20.695 18.785 18.862 19.068 19.532 20.634 22.093
1.915 1.631 1.343 1.443 1.274 0.957 0.926 0.924 0.776 0.499 0.000 0.495 0.578 0.638 0.610 0.792 0.876 0.925 1.186 1.365 1.585 1.492 1.616 1.573 1.779 1.744 1.670 1.821 2.154 2.140 2.214 2.110 2.272 2.545 2.445 2.508 2.291 2.348 2.333 1.992 1.919 2.109 1.968 1.679 1.847 2.074 1.881 2.030 1.824 1.685 1.447 1.477 1.391 1.549 1.549 1.797 1.995 2.812 3.957 6.961 9.019 12.440 20.480 21.208 25.540 26.509 27.530 28.904 28.058 28.963 27.386 28.489 27.359 27.127 29.106 26.824 23.948 24.948 22.419 23.867 22.438 23.519 22.740 23.615 22.247 20.507 20.414 18.688 18.268 18.681 18.831 20.145 21.840
1.767 1.519 1.148 1.275 1.070 0.779 0.858 0.886 0.827 0.595 0.492 0.000 0.494 0.569 0.637 0.673 0.849 0.887 1.060 1.199 1.446 1.344 1.539 1.435 1.743 1.702 1.543 1.726 2.104 2.026 2.092 1.960 2.145 2.364 2.271 2.292 2.168 2.169 2.122 1.825 1.769 1.933 1.803 1.517 1.679 1.871 1.688 1.834 1.662 1.565 1.416 1.429 1.353 1.584 1.485 1.706 1.865 2.667 3.844 7.257 9.459 13.092 20.776 21.403 26.700 27.428 28.074 29.409 28.218 28.132 28.127 28.049 27.316 27.031 28.725 25.973 24.966 23.930 23.581 20.374 21.624 23.188 22.637 23.816 20.730 19.270 19.303 18.558 18.808 19.159 19.444 20.588 22.012
1.605 1.388 1.126 1.203 1.015 0.779 0.835 0.831 0.793 0.596 0.544 0.490 0.000 0.496 0.575 0.714 0.867 0.882 1.094 1.166 1.381 1.253 1.423 1.400 1.600 1.636 1.513 1.682 1.970 1.945 1.911 1.817 1.946 2.156 2.050 2.081 1.888 2.013 1.971 1.737 1.711 1.892 1.746 1.552 1.703 1.900 1.742 1.897 1.692 1.605 1.378 1.439 1.344 1.515 1.464 1.666 1.779 2.549 3.741 7.251 9.083 12.681 19.832 20.793 27.307 26.575 28.482 28.901 29.251 29.193 29.029 28.729 28.271 28.761 26.401 26.383 25.076 25.443 23.858 23.397 23.866 25.066 24.305 24.598 22.480 20.306 19.906 18.524 18.454 18.816 19.230 20.387 21.731
2.101 1.766 1.392 1.365 1.158 0.911 0.906 0.950 0.871 0.678 0.632 0.566 0.495 0.000 0.503 0.655 0.887 1.000 1.248 1.360 1.612 1.618 1.820 1.718 1.981 2.021 1.795 1.928 2.333 2.272 2.376 2.198 2.417 2.651 2.552 2.578 2.252 2.372 2.421 2.090 1.988 2.251 2.118 1.803 1.969 2.290 2.033 2.155 1.869 1.785 1.573 1.622 1.549 1.842 1.767 1.973 2.135 2.883 4.178 7.610 9.510 12.759 20.162 21.007 26.745 26.475 28.195 28.433 28.907 28.993 28.807 28.971 28.410 28.163 26.033 24.294 24.772 25.278 26.525 23.517 23.276 23.685 23.284 24.168 22.543 20.314 19.915 18.191 18.169 18.321 18.930 20.055 21.768
1.939 1.727 1.435 1.490 1.342 1.102 1.092 1.112 1.019 0.769 0.687 0.654 0.604 0.508 0.000 0.583 0.664 0.832 1.178 1.360 1.547 1.431 1.626 1.582 1.818 1.761 1.682 1.829 2.216 2.189 2.216 2.158 2.262 2.578 2.456 2.513 2.342 2.444 2.355 2.122 2.001 2.277 2.096 1.791 1.946 2.232 1.937 2.163 1.879 1.683 1.578 1.444 1.382 1.541 1.588 1.734 1.920 2.740 3.867 7.275 9.273 13.629 20.706 22.071 26.642 27.633 28.325 29.793 27.875 28.700 28.767 27.735 27.713 26.934 27.388 25.017 23.859 24.035 23.949 23.430 22.239 23.769 23.703 23.768 22.554 20.606 20.026 18.382 18.608 18.652 18.949 19.766 21.691
2.411 2.109 1.776 1.961 1.825 1.419 1.536 1.498 1.347 1.154 0.948 0.883 0.853 0.697 0.545 0.000 0.551 0.749 1.179 1.540 1.730 1.569 1.924 2.011 2.303 2.325 2.096 2.320 2.840 2.819 2.974 2.843 2.880 3.416 3.311 3.444 3.208 3.278 3.266 2.787 2.726 2.981 2.794 2.384 2.593 2.828 2.444 2.612 2.142 2.036 1.889 1.931 1.826 2.000 1.837 1.958 1.992 2.737 3.871 7.286 9.579 13.298 19.894 21.197 26.989 26.789 29.063 28.518 28.875 28.404 28.286 28.472 27.516 26.779 27.841 26.656 27.213 23.223 25.485 23.110 22.308 23.530 24.050 24.207 21.998 20.865 20.171 18.456 18.444 18.949 19.429 20.352 21.770
1.638 1.291 1.134 1.371 1.375 1.161 1.374 1.434 1.378 1.274 1.135 0.881 0.874 0.867 0.633 0.524 0.000 0.528 0.812 1.093 1.185 0.973 1.149 1.295 1.499 1.602 1.658 1.882 2.188 2.092 2.006 1.870 1.858 2.168 2.258 2.380 2.246 2.420 2.324 1.999 2.114 2.340 2.104 1.920 2.200 2.449 2.172 2.450 2.279 2.054 1.681 1.589 1.273 1.328 1.170 1.296 1.587 2.344 3.595 7.234 9.483 13.292 21.285 21.399 26.859 27.913 27.779 28.521 28.620 28.361 28.199 28.887 27.671 26.998 26.897 25.536 25.477 25.442 25.075 23.545 23.576 23.821 24.102 24.849 22.465 20.921 19.744 18.321 18.112 18.697 19.161 20.278 21.702
1.371 1.051 0.849 0.993 0.964 0.861 1.149 1.249 1.349 1.168 1.064 0.839 0.893 0.991 0.788 0.700 0.508 0.000 0.508 0.655 0.874 0.741 0.973 1.030 1.231 1.299 1.296 1.546 1.782 1.659 1.622 1.523 1.594 1.865 1.832 1.896 1.764 1.931 1.899 1.583 1.635 1.859 1.636 1.490 1.701 1.895 1.698 2.006 1.853 1.670 1.383 1.248 1.089 1.147 1.014 1.141 1.392 2.272 3.391 7.060 9.633 13.444 20.811 21.734 26.866 27.783 28.128 29.618 28.644 28.267 27.595 28.207 26.763 27.071 26.024 24.212 26.414 23.133 21.641 21.672 22.946 23.742 23.678 24.243 21.869 20.687 19.967 18.451 18.552 18.810 19.322 20.205 21.664
1.440 1.037 0.772 0.859 0.926 1.000 1.417 1.602 1.806 1.634 1.472 1.142 1.217 1.372 1.119 0.968 0.733 0.515 0.000 0.499 0.696 0.692 1.007 1.183 1.489 1.564 1.570 1.846 2.163 2.153 2.070 1.876 1.928 2.200 2.242 2.229 2.091 2.248 2.350 1.891 2.063 2.300 2.153 1.904 2.240 2.458 2.227 2.515 2.314 2.067 1.759 1.549 1.372 1.410 1.192 1.263 1.357 2.444 3.588 7.000 9.355 13.192 19.898 20.334 26.658 26.883 28.769 27.977 29.067 28.610 28.272 28.456 27.163 26.836 27.084 24.806 24.470 23.713 24.314 22.318 23.005 24.405 24.618 25.479 21.941 20.590 20.130 18.521 18.538 18.813 19.284 20.374 21.700
1.179 0.887 0.677 0.733 0.810 0.938 1.244 1.435 1.678 1.517 1.496 1.192 1.204 1.400 1.278 1.180 0.983 0.736 0.512 0.000 0.522 0.613 0.856 1.057 1.320 1.522 1.545 1.838 2.051 1.956 1.828 1.620 1.683 1.811 1.820 1.820 1.708 1.888 1.903 1.639 1.745 1.998 1.915 1.789 2.057 2.229 2.143 2.385 2.273 2.111 1.891 1.765 1.459 1.433 1.184 1.216 1.398 2.263 3.416 7.081 9.608 13.276 19.678 20.040 26.942 26.775 28.811 28.284 29.042 29.261 29.032 28.670 28.158 27.985 27.211 26.121 26.170 23.784 23.993 22.145 22.717 24.165 24.960 24.687 22.805 21.041 20.689 19.168 18.911 18.834 19.600 20.572 21.399
1.308 0.910 0.762 0.794 0.884 1.045 1.392 1.618 1.948 1.772 1.846 1.490 1.524 1.862 1.691 1.615 1.344 0.967 0.714 0.526 0.000 0.548 0.710 1.024 1.272 1.613 1.831 2.130 2.341 2.233 1.966 1.824 1.610 1.899 2.103 2.214 2.101 2.404 2.436 2.014 2.157 2.528 2.430 2.258 2.484 2.770 2.615 2.989 2.896 2.698 2.255 2.033 1.685 1.522 1.130 1.048 1.328 2.256 3.673 7.152 9.472 13.045 19.275 19.280 26.607 26.126 28.327 28.349 28.437 28.803 28.585 28.242 27.738 27.969 27.528 25.089 25.637 24.557 24.872 22.091 22.851 22.739 24.317 24.908 21.868 21.194 19.975 18.211 18.003 18.185 18.724 19.908 21.278
0.979 0.757 0.741 0.841 0.969 1.051 1.336 1.557 1.803 1.603 1.567 1.301 1.321 1.563 1.405 1.326 1.100 0.844 0.678 0.628 0.519 0.000 0.510 0.663 0.878 1.103 1.228 1.535 1.660 1.548 1.309 1.175 1.172 1.416 1.463 1.545 1.508 1.632 1.646 1.395 1.522 1.724 1.584 1.524 1.824 1.977 1.904 2.274 2.258 2.119 1.661 1.516 1.169 1.111 0.874 0.933 1.164 2.144 3.342 6.694 9.188 12.522 19.998 19.893 26.185 26.794 27.301 28.478 28.748 28.151 28.875 28.119 27.943 27.200 26.974 24.658 25.246 25.703 23.926 24.545 23.483 22.827 24.955 25.366 22.862 20.611 21.073 18.999 18.257 18.571 19.083 19.732 21.052
0.936 0.756 0.809 1.050 1.254 1.339 1.758 1.950 2.221 1.880 1.816 1.492 1.657 1.875 1.645 1.618 1.314 1.037 0.926 0.887 0.737 0.510 0.000 0.512 0.667 0.833 0.983 1.251 1.425 1.248 1.131 0.998 1.135 1.427 1.435 1.507 1.402 1.588 1.521 1.241 1.408 1.598 1.410 1.391 1.693 1.816 1.723 2.129 2.137 1.928 1.542 1.279 1.011 0.881 0.739 0.774 1.122 2.105 3.230 6.602 8.938 12.883 20.019 19.274 26.715 26.751 28.011 28.585 28.706 28.885 28.269 28.010 28.036 27.957 27.342 25.205 26.168 25.052 24.756 23.157 22.802 23.678 24.282 24.600 22.923 21.682 20.912 19.085 18.562 18.680 19.095 20.014 21.235
0.887 0.752 0.769 0.980 1.130 1.167 1.473 1.641 1.835 1.562 1.441 1.235 1.372 1.522 1.376 1.419 1.135 0.934 0.961 0.960 0.881 0.640 0.497 0.000 0.498 0.571 0.716 0.941 1.054 0.924 0.776 0.745 0.853 1.093 1.105 1.206 1.229 1.330 1.231 1.055 1.177 1.255 1.093 1.068 1.345 1.424 1.316 1.636 1.607 1.446 1.117 0.962 0.736 0.702 0.669 0.797 1.232 2.266 3.265 7.128 10.105 13.188 21.406 20.152 26.530 26.443 27.097 28.250 28.086 27.818 28.210 28.099 27.775 25.731 26.902 23.268 24.942 23.678 25.988 23.801 22.852 23.196 24.727 24.071 22.852 21.735 21.321 19.217 19.062 19.562 19.785 20.519 21.903
1.050 0.911 0.919 1.150 1.254 1.289 1.599 1.787 1.940 1.695 1.581 1.377 1.447 1.646 1.432 1.431 1.225 0.983 1.071 1.082 1.003 0.804 0.642 0.494 0.000 0.501 0.654 0.884 0.950 0.772 0.639 0.722 0.867 1.052 1.147 1.341 1.366 1.425 1.305 1.134 1.308 1.365 1.154 1.191 1.416 1.489 1.409 1.764 1.780 1.578 1.236 0.977 0.766 0.657 0.663 0.844 1.267 2.127 3.250 6.707 9.418 12.907 21.121 20.064 26.809 27.058 27.718 28.168 29.080 28.524 28.385 28.537 28.054 28.147 26.711 25.663 23.192 24.775 26.231 23.113 23.446 24.950 24.690 24.056 22.445 21.061 20.590 18.535 18.331 18.523 19.363 19.942 21.620
1.154 1.084 1.091 1.383 1.476 1.477 1.712 1.896 1.920 1.644 1.447 1.321 1.505 1.611 1.375 1.524 1.275 1.121 1.282 1.335 1.249 1.007 0.810 0.617 0.497 0.000 0.491 0.598 0.741 0.637 0.576 0.637 0.789 0.986 1.003 1.170 1.237 1.288 1.100 0.966 1.096 1.111 0.869 0.911 1.098 1.134 1.001 1.330 1.295 1.157 0.835 0.736 0.620 0.667 0.851 0.911 1.323 2.114 3.222 6.844 9.734 13.519 21.984 20.518 27.205 26.844 27.709 28.089 27.777 27.781 28.019 27.527 27.204 26.779 26.021 24.260 23.448 23.550 23.946 22.171 22.626 22.693 24.554 24.868 23.112 20.404 19.779 18.161 18.112 18.375 19.255 20.234 21.894
1.220 1.176 1.132 1.378 1.487 1.385 1.604 1.803 1.841 1.543 1.387 1.262 1.467 1.524 1.373 1.486 1.297 1.162 1.337 1.410 1.360 1.130 0.986 0.733 0.631 0.498 0.000 0.510 0.752 0.607 0.618 0.684 0.868 1.070 1.051 1.249 1.275 1.339 1.146 0.983 1.098 1.105 0.896 0.815 1.051 1.070 0.916 1.282 1.285 1.081 0.804 0.738 0.638 0.750 0.921 1.103 1.540 2.381 3.479 6.846 9.469 13.475 20.878 20.403 26.670 25.974 27.301 27.539 27.449 28.400 26.590 27.877 27.024 25.832 27.509 22.034 24.961 20.520 22.991 20.334 21.827 24.195 24.787 23.795 22.362 20.898 20.114 18.221 18.709 18.980 19.352 20.322 21.718
1.619 1.572 1.623 1.879 2.041 1.953 2.209 2.357 2.505 2.086 1.919 1.767 1.972 2.110 1.913 2.104 1.838 1.696 1.916 1.994 1.965 1.657 1.491 1.159 1.191 0.829 0.550 0.000 0.827 0.728 0.960 1.121 1.492 1.730 1.609 1.868 1.813 1.971 1.641 1.408 1.587 1.613 1.241 1.217 1.594 1.539 1.225 1.673 1.649 1.386 0.996 0.910 0.862 1.156 1.441 1.723 2.224 3.055 4.249 7.503 9.715 13.549 21.418 20.656 26.612 26.391 27.512 28.557 28.624 29.279 28.114 28.863 28.580 26.616 28.514 23.886 23.657 25.463 23.913 23.959 24.103 24.969 25.192 24.203 22.974 21.389 20.151 18.337 18.289 18.228 18.855 20.203 21.745
2.409 2.581 2.627 3.115 3.364 2.994 3.245 3.508 3.262 2.766 2.337 2.368 2.818 2.715 2.359 2.814 2.508 2.410 2.848 3.168 2.968 2.559 2.248 1.805 1.513 1.063 0.759 0.569 0.000 0.578 0.847 1.243 1.590 1.693 1.746 2.317 2.532 2.560 1.999 1.835 2.237 2.072 1.500 1.717 2.131 1.910 1.517 1.900 1.919 1.556 1.268 1.128 1.334 1.645 2.037 2.362 2.970 3.921 5.523 8.093 10.649 14.845 21.905 21.619 27.500 26.072 28.768 27.901 28.843 29.026 29.072 28.914 27.572 28.174 27.734 25.836 25.747 23.687 26.858 22.720 23.327 25.084 25.360 24.130 22.313 20.768 20.325 17.982 18.738 18.509 18.912 20.089 21.976
1.404 1.479 1.543 1.925 2.145 2.216 2.387 2.626 2.673 2.339 2.116 1.996 2.232 2.330 2.176 2.314 2.082 1.719 2.017 1.975 1.862 1.538 1.290 0.995 0.853 0.660 0.639 0.651 0.530 0.000 0.503 0.611 0.786 1.024 1.092 1.358 1.463 1.558 1.287 1.139 1.373 1.398 1.066 1.152 1.441 1.447 1.288 1.650 1.725 1.537 1.174 1.017 0.992 1.145 1.336 1.563 2.033 2.937 4.294 7.446 9.569 13.504 21.264 21.219 27.224 25.996 28.703 28.344 28.892 28.976 28.991 28.641 27.991 27.837 27.367 26.530 23.805 24.017 24.403 21.858 23.114 23.698 24.209 23.906 22.444 20.301 19.625 18.026 18.050 18.400 19.004 19.931 21.852
1.270 1.293 1.378 1.663 1.924 1.906 2.186 2.396 2.499 2.177 1.968 1.776 2.043 2.116 1.909 2.078 1.763 1.518 1.725 1.718 1.506 1.267 1.084 0.879 0.679 0.640 0.700 0.878 0.731 0.502 0.000 0.505 0.586 0.912 0.949 1.199 1.272 1.390 1.200 1.062 1.290 1.309 1.072 1.164 1.449 1.492 1.360 1.807 1.877 1.717 1.291 1.156 1.042 1.078 1.124 1.279 1.665 2.483 3.833 6.981 9.504 13.287 20.637 20.207 27.614 26.253 28.612 27.941 28.786 29.322 28.632 28.506 27.827 28.101 27.297 25.735 22.843 23.421 24.098 22.763 23.197 24.812 25.232 23.986 22.988 20.697 19.856 18.134 18.444 18.419 18.909 19.675 21.352
1.194 1.306 1.417 1.676 1.847 1.956 2.254 2.482 2.659 2.292 2.147 2.001 2.158 2.336 2.117 2.319 1.940 1.678 1.804 1.737 1.586 1.402 1.139 0.928 0.768 0.686 0.818 1.052 0.971 0.663 0.506 0.000 0.539 0.787 0.855 1.024 1.187 1.293 1.116 0.981 1.283 1.337 1.038 1.231 1.531 1.544 1.486 1.940 2.076 1.856 1.449 1.268 1.171 1.163 1.208 1.377 1.836 2.616 3.665 7.160 9.856 13.425 21.412 19.971 27.008 26.071 28.772 27.709 29.252 28.563 28.588 28.211 27.813 27.214 26.780 24.883 23.787 22.010 24.240 22.063 22.984 23.151 24.428 24.672 23.174 21.966 20.298 18.911 18.440 19.044 19.537 20.276 21.674
1.410 1.645 1.873 2.213 2.477 2.527 2.790 3.090 3.239 2.711 2.561 2.391 2.824 2.827 2.643 2.851 2.486 2.169 2.335 2.309 2.017 1.849 1.441 1.168 0.968 0.945 1.046 1.398 1.363 0.979 0.711 0.518 0.000 0.669 0.968 1.312 1.468 1.613 1.385 1.221 1.539 1.545 1.308 1.426 1.685 1.731 1.731 2.160 2.243 2.194 1.750 1.735 1.486 1.508 1.553 1.657 2.179 2.880 4.102 7.420 9.963 13.347 21.216 19.486 26.462 25.705 28.879 28.405 29.042 29.425 28.803 28.959 28.199 28.271 27.954 25.987 23.589 24.321 26.123 22.157 24.210 25.072 25.093 25.147 22.834 22.362 20.889 19.168 18.931 19.267 19.549 20.445 21.778
1.916 2.167 2.540 3.251 3.801 3.873 4.232 4.534 4.723 4.383 4.023 3.631 3.994 4.106 3.605 3.704 3.057 2.863 2.967 3.128 2.693 2.380 1.901 1.663 1.270 1.451 1.844 2.296 2.220 1.816 1.252 1.022 0.598 0.000 0.729 1.102 1.716 1.790 1.622 1.620 2.235 2.295 2.133 2.340 2.961 3.081 3.039 3.976 3.977 3.670 3.001 2.521 2.118 1.866 1.904 1.957 2.420 3.507 4.854 7.658 10.183 13.574 20.992 20.859 27.142 26.364 27.894 27.838 28.676 28.530 28.650 28.777 27.950 28.167 27.723 25.886 25.217 24.557 25.616 23.306 24.840 25.158 25.394 25.758 24.126 21.763 20.259 18.922 18.575 18.819 19.346 20.398 21.692
1.517 1.811 1.975 2.365 2.703 2.815 3.012 3.300 3.360 3.075 2.866 2.767 2.948 3.072 2.950 3.109 2.853 2.596 2.701 2.614 2.352 2.163 1.788 1.546 1.364 1.387 1.590 1.919 1.870 1.383 1.127 0.918 0.859 0.545 0.000 0.531 0.770 0.977 0.922 0.882 1.270 1.423 1.375 1.575 1.818 1.989 2.102 2.594 2.793 2.804 2.358 2.208 1.996 1.950 2.008 2.086 2.574 3.427 4.634 7.576 9.858 13.369 21.084 20.656 27.263 26.038 28.037 28.417 28.434 28.948 28.161 28.416 27.512 27.956 27.212 24.882 23.930 23.229 22.967 22.755 21.858 24.242 23.478 24.406 22.633 20.369 19.365 18.041 17.905 18.216 18.733 19.605 21.255
1.258 1.375 1.413 1.588 1.760 1.892 2.097 2.324 2.452 2.227 2.166 2.012 2.168 2.347 2.322 2.405 2.246 1.913 2.039 1.888 1.812 1.692 1.549 1.373 1.322 1.364 1.352 1.632 1.700 1.383 1.165 0.988 0.969 0.776 0.510 0.000 0.501 0.607 0.646 0.633 0.782 0.972 1.040 1.161 1.277 1.495 1.542 2.086 2.278 2.250 1.810 1.859 1.643 1.778 1.754 1.928 2.217 3.037 4.271 7.023 9.109 12.713 20.216 19.626 26.506 25.498 27.168 26.940 28.080 28.000 27.732 28.341 27.543 26.789 26.058 24.462 23.471 22.635 23.667 22.994 22.786 25.686 26.324 25.683 22.952 20.908 18.961 17.581 17.263 17.945 18.715 19.667 21.183
1.183 1.250 1.311 1.443 1.597 1.713 1.939 2.271 2.437 1.954 1.915 1.699 1.958 2.134 1.989 2.149 1.992 1.681 1.856 1.701 1.606 1.509 1.336 1.225 1.234 1.231 1.191 1.439 1.567 1.282 1.167 0.985 1.085 0.988 0.654 0.493 0.000 0.497 0.556 0.566 0.558 0.719 0.824 0.835 0.939 1.157 1.244 1.652 1.821 1.789 1.481 1.556 1.402 1.544 1.513 1.702 2.025 2.711 3.982 7.048 9.069 12.504 20.151 20.299 26.752 26.419 27.662 28.032 28.486 28.933 28.200 27.967 27.830 27.023 27.173 23.931 22.499 24.299 25.435 24.807 23.310 23.573 25.113 27.861 23.345 20.919 20.116 18.719 18.281 18.666 19.138 19.847 21.332
1.350 1.479 1.565 1.632 1.916 2.100 2.367 2.670 2.821 2.427 2.322 2.218 2.439 2.581 2.468 2.525 2.420 2.114 2.204 2.000 1.918 1.858 1.629 1.449 1.480 1.402 1.278 1.485 1.631 1.323 1.374 1.125 1.301 1.244 0.844 0.568 0.493 0.000 0.497 0.594 0.634 0.637 0.737 0.918 0.941 1.090 1.235 1.706 1.954 1.983 1.631 1.774 1.622 1.855 1.902 2.066 2.352 3.101 4.144 6.974 9.118 13.036 20.671 20.067 26.923 26.070 27.414 28.237 28.478 29.036 28.278 28.433 28.082 27.589 26.212 24.998 22.090 22.737 26.275 22.842 23.200 24.482 25.378 24.354 22.260 21.095 19.730 17.972 17.774 18.532 19.265 20.143 21.189
1.289 1.402 1.413 1.586 1.784 1.850 2.038 2.340 2.382 2.046 1.884 1.762 2.002 2.116 1.983 2.068 1.884 1.688 1.866 1.810 1.744 1.592 1.402 1.198 1.167 1.049 0.963 1.165 1.332 1.055 1.054 0.886 1.043 0.997 0.711 0.561 0.527 0.491 0.000 0.490 0.541 0.579 0.558 0.689 0.794 0.975 1.047 1.488 1.672 1.596 1.256 1.272 1.200 1.355 1.418 1.679 2.015 2.792 3.922 6.820 9.091 12.517 21.034 20.025 27.305 26.068 28.086 27.967 28.418 28.552 28.407 28.270 27.974 26.904 26.300 26.166 22.171 23.490 24.276 23.205 22.774 23.940 23.131 24.518 23.968 21.007 19.999 18.232 18.068 18.538 19.078 19.897 21.470
1.294 1.358 1.363 1.548 1.634 1.650 1.887 2.175 2.242 1.859 1.686 1.553 1.849 1.970 1.840 2.033 1.851 1.623 1.767 1.720 1.699 1.603 1.417 1.196 1.183 1.080 1.008 1.254 1.444 1.172 1.095 0.945 1.113 1.021 0.747 0.600 0.541 0.523 0.491 0.000 0.491 0.552 0.580 0.580 0.699 0.934 1.006 1.462 1.571 1.566 1.235 1.354 1.225 1.488 1.514 1.741 2.048 2.768 4.051 7.052 9.555 13.459 21.072 21.207 27.440 26.114 28.333 27.551 28.781 28.530 28.080 28.020 27.682 26.405 27.700 22.238 23.138 24.144 27.828 22.345 22.945 25.113 22.678 23.962 23.055 21.674 21.138 18.951 18.729 19.294 19.532 20.585 22.017
1.221 1.319 1.334 1.494 1.667 1.716 1.873 2.224 2.279 1.852 1.762 1.686 1.893 2.059 1.970 2.067 1.909 1.655 1.806 1.743 1.670 1.563 1.366 1.169 1.208 1.133 1.035 1.253 1.434 1.205 1.146 0.960 1.123 1.068 0.790 0.683 0.573 0.567 0.546 0.491 0.000 0.497 0.546 0.586 0.610 0.769 0.936 1.363 1.521 1.571 1.252 1.353 1.279 1.421 1.484 1.659 1.986 2.746 3.861 6.896 9.315 13.038 21.020 20.620 26.998 25.997 28.267 27.041 28.747 29.372 27.730 28.589 28.287 28.060 27.787 24.225 23.973 24.266 26.212 21.828 22.121 22.926 25.651 25.106 22.650 20.681 20.084 18.148 17.827 18.658 19.298 20.188 21.746
1.426 1.517 1.570 1.680 1.874 2.015 2.201 2.498 2.604 2.175 2.061 1.976 2.255 2.389 2.289 2.444 2.274 1.985 2.163 1.993 1.900 1.850 1.610 1.394 1.397 1.283 1.098 1.280 1.465 1.180 1.283 1.127 1.363 1.391 1.040 0.876 0.721 0.629 0.622 0.567 0.493 0.000 0.497 0.592 0.644 0.726 0.912 1.372 1.583 1.624 1.321 1.465 1.401 1.619 1.724 1.953 2.316 3.009 4.094 6.948 9.092 13.212 21.173 20.646 26.784 26.567 28.459 28.284 28.963 29.326 28.695 28.597 28.380 27.616 27.969 24.793 24.461 23.511 25.358 23.076 22.619 24.074 24.788 25.549 22.921 20.636 19.910 18.073 18.169 18.729 19.302 20.296 21.811
1.344 1.340 1.338 1.476 1.609 1.610 1.827 2.071 2.067 1.759 1.579 1.478 1.760 1.807 1.669 1.849 1.672 1.450 1.710 1.686 1.682 1.459 1.369 1.095 1.131 0.965 0.827 1.076 1.242 1.008 1.070 0.944 1.148 1.197 0.936 0.813 0.755 0.649 0.570 0.537 0.510 0.491 0.000 0.491 0.541 0.666 0.709 1.228 1.334 1.292 1.041 1.104 1.070 1.277 1.380 1.573 1.980 2.719 3.831 6.942 9.128 12.928 21.437 20.614 26.653 25.174 28.021 27.458 28.267 28.981 26.951 27.715 27.310 26.013 27.885 24.005 21.993 23.596 23.913 20.716 21.504 22.056 23.824 23.414 23.044 20.709 20.173 18.184 18.261 18.944 19.309 20.482 21.749
1.322 1.276 1.241 1.460 1.581 1.529 1.812 1.966 2.015 1.730 1.552 1.457 1.652 1.767 1.679 1.849 1.682 1.473 1.638 1.607 1.593 1.439 1.319 1.064 1.095 0.971 0.842 1.064 1.214 1.004 1.003 0.957 1.163 1.193 0.931 0.884 0.821 0.770 0.653 0.570 0.569 0.529 0.491 0.000 0.499 0.641 0.721 1.284 1.333 1.334 1.063 1.110 1.086 1.223 1.306 1.538 1.894 2.700 3.877 7.385 9.667 13.552 21.502 21.353 26.737 26.500 27.985 28.267 28.901 28.744 28.566 27.956 27.701 27.583 27.544 24.868 23.996 23.326 25.965 22.881 23.178 24.105 24.880 24.674 22.920 21.218 20.569 18.470 18.897 19.188 19.453 20.371 22.035
1.410 1.460 1.502 1.742 1.880 1.920 2.125 2.476 2.497 2.060 1.927 1.897 2.164 2.309 2.203 2.390 2.121 1.840 1.994 1.924 1.903 1.721 1.516 1.261 1.345 1.251 1.067 1.327 1.564 1.315 1.403 1.151 1.408 1.566 1.265 1.232 1.104 1.030 0.951 0.724 0.667 0.636 0.591 0.499 0.000 0.525 0.735 1.311 1.520 1.540 1.276 1.385 1.285 1.511 1.582 1.793 2.155 2.848 3.953 6.957 9.262 13.460 20.841 20.554 26.961 26.179 28.359 28.394 28.649 29.673 28.930 29.083 28.623 28.461 28.474 24.449 25.624 23.061 26.048 22.846 23.274 23.327 25.582 24.496 23.069 20.808 20.213 18.324 18.222 18.728 19.194 20.240 21.780
2.271 2.465 2.446 2.695 2.767 2.945 3.091 3.511 3.642 2.995 2.847 2.831 3.330 3.559 3.567 3.807 3.515 2.940 3.431 3.178 3.147 3.073 2.778 2.407 2.457 2.149 1.582 1.737 2.045 1.887 2.232 2.023 2.490 2.615 2.199 1.968 1.659 1.475 1.500 1.255 0.936 0.930 0.940 0.812 0.550 0.000 0.637 1.321 1.741 1.814 1.566 2.006 2.177 2.697 2.894 3.201 3.635 4.438 5.686 8.284 10.122 13.902 21.795 20.986 27.265 26.128 28.443 28.070 28.480 29.680 28.401 28.440 28.318 28.024 27.767 24.310 23.831 24.086 22.806 24.124 22.889 24.166 25.081 25.247 23.129 20.605 19.730 17.970 18.347 18.957 19.786 20.603 22.214
3.093 3.335 3.239 3.686 3.731 3.555 3.869 4.019 4.013 3.285 2.880 2.996 3.404 3.467 3.059 3.532 3.268 3.074 3.515 3.722 3.702 3.327 3.272 2.769 2.900 2.311 1.830 1.720 2.249 2.194 2.566 2.532 3.100 3.388 2.893 3.040 2.944 2.354 2.296 2.139 1.995 1.510 1.363 1.234 1.066 0.568 0.000 1.001 1.535 1.643 1.503 1.830 2.243 2.643 3.056 3.493 4.065 4.855 6.049 8.580 10.285 13.646 21.292 21.294 26.289 25.637 27.475 27.833 27.911 29.659 28.098 28.292 27.395 28.242 28.869 25.016 25.542 24.480 25.812 23.595 23.059 24.881 24.660 25.260 22.902 20.604 20.008 18.580 18.903 18.983 19.642 20.790 22.158
4.062 4.648 4.602 5.465 5.492 5.035 5.004 5.028 4.902 3.871 3.185 3.509 4.365 3.890 3.753 4.735 4.553 4.172 5.067 5.476 5.510 4.894 4.421 3.594 3.396 2.863 2.194 2.235 2.889 2.419 2.913 2.863 3.653 3.929 3.138 3.622 4.118 3.552 2.702 2.696 2.960 2.192 1.671 1.860 1.886 1.262 0.859 0.000 0.626 1.165 1.650 2.284 2.808 3.367 3.918 4.585 5.404 6.346 7.961 10.702 12.497 15.843 22.274 22.490 26.841 25.474 28.635 27.694 28.655 29.712 28.441 28.408 27.489 28.011 28.564 25.072 24.840 23.483 26.065 23.212 22.346 24.103 23.129 24.667 22.524 21.042 20.933 19.025 19.915 19.821 20.576 21.430 22.966
4.339 4.335 4.111 4.951 4.751 4.233 4.087 4.320 3.903 3.236 2.659 2.757 3.270 3.113 2.741 3.292 3.132 3.221 4.138 4.539 4.704 4.251 4.011 3.373 3.574 3.043 2.273 2.090 2.835 2.823 3.439 3.362 4.059 4.646 4.135 4.206 4.053 3.793 3.473 3.109 2.969 2.534 2.232 1.969 2.071 1.583 1.192 0.580 0.000 0.657 1.222 1.707 2.252 3.006 3.404 4.190 4.634 5.471 6.918 9.371 11.334 14.332 21.663 22.145 26.870 26.211 28.636 28.188 29.131 29.953 28.994 28.822 28.564 28.484 28.529 25.089 24.075 24.623 25.412 23.201 22.910 25.036 23.938 25.322 22.975 20.897 20.712 18.700 19.280 19.359 19.720 20.773 22.175
2.932 2.921 2.734 3.412 3.386 2.952 3.172 3.362 3.056 2.411 1.994 2.037 2.596 2.435 2.239 2.621 2.368 2.233 2.863 3.311 3.306 2.648 2.553 2.073 2.008 1.703 1.334 1.329 1.836 1.952 2.205 2.279 2.634 3.174 2.975 3.293 3.153 3.100 2.754 2.366 2.393 2.291 1.889 1.652 1.855 1.743 1.252 0.977 0.553 0.000 0.566 0.905 1.152 1.643 2.032 2.511 3.130 3.866 5.099 7.966 9.981 13.680 21.202 21.508 26.877 26.590 29.051 29.582 29.328 29.245 29.019 28.635 27.761 27.913 28.340 24.154 23.367 25.036 26.491 23.007 22.906 24.690 23.709 24.755 22.938 20.641 20.509 18.571 18.928 19.031 19.438 20.294 22.140
2.065 2.027 1.951 2.328 2.384 2.083 2.336 2.605 2.533 2.028 1.620 1.613 1.927 1.926 1.655 1.894 1.702 1.580 1.921 2.138 2.057 1.743 1.659 1.418 1.332 1.117 0.966 1.025 1.356 1.431 1.553 1.704 1.899 2.253 2.167 2.454 2.341 2.331 2.032 1.763 1.815 1.769 1.474 1.272 1.450 1.393 1.102 1.065 0.822 0.533 0.000 0.530 0.723 1.014 1.265 1.529 1.995 2.763 3.981 7.165 9.381 13.573 20.465 21.378 26.391 26.958 27.632 29.105 29.278 28.675 27.974 28.167 27.037 26.563 28.713 23.561 24.606 20.834 23.612 21.932 22.306 23.292 23.026 24.056 21.560 19.938 19.913 18.409 18.406 18.627 19.129 19.883 21.788
1.512 1.434 1.393 1.801 1.871 1.646 1.976 2.135 2.098 1.763 1.503 1.356 1.615 1.642 1.436 1.601 1.378 1.252 1.460 1.669 1.540 1.278 1.114 0.962 0.915 0.767 0.668 0.693 1.016 1.008 1.101 1.128 1.317 1.572 1.563 1.787 1.796 1.834 1.573 1.380 1.467 1.472 1.210 1.138 1.360 1.319 1.067 1.210 1.089 0.811 0.508 0.000 0.508 0.703 0.893 1.158 1.572 2.412 3.772 7.244 9.298 13.942 21.265 21.700 27.637 27.819 28.078 28.561 28.483 28.567 27.720 28.973 28.037 25.485 28.083 22.884 23.191 24.991 24.798 23.556 23.183 24.833 24.327 24.368 22.341 20.189 19.689 18.083 18.232 18.475 19.015 20.096 21.695
1.345 1.240 1.244 1.461 1.534 1.460 1.729 1.905 1.950 1.602 1.395 1.250 1.460 1.518 1.398 1.436 1.260 1.068 1.270 1.339 1.331 1.108 0.946 0.727 0.752 0.636 0.635 0.751 1.052 0.911 0.917 0.996 1.120 1.290 1.283 1.355 1.409 1.415 1.297 1.110 1.234 1.264 1.053 0.991 1.209 1.275 1.107 1.313 1.237 0.984 0.685 0.500 0.000 0.508 0.673 0.969 1.402 2.164 3.245 7.091 10.189 14.042 22.192 23.124 26.843 27.543 29.301 29.044 29.192 28.557 27.958 28.723 27.315 26.404 27.822 25.332 24.684 23.709 22.908 20.880 21.882 23.406 24.064 24.519 21.845 20.259 19.774 18.212 18.620 18.945 19.502 20.366 21.892
1.361 1.305 1.288 1.653 1.789 1.740 2.047 2.277 2.275 1.959 1.750 1.517 1.755 1.820 1.537 1.613 1.280 1.166 1.373 1.483 1.346 1.050 0.857 0.675 0.695 0.692 0.733 0.934 1.169 1.075 1.060 1.071 1.181 1.459 1.454 1.631 1.615 1.683 1.562 1.307 1.432 1.471 1.247 1.211 1.437 1.521 1.317 1.645 1.618 1.332 0.948 0.718 0.510 0.000 0.518 0.758 1.196 2.089 3.422 7.000 10.241 13.732 21.879 22.962 28.027 27.200 28.553 28.803 28.740 28.738 29.031 28.518 28.161 28.359 26.962 26.414 23.893 24.347 24.596 23.411 22.437 24.217 25.271 24.429 23.131 21.064 19.923 18.520 18.487 18.807 19.459 20.170 21.981
1.398 1.310 1.379 1.783 1.928 2.118 2.384 2.655 2.733 2.319 1.995 1.779 2.023 2.157 1.851 1.940 1.476 1.233 1.468 1.587 1.358 0.992 0.828 0.782 0.828 0.885 1.003 1.168 1.414 1.350 1.292 1.288 1.404 1.748 1.768 1.933 1.890 2.041 1.891 1.534 1.790 1.917 1.557 1.530 1.864 1.898 1.577 1.965 1.968 1.543 1.219 0.954 0.710 0.525 0.000 0.523 0.984 1.888 3.027 6.267 9.114 13.038 20.939 22.029 28.150 27.839 28.525 28.634 29.122 28.163 28.885 28.626 27.954 27.774 27.566 25.118 26.714 22.950 24.731 21.489 22.259 23.473 25.579 25.366 22.499 21.230 20.442 18.368 18.221 18.631 19.397 20.087 21.447
1.715 1.674 1.802 2.346 2.679 2.557 3.182 3.600 3.615 3.069 2.854 2.397 2.879 3.046 2.578 2.727 2.074 1.688 1.702 1.920 1.654 1.188 0.862 0.946 1.048 1.300 1.436 1.735 1.982 1.923 1.765 1.759 1.809 2.180 2.331 2.602 2.463 2.609 2.500 2.067 2.268 2.386 2.095 2.047 2.399 2.476 2.244 2.729 2.718 2.530 1.885 1.705 1.216 0.967 0.559 0.000 0.587 1.492 2.727 7.000 9.238 12.902 20.796 20.704 27.631 26.647 28.854 29.149 29.258 29.286 28.937 28.692 28.039 28.089 27.737 26.993 25.530 25.348 25.086 23.120 22.031 23.385 25.165 24.694 22.637 21.488 20.680 18.957 18.944 18.730 19.423 20.233 21.770
3.915 3.472 3.580 4.656 4.924 4.765 6.062 6.503 7.186 6.479 6.159 5.051 5.291 5.950 5.097 4.824 3.732 3.351 2.757 3.069 2.726 1.723 1.899 2.484 2.271 2.675 3.577 4.038 3.963 4.036 3.209 3.577 3.375 4.359 4.947 5.631 5.955 5.985 5.402 4.869 5.885 5.838 5.123 5.237 6.324 6.250 5.671 6.764 7.149 6.353 4.974 3.854 2.915 2.106 1.553 0.637 0.000 1.059 2.481 6.711 9.056 12.926 19.348 21.367 27.297 27.072 28.967 28.882 29.318 29.594 29.267 28.720 28.174 28.403 28.581 26.245 26.895 25.044 25.628 23.424 23.398 24.354 25.267 26.466 23.374 21.928 21.188 19.147 18.937 18.993 19.747 20.419 22.152
8.646 6.900 6.528 9.586 10.636 9.732 12.175 12.939 13.497 11.673 8.852 8.139 10.413 10.399 8.479 9.280 6.757 4.440 5.512 7.065 5.127 3.615 4.512 4.929 6.767 7.649 6.422 7.186 9.765 10.642 10.893 9.652 10.240 12.692 12.987 14.687 13.837 14.717 13.633 11.162 11.583 12.429 10.634 8.850 10.832 11.043 9.260 10.289 9.825 8.455 7.437 6.572 4.811 5.205 3.333 2.525 1.043 0.000 1.753 6.009 9.417 13.022 19.158 20.127 26.535 25.902 28.461 28.952 28.802 29.406 28.663 28.528 28.121 28.472 28.894 27.041 27.142 25.870 26.651 24.688 24.699 25.760 26.365 26.334 25.310 24.003 23.196 21.214 20.374 20.047 20.461 21.298 22.612
11.732 10.007 12.711 15.869 19.799 20.289 22.740 24.084 24.533 23.195 22.695 20.639 22.902 22.856 21.960 21.583 18.604 16.123 12.488 13.122 8.345 8.029 7.036 11.162 13.206 15.826 16.524 18.833 18.891 18.994 17.176 14.824 13.644 14.930 15.364 15.799 15.173 16.985 16.557 14.702 16.198 17.794 17.685 17.320 19.553 20.488 20.222 22.326 22.526 21.594 20.474 19.610 17.411 15.997 11.488 8.033 4.814 1.575 0.000 2.219 7.132 10.319 17.366 18.287 25.584 25.902 27.725 27.893 27.765 28.145 28.370 28.633 28.069 28.278 28.047 27.297 27.080 25.951 25.841 23.733 23.286 24.141 24.442 24.894 24.317 22.482 22.243 21.328 21.072 21.189 21.522 22.215 23.617
20.349 15.940 17.028 18.062 20.960 22.481 25.941 26.793 27.424 27.394 27.706 25.150 25.595 27.335 26.214 24.375 21.913 19.256 14.580 14.191 10.722 13.123 14.649 20.443 23.058 26.021 27.005 27.396 27.566 27.276 27.387 25.853 24.351 25.681 26.015 25.532 24.773 26.125 26.545 25.521 25.607 27.312 26.963 26.954 26.996 27.700 27.530 27.992 28.055 28.326 28.278 27.370 25.783 24.057 17.801 13.082 8.730 5.147 2.535 0.000 1.210 4.103 7.198 10.640 15.040 17.972 20.665 22.370 23.391 24.290 24.770 25.584 25.028 24.996 24.089 23.748 22.664 23.430 21.003 21.050 19.679 21.176 21.285 22.297 21.911 20.841 20.492 19.985 19.868 20.036 20.831 21.744 23.075
22.465 19.140 20.314 19.978 22.591 24.417 26.519 27.326 28.260 27.971 28.495 27.171 26.907 27.903 27.739 25.844 23.530 22.211 17.343 15.888 13.222 16.783 17.056 22.847 24.578 27.935 28.756 28.739 28.778 28.657 28.808 26.437 26.525 27.010 26.698 26.948 25.806 27.761 28.102 26.523 27.252 28.522 27.982 28.171 28.522 28.908 28.828 28.954 29.158 29.460 28.954 29.265 27.731 26.595 21.354 14.239 10.787 7.413 4.652 1.270 0.001 1.265 3.675 7.057 10.376 12.169 13.866 15.602 17.745 18.646 19.608 20.547 20.424 20.437 19.177 19.694 18.988 19.234 17.551 18.093 17.996 17.839 19.311 19.656 19.394 19.232 19.082 18.973 18.632 18.864 19.417 20.328 21.301
23.958 21.311 21.043 21.245 23.173 24.432 26.310 27.118 27.978 27.695 28.026 26.728 26.728 27.794 27.654 25.982 24.697 23.467 18.835 17.315 15.301 18.228 18.496 24.162 24.506 26.938 28.212 29.277 28.715 29.080 28.035 27.102 26.378 26.807 27.212 27.084 26.213 28.140 28.319 27.673 27.088 28.579 28.511 28.323 28.356 29.236 28.890 29.328 29.403 29.238 29.451 28.514 26.845 26.294 22.893 16.059 11.156 7.878 5.065 3.449 0.856 0.000 1.000 2.986 3.757 5.451 7.121 8.199 10.426 11.037 11.408 12.190 13.025 12.277 12.265 13.552 14.387 13.531 13.197 13.747 14.672 14.443 14.692 15.393 15.332 15.324 15.560 16.130 17.059 17.643 18.839 19.965 21.296
24.524 21.465 22.092 22.980 23.115 24.846 26.526 26.934 27.744 27.584 28.332 26.914 26.985 27.818 27.756 26.653 25.856 24.652 18.762 17.363 15.247 18.605 19.145 24.786 25.927 28.245 28.805 28.577 28.751 28.524 28.597 27.150 27.438 26.279 26.386 26.153 25.294 27.214 27.738 26.976 26.797 28.271 28.014 28.272 28.431 29.253 29.088 29.395 29.661 29.483 29.196 29.109 26.998 27.537 24.242 17.135 12.062 8.288 5.920 3.961 2.344 0.690 0.001 0.732 1.292 1.994 2.590 3.954 4.771 5.695 5.551 6.554 6.315 5.697 6.000 7.074 8.819 7.357 7.256 7.890 9.321 8.607 9.601 10.103 9.694 10.680 11.197 12.195 14.302 15.649 17.494 19.159 20.642
23.991 22.110 21.226 20.988 22.090 22.653 25.926 26.191 27.203 26.817 27.488 25.876 25.959 27.136 27.311 25.775 25.354 24.255 19.072 17.716 15.887 19.436 18.930 24.712 26.330 27.439 27.965 27.379 28.150 28.650 28.018 26.391 26.922 27.344 26.890 26.544 25.816 27.132 27.917 26.931 26.793 28.381 27.861 27.705 28.227 29.136 28.774 29.356 29.362 28.996 28.541 28.338 28.170 27.238 24.779 17.285 13.364 8.688 6.942 4.557 2.787 1.229 0.572 0.000 0.561 0.891 1.302 1.599 2.157 2.253 3.137 3.769 3.636 3.011 2.552 2.928 2.932 3.459 3.187 4.379 5.214 5.180 6.005 6.759 6.832 8.288 9.612 10.914 13.339 14.920 16.911 18.649 20.763
25.179 21.998 22.396 21.958 22.604 24.800 26.589 26.363 27.161 27.550 27.243 27.030 26.778 27.464 27.597 26.651 25.747 24.831 18.617 18.015 16.146 18.890 19.471 25.908 26.601 27.784 28.541 27.991 28.017 28.604 27.936 26.903 26.991 26.482 27.033 25.220 25.419 26.785 27.679 27.195 26.802 28.370 27.830 27.325 28.857 29.079 28.833 28.695 28.763 29.198 29.156 29.055 29.009 27.465 24.834 18.163 14.715 9.938 7.396 5.117 3.498 1.883 0.999 0.541 0.000 0.532 0.754 1.011 1.381 1.665 2.263 2.780 2.999 2.221 1.694 1.909 1.934 2.294 2.153 2.852 4.071 4.578 4.704 5.175 5.776 7.365 8.938 10.485 13.149 14.739 17.124 18.705 20.650
25.354 22.634 22.980 21.302 21.784 24.621 25.566 26.446 27.299 27.116 27.546 27.428 26.317 27.178 27.985 24.770 25.467 25.288 19.174 18.071 15.797 19.827 19.544 25.893 26.438 27.792 27.886 28.426 28.100 28.242 28.355 26.881 27.408 27.116 26.298 25.203 24.537 26.252 27.459 26.097 26.533 28.213 27.608 25.827 28.315 28.941 28.464 28.979 29.088 29.251 27.957 27.420 28.093 27.721 24.730 17.992 14.248 9.645 7.059 4.960 3.484 1.797 1.233 0.754 0.511 0.000 0.523 0.665 0.994 1.202 1.756 2.298 2.419 1.720 1.438 1.482 1.631 1.888 1.806 2.673 3.160 3.547 4.602 5.326 5.309 7.271 8.719 10.214 12.677 14.373 16.605 18.651 20.731
25.866 22.440 23.317 21.762 22.325 24.885 26.023 26.051 27.110 26.710 27.482 26.931 25.918 26.866 27.672 26.725 25.414 24.858 18.003 17.767 15.986 18.575 19.671 26.384 26.122 27.524 28.551 28.037 28.520 28.463 27.899 26.938 27.252 25.817 27.323 25.426 25.456 26.299 27.077 27.669 27.552 28.497 27.679 27.504 28.181 28.746 29.423 29.007 29.425 29.738 29.771 28.877 28.627 27.095 25.162 17.639 15.045 9.515 7.343 5.504 4.008 2.212 1.446 1.024 0.765 0.507 0.000 0.514 0.750 1.013 1.489 2.037 2.144 1.501 1.159 1.287 1.441 1.735 1.689 2.160 2.811 3.455 4.015 4.403 5.201 6.979 8.704 10.379 12.603 14.288 16.525 18.392 20.268
25.058 22.096 22.688 20.592 21.285 24.354 24.713 24.496 26.756 26.753 27.299 27.585 26.205 26.540 28.272 24.576 25.881 24.557 19.255 18.031 16.357 19.102 19.130 26.193 26.048 27.599 27.410 27.929 28.287 27.645 27.927 25.675 26.378 26.374 25.978 24.577 24.400 25.253 27.106 25.074 23.943 27.643 27.565 27.387 27.055 28.364 28.612 28.616 27.684 28.650 29.329 29.272 28.440 27.692 25.326 18.176 15.069 9.441 7.386 5.536 3.931 2.480 1.786 1.264 0.942 0.732 0.511 0.000 0.530 0.851 1.370 1.875 2.047 1.505 1.160 1.420 1.554 1.830 1.834 2.543 2.976 3.493 4.297 5.271 5.580 7.424 8.882 10.333 12.729 14.281 16.639 18.643 20.380
25.248 22.200 23.489 21.175 22.174 24.076 25.252 25.658 26.857 27.482 28.427 27.604 26.964 27.327 27.683 25.812 26.141 25.047 18.845 18.180 16.104 18.958 18.836 26.396 26.494 27.537 28.428 29.034 28.965 28.475 27.827 27.095 26.298 25.736 26.238 25.388 25.527 26.955 27.445 27.655 26.849 28.436 27.619 27.385 27.944 29.002 29.257 29.206 29.561 29.675 29.599 29.218 28.178 27.399 25.113 17.893 14.360 10.269 7.934 5.797 4.893 3.533 2.997 1.988 1.604 1.147 0.900 0.540 0.000 0.550 1.026 1.659 1.928 1.329 1.237 1.503 1.760 2.322 2.298 2.982 3.865 4.188 4.836 5.673 6.287 7.797 9.106 10.718 13.099 14.549 16.471 18.330 20.320
25.376 23.728 23.141 21.850 22.480 23.497 25.465 26.346 27.420 26.985 27.810 25.814 26.457 27.468 27.518 25.774 26.373 24.889 20.648 19.918 17.363 20.785 20.285 25.889 26.655 27.499 28.899 28.805 29.076 28.442 28.409 27.061 27.248 26.242 26.850 26.175 26.582 27.444 28.077 26.801 26.630 28.151 28.370 28.440 28.784 29.371 29.160 28.980 29.430 29.612 29.095 28.961 27.751 27.616 25.376 18.750 15.372 11.051 10.571 7.601 6.208 4.954 3.912 3.006 2.287 1.772 1.362 0.969 0.572 0.000 0.651 1.206 1.599 1.471 1.431 2.005 2.552 2.890 3.288 4.864 5.578 6.797 8.106 8.947 8.138 9.656 10.526 12.041 13.897 15.712 17.659 19.550 20.820
24.608 22.523 23.216 20.891 22.331 23.919 25.926 26.098 27.093 27.327 28.371 26.798 26.217 26.701 27.481 25.186 25.681 24.625 20.246 19.606 17.411 20.634 20.278 26.730 25.895 28.042 28.992 29.175 29.017 28.621 28.290 27.334 26.219 26.170 26.981 26.700 25.932 27.051 27.640 27.747 27.251 28.118 28.476 28.749 28.708 28.482 29.280 29.784 29.241 29.081 29.068 29.436 28.198 27.120 25.578 19.470 16.942 14.277 13.990 11.223 8.733 7.286 5.672 5.062 3.808 3.352 2.462 1.838 1.369 0.802 0.000 0.692 1.248 1.634 1.918 2.931 3.478 4.496 5.075 6.518 7.592 7.560 8.476 9.512 10.149 10.758 11.349 12.702 14.565 16.442 18.533 20.241 21.925
25.001 23.310 23.361 21.919 23.150 23.967 25.283 26.485 27.280 27.339 27.968 26.686 26.765 27.865 27.343 26.580 25.650 24.902 20.537 19.953 18.210 20.963 20.768 26.538 26.011 27.643 28.842 29.088 28.832 28.139 28.196 27.248 27.079 26.902 26.473 26.601 26.282 27.760 27.148 27.788 27.600 28.018 28.165 28.230 28.728 28.524 28.834 29.045 29.386 29.224 29.189 29.439 28.408 27.252 25.713 20.653 17.731 17.493 16.469 12.611 10.683 9.503 7.916 7.213 5.476 5.343 3.653 2.891 1.905 1.302 0.632 0.000 0.753 1.469 2.323 2.971 3.751 4.457 5.494 6.460 8.370 8.965 9.555 10.355 10.207 11.371 11.848 13.218 15.320 16.705 18.577 20.426 21.826
25.017 23.029 22.288 21.231 22.316 23.802 24.631 25.469 26.240 26.012 26.955 26.175 25.849 26.916 26.859 25.195 24.566 24.264 19.826 19.431 17.217 19.970 20.202 25.736 25.607 27.196 28.141 28.933 28.891 28.386 28.062 27.258 26.512 27.034 27.101 27.155 26.306 27.381 27.451 27.372 26.923 28.058 28.344 28.239 28.875 28.647 29.183 29.579 29.488 29.206 28.947 28.993 27.747 26.213 25.357 20.162 17.499 16.419 15.495 12.615 10.422 9.551 8.587 7.908 7.196 6.158 5.109 3.922 3.189 2.178 1.413 0.673 0.000 0.946 1.752 2.686 3.239 3.903 4.336 5.839 7.716 8.171 8.827 10.056 9.667 10.261 11.326 12.789 14.801 16.387 18.127 19.685 21.173
24.306 21.953 22.229 20.844 22.141 23.481 24.313 25.326 26.451 26.415 27.543 24.157 26.530 27.530 27.799 24.555 24.079 23.833 18.302 18.416 16.164 19.254 19.069 25.465 25.915 27.930 27.829 28.308 29.059 28.307 27.547 27.265 26.161 25.365 26.675 25.867 26.479 27.575 27.486 27.171 27.025 28.047 27.947 27.518 28.279 28.867 28.303 28.818 28.772 29.066 28.049 28.903 27.882 26.749 24.796 17.743 14.731 12.194 11.811 8.827 7.017 5.204 4.650 3.638 3.326 2.834 2.539 2.157 2.142 1.675 1.973 1.645 1.120 0.000 0.682 1.545 2.292 3.491 3.936 5.317 5.784 6.827 7.770 8.562 8.969 9.691 11.041 12.343 14.330 16.019 17.802 19.288 20.938
24.674 21.938 22.163 21.439 22.220 23.031 23.828 27.244 27.009 26.104 28.052 27.970 26.304 25.794 25.084 24.872 24.820 24.008 17.105 17.162 16.061 18.482 18.896 25.210 24.805 25.482 27.365 27.464 28.171 27.641 27.122 25.397 25.541 25.032 25.373 26.031 24.776 26.495 26.273 26.878 26.295 28.171 28.353 28.063 28.088 28.463 27.819 27.398 27.967 26.888 28.756 26.279 28.456 24.633 24.525 18.643 14.427 9.657 8.253 6.046 4.708 3.528 3.066 2.539 2.168 1.960 1.752 1.550 1.448 1.368 1.608 1.728 1.345 0.542 0.000 0.534 0.782 1.265 1.537 2.135 2.559 3.004 3.811 4.790 5.229 6.965 8.441 10.420 12.361 14.229 16.419 18.283 19.920
24.677 22.369 22.661 22.839 22.288 23.671 25.027 26.056 27.036 25.042 28.260 26.071 26.482 26.800 26.706 24.948 23.484 23.635 16.796 17.164 15.693 18.347 19.225 24.743 25.151 26.419 25.731 28.337 27.841 27.536 26.250 25.265 24.748 24.714 25.354 25.767 23.999 25.977 27.145 24.746 26.163 27.154 26.625 25.778 27.931 27.699 27.885 28.858 29.214 28.218 29.067 26.876 27.500 25.430 24.178 18.487 15.340 10.270 8.798 6.215 4.991 4.130 3.677 3.126 2.627 2.526 2.244 1.902 1.790 1.528 1.939 2.064 1.892 0.980 0.584 0.000 0.583 1.072 1.599 2.008 2.725 3.174 4.146 4.889 5.402 6.802 8.299 9.924 12.119 13.934 16.090 17.905 19.568
24.240 22.668 25.326 22.107 23.885 25.062 25.424 26.207 27.944 27.032 27.950 27.059 26.848 27.449 25.870 25.049 24.664 26.063 18.679 19.848 16.108 19.623 18.761 26.865 24.850 24.741 26.876 26.876 28.235 27.144 26.933 25.165 26.117 25.948 25.090 25.689 25.133 25.020 26.698 26.078 27.831 27.974 27.564 28.775 28.332 28.317 27.552 27.949 28.531 28.551 28.460 26.564 27.777 23.820 23.856 17.815 14.384 10.306 7.674 5.670 4.323 3.353 2.946 2.444 2.368 2.442 1.884 1.928 1.671 1.555 1.932 2.146 1.901 1.257 0.855 0.537 0.000 0.516 0.739 1.023 1.332 1.775 2.366 3.216 3.721 6.085 7.962 9.870 11.751 13.504 15.630 17.723 19.300
24.720 22.767 22.678 23.452 23.478 25.803 26.528 26.335 26.915 27.946 27.018 26.207 27.353 27.890 27.679 26.093 24.017 24.038 18.209 18.915 16.342 18.821 19.193 24.188 24.479 26.048 25.687 28.015 27.405 27.307 26.786 24.678 25.767 25.220 24.754 26.504 25.523 26.462 26.045 26.128 26.291 27.358 24.672 25.915 26.951 27.677 26.828 27.543 27.908 28.672 27.730 27.660 26.716 25.440 24.232 18.467 15.162 10.732 8.231 5.629 4.270 3.326 3.099 2.624 2.496 2.218 2.060 1.882 1.895 1.631 2.208 2.465 2.153 1.403 1.174 0.776 0.508 0.000 0.510 0.790 1.218 1.564 2.078 3.230 4.195 6.323 8.094 10.229 12.050 13.801 15.790 17.593 18.832
23.984 23.526 23.971 21.008 23.690 24.383 27.086 26.429 28.417 27.415 27.550 26.813 27.066 28.434 27.875 26.398 25.744 25.415 19.089 20.719 16.533 19.710 19.958 25.616 24.481 24.932 27.653 27.599 28.258 27.836 26.924 24.860 24.874 25.485 23.829 24.991 27.468 26.390 26.630 27.305 27.469 27.968 27.610 28.529 28.890 28.774 28.294 27.783 29.145 28.731 28.163 27.350 27.417 24.557 25.037 17.771 14.511 9.886 8.093 5.779 4.709 3.730 3.339 2.896 2.695 2.573 2.402 2.072 2.163 1.950 2.271 2.582 2.269 1.582 1.308 1.093 0.807 0.522 0.000 0.527 0.991 1.736 2.251 3.160 3.845 6.046 7.578 9.933 11.850 13.670 15.765 17.757 18.703
23.861 22.941 22.937 21.128 21.938 24.194 25.521 25.297 26.348 26.579 27.431 25.113 26.315 25.787 27.224 25.285 23.630 23.211 18.947 18.880 15.960 18.372 19.785 24.550 24.418 25.601 26.107 27.847 27.811 26.320 26.227 24.953 23.871 24.428 24.200 25.719 25.330 26.195 25.756 25.191 25.617 26.461 26.190 26.408 27.337 28.261 27.141 28.204 27.833 28.167 27.120 27.568 26.778 24.838 23.925 18.091 15.285 11.974 9.617 7.197 5.988 4.708 4.037 3.794 3.625 3.126 2.979 2.452 2.873 2.566 2.954 3.166 2.784 2.105 1.895 1.563 1.211 0.867 0.533 0.000 0.620 1.717 2.223 3.448 3.705 6.292 7.389 9.373 11.514 13.368 15.419 17.202 18.520
24.530 22.196 20.823 20.043 22.192 23.796 25.609 24.830 26.624 26.069 26.061 26.817 25.882 25.766 26.670 24.303 24.009 23.960 19.628 18.433 16.829 19.593 19.784 23.560 23.171 25.675 27.333 28.056 28.265 27.727 26.197 24.197 24.181 23.780 22.412 24.402 26.601 25.845 25.577 25.352 25.556 26.601 27.514 26.335 27.490 27.742 28.146 27.748 27.799 28.095 27.945 27.959 26.908 23.773 23.462 18.800 16.338 14.001 12.086 9.926 8.351 7.356 7.627 7.614 7.047 7.842 6.125 6.477 6.205 5.791 5.509 5.769 5.111 4.255 4.335 3.627 3.276 2.357 1.748 0.794 0.000 0.894 1.826 3.492 4.068 6.763 7.900 9.237 11.499 13.415 15.205 17.555 19.140
23.726 22.202 21.372 20.864 22.117 23.858 24.459 25.660 26.467 26.961 27.382 26.268 26.081 26.122 27.293 24.818 24.707 24.123 20.164 19.434 16.548 18.973 20.270 24.113 25.100 25.051 27.898 28.068 28.347 27.927 27.257 25.992 25.857 24.337 25.740 26.868 24.980 26.816 26.761 26.424 25.711 27.889 27.588 27.427 27.203 28.397 28.141 28.507 28.320 28.640 28.409 28.684 26.541 25.178 24.215 19.383 16.639 15.000 14.397 12.471 10.582 9.366 8.532 8.796 8.006 8.371 7.629 8.229 8.024 7.902 7.832 8.272 7.370 6.749 5.961 5.656 4.338 3.590 2.522 1.525 0.934 0.000 0.711 1.827 3.042 4.791 6.592 8.478 10.536 12.245 14.002 16.244 17.595
23.306 22.148 21.181 21.265 21.415 23.007 23.807 24.725 26.485 25.566 26.350 26.179 25.110 26.786 26.514 24.529 24.227 23.722 19.246 18.128 16.574 19.464 20.609 24.387 24.775 26.534 27.066 28.176 28.642 27.766 27.603 25.402 25.449 25.171 28.742 26.998 23.045 25.945 25.968 26.399 26.374 28.075 27.772 26.564 27.758 28.489 28.609 28.424 28.306 28.497 28.292 28.249 27.241 25.763 24.592 19.323 15.939 15.360 14.702 13.225 11.648 10.933 10.119 10.636 9.850 9.807 9.346 8.705 9.444 8.799 8.793 9.594 8.553 8.056 7.135 6.776 5.833 4.968 3.159 2.460 1.487 0.592 0.000 0.853 1.798 4.062 5.511 7.909 10.597 12.723 14.551 16.923 17.855
21.796 21.951 20.858 21.922 22.544 23.156 24.301 25.027 26.707 26.474 26.554 25.922 24.988 26.773 26.545 25.204 24.563 23.866 20.134 19.410 17.646 19.263 20.499 24.435 24.418 26.694 27.593 27.491 27.625 27.721 27.423 24.967 25.136 24.183 24.671 27.515 23.632 25.345 26.906 25.651 25.737 27.781 27.532 27.414 28.236 28.233 27.994 27.811 27.629 28.017 28.455 28.047 26.913 25.936 24.666 19.285 17.367 17.243 17.403 16.363 14.834 14.673 14.270 15.375 14.594 14.986 15.112 15.178 15.837 15.034 15.889 15.497 14.918 14.306 13.323 12.840 12.130 9.998 7.629 5.977 4.438 2.266 0.697 0.000 1.126 3.532 4.779 6.936 9.600 11.368 13.528 15.879 17.158
22.190 21.435 21.243 20.864 22.504 23.341 24.742 26.148 27.258 27.004 27.091 25.885 25.947 27.005 27.121 25.785 24.916 23.774 20.989 19.665 18.989 19.743 21.201 24.387 24.813 27.004 26.479 27.642 27.904 27.370 27.259 24.649 24.825 24.644 24.577 22.919 20.514 25.588 26.732 25.167 24.741 26.415 26.033 26.705 27.476 28.063 27.904 28.770 28.449 28.638 28.369 28.810 27.262 27.008 24.774 21.522 20.075 19.521 19.158 18.966 18.322 18.951 18.383 19.586 19.230 19.228 19.137 19.139 19.263 18.104 19.165 18.550 17.982 18.017 17.127 16.921 14.682 12.338 9.939 7.393 4.825 3.357 2.298 0.958 0.000 1.143 2.880 5.225 7.247 9.517 11.572 13.940 16.168
22.224 21.133 21.565 20.936 22.445 23.863 25.412 26.212 27.615 27.393 27.615 26.440 25.901 27.320 27.149 26.045 25.430 24.230 21.924 20.687 19.665 20.985 21.859 24.261 25.050 26.983 27.340 27.719 27.616 27.567 27.150 24.248 24.950 23.900 23.530 22.416 21.399 24.943 25.278 24.347 25.088 27.504 27.222 27.136 27.923 28.173 28.273 28.723 28.516 28.516 28.286 28.112 27.238 26.816 24.564 22.778 21.361 20.096 19.928 20.617 20.159 21.530 21.219 22.236 22.845 22.006 22.486 21.896 22.845 21.934 22.536 22.316 21.520 21.344 20.380 20.509 18.022 16.197 12.878 9.892 7.102 5.988 5.365 3.000 0.975 0.000 1.857 4.564 6.065 7.872 9.877 12.377 14.494
22.008 20.383 21.944 20.455 23.766 25.214 26.699 27.679 28.459 28.223 28.337 27.339 27.439 28.239 28.136 27.368 26.789 25.292 23.551 22.282 20.269 22.236 22.197 24.283 25.213 26.652 26.903 27.897 27.949 27.369 27.083 25.158 25.054 24.457 24.056 23.426 21.558 25.234 26.033 24.920 25.419 27.386 26.852 26.590 27.792 28.367 28.157 28.716 28.894 28.907 28.527 28.377 27.213 26.899 25.175 23.921 23.039 21.685 22.252 23.548 23.447 24.830 25.306 25.762 26.585 26.406 27.284 26.877 27.515 27.393 27.550 27.714 27.034 26.393 25.328 25.120 23.187 20.740 17.203 12.212 8.730 7.076 6.249 4.780 3.754 1.358 0.001 1.808 4.388 6.930 8.982 11.815 13.642
22.292 20.539 22.607 20.788 23.997 25.620 27.076 27.822 28.607 28.320 28.571 27.297 27.592 28.457 28.311 27.571 27.014 25.664 24.678 22.990 20.598 23.033 22.437 24.721 25.489 26.928 27.064 28.180 28.447 27.364 27.146 25.288 25.275 25.283 24.844 23.845 22.219 25.377 25.777 24.402 25.162 26.943 26.696 26.909 27.969 28.449 28.372 29.102 29.233 29.154 28.687 28.713 27.121 27.232 25.676 24.554 23.625 21.564 22.780 24.013 23.702 25.575 25.990 26.693 27.488 27.134 27.955 27.571 28.204 27.903 28.144 28.178 27.467 26.839 26.233 25.826 23.368 20.184 16.776 12.435 10.280 9.511 10.214 9.335 5.636 4.094 1.829 0.000 1.982 4.919 7.002 9.754 11.842
21.878 20.055 22.536 20.077 23.573 25.457 26.882 27.748 28.462 28.041 28.409 27.206 27.675 28.523 28.307 27.494 26.988 25.771 24.522 22.873 20.132 23.159 21.997 24.676 25.044 26.570 26.896 27.913 28.094 27.343 26.634 25.019 24.666 24.545 24.434 23.486 21.903 24.796 25.366 24.654 25.109 26.398 26.349 26.730 27.712 28.223 27.993 28.851 29.064 28.898 28.090 28.285 27.228 26.927 25.546 24.352 23.779 21.868 23.066 24.237 23.920 25.562 25.877 26.554 27.394 27.072 27.873 27.501 28.370 27.906 28.197 28.259 27.565 26.726 26.165 25.470 23.356 19.992 16.544 12.425 11.075 11.256 13.461 11.770 7.788 6.338 4.309 1.924 0.000 1.813 4.520 7.038 9.419
22.064 20.056 21.719 19.945 22.955 25.035 26.212 27.294 28.341 27.839 28.262 26.997 27.245 28.281 27.786 27.124 26.350 25.101 23.470 22.100 19.494 22.293 21.486 23.983 24.973 26.613 26.974 27.942 28.101 27.498 26.872 25.189 24.604 24.721 24.591 23.889 22.964 25.367 25.637 24.950 25.671 26.988 27.052 27.095 27.957 28.394 28.215 28.801 29.078 28.945 28.108 28.220 27.096 26.608 25.066 23.568 22.835 21.432 22.241 23.565 23.494 25.400 25.754 26.656 27.525 27.305 28.043 27.879 28.572 28.381 28.622 28.668 28.206 27.501 26.923 26.000 23.861 22.120 19.380 14.869 13.887 15.240 16.495 15.948 12.531 9.737 6.768 4.014 1.659 0.000 1.720 4.193 6.038
22.390 20.598 22.141 20.856 23.799 25.539 26.801 27.720 28.571 28.082 28.476 27.378 27.659 28.447 27.971 27.629 26.790 25.570 23.768 22.458 19.932 22.230 21.573 24.502 24.684 26.685 27.021 28.069 28.397 27.557 26.752 25.386 24.176 24.407 24.653 24.187 23.283 25.515 26.049 25.031 25.798 27.195 26.950 26.959 28.113 28.698 28.342 28.968 29.171 28.979 28.252 28.332 27.342 26.850 25.000 23.340 22.733 21.272 22.174 23.564 23.296 25.127 25.925 26.936 27.861 27.757 28.353 28.199 28.871 28.699 28.938 29.074 28.606 28.018 27.563 26.794 24.807 23.045 20.955 17.027 15.175 16.737 17.292 17.585 14.301 10.343 8.094 6.469 4.055 1.646 0.001 1.233 2.740
23.346 20.791 23.020 21.149 24.120 25.600 26.697 27.641 28.616 28.121 28.494 27.151 27.493 28.451 27.994 27.399 26.809 25.924 23.802 22.727 20.137 23.009 22.038 25.050 25.012 26.732 27.301 28.224 28.365 27.847 27.008 25.964 24.128 24.687 25.118 24.752 23.535 25.920 26.503 25.537 25.834 27.626 27.436 27.075 27.951 28.779 28.419 29.166 29.258 29.031 28.305 28.213 27.383 26.885 25.334 23.989 23.338 21.570 22.376 23.556 23.458 25.382 26.069 26.969 28.145 27.713 28.481 28.566 28.986 28.817 28.853 28.976 28.530 28.087 27.510 26.662 24.875 23.154 21.551 17.278 15.701 17.666 17.617 17.853 15.258 11.537 8.653 6.601 4.637 2.986 1.187 0.002 1.581
23.977 21.521 23.125 21.645 24.247 25.916 27.063 27.511 28.520 28.233 28.698 27.735 27.852 28.385 28.269 27.479 26.657 26.263 23.759 22.648 20.284 22.709 22.495 25.297 25.438 27.107 27.432 28.471 28.428 28.130 27.235 26.411 24.945 25.075 25.806 25.692 25.239 26.528 27.047 26.026 26.379 27.971 27.721 27.347 28.357 29.026 28.798 29.325 29.361 29.236 28.690 28.513 27.578 27.266 25.758 23.873 23.021 21.425 22.099 23.400 23.289 25.238 25.832 26.803 28.110 27.813 28.624 28.555 29.276 28.851 29.041 29.063 28.672 28.387 27.752 26.749 25.198 23.925 22.800 19.089 17.898 19.823 19.897 19.950 17.810 14.397 11.874 9.153 7.009 5.313 3.824 1.404 0.008
