81.355
86.534
85.955
86.021
88.300
87.775
88.248
87.958
90.851
89.208
87.238
89.580
88.284
85.951
84.855
83.044
86.969
89.036
91.388
91.551
93.072
93.634
92.147
90.602
93.246
93.518
92.598
91.488
90.942
92.665
92.976
92.828
94.004
94.249
94.132
93.977
94.520
94.043
93.654
92.530
92.229
90.451
86.283
86.970
89.868
90.597
91.867
91.612
91.028
89.123
84.678
79.361
65.114
54.663
48.460
52.606
60.990
77.388
82.636
86.297
88.008
90.428
89.690
90.508
89.114
85.624
82.366
81.289
88.371
89.576
87.144
88.386
90.666
92.523
90.466
88.578
87.658
88.389
88.118
89.156
83.215
83.367
82.937
82.792
76.576
82.158
83.935
86.441
88.338
87.464
87.813
85.395
79.662
