0.003 1.862 4.556 7.037 9.151 11.965 12.416 15.596 16.513 17.111 18.683 19.119 19.478 19.083 18.831 19.488 20.480 20.467 18.996 17.830 16.000 14.313 14.451 13.480 15.323 14.892 12.337 12.568 15.239 14.003 11.050 10.485 10.845 13.369 15.753 15.219 17.267 17.594 13.656 16.703 16.916 17.562 15.886 14.466 13.101 13.727 13.451 11.473 13.725 16.344 15.085 15.731 14.028 15.553 16.881 17.160 17.339 16.491 16.375 15.491 12.904 12.063 13.450 11.368 8.161 9.277 12.158 9.972 11.442 11.225 13.400 9.939 12.702 11.163 14.799 14.820 16.314 17.778 18.901 20.460 21.221 21.460 22.137 22.160 22.252 22.917 22.279 23.435 22.827 23.614 22.616 21.079 20.401
1.201 0.000 1.245 3.226 4.761 7.041 8.033 10.101 11.456 11.693 13.594 14.034 13.147 13.766 12.993 13.896 14.523 14.676 13.961 13.791 12.072 9.997 9.832 7.425 8.087 7.808 5.604 6.304 7.178 6.654 3.933 2.481 2.949 4.382 4.123 3.241 4.566 4.160 4.598 7.186 8.873 10.281 8.247 9.490 8.486 9.736 9.310 8.148 8.845 10.847 10.117 11.220 10.543 11.495 12.537 11.335 12.055 11.490 11.020 11.234 8.542 8.033 10.189 8.750 6.682 6.640 8.609 6.915 6.979 6.451 6.959 5.729 5.907 5.828 7.575 7.943 9.299 8.713 10.498 11.036 10.880 11.464 10.748 15.080 15.285 19.065 18.511 18.469 19.742 20.054 22.803 16.268 18.468
2.361 0.595 0.000 0.540 0.699 1.141 1.536 2.001 2.392 2.601 2.991 3.174 3.045 3.090 3.008 3.162 3.797 3.720 3.148 2.857 2.434 2.014 1.885 1.386 1.593 1.253 0.965 1.060 1.293 1.346 1.015 0.967 0.877 1.071 1.448 1.528 1.655 1.700 1.388 1.594 1.601 1.994 1.889 1.952 1.753 2.102 1.974 1.643 1.791 2.367 2.152 2.343 2.226 2.522 2.885 2.638 2.571 2.316 2.338 2.262 1.897 1.645 1.839 1.692 1.337 1.427 1.633 1.486 1.583 1.449 1.480 1.383 1.532 1.574 1.933 2.015 2.313 2.524 3.495 4.434 5.974 6.534 8.005 12.097 12.647 12.345 15.494 15.434 23.354 16.639 17.524 14.331 20.963
2.410 0.860 0.527 0.000 0.523 0.776 1.195 1.500 1.916 2.155 2.399 2.484 2.391 2.343 2.095 2.337 2.615 2.680 2.394 2.289 1.986 1.675 1.436 1.028 1.029 0.823 0.680 0.808 1.098 1.227 0.941 0.924 0.841 0.995 1.208 1.271 1.349 1.421 1.140 1.182 1.113 1.359 1.446 1.530 1.544 1.874 1.823 1.615 1.737 2.169 2.054 2.202 2.053 2.313 2.461 2.341 2.218 2.016 2.005 2.044 1.781 1.502 1.726 1.693 1.344 1.353 1.629 1.507 1.522 1.359 1.511 1.343 1.641 1.514 1.716 1.717 1.809 1.942 2.816 3.677 5.261 6.124 7.467 11.987 13.061 14.963 15.110 15.566 20.226 14.745 14.566 14.058 18.100
2.851 0.991 0.654 0.504 0.000 0.495 0.614 0.767 0.970 1.114 1.357 1.373 1.328 1.308 1.233 1.499 1.675 1.594 1.397 1.281 1.107 0.938 0.844 0.650 0.658 0.609 0.608 0.701 0.974 1.039 0.794 0.816 0.728 0.811 0.980 1.002 1.100 1.087 0.911 1.009 0.887 1.015 0.983 1.022 0.961 1.172 1.217 1.119 1.347 1.625 1.475 1.389 1.214 1.337 1.424 1.348 1.276 1.121 1.244 1.287 1.071 1.045 1.239 1.142 1.011 1.153 1.408 1.315 1.475 1.409 1.348 1.126 1.224 1.060 1.195 1.136 1.242 1.423 2.361 3.243 4.477 5.164 7.734 11.658 11.587 13.038 15.794 15.458 21.067 16.968 15.735 16.926 15.643
3.184 1.327 1.010 0.679 0.498 0.000 0.495 0.604 0.825 0.971 1.155 1.255 1.208 1.169 1.118 1.440 1.701 1.470 1.257 1.102 1.005 0.816 0.719 0.617 0.624 0.678 0.674 0.810 1.074 1.161 0.972 1.065 0.937 0.989 1.199 1.258 1.328 1.351 1.115 1.120 0.976 1.070 1.073 1.020 1.074 1.323 1.505 1.449 1.766 1.979 1.734 1.643 1.327 1.365 1.338 1.294 1.175 1.011 1.221 1.325 1.085 1.099 1.408 1.399 1.261 1.413 1.755 1.712 1.948 1.802 1.802 1.584 1.645 1.407 1.518 1.300 1.420 1.577 2.524 3.510 4.880 5.405 7.316 11.177 11.766 14.393 13.921 16.285 18.804 16.271 14.345 14.371 16.399
2.942 1.332 1.017 0.820 0.623 0.506 0.000 0.496 0.603 0.832 1.021 1.091 1.026 0.965 0.939 1.232 1.473 1.307 1.058 0.984 0.868 0.681 0.612 0.587 0.625 0.750 0.779 0.942 1.190 1.282 1.083 1.117 0.950 1.066 1.244 1.204 1.314 1.205 1.005 1.024 0.909 0.935 0.897 0.866 0.868 1.077 1.191 1.194 1.427 1.658 1.408 1.333 1.141 1.175 1.212 1.116 1.032 0.864 1.034 1.095 0.920 0.933 1.164 1.191 1.047 1.202 1.456 1.463 1.667 1.618 1.579 1.360 1.361 1.170 1.209 1.086 1.168 1.372 2.360 3.209 4.233 5.254 7.041 10.813 11.831 13.539 12.941 15.848 17.374 17.174 16.868 15.526 16.731
3.188 1.547 1.198 1.035 0.835 0.640 0.496 0.000 0.498 0.677 0.847 0.969 0.874 0.851 0.846 1.156 1.373 1.189 1.008 0.850 0.815 0.643 0.640 0.648 0.691 0.819 0.925 1.109 1.366 1.515 1.314 1.360 1.158 1.278 1.473 1.459 1.519 1.420 1.150 1.169 0.996 1.008 1.002 0.983 1.019 1.216 1.352 1.368 1.635 1.814 1.582 1.454 1.200 1.190 1.137 1.060 0.971 0.860 1.103 1.207 1.063 1.094 1.376 1.335 1.287 1.456 1.730 1.661 1.939 1.877 1.820 1.588 1.610 1.356 1.418 1.237 1.377 1.530 2.384 3.298 4.749 5.773 7.107 11.173 11.715 15.227 13.944 17.154 17.643 19.328 17.053 17.025 16.751
3.725 2.059 1.771 1.667 1.312 1.020 0.815 0.527 0.000 0.513 0.658 0.856 0.924 0.937 1.018 1.351 1.526 1.303 1.113 0.871 0.926 0.795 0.881 1.016 0.944 1.100 1.371 1.562 1.805 2.124 1.968 2.138 1.809 1.887 2.189 2.232 2.188 2.111 1.734 1.636 1.305 1.245 1.378 1.175 1.205 1.388 1.583 1.640 1.970 2.140 1.709 1.512 1.210 1.161 1.001 0.914 0.834 0.811 1.099 1.149 1.066 1.223 1.475 1.500 1.556 1.797 2.038 2.041 2.441 2.580 2.501 2.105 2.112 1.828 1.792 1.662 1.742 1.925 2.702 3.735 5.159 5.970 7.637 12.457 12.343 15.553 17.714 19.139 22.994 19.649 19.683 17.991 17.370
3.735 2.167 1.839 1.727 1.424 1.207 0.976 0.675 0.540 0.000 0.504 0.680 0.775 0.864 0.962 1.275 1.478 1.259 1.038 0.823 0.886 0.843 0.904 1.099 1.086 1.344 1.523 1.779 2.039 2.252 2.086 2.090 1.813 1.982 2.246 2.197 2.137 2.027 1.643 1.654 1.395 1.320 1.332 1.172 1.167 1.374 1.581 1.666 2.015 2.110 1.739 1.559 1.207 1.169 0.991 0.908 0.761 0.776 1.035 1.137 1.057 1.191 1.450 1.522 1.560 1.737 1.950 2.026 2.397 2.486 2.415 2.083 2.086 1.802 1.757 1.558 1.636 1.864 2.687 3.612 4.912 5.815 7.198 11.151 11.950 15.906 16.328 18.936 20.383 20.224 20.766 18.290 18.419
3.705 2.105 1.753 1.758 1.488 1.381 1.081 0.943 0.692 0.500 0.000 0.520 0.769 0.898 1.061 1.337 1.400 1.174 1.039 0.824 0.890 0.872 1.035 1.220 1.366 1.578 1.771 1.956 2.290 2.364 2.132 2.002 1.820 2.068 2.195 2.064 2.156 1.952 1.711 1.785 1.627 1.502 1.418 1.215 1.093 1.217 1.332 1.333 1.627 1.743 1.463 1.334 1.011 1.061 0.877 0.715 0.653 0.802 0.999 1.024 0.957 1.138 1.325 1.325 1.346 1.555 1.757 1.699 2.091 2.181 2.033 1.745 1.728 1.483 1.504 1.465 1.605 1.875 2.736 3.817 4.987 5.520 7.055 12.051 10.907 16.552 16.243 18.776 18.937 20.864 18.320 17.821 19.545
4.931 3.280 2.772 2.787 2.491 2.156 1.802 1.400 1.032 0.683 0.535 0.000 0.575 1.029 1.348 1.652 1.706 1.408 1.344 0.989 1.187 1.331 1.639 1.976 2.067 2.558 3.012 3.139 3.469 3.885 3.559 3.386 3.057 3.415 3.764 3.373 3.505 3.274 2.897 2.941 2.624 2.328 2.178 1.796 1.749 1.668 1.857 2.004 2.425 2.418 2.030 1.646 1.396 1.220 1.064 0.974 0.834 1.076 1.462 1.550 1.499 1.914 2.118 2.099 2.110 2.492 2.760 2.817 3.483 3.642 3.384 2.938 2.819 2.423 2.232 2.211 2.204 2.605 3.245 4.346 5.616 6.405 8.058 13.030 13.106 18.228 15.782 20.535 18.867 21.602 18.593 18.672 19.881
5.550 3.887 3.380 3.197 2.671 2.145 1.828 1.222 0.951 0.905 0.807 0.560 0.000 0.544 0.834 1.195 1.516 1.363 1.324 1.175 1.346 1.580 1.381 1.844 1.715 2.209 2.741 3.176 3.458 4.008 3.862 3.750 3.376 3.455 3.827 3.746 3.577 3.406 2.934 2.581 2.095 1.848 2.063 1.987 2.209 2.434 2.905 3.030 3.379 3.518 3.084 2.631 2.175 1.977 1.637 1.503 1.132 1.268 1.631 1.844 2.093 2.280 2.554 2.735 2.857 3.367 3.552 3.580 4.216 4.553 4.349 3.993 3.711 3.352 3.170 2.819 2.678 2.707 3.289 4.434 5.713 6.932 8.818 14.005 14.662 18.886 17.784 22.519 22.673 22.714 21.950 20.873 20.973
4.574 3.275 2.933 2.912 2.289 2.083 1.592 1.205 0.917 0.941 0.951 0.775 0.512 0.000 0.541 0.980 1.271 1.187 1.161 1.050 1.283 1.434 1.371 1.751 1.707 2.165 2.511 2.908 3.253 3.611 3.513 3.401 2.996 3.222 3.593 3.417 3.390 3.095 2.667 2.354 2.044 1.757 1.869 1.747 2.045 2.142 2.574 2.643 3.058 3.130 2.757 2.479 1.957 1.882 1.612 1.533 1.231 1.297 1.590 1.847 1.789 2.092 2.281 2.385 2.501 2.801 2.991 3.201 3.583 3.909 3.822 3.432 3.441 2.923 2.727 2.399 2.318 2.397 2.985 4.053 5.516 6.528 7.981 12.519 12.118 17.941 16.396 20.965 22.096 22.503 20.943 20.467 20.237
5.405 3.603 3.388 3.175 2.548 2.129 1.822 1.333 0.987 1.132 1.156 1.225 0.941 0.559 0.000 0.672 1.162 1.166 1.023 1.004 1.237 1.401 1.420 1.778 1.682 2.286 2.763 3.276 3.574 4.014 3.680 3.608 3.373 3.498 3.957 3.837 3.636 3.392 2.897 2.661 2.153 1.841 1.975 1.962 2.091 2.370 2.838 2.962 3.508 4.049 3.173 2.801 2.245 2.017 1.761 1.862 1.548 1.584 2.270 2.256 2.191 2.552 2.940 2.857 2.928 3.554 3.698 3.614 4.429 4.635 4.569 3.879 3.718 3.269 3.174 2.663 2.557 2.860 3.167 4.378 5.797 6.722 8.551 12.554 12.883 17.679 17.346 20.392 21.406 22.134 20.597 20.620 20.687
5.075 3.407 3.507 3.344 2.797 2.257 1.820 1.434 1.244 1.555 1.800 1.867 1.478 1.042 0.587 0.000 0.556 0.974 1.200 1.480 1.585 1.730 1.598 2.270 2.142 2.567 3.063 3.349 4.052 4.433 3.947 3.991 3.686 4.053 4.616 4.421 4.425 4.134 3.475 3.352 2.780 2.393 2.647 2.260 2.636 2.798 3.352 3.532 4.002 4.395 3.716 3.274 2.672 2.510 2.268 2.288 2.230 1.835 2.374 2.669 2.389 2.488 2.953 3.227 3.093 3.369 3.841 3.822 4.493 4.699 4.813 4.341 4.313 3.858 3.700 3.154 3.048 3.360 3.628 4.804 6.361 7.600 9.516 12.680 12.709 17.255 17.443 20.504 22.727 22.198 22.097 21.235 21.274
6.957 5.707 5.124 5.008 4.147 3.633 3.032 2.433 2.198 2.440 2.034 2.541 2.138 1.330 1.299 0.687 0.000 0.631 1.164 1.734 2.250 2.567 2.489 2.762 2.833 3.172 3.831 4.362 4.766 5.621 5.584 5.238 5.119 4.939 5.630 5.465 5.350 4.954 4.198 3.795 3.028 2.823 2.968 2.797 3.176 3.606 4.088 4.683 4.885 5.225 4.764 4.155 3.333 3.100 2.762 2.804 3.113 3.418 3.817 3.796 3.722 4.338 4.771 4.553 4.932 5.530 5.538 5.769 6.132 6.397 6.447 6.068 5.370 4.889 4.388 3.947 3.367 3.718 4.054 5.394 6.578 7.602 8.516 11.937 13.007 17.869 17.614 20.385 20.689 21.911 19.837 19.454 20.145
5.893 4.557 4.178 4.101 3.544 3.061 2.519 2.086 1.484 1.425 1.369 1.616 1.515 1.235 1.288 0.982 0.565 0.000 0.578 0.828 1.078 1.635 2.003 2.636 2.739 3.460 3.942 4.411 5.079 5.368 4.975 4.674 4.240 4.789 5.131 4.756 4.820 4.342 3.704 3.637 3.253 2.652 2.616 2.057 2.143 1.911 2.215 2.645 2.978 2.853 2.446 2.062 1.909 1.504 1.484 1.764 1.924 2.095 2.557 2.470 2.275 2.854 3.102 2.774 3.105 3.743 3.727 3.677 4.297 4.686 4.340 3.888 3.373 3.090 2.611 2.707 2.523 2.995 3.463 4.565 5.998 6.436 7.676 12.021 12.964 18.073 16.840 20.577 20.011 22.373 19.499 19.862 20.272
4.180 2.529 2.299 2.335 1.948 1.763 1.391 1.204 0.891 0.887 0.983 1.213 1.146 0.865 1.050 1.028 0.759 0.537 0.000 0.500 0.654 0.924 1.130 1.461 1.560 2.031 2.269 2.612 3.010 3.143 2.882 2.675 2.460 2.765 2.948 2.787 2.819 2.458 2.154 2.075 1.879 1.556 1.527 1.242 1.270 1.389 1.636 1.698 2.068 2.092 1.773 1.558 1.241 1.171 1.120 1.189 1.179 1.262 1.430 1.431 1.261 1.521 1.623 1.635 1.771 1.952 2.111 2.171 2.494 2.608 2.582 2.322 2.194 1.923 1.875 1.691 1.763 2.028 2.711 3.687 5.243 6.042 8.773 13.786 12.071 16.860 15.874 21.288 21.596 21.836 20.462 18.479 19.588
3.733 2.243 1.906 2.024 1.752 1.610 1.258 1.154 0.851 0.789 0.867 1.089 1.115 0.927 1.112 1.136 1.020 0.725 0.493 0.000 0.520 0.673 0.961 1.329 1.511 1.886 2.044 2.372 2.687 2.738 2.407 2.155 2.051 2.452 2.526 2.255 2.555 2.165 1.883 1.967 1.809 1.508 1.463 1.061 1.023 1.144 1.314 1.382 1.639 1.802 1.523 1.379 1.053 1.044 1.004 1.017 1.051 1.090 1.349 1.260 1.088 1.359 1.545 1.420 1.477 1.684 1.848 1.770 2.197 2.203 2.040 1.751 1.743 1.514 1.521 1.429 1.432 1.839 2.537 3.565 5.262 6.266 7.673 13.023 12.447 17.868 15.081 19.793 19.405 21.060 17.595 18.723 19.547
3.142 1.703 1.315 1.308 1.101 0.981 0.749 0.742 0.641 0.694 0.863 1.040 1.016 0.882 1.019 1.126 1.124 0.883 0.596 0.501 0.000 0.493 0.626 0.816 0.977 1.182 1.329 1.491 1.795 1.890 1.650 1.593 1.387 1.678 1.812 1.737 1.838 1.627 1.352 1.378 1.254 1.114 1.004 0.815 0.732 0.955 1.078 1.142 1.419 1.611 1.368 1.214 0.935 0.954 0.937 0.936 0.966 0.935 1.142 1.137 0.961 1.059 1.288 1.220 1.161 1.364 1.588 1.496 1.813 1.771 1.695 1.428 1.402 1.175 1.213 1.082 1.198 1.510 2.292 3.179 4.789 5.432 8.418 12.284 13.126 16.167 16.599 18.743 21.870 20.269 20.050 16.681 17.249
3.056 1.465 1.069 1.045 0.832 0.754 0.587 0.580 0.555 0.603 0.775 0.905 0.877 0.837 0.893 1.091 1.273 1.106 0.787 0.612 0.497 0.000 0.497 0.548 0.712 0.837 0.910 1.140 1.292 1.471 1.268 1.198 1.030 1.163 1.306 1.215 1.244 1.108 0.911 0.926 0.826 0.801 0.665 0.592 0.578 0.705 0.820 0.872 1.072 1.226 1.040 0.921 0.727 0.799 0.832 0.808 0.779 0.746 0.894 0.879 0.737 0.854 0.996 0.959 0.925 1.119 1.318 1.229 1.472 1.465 1.335 1.141 1.063 0.889 0.888 0.765 0.852 1.126 2.069 3.051 4.403 5.519 7.067 10.850 11.670 13.051 13.464 16.236 18.718 16.581 18.194 14.900 16.618
3.050 1.439 1.054 0.937 0.718 0.646 0.560 0.564 0.586 0.663 0.834 0.964 0.959 0.900 0.896 1.183 1.347 1.153 0.897 0.735 0.569 0.491 0.000 0.490 0.552 0.674 0.752 0.948 1.131 1.294 1.143 1.128 0.946 1.017 1.192 1.125 1.104 0.993 0.826 0.799 0.671 0.657 0.587 0.573 0.619 0.770 0.898 0.961 1.185 1.309 1.128 0.999 0.846 0.866 0.898 0.855 0.859 0.803 0.959 0.956 0.829 0.907 1.074 1.040 1.026 1.179 1.381 1.313 1.572 1.508 1.440 1.204 1.152 0.955 0.934 0.790 0.844 1.061 2.010 3.059 4.619 5.407 8.005 11.876 11.945 13.120 13.245 17.810 17.264 17.589 18.069 16.460 16.985
2.966 1.350 0.953 0.829 0.626 0.561 0.542 0.590 0.722 0.854 1.046 1.175 1.167 1.092 1.013 1.239 1.510 1.359 1.066 0.951 0.739 0.559 0.490 0.000 0.493 0.539 0.649 0.862 1.074 1.241 1.066 1.083 0.890 1.005 1.185 1.142 1.097 0.974 0.793 0.685 0.575 0.613 0.580 0.593 0.638 0.811 0.925 0.960 1.191 1.349 1.167 1.054 0.922 0.972 1.073 1.028 1.027 0.923 1.056 1.068 0.895 0.909 1.115 1.064 0.977 1.147 1.340 1.321 1.519 1.457 1.416 1.169 1.168 0.934 0.924 0.798 0.854 1.033 2.078 2.998 4.582 5.415 7.553 10.890 11.542 13.420 14.161 16.426 21.208 20.885 20.000 17.815 18.717
3.381 1.675 1.266 1.097 0.767 0.614 0.626 0.763 1.002 1.212 1.443 1.638 1.535 1.468 1.252 1.529 1.893 1.769 1.451 1.278 1.018 0.779 0.601 0.496 0.000 0.508 0.794 1.050 1.323 1.590 1.438 1.467 1.236 1.392 1.661 1.544 1.560 1.323 1.023 0.966 0.697 0.786 0.789 0.818 0.839 1.054 1.089 1.177 1.380 1.550 1.375 1.277 1.138 1.196 1.354 1.327 1.389 1.260 1.426 1.356 1.130 1.223 1.423 1.278 1.241 1.465 1.660 1.569 1.879 1.878 1.744 1.462 1.353 1.157 1.141 1.015 1.152 1.319 2.336 3.272 4.585 5.108 6.880 9.616 10.577 14.179 14.295 16.429 18.018 18.100 19.279 18.116 18.236
3.331 1.521 1.173 0.840 0.690 0.701 0.813 0.871 1.160 1.458 1.688 1.766 1.596 1.423 1.265 1.522 1.795 1.683 1.522 1.509 1.359 1.152 0.862 0.659 0.511 0.000 0.498 0.699 0.923 1.158 0.963 1.080 0.924 0.884 1.106 1.226 1.248 1.336 1.090 1.028 0.784 1.014 1.128 1.237 1.369 1.752 1.932 1.790 2.118 2.500 2.250 2.190 1.796 1.865 1.901 1.899 1.756 1.525 1.809 1.957 1.638 1.584 1.967 1.966 1.655 1.890 2.234 2.162 2.335 2.120 2.071 1.864 1.985 1.730 1.833 1.575 1.658 1.671 2.478 3.415 4.959 5.472 7.644 12.058 11.369 14.960 14.339 18.822 19.259 19.542 16.382 17.151 17.106
2.996 1.255 0.870 0.659 0.574 0.688 0.870 1.057 1.284 1.475 1.724 1.805 1.704 1.597 1.444 1.661 1.962 1.891 1.634 1.579 1.340 1.119 0.928 0.715 0.671 0.497 0.000 0.501 0.646 0.863 0.744 0.817 0.691 0.666 0.888 0.919 0.937 0.952 0.815 0.874 0.744 0.955 0.962 1.087 1.103 1.353 1.433 1.297 1.499 1.771 1.718 1.646 1.469 1.582 1.748 1.652 1.721 1.491 1.605 1.677 1.398 1.358 1.596 1.477 1.275 1.417 1.670 1.534 1.672 1.514 1.426 1.314 1.339 1.193 1.309 1.188 1.333 1.391 2.377 3.341 4.969 5.514 8.249 11.626 12.489 15.890 15.127 17.814 21.711 18.438 16.842 15.493 16.893
3.142 1.284 0.926 0.686 0.663 0.900 1.107 1.354 1.569 1.799 2.028 2.106 2.048 1.903 1.810 2.029 2.348 2.275 1.955 1.860 1.595 1.357 1.150 0.901 0.943 0.696 0.503 0.000 0.502 0.623 0.661 0.829 0.764 0.726 0.915 1.044 1.128 1.147 0.992 1.065 1.003 1.224 1.185 1.281 1.356 1.563 1.654 1.588 1.751 2.068 1.975 1.881 1.735 1.820 1.959 1.973 1.962 1.742 1.955 1.951 1.649 1.623 1.870 1.763 1.554 1.663 1.925 1.851 1.999 1.758 1.713 1.570 1.577 1.467 1.544 1.435 1.565 1.667 2.576 3.402 4.850 5.410 7.944 12.582 13.026 15.023 15.139 17.990 21.624 18.977 19.131 17.526 19.068
3.375 1.651 1.290 0.914 0.932 1.129 1.482 1.681 2.034 2.345 2.654 2.664 2.515 2.416 2.277 2.439 2.827 2.925 2.577 2.499 2.204 1.913 1.724 1.304 1.265 0.955 0.745 0.498 0.000 0.567 0.699 0.976 0.991 0.802 1.029 1.288 1.347 1.588 1.352 1.493 1.399 1.748 1.706 1.925 1.897 2.297 2.357 2.141 2.407 2.859 2.689 2.702 2.415 2.566 2.738 2.648 2.554 2.206 2.380 2.497 2.179 2.040 2.373 2.344 2.035 2.184 2.478 2.320 2.479 2.208 2.157 2.073 2.142 2.022 2.237 2.077 2.288 2.319 3.190 4.063 5.460 5.755 7.821 12.894 12.398 16.287 15.135 19.198 18.449 18.003 16.723 18.012 19.383
3.167 1.592 1.298 1.038 1.353 1.628 2.042 2.473 2.852 3.261 3.599 3.659 3.490 3.332 3.057 3.264 3.753 3.915 3.546 3.443 3.020 2.682 2.376 1.901 1.763 1.420 1.069 0.713 0.544 0.000 0.579 0.823 1.090 0.920 1.056 1.370 1.562 1.756 1.704 1.781 1.730 2.182 2.238 2.500 2.487 2.808 2.742 2.511 2.495 3.053 3.022 3.201 3.146 3.276 3.538 3.463 3.355 2.991 3.063 3.047 2.765 2.522 2.650 2.600 2.236 2.288 2.484 2.338 2.288 1.905 2.008 2.005 2.238 2.331 2.551 2.596 2.814 2.775 3.591 4.452 5.966 6.650 8.498 13.558 12.536 15.337 15.022 15.153 18.348 17.391 14.977 14.282 19.030
3.137 1.385 0.909 0.830 0.950 1.247 1.574 1.847 2.165 2.351 2.491 2.662 2.625 2.479 2.420 2.586 2.976 2.952 2.594 2.454 2.198 1.871 1.680 1.411 1.441 1.218 0.924 0.793 0.641 0.540 0.000 0.499 0.601 0.678 0.713 0.760 1.111 1.227 1.181 1.373 1.512 1.782 1.613 1.788 1.642 1.895 1.805 1.569 1.636 1.975 2.007 2.117 2.134 2.295 2.467 2.435 2.405 2.191 2.284 2.227 1.974 1.818 2.021 1.868 1.600 1.697 1.918 1.737 1.795 1.524 1.399 1.298 1.364 1.434 1.632 1.689 1.933 2.108 3.032 3.949 5.493 5.993 7.550 12.407 12.496 15.823 12.394 14.726 17.375 14.713 12.904 11.354 18.058
2.837 1.212 0.783 0.707 0.809 1.067 1.273 1.497 1.768 1.906 2.099 2.202 2.161 2.137 2.018 2.204 2.548 2.470 2.174 2.024 1.780 1.531 1.340 1.156 1.206 1.082 0.830 0.807 0.830 0.704 0.493 0.000 0.489 0.544 0.585 0.568 0.711 0.788 0.825 1.044 1.187 1.369 1.272 1.385 1.345 1.498 1.474 1.385 1.517 1.810 1.771 1.793 1.708 1.853 2.054 1.982 1.993 1.810 1.848 1.876 1.573 1.496 1.707 1.607 1.348 1.477 1.684 1.548 1.628 1.444 1.337 1.209 1.253 1.174 1.313 1.316 1.458 1.596 2.517 3.276 4.436 5.015 6.646 11.088 12.305 10.644 13.370 14.407 18.626 11.494 11.620 8.854 18.114
2.962 1.103 0.736 0.676 0.735 0.945 1.083 1.336 1.547 1.737 1.897 1.959 1.966 1.889 1.840 2.006 2.273 2.204 1.901 1.802 1.542 1.344 1.229 0.955 1.069 0.894 0.673 0.745 0.785 0.759 0.553 0.488 0.000 0.490 0.538 0.574 0.609 0.750 0.780 0.910 1.011 1.212 1.128 1.258 1.184 1.419 1.391 1.250 1.408 1.739 1.622 1.698 1.561 1.711 1.871 1.776 1.762 1.627 1.694 1.683 1.427 1.368 1.506 1.408 1.181 1.307 1.499 1.365 1.434 1.315 1.241 1.105 1.199 1.112 1.305 1.203 1.359 1.462 2.415 3.381 4.856 5.601 7.483 12.385 14.059 12.581 17.609 16.948 23.524 15.844 16.092 13.484 17.374
2.981 1.154 0.749 0.670 0.714 0.931 1.049 1.307 1.495 1.590 1.819 1.891 1.869 1.852 1.788 1.946 2.207 2.175 1.852 1.746 1.542 1.304 1.190 0.974 1.043 0.896 0.666 0.720 0.713 0.713 0.559 0.526 0.487 0.000 0.491 0.538 0.637 0.778 0.791 0.967 1.034 1.233 1.097 1.253 1.190 1.371 1.404 1.267 1.406 1.672 1.614 1.616 1.518 1.648 1.815 1.688 1.695 1.514 1.603 1.623 1.384 1.331 1.509 1.414 1.208 1.334 1.530 1.386 1.495 1.339 1.274 1.127 1.214 1.113 1.264 1.221 1.403 1.493 2.434 3.333 4.903 5.332 7.288 12.285 12.741 15.566 14.835 14.945 21.473 20.271 16.321 18.701 18.615
3.173 1.338 0.922 0.821 0.890 1.087 1.334 1.587 1.902 2.068 2.341 2.349 2.249 2.219 2.082 2.284 2.641 2.608 2.345 2.258 2.001 1.755 1.563 1.246 1.228 1.038 0.821 0.826 0.857 0.819 0.633 0.597 0.550 0.492 0.000 0.502 0.633 0.835 0.944 1.176 1.263 1.504 1.489 1.685 1.555 1.826 1.845 1.638 1.752 2.119 2.050 2.141 1.956 2.165 2.373 2.209 2.184 1.877 1.973 2.066 1.807 1.633 1.906 1.824 1.539 1.642 1.933 1.753 1.831 1.592 1.514 1.360 1.473 1.430 1.657 1.570 1.778 1.870 2.759 3.579 5.192 5.787 7.642 12.990 14.488 14.497 14.030 17.918 17.395 18.777 14.737 15.027 20.469
3.157 1.405 1.000 0.896 1.040 1.184 1.370 1.625 1.857 1.954 2.153 2.221 2.230 2.167 2.111 2.252 2.562 2.463 2.163 2.014 1.831 1.577 1.394 1.187 1.244 1.144 0.951 0.967 0.977 0.937 0.704 0.617 0.577 0.565 0.499 0.000 0.552 0.599 0.763 1.015 1.178 1.321 1.202 1.358 1.329 1.515 1.483 1.411 1.543 1.908 1.823 1.875 1.776 1.892 2.078 2.065 2.036 1.917 1.966 1.936 1.722 1.632 1.841 1.712 1.484 1.578 1.805 1.632 1.745 1.506 1.345 1.265 1.233 1.175 1.284 1.307 1.407 1.567 2.549 3.438 4.924 5.495 7.740 11.597 13.595 12.795 18.763 16.796 25.056 15.842 16.728 15.412 16.279
3.330 1.739 1.342 1.279 1.422 1.710 1.957 2.263 2.488 2.745 2.957 3.119 2.930 2.794 2.640 2.651 3.043 3.113 2.646 2.691 2.354 2.109 1.906 1.577 1.751 1.558 1.220 1.343 1.315 1.207 1.049 0.853 0.769 0.735 0.648 0.528 0.000 0.539 0.702 1.080 1.396 1.597 1.405 1.764 1.789 2.058 2.083 1.915 2.051 2.496 2.479 2.540 2.485 2.493 2.880 2.872 2.911 2.726 2.802 2.844 2.396 2.318 2.543 2.356 2.025 2.174 2.394 2.147 2.232 1.816 1.733 1.638 1.711 1.628 1.724 1.598 1.665 1.672 2.637 3.571 5.082 5.659 8.776 11.373 15.312 14.976 15.194 19.379 20.731 20.289 14.355 18.298 18.192
3.457 1.735 1.275 1.217 1.154 1.332 1.367 1.509 1.654 1.831 1.975 2.183 2.055 1.931 1.805 1.940 2.203 2.140 1.764 1.735 1.427 1.368 1.195 1.019 1.237 1.221 1.026 1.216 1.284 1.244 1.139 1.006 0.764 0.781 0.799 0.574 0.510 0.000 0.520 0.750 1.022 1.098 0.885 1.062 1.130 1.295 1.400 1.422 1.621 1.856 1.796 1.725 1.601 1.591 1.829 1.930 2.000 1.861 2.002 1.966 1.672 1.768 1.934 1.770 1.603 1.855 1.998 1.790 1.995 1.842 1.613 1.401 1.354 1.122 1.146 1.007 1.117 1.290 2.314 3.249 4.927 5.618 8.431 12.258 14.491 14.413 21.471 17.775 19.939 19.674 14.286 17.312 19.512
3.345 1.543 1.103 0.996 0.873 1.034 1.073 1.273 1.415 1.562 1.742 1.896 1.833 1.704 1.617 1.722 1.987 1.935 1.669 1.597 1.326 1.173 0.979 0.795 0.942 0.909 0.801 1.056 1.192 1.266 1.090 0.985 0.764 0.840 0.944 0.700 0.651 0.502 0.000 0.505 0.644 0.839 0.704 0.940 0.994 1.182 1.275 1.261 1.484 1.710 1.596 1.555 1.440 1.512 1.710 1.709 1.736 1.613 1.752 1.768 1.445 1.481 1.728 1.537 1.356 1.579 1.769 1.579 1.782 1.653 1.478 1.273 1.191 1.019 1.080 0.965 1.071 1.175 2.199 3.108 4.546 5.447 8.139 11.664 14.853 13.410 22.458 17.904 23.314 19.225 17.196 15.542 17.709
3.626 1.993 1.505 1.359 1.132 1.157 1.157 1.217 1.363 1.684 1.922 2.022 1.835 1.716 1.488 1.664 1.951 1.971 1.687 1.684 1.414 1.217 0.913 0.723 0.800 0.888 0.965 1.329 1.513 1.702 1.543 1.390 1.084 1.141 1.317 1.049 0.922 0.703 0.513 0.000 0.497 0.669 0.646 0.951 1.114 1.370 1.486 1.512 1.727 2.025 1.963 1.869 1.701 1.754 1.932 1.946 1.987 1.795 1.993 2.093 1.685 1.800 2.054 1.936 1.724 2.060 2.238 2.004 2.249 2.063 1.813 1.597 1.442 1.278 1.269 1.044 1.124 1.193 2.294 3.213 4.789 5.472 7.634 9.930 11.662 13.286 16.033 17.905 19.204 20.192 16.848 16.034 18.086
3.515 1.803 1.407 1.226 0.971 0.950 0.950 1.027 1.199 1.418 1.628 1.739 1.662 1.549 1.382 1.593 1.873 1.769 1.473 1.435 1.201 1.014 0.802 0.640 0.681 0.764 0.839 1.123 1.326 1.570 1.425 1.395 1.102 1.137 1.347 1.216 1.111 0.930 0.701 0.503 0.000 0.533 0.591 0.828 1.003 1.261 1.412 1.421 1.695 1.901 1.816 1.713 1.468 1.528 1.631 1.693 1.680 1.500 1.663 1.753 1.452 1.497 1.780 1.724 1.571 1.781 1.982 1.872 2.062 1.969 1.844 1.634 1.584 1.354 1.291 1.045 1.072 1.180 2.217 3.258 4.906 5.530 8.850 11.703 13.054 16.434 16.541 19.114 17.226 18.862 19.913 18.783 18.199
3.811 2.232 1.837 1.556 1.218 1.197 1.208 1.342 1.493 1.796 2.078 2.278 2.192 2.016 1.803 1.936 2.243 2.140 1.734 1.699 1.325 1.186 0.873 0.713 0.774 0.842 0.984 1.298 1.510 1.848 1.722 1.811 1.434 1.468 1.814 1.677 1.579 1.311 0.943 0.723 0.522 0.000 0.528 0.706 1.007 1.229 1.616 1.837 2.104 2.338 2.192 1.891 1.768 1.540 1.810 2.061 2.155 2.056 2.294 2.373 1.923 2.065 2.431 2.307 2.113 2.409 2.709 2.499 2.852 2.764 2.546 2.116 1.972 1.591 1.433 1.035 0.929 1.131 2.240 3.301 4.761 5.688 7.930 11.337 12.120 15.614 15.918 19.159 19.291 21.690 18.995 19.976 20.031
3.523 1.800 1.406 1.236 1.013 0.978 0.931 0.971 1.024 1.152 1.354 1.537 1.525 1.457 1.318 1.541 1.769 1.627 1.313 1.193 0.903 0.755 0.616 0.650 0.785 0.884 0.950 1.215 1.403 1.610 1.452 1.388 1.163 1.213 1.431 1.249 1.206 1.004 0.770 0.634 0.603 0.508 0.000 0.503 0.630 0.814 1.028 1.165 1.417 1.521 1.441 1.182 1.054 1.017 1.215 1.251 1.338 1.320 1.418 1.402 1.205 1.327 1.498 1.417 1.340 1.593 1.754 1.710 1.963 1.922 1.804 1.492 1.355 1.057 0.993 0.771 0.759 0.962 2.110 3.061 4.536 5.651 7.101 11.061 11.644 12.700 14.844 18.589 21.271 21.150 18.198 18.510 18.574
3.551 1.989 1.608 1.605 1.311 1.271 1.046 1.132 1.168 1.262 1.568 1.727 1.737 1.652 1.429 1.613 1.922 1.873 1.439 1.334 0.967 0.801 0.712 0.775 1.024 1.233 1.320 1.677 1.911 2.135 1.860 1.772 1.463 1.693 1.898 1.659 1.659 1.335 1.030 0.898 0.870 0.707 0.513 0.000 0.511 0.651 0.788 0.928 1.191 1.302 1.156 1.044 0.913 1.038 1.315 1.332 1.465 1.389 1.511 1.402 1.126 1.337 1.482 1.261 1.289 1.579 1.657 1.557 1.906 1.946 1.775 1.406 1.224 0.947 0.855 0.665 0.689 0.869 1.981 3.067 4.817 5.857 8.365 11.695 12.661 15.840 14.979 19.441 20.392 18.802 18.154 17.410 17.922
3.222 1.473 1.059 1.059 0.891 0.878 0.732 0.799 0.791 0.815 0.954 1.118 1.170 1.089 1.117 1.298 1.489 1.327 1.044 0.908 0.691 0.565 0.564 0.630 0.805 0.925 0.941 1.172 1.349 1.486 1.295 1.184 0.998 1.152 1.260 1.147 1.175 0.983 0.817 0.844 0.822 0.771 0.583 0.495 0.000 0.492 0.529 0.617 0.798 0.893 0.775 0.652 0.588 0.694 0.869 0.817 0.918 0.926 0.996 0.923 0.778 0.907 0.972 0.851 0.833 1.042 1.154 1.054 1.297 1.281 1.128 0.915 0.807 0.627 0.576 0.545 0.640 0.971 2.094 2.957 4.734 6.221 7.755 10.510 11.162 11.686 14.247 15.148 20.448 17.879 15.911 14.705 17.176
3.200 1.603 1.222 1.183 1.010 1.004 0.886 0.965 0.947 0.939 1.069 1.264 1.285 1.279 1.268 1.498 1.674 1.491 1.159 1.026 0.825 0.702 0.728 0.767 0.957 1.036 1.061 1.267 1.449 1.557 1.360 1.268 1.109 1.201 1.343 1.211 1.210 1.063 0.860 0.950 0.951 0.889 0.709 0.585 0.489 0.000 0.491 0.577 0.751 0.836 0.664 0.569 0.597 0.708 0.869 0.887 1.021 1.036 1.093 0.996 0.853 0.984 1.073 0.903 0.923 1.127 1.190 1.104 1.360 1.358 1.200 0.958 0.830 0.635 0.566 0.567 0.688 1.026 2.000 3.057 4.654 5.930 7.631 12.641 12.132 12.637 14.991 15.643 20.855 19.461 17.053 16.924 18.474
3.060 1.415 1.052 1.148 1.073 1.120 0.978 1.058 1.015 0.961 1.071 1.256 1.332 1.277 1.330 1.491 1.667 1.441 1.160 1.023 0.858 0.783 0.853 0.885 1.134 1.205 1.194 1.380 1.553 1.572 1.345 1.177 1.061 1.275 1.334 1.170 1.280 1.102 0.958 1.113 1.123 1.078 0.853 0.706 0.537 0.491 0.000 0.488 0.547 0.657 0.561 0.535 0.562 0.668 0.838 0.829 0.980 1.009 1.051 0.894 0.776 0.888 0.918 0.719 0.753 0.919 0.981 0.809 1.061 1.064 0.955 0.705 0.637 0.553 0.564 0.653 0.766 1.101 2.037 2.946 4.508 6.025 8.266 14.051 12.414 14.809 13.924 15.365 17.413 17.437 14.273 15.022 18.271
3.106 1.317 0.990 1.089 1.037 1.070 0.971 1.099 1.075 1.004 1.122 1.288 1.404 1.376 1.440 1.657 1.822 1.599 1.307 1.115 0.941 0.836 0.919 0.905 1.131 1.191 1.123 1.307 1.482 1.499 1.284 1.131 1.021 1.217 1.280 1.146 1.244 1.103 0.970 1.143 1.173 1.154 0.949 0.827 0.613 0.565 0.491 0.000 0.497 0.642 0.544 0.555 0.583 0.745 0.910 0.859 1.004 1.021 1.076 0.914 0.786 0.882 0.893 0.734 0.664 0.866 0.905 0.736 0.991 1.012 0.896 0.670 0.598 0.552 0.618 0.728 0.908 1.271 2.250 3.170 4.500 5.644 6.935 11.744 11.418 13.924 12.123 15.160 16.592 14.308 19.427 11.680 17.705
3.418 1.688 1.380 1.470 1.432 1.473 1.406 1.564 1.612 1.565 1.763 1.992 2.047 2.067 2.036 2.248 2.527 2.323 1.951 1.751 1.475 1.276 1.312 1.356 1.541 1.673 1.590 1.771 1.952 2.047 1.760 1.519 1.432 1.684 1.776 1.597 1.803 1.583 1.454 1.633 1.705 1.674 1.408 1.279 0.977 1.027 0.712 0.514 0.000 0.657 0.632 0.835 0.962 1.243 1.465 1.340 1.547 1.520 1.610 1.345 1.135 1.287 1.310 1.035 0.995 1.302 1.304 1.005 1.322 1.342 1.130 0.837 0.739 0.712 0.946 1.183 1.434 1.804 2.691 3.647 4.978 5.937 7.294 12.532 12.216 12.838 12.454 15.183 15.911 17.984 17.219 13.822 19.188
3.870 2.300 1.902 2.260 2.165 2.465 2.277 2.543 2.483 2.181 2.103 2.527 2.902 2.824 3.041 3.085 3.394 2.950 2.596 2.304 2.074 1.996 2.311 2.250 2.710 2.790 2.557 2.803 3.071 2.864 2.482 2.067 2.021 2.521 2.394 2.080 2.481 2.215 2.132 2.532 2.766 2.673 2.306 2.065 1.654 1.373 0.927 0.708 0.540 0.000 0.546 0.788 1.114 1.427 1.531 1.535 1.948 2.172 2.189 1.720 1.604 1.961 1.755 1.300 1.489 1.854 1.664 1.286 1.578 1.604 1.298 1.095 0.953 1.151 1.412 1.758 2.140 2.593 3.412 4.534 5.833 6.297 7.877 11.812 11.454 15.602 12.293 18.330 14.519 17.893 14.920 16.973 19.271
3.637 1.762 1.483 1.651 1.504 1.506 1.311 1.342 1.277 1.120 1.194 1.400 1.525 1.513 1.623 1.817 1.904 1.654 1.383 1.173 1.062 0.993 1.192 1.254 1.545 1.717 1.751 1.934 2.167 2.176 1.947 1.730 1.525 1.876 1.944 1.808 1.932 1.730 1.438 1.687 1.677 1.558 1.298 1.084 0.832 0.741 0.591 0.582 0.591 0.514 0.000 0.496 0.555 0.700 0.890 0.901 1.122 1.183 1.272 1.027 0.902 1.132 1.121 0.877 0.949 1.216 1.214 1.052 1.321 1.393 1.221 0.956 0.866 0.831 0.921 1.050 1.260 1.658 2.554 3.555 5.003 6.229 7.948 13.078 13.036 16.390 12.497 18.102 17.255 19.726 18.670 17.713 18.732
3.452 1.844 1.471 1.564 1.377 1.369 1.150 1.174 1.053 0.937 1.038 1.242 1.322 1.334 1.411 1.605 1.738 1.545 1.220 1.055 0.912 0.863 1.035 1.108 1.338 1.582 1.558 1.813 2.072 2.112 1.873 1.664 1.438 1.813 1.858 1.655 1.767 1.487 1.308 1.442 1.478 1.318 1.072 0.923 0.720 0.596 0.584 0.623 0.769 0.671 0.494 0.000 0.496 0.550 0.771 0.757 0.956 1.031 1.134 0.947 0.868 1.052 1.073 0.901 0.988 1.231 1.292 1.138 1.493 1.547 1.405 1.114 0.991 0.851 0.876 0.924 1.043 1.383 2.276 3.267 4.725 5.664 7.050 12.103 12.080 17.031 14.841 17.963 17.340 18.186 17.609 16.854 18.733
3.534 1.909 1.602 1.650 1.486 1.370 1.143 1.125 0.994 0.852 0.953 1.180 1.281 1.232 1.372 1.552 1.661 1.429 1.176 0.943 0.847 0.785 1.017 1.174 1.363 1.531 1.654 1.883 2.125 2.272 2.011 1.810 1.647 1.882 1.969 1.814 1.994 1.681 1.454 1.546 1.495 1.336 1.183 0.929 0.789 0.651 0.615 0.721 0.917 0.877 0.594 0.497 0.000 0.520 0.701 0.703 0.852 0.954 1.080 0.929 0.806 1.065 1.091 0.876 1.045 1.307 1.330 1.258 1.593 1.728 1.502 1.236 1.064 0.982 0.956 0.985 1.143 1.510 2.406 3.244 4.677 5.895 7.169 12.617 11.928 15.643 14.231 18.834 18.699 19.564 18.982 16.872 16.851
3.854 2.236 1.967 2.177 1.980 1.930 1.596 1.599 1.381 1.074 1.114 1.396 1.603 1.599 1.834 2.024 2.036 1.657 1.400 1.042 1.056 1.061 1.464 1.668 2.002 2.183 2.260 2.488 2.772 2.903 2.492 2.252 2.091 2.583 2.552 2.374 2.568 2.269 2.024 2.147 2.150 1.932 1.715 1.286 1.027 0.847 0.846 0.977 1.200 1.234 0.887 0.651 0.504 0.000 0.586 0.811 1.083 1.358 1.465 1.238 1.097 1.369 1.410 1.174 1.310 1.535 1.555 1.528 1.848 1.939 1.859 1.559 1.525 1.303 1.317 1.355 1.465 2.013 2.770 3.806 5.380 5.954 8.198 13.291 12.254 17.197 15.184 20.868 18.884 20.358 18.751 18.110 19.597
4.649 3.127 2.724 2.952 2.520 2.370 1.928 1.838 1.494 1.055 0.987 1.248 1.651 1.675 2.020 2.197 2.274 1.911 1.533 1.141 1.204 1.301 1.673 1.952 2.337 2.758 2.869 3.139 3.549 3.738 3.398 3.189 2.856 3.214 3.396 2.972 3.091 2.574 2.383 2.402 2.433 2.161 1.912 1.467 1.363 1.051 1.235 1.576 1.907 1.833 1.455 1.038 0.828 0.538 0.000 0.635 0.889 1.387 1.471 1.325 1.351 1.818 1.804 1.704 1.911 2.310 2.371 2.307 3.084 3.029 2.774 2.363 2.109 1.767 1.484 1.594 1.556 2.036 2.900 3.883 5.227 5.983 7.781 14.204 13.182 18.772 16.114 21.224 20.526 21.214 20.014 19.328 20.233
3.599 2.044 1.737 1.856 1.637 1.425 1.189 1.095 0.906 0.625 0.661 0.810 1.002 1.118 1.329 1.605 1.671 1.443 1.167 0.876 0.901 0.885 1.203 1.353 1.506 1.777 1.928 2.089 2.336 2.481 2.223 2.041 1.909 2.196 2.277 2.168 2.293 2.010 1.780 1.921 1.768 1.631 1.461 1.192 1.052 0.944 0.985 1.114 1.351 1.394 1.039 0.858 0.707 0.695 0.516 0.000 0.496 0.629 0.745 0.692 0.696 0.922 0.998 0.987 1.150 1.326 1.456 1.501 1.840 1.943 1.867 1.599 1.522 1.341 1.281 1.319 1.432 1.760 2.628 3.518 4.741 5.732 7.170 13.275 11.150 16.896 14.759 18.236 18.672 19.472 20.040 17.544 18.259
3.273 1.664 1.333 1.345 1.155 1.007 0.863 0.780 0.703 0.573 0.616 0.689 0.798 0.926 1.050 1.299 1.440 1.264 1.022 0.822 0.847 0.791 0.939 1.016 1.090 1.202 1.335 1.456 1.688 1.823 1.635 1.564 1.443 1.623 1.751 1.734 1.776 1.655 1.401 1.497 1.320 1.295 1.225 1.070 0.979 0.960 1.018 1.045 1.258 1.319 1.044 0.910 0.748 0.780 0.679 0.492 0.000 0.489 0.531 0.537 0.544 0.619 0.752 0.819 0.909 0.998 1.180 1.208 1.586 1.657 1.620 1.358 1.378 1.216 1.271 1.229 1.352 1.601 2.410 3.344 4.455 5.553 7.989 12.592 13.187 17.068 14.712 17.601 16.973 19.704 17.796 18.512 19.621
3.232 1.549 1.216 1.243 1.069 0.964 0.820 0.748 0.629 0.607 0.641 0.685 0.844 0.891 1.001 1.281 1.391 1.206 1.035 0.835 0.853 0.742 0.886 0.982 1.041 1.182 1.303 1.421 1.686 1.854 1.550 1.480 1.354 1.552 1.708 1.648 1.731 1.593 1.365 1.465 1.287 1.237 1.158 1.039 0.947 1.002 1.020 0.994 1.211 1.300 1.055 0.977 0.815 0.901 0.814 0.564 0.488 0.000 0.488 0.515 0.521 0.527 0.629 0.726 0.744 0.831 1.040 1.090 1.369 1.434 1.446 1.241 1.304 1.162 1.244 1.183 1.329 1.566 2.440 3.414 4.560 5.406 7.406 11.501 11.748 17.917 14.938 18.468 18.898 20.410 20.150 17.126 16.312
3.464 1.807 1.555 1.646 1.493 1.225 1.071 0.918 0.851 0.731 0.800 0.832 0.902 1.021 1.146 1.424 1.551 1.382 1.243 1.038 1.085 0.990 1.169 1.283 1.353 1.557 1.737 1.942 2.167 2.263 2.015 1.904 1.845 2.046 2.145 2.130 2.141 2.082 1.788 1.859 1.680 1.579 1.586 1.344 1.218 1.293 1.214 1.133 1.261 1.381 1.134 1.206 0.987 1.123 1.026 0.722 0.534 0.489 0.000 0.491 0.559 0.588 0.581 0.671 0.841 0.855 0.971 1.092 1.406 1.546 1.592 1.386 1.504 1.411 1.558 1.581 1.711 1.971 2.698 3.638 4.747 5.820 7.451 13.199 12.729 17.393 14.832 18.574 17.762 19.960 18.690 16.557 18.035
3.100 1.571 1.241 1.348 1.199 1.104 0.920 0.917 0.814 0.711 0.789 0.806 0.935 1.084 1.195 1.453 1.569 1.406 1.166 0.962 0.959 0.836 0.993 1.059 1.182 1.353 1.439 1.596 1.880 1.905 1.666 1.495 1.397 1.659 1.711 1.599 1.718 1.524 1.365 1.480 1.433 1.359 1.231 1.083 0.894 0.928 0.861 0.804 0.969 1.123 0.871 0.882 0.737 0.878 0.841 0.607 0.529 0.511 0.488 0.000 0.488 0.517 0.533 0.525 0.612 0.716 0.858 0.888 1.190 1.308 1.239 1.030 1.057 0.980 1.083 1.106 1.283 1.568 2.434 3.382 4.575 5.562 7.602 11.524 11.164 15.607 13.022 18.225 17.287 18.825 14.836 16.148 17.866
3.068 1.376 1.062 1.143 1.035 0.950 0.826 0.853 0.803 0.708 0.781 0.836 0.944 1.045 1.129 1.450 1.596 1.391 1.193 0.964 0.934 0.772 0.915 0.943 1.088 1.209 1.212 1.378 1.632 1.642 1.400 1.271 1.175 1.419 1.479 1.424 1.563 1.427 1.238 1.324 1.290 1.274 1.163 1.035 0.863 0.907 0.870 0.802 1.003 1.177 0.946 0.880 0.756 0.871 0.827 0.607 0.549 0.518 0.507 0.487 0.000 0.488 0.517 0.531 0.537 0.628 0.810 0.851 1.176 1.243 1.228 0.986 1.053 0.948 1.073 1.101 1.280 1.545 2.447 3.454 4.795 5.803 7.743 12.519 12.474 14.731 14.546 16.896 17.390 18.692 17.744 15.820 16.799
3.158 1.410 1.157 1.241 1.122 1.015 0.866 0.847 0.803 0.721 0.820 0.889 0.997 1.084 1.157 1.417 1.560 1.351 1.145 0.996 0.906 0.765 0.909 0.996 1.132 1.320 1.353 1.504 1.759 1.787 1.493 1.402 1.354 1.590 1.643 1.621 1.666 1.552 1.363 1.458 1.388 1.301 1.192 1.032 0.885 0.963 0.925 0.854 1.041 1.210 1.005 0.961 0.785 0.923 0.896 0.658 0.602 0.529 0.523 0.511 0.487 0.000 0.490 0.516 0.537 0.568 0.687 0.820 1.099 1.183 1.245 1.046 1.110 1.029 1.119 1.156 1.283 1.556 2.414 3.302 4.527 5.465 7.129 12.084 10.712 15.166 12.599 17.298 15.033 17.525 18.975 13.689 17.033
3.264 1.572 1.376 1.471 1.370 1.186 1.047 1.043 1.012 0.927 1.070 1.047 1.135 1.280 1.371 1.722 1.875 1.678 1.546 1.259 1.207 1.060 1.197 1.263 1.343 1.541 1.648 1.806 2.095 2.160 1.837 1.731 1.656 1.934 2.029 1.965 2.106 1.955 1.706 1.822 1.695 1.612 1.547 1.318 1.166 1.177 1.073 0.931 1.057 1.208 0.980 1.073 0.944 1.151 1.166 0.861 0.757 0.634 0.563 0.560 0.535 0.490 0.000 0.490 0.554 0.598 0.675 0.792 1.121 1.260 1.288 1.119 1.212 1.187 1.345 1.426 1.663 1.935 2.720 3.611 4.777 5.871 7.947 13.186 12.480 15.801 14.185 18.463 16.822 18.256 16.338 15.143 17.281
3.081 1.365 1.066 1.178 1.087 1.045 0.918 0.992 0.970 0.861 0.987 1.049 1.144 1.256 1.324 1.645 1.796 1.569 1.351 1.149 1.044 0.896 1.020 1.030 1.165 1.297 1.288 1.463 1.721 1.727 1.445 1.286 1.195 1.481 1.503 1.395 1.559 1.402 1.213 1.394 1.376 1.355 1.175 1.079 0.872 0.940 0.826 0.688 0.892 1.036 0.840 0.908 0.787 0.978 1.009 0.778 0.716 0.680 0.589 0.529 0.515 0.501 0.488 0.000 0.488 0.530 0.616 0.628 0.987 1.083 1.045 0.844 0.910 0.864 1.004 1.078 1.266 1.573 2.455 3.430 4.616 5.479 6.743 12.702 11.562 14.374 11.767 16.479 16.356 17.136 17.056 14.201 18.240
3.117 1.331 0.997 1.099 1.023 1.019 0.892 0.994 1.003 0.919 1.039 1.147 1.246 1.270 1.401 1.650 1.829 1.621 1.348 1.147 1.046 0.889 1.004 0.983 1.154 1.255 1.223 1.400 1.590 1.598 1.356 1.223 1.164 1.361 1.440 1.392 1.504 1.387 1.225 1.344 1.326 1.309 1.173 1.044 0.854 0.926 0.837 0.702 0.883 1.043 0.840 0.867 0.788 0.968 1.022 0.808 0.779 0.737 0.687 0.593 0.534 0.535 0.511 0.488 0.000 0.491 0.608 0.636 1.008 1.047 1.056 0.888 0.942 0.871 0.988 1.050 1.245 1.541 2.465 3.411 4.943 5.745 7.271 11.890 12.629 13.420 14.927 17.063 20.122 16.957 17.013 13.178 16.932
3.422 1.539 1.304 1.476 1.342 1.305 1.140 1.266 1.277 1.187 1.406 1.475 1.567 1.610 1.671 1.921 2.101 1.964 1.665 1.453 1.275 1.080 1.256 1.270 1.523 1.691 1.694 1.915 2.206 2.214 1.856 1.697 1.645 2.002 2.081 2.004 2.135 1.935 1.672 1.756 1.731 1.644 1.505 1.309 1.085 1.196 1.127 0.968 1.186 1.430 1.184 1.273 1.035 1.256 1.355 1.107 1.063 0.992 0.907 0.835 0.662 0.619 0.586 0.561 0.493 0.000 0.515 0.673 1.072 1.229 1.326 1.115 1.255 1.139 1.347 1.384 1.552 1.874 2.640 3.515 4.846 5.742 8.251 13.241 12.045 17.023 13.945 17.884 18.651 17.643 18.421 15.517 19.134
3.643 1.962 1.898 2.131 2.041 1.760 1.707 1.793 1.845 1.831 2.221 2.083 2.162 2.385 2.469 2.800 3.081 2.962 2.739 2.435 2.227 1.912 2.046 2.066 2.214 2.374 2.489 2.625 3.100 3.157 2.627 2.498 2.401 2.963 3.111 3.071 3.372 3.070 2.631 2.940 2.712 2.711 2.565 2.340 2.057 2.115 1.882 1.429 1.473 1.794 1.665 1.950 1.790 2.184 2.317 1.860 1.630 1.405 1.250 1.319 1.129 0.845 0.835 0.882 0.760 0.539 0.000 0.616 1.092 1.440 1.532 1.373 1.708 1.893 2.261 2.416 2.724 3.091 3.780 4.866 6.144 6.891 8.778 13.176 11.792 16.538 14.294 18.783 18.207 17.232 19.012 15.673 18.164
3.934 2.116 1.752 2.270 2.246 2.366 2.210 2.529 2.630 2.442 2.802 2.718 2.835 3.256 3.232 3.522 3.937 3.730 3.434 2.946 2.645 2.236 2.494 2.409 2.738 2.844 2.638 2.962 3.269 3.215 2.660 2.345 2.283 2.794 2.844 2.482 2.928 2.618 2.462 2.860 2.975 2.976 2.560 2.481 2.058 2.229 1.811 1.411 1.371 1.786 1.728 1.996 1.913 2.459 2.603 2.229 2.252 2.235 1.726 1.704 1.632 1.420 1.167 1.060 0.979 0.860 0.540 0.000 0.851 1.195 1.250 1.121 1.426 1.700 2.007 2.324 2.671 3.053 3.809 4.805 6.211 6.928 8.018 12.343 13.064 14.388 12.916 18.113 16.478 19.136 20.061 15.051 18.685
4.014 2.234 2.121 2.572 2.771 3.107 3.088 3.482 3.596 3.176 3.224 3.613 4.010 3.991 4.366 4.562 4.898 4.489 4.192 3.419 3.294 2.872 3.379 3.273 3.799 3.825 3.576 3.593 3.856 3.639 2.912 2.408 2.669 3.265 2.923 2.838 3.538 3.451 3.123 3.723 4.094 4.112 3.568 3.165 2.656 2.553 2.194 1.631 1.709 2.161 1.832 2.191 2.152 2.730 2.948 2.338 2.618 2.831 2.494 1.994 2.059 2.148 1.649 1.327 1.467 1.431 1.011 0.677 0.000 0.538 0.928 1.273 1.772 2.175 2.539 2.928 3.487 4.152 4.768 5.893 7.063 7.909 9.583 12.793 12.491 14.460 12.610 18.079 16.825 18.149 21.275 13.679 17.136
3.743 1.991 1.841 2.245 2.438 2.803 3.019 3.329 3.527 3.501 3.897 3.953 4.068 4.087 4.130 4.438 4.819 4.704 4.370 3.935 3.469 3.182 3.254 3.061 3.385 3.267 2.939 2.974 3.173 2.886 2.374 1.890 2.102 2.439 2.263 2.038 2.413 2.393 2.468 2.992 3.333 3.538 3.180 3.028 2.620 2.701 2.372 1.781 1.666 2.224 2.177 2.620 2.622 3.127 3.423 3.163 3.169 2.969 2.760 2.579 2.422 2.317 1.948 1.707 1.593 1.617 1.272 0.997 0.532 0.000 0.576 1.003 1.418 1.813 2.306 2.627 3.215 3.529 4.270 5.193 6.438 7.164 8.968 13.420 13.033 13.383 12.272 17.117 14.370 16.246 14.469 10.564 17.536
3.324 1.592 1.315 1.582 1.736 1.998 2.076 2.351 2.491 2.447 2.668 2.914 2.977 2.924 2.935 3.099 3.342 3.224 2.857 2.603 2.224 2.031 2.137 1.974 2.317 2.300 2.012 2.158 2.357 2.179 1.758 1.459 1.494 1.898 1.775 1.643 1.896 1.735 1.682 2.060 2.327 2.331 1.920 1.871 1.575 1.555 1.355 1.113 1.091 1.467 1.547 1.717 1.766 2.018 2.321 2.211 2.397 2.310 2.226 2.051 1.789 1.820 1.768 1.471 1.293 1.447 1.406 1.011 0.812 0.522 0.000 0.537 0.771 0.955 1.291 1.526 1.831 2.264 2.985 3.980 5.343 5.977 7.551 11.978 13.392 13.755 12.889 18.491 22.935 15.759 10.724 11.667 17.999
3.105 1.357 1.056 1.285 1.304 1.484 1.527 1.794 1.838 1.825 2.015 2.195 2.258 2.198 2.203 2.356 2.486 2.360 2.052 1.908 1.582 1.441 1.480 1.372 1.648 1.679 1.467 1.676 1.852 1.757 1.447 1.210 1.188 1.433 1.432 1.286 1.439 1.303 1.215 1.441 1.622 1.627 1.326 1.283 1.063 1.054 0.924 0.771 0.793 1.101 1.129 1.223 1.274 1.477 1.722 1.646 1.782 1.715 1.731 1.529 1.314 1.332 1.309 1.118 0.981 1.109 1.094 0.857 0.846 0.701 0.504 0.000 0.505 0.627 0.846 1.005 1.239 1.569 2.449 3.471 4.779 5.585 7.933 12.321 12.954 11.622 14.259 13.323 23.767 17.335 14.020 12.609 16.860
3.098 1.533 1.112 1.315 1.251 1.406 1.326 1.513 1.488 1.442 1.598 1.798 1.892 1.823 1.839 1.951 2.148 1.984 1.651 1.512 1.248 1.153 1.216 1.165 1.451 1.555 1.391 1.624 1.777 1.731 1.488 1.236 1.133 1.381 1.400 1.213 1.351 1.175 1.104 1.280 1.435 1.338 1.127 1.003 0.831 0.821 0.730 0.604 0.631 0.907 0.895 0.993 0.988 1.153 1.372 1.336 1.474 1.495 1.517 1.331 1.155 1.257 1.259 1.024 0.965 1.153 1.166 0.900 1.005 0.931 0.722 0.496 0.000 0.504 0.654 0.807 1.017 1.356 2.273 3.266 4.797 5.695 8.264 12.485 14.571 16.191 20.739 18.449 19.283 15.643 14.425 13.045 20.430
3.198 1.380 0.993 1.113 1.039 1.103 1.017 1.177 1.176 1.144 1.238 1.424 1.505 1.454 1.506 1.690 1.856 1.653 1.362 1.204 1.005 0.899 0.968 0.949 1.152 1.235 1.146 1.355 1.570 1.574 1.323 1.117 0.999 1.212 1.264 1.103 1.185 0.994 0.905 1.066 1.141 1.128 0.895 0.817 0.615 0.656 0.580 0.558 0.644 0.893 0.797 0.794 0.811 0.917 1.088 1.042 1.117 1.154 1.188 1.070 0.915 1.014 1.060 0.899 0.825 1.026 1.100 0.917 1.080 1.041 0.845 0.611 0.496 0.000 0.501 0.592 0.824 1.183 2.109 3.024 4.541 6.333 8.122 13.012 15.609 17.246 20.294 19.469 18.831 18.243 16.338 14.010 19.231
3.241 1.686 1.261 1.362 1.214 1.283 1.114 1.268 1.244 1.228 1.415 1.553 1.609 1.574 1.574 1.742 1.937 1.774 1.428 1.306 1.050 0.964 1.007 0.998 1.289 1.407 1.374 1.633 1.845 1.890 1.620 1.389 1.210 1.464 1.532 1.282 1.360 1.074 0.998 1.154 1.256 1.159 0.881 0.741 0.587 0.593 0.594 0.625 0.812 0.982 0.892 0.872 0.854 0.991 1.185 1.129 1.287 1.266 1.343 1.239 1.023 1.161 1.202 1.005 0.979 1.199 1.271 1.076 1.331 1.348 1.122 0.844 0.667 0.499 0.000 0.507 0.663 1.071 2.072 3.148 4.812 6.745 9.354 17.860 14.418 17.078 17.616 17.294 20.340 18.448 14.243 18.196 19.250
3.658 1.958 1.505 1.608 1.476 1.503 1.288 1.440 1.357 1.430 1.589 1.834 1.793 1.637 1.622 1.744 1.934 1.848 1.501 1.437 1.124 1.024 1.033 1.066 1.386 1.540 1.690 1.888 2.200 2.216 1.913 1.639 1.443 1.719 1.800 1.542 1.600 1.283 1.035 1.200 1.277 1.116 0.833 0.718 0.644 0.693 0.764 0.846 0.962 1.179 1.103 1.072 1.064 1.158 1.429 1.421 1.546 1.518 1.683 1.496 1.236 1.452 1.531 1.258 1.259 1.528 1.583 1.305 1.603 1.627 1.304 1.075 0.841 0.652 0.512 0.000 0.506 0.896 1.841 2.984 4.188 5.587 6.946 14.990 14.961 17.123 17.734 18.556 16.660 15.675 13.700 15.895 17.342
4.106 2.424 2.058 2.153 1.840 1.898 1.645 1.928 1.825 1.897 2.246 2.535 2.461 2.354 2.268 2.321 2.591 2.535 1.965 1.930 1.459 1.300 1.296 1.350 1.830 1.999 2.029 2.497 2.876 2.977 2.589 2.397 1.970 2.428 2.560 2.216 2.278 1.738 1.412 1.396 1.614 1.390 0.906 0.782 0.808 0.925 1.187 1.313 1.540 1.756 1.657 1.539 1.447 1.511 1.866 1.930 2.113 1.994 2.137 2.052 1.675 1.853 1.971 1.736 1.719 1.999 2.074 1.870 2.300 2.276 2.093 1.716 1.569 1.132 0.933 0.532 0.000 0.561 1.521 2.762 4.677 5.734 7.230 17.248 11.715 16.337 16.173 18.617 18.985 19.678 16.709 19.259 19.519
8.891 7.261 6.095 6.033 4.898 4.887 4.224 4.782 4.662 5.108 5.604 6.521 6.028 5.784 5.091 5.147 5.864 6.143 4.787 4.762 3.544 3.489 3.205 3.396 4.007 4.553 4.877 6.216 6.660 7.660 7.008 6.733 5.387 5.779 6.631 5.423 4.987 3.739 3.557 2.463 3.069 2.578 1.586 2.035 2.676 2.344 2.936 3.899 4.332 4.156 4.254 3.375 3.813 3.397 4.513 5.274 5.508 5.607 6.078 5.604 4.799 5.814 6.050 5.325 5.436 6.770 6.630 5.867 7.156 7.659 6.663 5.551 4.355 3.250 2.360 1.717 0.661 0.000 1.038 2.495 4.397 5.422 7.524 12.791 13.401 19.857 17.567 23.772 22.567 24.168 23.194 21.503 21.126
12.277 10.690 8.125 9.484 7.548 8.756 7.540 9.275 9.622 10.789 12.272 13.156 12.817 11.103 10.293 9.748 10.954 10.926 9.716 9.743 8.001 7.332 6.041 5.744 7.715 9.051 9.061 11.292 12.340 13.372 11.739 9.542 8.683 9.900 11.552 9.310 9.298 7.229 5.256 5.568 6.201 4.804 3.650 4.367 5.061 6.871 7.833 6.939 8.433 11.065 10.847 10.547 9.116 9.651 11.004 11.491 12.585 11.462 12.807 12.090 9.719 10.468 11.549 10.237 8.285 10.785 11.343 9.259 10.719 10.828 9.758 7.743 6.908 5.222 5.585 3.694 2.763 0.924 0.000 1.810 4.202 6.746 8.312 13.604 14.995 19.299 18.315 23.599 23.339 23.224 23.031 20.591 20.656
20.070 18.066 16.969 16.966 14.153 12.964 10.295 10.949 10.456 11.741 13.676 15.039 14.023 12.774 10.945 9.932 12.736 13.781 10.390 11.571 7.986 8.015 7.130 8.182 10.434 13.568 13.876 17.298 19.209 19.735 18.569 18.091 15.962 17.784 18.658 16.777 15.754 12.865 10.641 8.606 8.833 6.300 5.832 5.560 7.801 9.224 11.797 13.423 15.904 15.977 15.067 13.770 11.504 11.058 12.360 12.838 13.231 12.432 14.438 13.993 12.526 13.446 14.800 14.337 14.465 15.985 16.868 16.473 18.662 19.234 18.358 16.875 15.594 12.909 10.686 7.552 5.445 3.708 1.361 0.000 1.541 5.096 6.588 11.061 11.932 15.915 16.967 20.587 20.685 22.266 22.570 23.327 23.803
20.206 18.580 18.250 18.063 15.488 13.784 12.563 11.884 12.170 13.407 14.250 14.968 14.287 12.569 11.214 10.925 11.690 12.584 11.810 12.494 11.259 11.579 9.738 10.914 10.808 13.230 14.656 16.985 18.706 19.853 19.305 19.399 17.199 18.314 19.271 19.031 17.169 15.468 12.328 9.502 9.389 7.540 8.101 8.823 12.566 14.592 17.458 18.321 18.292 17.253 17.217 15.817 15.954 15.096 14.725 15.580 14.912 14.110 16.234 16.353 15.694 15.607 17.227 16.833 16.516 17.216 18.289 17.733 19.607 19.232 19.378 20.050 18.875 16.680 14.621 11.866 7.931 5.159 3.558 1.687 0.000 0.951 2.695 4.169 6.218 8.812 11.449 14.552 16.924 17.590 18.184 20.614 20.973
22.172 21.140 20.051 19.491 16.917 15.675 15.688 14.156 13.871 15.955 16.252 17.875 16.414 13.220 12.790 11.559 11.645 13.480 12.548 14.407 13.525 15.272 13.258 14.396 12.297 14.609 15.606 18.283 19.416 21.425 20.552 20.970 17.793 19.048 20.321 19.171 18.176 17.025 14.957 12.875 11.445 10.351 11.294 11.364 14.801 16.087 20.081 20.211 20.248 20.131 20.822 20.412 18.141 17.339 17.642 18.557 17.170 16.820 18.897 19.375 18.282 17.946 20.745 20.314 19.073 20.543 21.714 20.305 22.138 21.234 22.275 21.398 23.211 18.821 17.883 14.692 10.256 6.381 4.546 3.506 0.809 0.000 0.967 2.165 3.960 5.554 7.908 10.571 12.549 13.772 14.915 16.630 17.902
20.150 19.854 20.052 18.750 17.712 15.971 16.394 14.217 13.959 15.755 15.841 16.603 15.365 13.928 12.578 11.616 11.848 13.910 13.120 13.727 14.027 15.311 12.827 13.890 13.428 15.178 15.973 17.685 19.371 19.831 19.049 20.438 18.083 19.373 19.625 19.107 16.695 15.791 14.904 12.713 12.472 10.248 12.452 12.173 14.488 15.214 17.107 19.542 21.449 20.162 21.110 19.841 17.763 17.261 16.852 17.894 17.147 16.740 17.623 18.769 18.190 17.961 19.376 19.408 19.175 19.295 20.623 20.646 21.426 20.775 21.620 23.365 18.324 17.084 15.807 15.735 11.710 7.226 4.714 3.898 2.693 0.700 0.000 0.751 1.645 2.823 4.034 5.090 7.068 8.449 9.926 11.659 12.795
20.198 19.823 20.960 19.215 18.118 17.323 16.760 14.196 14.052 15.358 14.551 15.882 15.111 11.529 12.246 10.502 10.396 12.005 12.556 12.731 15.673 17.054 14.701 15.313 13.565 15.864 15.659 18.048 19.744 20.357 19.433 21.665 16.196 19.037 19.637 17.078 17.281 19.076 17.446 14.026 11.602 10.311 14.935 15.247 18.476 19.430 17.939 17.814 21.218 21.211 22.082 20.622 18.618 17.080 16.849 18.662 16.564 15.809 17.944 19.924 19.536 17.245 21.560 19.662 20.051 21.315 21.505 21.729 21.096 21.753 23.441 19.639 18.757 19.724 18.769 17.903 12.261 7.029 5.960 4.496 2.704 1.614 0.613 0.000 0.636 1.137 1.807 2.164 2.639 3.264 4.633 5.593 6.948
20.408 20.411 19.097 17.663 14.851 15.131 14.436 13.304 13.646 14.428 14.656 15.014 14.167 12.667 11.694 10.752 10.959 12.195 12.851 12.604 13.867 15.010 12.501 13.581 12.914 14.116 13.424 17.412 18.406 19.033 18.903 20.306 15.027 16.834 18.447 18.013 16.724 18.516 15.041 12.740 10.913 9.813 13.349 12.353 16.528 17.918 17.885 17.077 18.976 19.171 21.266 18.636 16.439 15.739 17.411 18.086 16.546 15.683 17.300 17.336 17.701 17.595 20.858 18.998 19.356 19.960 20.508 21.660 21.880 21.423 17.947 18.840 19.565 21.542 17.582 18.961 7.870 7.415 6.019 5.270 3.243 1.841 1.100 0.557 0.000 0.555 0.872 1.372 1.843 2.174 2.910 4.006 6.049
20.878 21.372 17.566 17.632 17.435 15.842 17.677 15.319 15.459 18.039 14.996 15.670 15.317 13.707 13.527 11.894 11.260 12.077 13.002 14.532 17.150 19.002 16.381 15.740 14.182 15.873 15.037 18.198 17.897 20.039 19.604 19.507 14.848 18.078 18.608 18.632 16.580 15.162 16.631 12.412 11.186 11.424 14.012 13.119 18.649 18.302 18.060 21.398 22.668 23.091 21.890 20.252 18.517 16.376 17.397 19.599 15.681 17.278 19.025 20.348 21.072 18.581 23.031 21.327 19.192 22.251 22.986 21.679 21.049 21.850 18.711 21.978 22.079 24.160 19.744 16.175 12.276 8.371 7.154 5.349 3.896 2.711 1.781 1.007 0.553 0.001 0.547 0.857 1.186 1.670 2.175 3.064 4.779
21.190 18.765 19.922 18.349 18.230 14.811 16.450 12.697 14.818 15.353 13.948 16.134 14.681 12.576 12.113 11.284 10.852 11.693 11.979 13.497 15.468 17.313 14.167 16.078 14.019 14.494 17.984 17.437 17.731 19.084 18.186 21.821 17.959 17.775 18.935 17.393 15.038 16.878 17.241 12.073 11.566 10.895 13.206 13.072 18.138 16.506 18.899 19.803 22.830 20.116 21.428 19.134 18.385 16.885 16.790 18.716 15.276 15.471 17.057 20.061 18.067 17.733 22.445 19.439 18.263 22.736 21.970 20.873 21.111 21.846 22.945 18.813 15.596 23.397 16.832 17.933 10.645 8.103 6.314 5.073 3.799 2.605 1.593 1.112 0.749 0.518 0.000 0.535 0.776 1.092 1.456 2.294 4.652
20.278 18.278 19.921 17.370 15.423 16.090 17.557 14.830 15.688 16.763 15.037 15.751 15.331 14.254 13.725 12.360 11.397 12.763 13.899 13.995 15.189 18.783 14.012 16.618 14.712 14.852 17.237 16.771 17.303 17.878 17.574 22.423 17.153 17.498 18.240 13.875 17.689 14.198 16.162 11.339 11.464 10.142 13.331 15.322 18.077 16.759 18.333 20.748 21.232 22.008 20.884 21.469 20.126 18.988 16.074 18.891 15.697 17.887 17.689 19.026 20.964 20.272 22.738 18.767 18.312 20.381 21.935 23.451 22.283 23.665 21.490 26.368 20.077 20.443 15.493 17.028 11.911 7.987 6.077 5.011 4.174 2.951 1.991 1.438 1.097 0.787 0.519 0.000 0.527 0.816 1.234 1.961 4.315
20.405 17.544 24.235 19.033 19.371 16.481 18.065 15.288 15.736 15.291 15.289 16.081 15.400 13.969 12.834 12.498 12.580 13.876 13.638 14.747 16.713 17.531 14.057 17.228 14.241 14.957 17.743 15.381 14.737 17.014 17.911 20.707 18.124 16.561 18.066 19.000 17.236 15.393 13.477 12.275 11.843 10.911 13.429 13.276 19.502 17.745 19.250 19.735 22.555 21.152 21.341 22.289 19.424 19.582 18.203 18.711 16.209 18.802 18.056 21.227 18.808 18.397 21.708 18.804 19.659 19.563 20.936 20.624 22.016 20.564 22.386 26.395 21.833 19.976 20.230 17.841 13.326 9.256 6.981 5.443 4.608 3.285 2.255 1.762 1.400 1.027 0.779 0.521 0.000 0.558 0.970 2.006 3.995
20.484 21.742 18.367 18.357 15.637 15.893 15.847 15.860 15.867 16.724 16.035 17.259 15.599 14.759 14.988 12.940 13.279 14.458 14.835 15.015 15.683 17.053 13.976 16.637 14.364 16.227 16.268 16.221 18.366 19.346 20.301 19.847 17.706 17.435 18.411 14.373 16.813 17.832 16.002 12.233 12.209 10.723 13.349 13.013 17.817 18.543 19.458 19.622 22.431 23.227 21.995 19.805 19.634 19.176 17.933 19.037 17.706 18.846 18.455 19.285 21.342 19.761 22.375 20.082 19.359 20.284 21.028 22.877 22.346 21.907 22.632 22.718 22.415 21.465 16.887 18.548 12.724 9.115 7.862 6.250 5.206 4.332 3.404 2.670 2.102 1.731 1.271 0.959 0.581 0.000 0.585 1.507 3.539
22.347 23.320 23.047 17.030 20.060 16.387 17.904 16.442 17.024 18.935 18.721 19.785 17.616 16.295 16.205 15.476 16.061 17.126 17.613 16.855 16.412 18.480 16.034 16.738 15.546 16.452 15.920 18.178 18.280 19.498 19.806 20.572 16.998 18.157 21.178 19.405 17.722 18.310 16.283 14.024 14.208 12.587 15.271 15.453 17.697 19.108 21.300 22.332 22.678 25.895 24.243 21.962 20.919 19.947 18.982 21.135 18.840 21.091 20.522 22.427 21.981 20.207 22.629 23.578 21.148 21.913 24.062 23.725 20.571 23.701 23.360 24.332 22.939 20.770 20.661 17.225 14.697 12.381 11.320 9.749 8.790 7.687 6.314 4.785 3.854 2.988 2.206 1.659 1.113 0.581 0.000 0.802 3.196
19.008 21.085 21.314 21.252 21.099 19.527 19.920 19.865 19.739 20.571 20.746 21.186 20.744 20.272 20.259 20.231 20.437 21.012 20.961 19.866 19.070 19.825 18.524 19.448 19.150 19.393 18.641 20.974 19.554 19.695 19.663 19.928 20.008 20.286 19.708 19.468 18.938 18.810 19.275 18.445 18.874 18.438 17.808 17.772 20.643 19.992 22.404 22.612 22.930 22.679 22.316 21.363 20.975 21.036 20.355 21.126 20.662 20.773 20.760 21.484 22.989 21.279 22.174 23.385 22.316 21.669 22.309 23.016 24.748 22.147 22.179 23.978 22.469 22.116 21.500 19.021 18.247 18.208 18.380 18.234 18.421 16.867 15.599 13.518 12.377 10.818 9.169 6.930 4.768 3.682 1.269 0.000 1.612
17.068 18.733 19.858 19.163 20.601 21.584 22.405 22.603 23.523 24.294 24.960 25.175 24.685 24.850 23.648 24.263 25.178 25.265 24.666 24.409 23.289 22.801 21.979 21.716 21.522 21.820 20.438 20.245 20.705 19.804 19.545 20.141 19.310 20.031 19.089 19.501 20.157 20.267 20.392 20.165 21.185 21.832 20.959 21.759 22.207 22.707 23.809 23.938 23.454 24.228 23.827 24.140 23.903 23.990 24.685 24.469 24.588 23.557 24.194 24.168 24.146 23.510 23.652 23.532 23.644 23.176 23.675 22.896 22.046 21.820 21.873 22.858 23.592 22.469 22.532 21.541 21.781 21.147 22.216 22.100 21.803 20.768 19.147 17.674 15.919 14.061 11.966 10.554 7.281 5.825 4.164 1.038 0.005
