0.004 1.473 3.765 5.929 8.320 11.984 13.366 16.952 18.568 20.242 22.027 22.978 21.909 21.364 19.940 22.081 23.183 22.791 22.241 20.973 18.274 17.327 16.187 12.818 12.413 9.960 10.106 10.633 13.915 14.632 17.982 19.091 15.664 13.992 9.627 8.347 8.726 9.267 10.553 9.008 12.191 12.639 9.979 11.679 14.729 14.599 14.045 16.499 18.679 18.788 20.568 21.769 21.836 19.548 19.472 16.415 16.086 13.698 12.515 14.647 13.729 17.031 19.432 18.562 20.241 21.567 22.548 23.269 23.136 24.340 23.550 24.053 22.988 23.147 22.423 21.296 20.340 20.822 19.645 17.928 15.999 12.613 11.096 9.011 8.377 10.911 12.131 10.613 10.773 12.198 13.675 15.651 17.755
0.909 0.001 1.318 3.667 6.248 9.135 10.666 13.754 13.672 15.677 16.798 17.467 16.666 16.378 15.395 16.856 17.533 18.111 18.659 16.939 14.300 14.533 12.260 11.351 10.788 8.152 6.676 7.843 10.174 9.798 12.415 13.898 10.981 9.834 6.768 6.355 6.387 6.974 7.980 7.848 10.059 9.322 7.014 8.338 10.549 9.785 9.633 11.764 13.458 12.957 14.934 15.033 15.730 13.847 13.892 12.021 12.417 11.274 11.247 13.636 12.992 15.438 18.374 17.426 19.266 20.857 21.740 22.795 22.144 22.089 20.518 20.973 19.040 18.664 18.240 17.195 16.466 16.809 16.727 14.701 14.121 10.566 10.842 9.843 9.376 12.389 11.523 10.946 10.659 12.501 14.217 15.492 17.444
3.119 0.878 0.000 1.067 3.437 4.571 4.943 8.121 9.130 8.882 11.412 11.949 10.273 10.718 10.363 11.278 13.022 12.232 12.360 11.471 11.442 11.088 8.335 7.893 8.789 6.031 5.470 6.825 9.194 8.495 10.910 11.450 9.929 8.756 5.344 5.358 4.930 5.976 6.894 5.982 8.011 7.581 5.355 5.324 8.518 8.054 6.857 8.308 10.146 9.972 11.314 11.736 12.143 11.202 10.934 11.734 11.109 10.539 10.349 12.930 11.794 14.340 15.872 16.519 17.838 18.759 19.974 20.752 20.173 21.379 19.348 21.125 19.158 17.468 14.926 14.229 12.844 14.703 12.692 9.939 6.100 6.319 5.430 8.726 10.929 12.668 10.747 9.081 9.331 11.120 12.187 14.472 16.438
3.512 2.534 0.673 0.000 0.574 0.958 1.362 1.780 1.987 2.709 2.903 3.446 2.965 2.955 2.490 2.606 3.142 2.855 2.611 2.590 1.923 1.679 1.458 1.395 1.203 1.038 1.248 1.492 1.808 2.016 2.518 2.652 2.253 1.890 1.680 1.561 1.669 1.689 1.683 1.665 2.005 2.119 1.650 1.857 2.448 2.332 2.337 2.733 2.966 2.994 3.417 3.628 3.254 3.034 2.679 2.535 2.063 1.880 1.753 2.150 2.902 4.055 5.767 8.951 10.004 14.646 14.617 15.791 14.563 16.849 16.967 14.365 16.629 14.048 13.364 12.449 12.104 12.258 9.892 11.039 8.949 13.147 9.694 10.883 8.872 8.391 7.981 7.880 8.319 9.132 9.984 11.901 14.063
3.813 2.758 1.253 0.532 0.000 0.529 0.874 1.030 1.177 1.517 1.751 2.147 1.923 2.142 1.734 1.684 2.158 2.187 1.993 1.947 1.493 1.416 1.093 1.108 1.084 1.035 1.317 1.608 1.991 2.203 2.730 2.956 2.470 2.003 1.726 1.552 1.532 1.661 1.744 1.951 2.147 2.093 1.821 2.017 2.384 2.388 2.361 2.613 3.146 3.046 3.487 3.558 3.318 2.896 2.651 2.386 2.156 1.880 1.678 2.074 2.950 3.914 6.065 8.841 10.627 14.509 14.477 15.984 14.928 16.231 16.555 15.873 17.495 15.071 14.903 13.918 12.803 13.745 11.486 13.054 8.713 13.397 11.239 12.257 7.028 11.403 9.803 8.700 9.635 11.079 10.892 12.722 14.421
4.056 2.940 1.452 0.714 0.508 0.000 0.501 0.583 0.762 1.043 1.300 1.510 1.338 1.361 1.104 1.211 1.423 1.375 1.331 1.139 0.957 0.792 0.654 0.707 0.667 0.702 0.794 0.983 1.144 1.173 1.475 1.673 1.471 1.334 1.192 1.317 1.416 1.423 1.466 1.419 1.508 1.485 1.242 1.259 1.516 1.440 1.270 1.532 1.744 1.755 2.002 1.919 1.887 1.663 1.541 1.243 1.200 1.080 1.099 1.333 2.140 2.969 4.641 7.080 8.670 13.225 12.966 11.236 10.601 11.207 13.252 16.199 16.083 14.857 16.045 14.261 12.836 11.414 9.154 12.911 12.662 14.406 8.119 8.070 8.228 10.288 10.095 8.237 8.982 9.713 10.600 12.446 14.171
4.408 3.190 1.591 0.996 0.697 0.502 0.000 0.532 0.856 1.226 1.534 1.824 1.662 1.688 1.447 1.568 1.908 1.767 1.815 1.570 1.175 1.088 0.778 0.881 0.893 0.975 1.001 1.220 1.269 1.380 1.636 1.868 1.636 1.520 1.403 1.446 1.675 1.645 1.760 1.626 1.771 1.704 1.418 1.550 1.777 1.590 1.596 1.811 2.033 1.943 2.398 2.391 2.244 1.851 1.676 1.465 1.368 1.280 1.376 1.583 2.438 3.379 4.949 6.786 7.894 11.443 11.674 13.299 12.810 13.952 14.878 15.869 16.715 14.998 14.273 13.648 12.936 13.932 11.160 7.816 9.576 12.301 7.434 8.244 9.147 10.928 10.174 8.229 8.997 9.169 9.653 11.544 13.670
4.635 3.354 1.832 1.382 1.011 0.742 0.523 0.000 0.499 0.743 1.023 1.291 1.044 1.144 1.017 0.930 1.173 1.288 1.324 1.399 1.144 1.072 0.831 1.109 1.212 1.418 1.535 1.894 2.047 1.965 2.275 2.757 2.466 2.398 2.046 2.139 2.292 2.165 2.043 1.843 2.067 2.260 1.923 1.802 2.210 2.257 1.923 2.187 2.480 2.466 2.629 2.425 2.325 2.290 2.157 1.967 1.944 1.727 1.803 1.889 2.547 3.432 5.335 7.332 8.926 13.382 12.124 13.158 12.378 14.391 14.390 16.289 15.075 14.190 15.087 13.110 11.883 12.814 9.350 10.847 6.092 9.952 7.083 10.535 8.084 9.020 8.114 7.000 7.526 8.769 9.946 11.928 13.973
4.841 3.531 1.979 1.413 1.143 0.822 0.735 0.503 0.000 0.511 0.702 0.991 0.832 0.906 0.790 0.732 0.998 1.009 1.048 1.058 0.912 0.963 0.844 1.095 1.115 1.302 1.322 1.621 1.708 1.550 1.791 2.123 2.107 2.020 1.855 2.001 2.211 2.108 2.163 1.912 2.092 2.122 1.778 1.759 2.019 1.916 1.638 1.806 2.131 1.964 2.109 1.872 1.774 1.703 1.611 1.533 1.529 1.441 1.557 1.623 2.476 3.337 5.316 7.142 9.021 13.838 12.936 14.329 12.792 13.336 14.094 13.743 13.313 13.350 14.023 12.719 13.925 11.220 11.533 11.301 10.751 8.553 8.619 8.913 8.545 9.179 9.619 8.218 8.525 9.211 10.026 12.267 14.693
4.817 3.715 2.336 1.747 1.476 1.060 1.116 0.802 0.516 0.000 0.517 0.698 0.766 0.961 0.903 0.837 1.080 1.249 1.355 1.381 1.164 1.254 1.194 1.489 1.435 1.592 1.724 1.991 2.071 1.992 2.259 2.664 2.553 2.433 2.245 2.329 2.564 2.554 2.588 2.326 2.613 2.568 2.132 2.156 2.489 2.327 2.057 2.222 2.554 2.507 2.598 2.294 2.392 2.215 2.061 2.022 2.002 1.881 1.932 2.073 2.797 3.604 5.376 7.273 9.150 14.375 13.708 14.132 14.457 17.766 16.042 17.029 18.019 15.364 16.326 11.875 14.678 12.519 9.683 10.649 7.128 9.866 7.878 8.711 8.983 9.351 8.652 7.436 8.295 9.196 9.805 12.450 14.509
5.411 4.270 2.944 2.315 2.138 1.517 1.509 1.123 0.814 0.504 0.000 0.613 0.750 1.083 1.143 0.891 1.194 1.502 1.558 1.829 1.553 1.715 1.650 2.096 2.028 2.337 2.277 2.794 2.835 2.541 2.917 3.411 3.290 3.257 3.019 3.135 3.460 3.280 3.189 2.830 3.014 3.086 2.706 2.593 2.940 2.874 2.423 2.726 3.051 2.900 3.028 2.748 2.688 2.696 2.620 2.514 2.715 2.571 2.769 2.806 3.538 4.398 6.110 7.258 9.096 14.268 12.928 14.774 13.894 15.857 14.334 16.309 15.253 13.417 13.468 12.060 13.375 13.181 9.375 10.246 9.294 7.945 7.454 9.056 8.851 9.353 8.393 7.488 8.317 9.263 10.209 12.607 14.686
6.302 5.141 3.778 3.223 2.818 2.215 2.116 1.714 1.255 0.785 0.571 0.000 0.589 0.907 1.208 1.012 1.188 1.559 1.807 2.028 1.937 2.083 2.057 2.629 2.619 2.965 2.928 3.396 3.282 2.970 3.017 3.684 3.720 3.944 3.778 4.082 4.350 4.276 4.195 3.750 3.805 3.762 3.357 3.113 3.244 3.189 2.653 2.917 3.086 2.885 2.809 2.387 2.527 2.630 2.723 2.841 3.089 3.099 3.373 3.449 4.199 5.232 7.120 8.745 10.251 14.419 13.075 14.497 14.028 14.863 14.462 14.659 14.306 13.034 12.698 11.309 10.289 12.815 7.139 12.339 8.059 10.159 8.177 9.506 10.096 10.746 9.895 8.613 9.170 9.954 10.582 13.177 15.001
5.523 4.413 3.018 2.341 2.056 1.741 1.717 1.480 1.066 0.925 0.705 0.580 0.000 0.508 0.646 0.745 0.812 0.846 1.293 1.413 1.366 1.596 1.758 2.132 1.968 2.196 1.985 2.268 2.135 1.863 1.933 2.318 2.385 2.562 2.577 2.820 3.081 2.961 2.992 2.747 2.843 2.750 2.449 2.221 2.485 2.342 1.964 2.129 2.388 2.170 2.216 1.849 1.700 1.623 1.599 1.774 1.935 2.069 2.355 2.583 3.480 4.512 6.409 7.901 9.150 13.910 12.917 14.214 11.767 12.046 11.493 14.341 13.053 11.427 14.089 9.902 10.604 12.497 5.656 8.515 7.505 7.413 7.539 8.474 9.155 9.124 9.012 8.076 8.459 9.569 10.347 12.648 14.809
4.933 3.804 2.360 1.827 1.551 1.343 1.372 1.189 0.901 0.906 0.912 0.781 0.499 0.000 0.492 0.560 0.620 0.605 0.776 0.865 0.907 1.141 1.297 1.518 1.427 1.527 1.520 1.665 1.622 1.568 1.704 2.005 1.982 2.046 1.955 2.155 2.382 2.255 2.355 2.187 2.201 2.197 1.859 1.789 1.962 1.843 1.590 1.707 1.900 1.823 1.875 1.643 1.528 1.473 1.468 1.386 1.485 1.560 1.666 1.871 2.642 3.358 4.920 6.881 7.853 13.038 12.295 9.323 12.058 10.860 13.857 11.221 12.856 9.405 13.518 10.223 10.813 17.155 8.434 5.882 9.415 7.522 8.133 8.532 9.472 9.603 8.457 8.051 8.541 9.607 10.211 12.252 14.606
5.013 3.636 2.207 1.645 1.479 1.092 1.228 0.995 0.729 0.833 0.864 0.823 0.574 0.490 0.000 0.493 0.561 0.620 0.656 0.820 0.848 1.009 1.129 1.364 1.275 1.458 1.355 1.636 1.629 1.463 1.635 2.016 1.928 2.009 1.823 2.041 2.243 2.130 2.151 2.069 2.109 2.040 1.707 1.655 1.833 1.721 1.392 1.569 1.766 1.639 1.719 1.530 1.508 1.410 1.491 1.345 1.536 1.432 1.578 1.781 2.555 3.453 5.492 7.964 8.659 13.935 14.505 11.107 15.668 13.891 17.477 14.637 14.177 13.601 13.554 12.768 9.924 16.830 8.302 8.656 9.119 8.349 7.788 7.775 7.629 8.894 8.796 7.658 8.469 9.548 10.137 12.288 14.521
4.734 3.514 2.184 1.578 1.392 1.113 1.188 0.982 0.729 0.822 0.805 0.801 0.586 0.538 0.488 0.000 0.495 0.566 0.700 0.839 0.870 1.070 1.144 1.372 1.238 1.429 1.392 1.587 1.613 1.499 1.633 1.944 1.910 1.875 1.808 1.949 2.212 2.018 2.064 1.881 1.995 1.963 1.693 1.638 1.858 1.716 1.495 1.606 1.850 1.715 1.816 1.627 1.564 1.445 1.493 1.392 1.486 1.457 1.609 1.741 2.558 3.436 5.405 6.971 7.908 13.871 13.029 12.818 13.845 11.996 15.219 16.559 13.598 15.314 13.942 13.251 14.503 10.239 8.421 7.985 8.615 7.713 7.704 9.643 9.289 9.843 8.810 7.850 8.293 9.501 10.379 12.335 14.499
5.105 3.983 2.622 2.056 1.814 1.398 1.346 1.122 0.880 0.894 0.945 0.900 0.684 0.621 0.561 0.494 0.000 0.505 0.655 0.899 0.998 1.269 1.361 1.648 1.619 1.842 1.736 2.035 2.043 1.812 1.932 2.371 2.284 2.420 2.218 2.447 2.735 2.533 2.553 2.250 2.380 2.410 2.071 1.920 2.197 2.106 1.767 1.950 2.278 2.055 2.125 1.836 1.774 1.633 1.678 1.622 1.852 1.780 1.953 2.139 2.872 3.770 5.588 7.241 8.910 14.621 14.044 12.104 12.565 11.694 12.450 13.387 15.006 10.201 14.742 13.455 13.115 10.349 7.388 8.157 7.847 9.706 8.431 9.035 8.817 9.291 8.778 8.305 8.606 9.583 10.166 12.323 14.816
5.092 3.895 2.635 1.911 1.736 1.442 1.459 1.308 1.072 1.077 1.090 1.034 0.763 0.669 0.622 0.593 0.506 0.000 0.560 0.641 0.818 1.168 1.354 1.557 1.421 1.581 1.531 1.749 1.683 1.594 1.749 2.146 2.112 2.150 2.079 2.244 2.500 2.402 2.449 2.322 2.403 2.287 2.037 1.960 2.205 2.027 1.725 1.869 2.144 1.882 2.066 1.721 1.541 1.490 1.384 1.400 1.448 1.540 1.639 1.866 2.651 3.477 5.219 7.565 8.760 13.749 12.176 11.298 18.712 11.944 17.924 11.020 15.052 11.147 10.866 10.643 11.004 11.644 10.011 10.014 8.897 8.709 7.411 9.205 9.588 10.260 8.694 8.099 8.519 9.616 10.026 12.147 14.595
5.550 4.446 3.155 2.478 2.233 1.898 2.053 1.859 1.456 1.599 1.548 1.448 1.186 0.954 0.851 0.826 0.694 0.550 0.000 0.553 0.732 1.219 1.596 1.834 1.640 2.024 2.100 2.401 2.436 2.201 2.386 2.888 2.909 3.039 2.911 2.945 3.583 3.382 3.604 3.344 3.529 3.410 2.864 2.775 3.155 2.833 2.447 2.712 2.923 2.581 2.652 2.172 2.073 2.004 2.085 2.040 2.062 1.952 1.979 2.014 2.655 3.569 5.112 7.368 9.087 13.615 15.086 13.611 12.870 14.136 15.890 14.276 14.394 14.628 14.264 13.955 11.446 14.206 12.077 13.236 9.022 9.766 7.785 9.390 10.136 11.171 10.162 9.177 9.485 10.282 10.623 12.757 14.560
4.824 3.588 2.163 1.640 1.297 1.145 1.373 1.364 1.136 1.383 1.461 1.414 1.278 1.141 0.858 0.860 0.873 0.615 0.521 0.000 0.533 0.801 1.102 1.194 0.963 1.147 1.265 1.477 1.564 1.618 1.836 2.118 2.065 1.982 1.864 1.862 2.163 2.229 2.354 2.210 2.408 2.299 1.934 2.061 2.305 2.061 1.879 2.159 2.415 2.132 2.338 2.139 1.891 1.731 1.590 1.468 1.291 1.153 1.247 1.536 2.236 3.154 5.237 7.551 9.249 13.356 15.008 12.995 19.876 12.329 12.887 12.751 13.605 14.523 14.557 12.650 9.821 10.900 10.537 11.227 9.905 8.457 7.686 8.585 9.288 10.399 9.631 8.481 8.862 9.391 9.923 12.087 14.514
4.956 3.481 1.960 1.396 1.128 0.896 1.043 0.984 0.872 1.182 1.313 1.418 1.208 1.091 0.857 0.930 1.037 0.796 0.719 0.509 0.000 0.510 0.674 0.906 0.769 1.026 1.110 1.325 1.420 1.382 1.651 1.899 1.794 1.763 1.629 1.721 1.965 1.956 1.967 1.880 2.034 2.017 1.632 1.707 1.950 1.763 1.573 1.778 1.993 1.807 2.057 1.884 1.737 1.493 1.365 1.271 1.246 1.115 1.191 1.371 2.189 2.959 4.706 7.746 9.433 13.951 15.753 12.838 20.515 12.887 16.177 15.223 15.980 13.876 14.545 12.844 11.932 10.221 9.055 12.781 8.300 7.372 7.940 9.227 9.041 9.606 9.253 7.873 8.605 9.406 9.860 11.819 14.173
4.741 3.582 2.085 1.468 1.108 0.809 0.884 0.952 1.048 1.474 1.683 1.911 1.717 1.529 1.212 1.254 1.437 1.159 1.020 0.762 0.521 0.000 0.501 0.698 0.701 1.031 1.237 1.540 1.630 1.652 1.908 2.251 2.212 2.133 1.933 2.009 2.256 2.258 2.240 2.144 2.295 2.421 1.923 2.066 2.356 2.220 1.955 2.277 2.547 2.309 2.545 2.340 2.056 1.852 1.629 1.480 1.465 1.243 1.252 1.346 2.316 3.218 5.299 7.621 9.169 11.328 12.083 13.821 16.953 15.171 15.824 16.545 15.472 12.836 13.914 11.558 10.607 11.323 8.656 10.665 8.235 8.608 8.273 8.736 10.299 10.206 9.988 8.224 8.843 9.411 10.025 11.904 14.335
4.703 3.437 1.916 1.229 1.022 0.716 0.767 0.814 0.933 1.300 1.521 1.791 1.558 1.503 1.230 1.254 1.455 1.342 1.231 1.028 0.755 0.514 0.000 0.543 0.622 0.896 1.110 1.400 1.626 1.690 1.948 2.186 2.121 1.961 1.779 1.843 1.924 1.986 1.952 1.923 2.020 2.116 1.803 1.916 2.164 2.124 1.930 2.166 2.368 2.292 2.457 2.334 2.206 2.048 1.944 1.651 1.503 1.252 1.252 1.353 2.172 3.124 4.902 7.189 9.655 13.477 14.449 14.627 14.932 16.194 13.777 15.277 17.847 15.100 14.388 13.961 13.424 12.178 9.729 10.322 7.195 8.419 7.925 8.983 8.926 11.889 9.942 7.851 8.533 9.531 9.696 12.029 14.102
4.489 3.281 1.924 1.369 0.982 0.808 0.873 0.935 1.085 1.445 1.677 2.055 1.813 1.889 1.521 1.574 1.944 1.771 1.741 1.411 0.998 0.732 0.528 0.000 0.547 0.714 1.021 1.297 1.685 1.917 2.192 2.474 2.336 2.058 1.905 1.655 1.969 2.163 2.312 2.338 2.550 2.611 2.156 2.321 2.742 2.550 2.416 2.616 2.968 2.754 3.240 3.101 2.843 2.431 2.160 1.800 1.607 1.147 0.997 1.251 2.099 3.317 4.989 7.466 8.540 12.503 13.314 14.074 13.431 14.459 14.098 15.798 15.224 15.381 14.281 12.131 13.763 12.628 9.439 10.342 8.630 8.972 7.520 8.522 8.777 10.560 10.113 8.538 8.592 9.846 9.763 11.893 14.073
4.309 2.921 1.603 0.958 0.772 0.834 0.859 0.988 1.068 1.360 1.572 1.813 1.607 1.545 1.319 1.328 1.569 1.404 1.372 1.135 0.881 0.696 0.643 0.519 0.000 0.507 0.651 0.874 1.108 1.242 1.541 1.665 1.626 1.299 1.179 1.158 1.371 1.433 1.518 1.582 1.645 1.638 1.408 1.528 1.773 1.646 1.544 1.866 2.074 1.983 2.289 2.293 2.095 1.744 1.591 1.236 1.132 0.860 0.895 1.088 2.015 2.936 4.758 7.544 8.414 12.241 11.527 9.744 12.141 11.302 13.818 15.876 14.994 14.628 13.716 13.070 11.935 11.631 8.818 10.376 9.170 8.372 8.524 9.331 8.916 10.446 9.890 9.053 8.818 9.936 10.227 12.134 14.092
4.894 3.528 1.530 0.991 0.820 0.812 1.077 1.252 1.331 1.767 1.931 2.228 1.838 1.744 1.474 1.657 1.829 1.622 1.616 1.325 1.023 0.900 0.863 0.704 0.506 0.000 0.507 0.625 0.781 0.934 1.174 1.328 1.168 1.046 0.950 1.073 1.341 1.404 1.466 1.464 1.518 1.446 1.197 1.359 1.489 1.356 1.340 1.603 1.710 1.660 2.023 2.019 1.784 1.531 1.243 0.984 0.873 0.724 0.742 0.966 1.892 2.942 5.189 7.734 8.896 12.837 13.547 15.008 14.624 14.348 15.322 15.049 15.355 14.021 13.667 13.321 12.431 12.671 10.659 11.347 9.651 9.360 8.292 8.392 8.706 9.314 9.997 9.501 10.071 10.985 10.497 12.498 14.735
4.418 3.165 1.380 0.764 0.825 0.731 0.960 1.078 1.087 1.417 1.533 1.771 1.479 1.356 1.164 1.284 1.435 1.323 1.357 1.118 0.908 0.922 0.901 0.837 0.610 0.495 0.000 0.497 0.555 0.680 0.886 1.003 0.883 0.730 0.695 0.841 1.023 1.030 1.131 1.251 1.258 1.172 0.989 1.102 1.162 1.055 1.023 1.234 1.344 1.287 1.515 1.466 1.335 1.072 0.950 0.724 0.717 0.693 0.730 1.111 2.042 2.850 4.867 8.187 8.089 13.008 12.148 11.353 12.951 8.375 14.748 15.696 16.293 13.193 14.119 13.237 12.262 11.984 10.584 9.488 9.392 8.926 8.612 9.186 6.688 9.016 9.528 9.530 9.332 9.959 10.586 12.710 14.922
4.358 3.318 1.557 1.026 0.916 0.885 1.106 1.177 1.207 1.477 1.684 1.913 1.552 1.455 1.311 1.326 1.538 1.366 1.399 1.204 0.944 1.025 1.025 0.956 0.767 0.615 0.492 0.000 0.497 0.614 0.829 0.933 0.742 0.629 0.714 0.863 1.016 1.095 1.269 1.392 1.318 1.243 1.059 1.197 1.268 1.139 1.122 1.312 1.397 1.382 1.653 1.638 1.477 1.273 0.990 0.740 0.631 0.644 0.752 1.114 1.992 2.893 4.834 8.111 8.460 13.785 11.775 11.569 14.274 12.042 15.327 14.188 15.223 14.045 14.743 13.961 13.123 13.400 11.116 8.821 9.437 9.784 8.411 9.490 9.816 10.449 9.648 8.886 8.884 9.695 9.997 11.927 14.224
4.493 3.139 1.582 1.075 1.056 1.051 1.316 1.393 1.404 1.623 1.809 1.860 1.550 1.358 1.240 1.426 1.525 1.332 1.477 1.256 1.093 1.220 1.263 1.190 0.943 0.759 0.581 0.494 0.000 0.489 0.580 0.745 0.632 0.597 0.642 0.834 0.989 0.992 1.136 1.203 1.229 1.067 0.919 1.039 1.082 0.859 0.895 1.059 1.120 0.989 1.246 1.189 1.066 0.843 0.702 0.605 0.669 0.815 0.827 1.207 1.958 2.832 4.589 8.139 9.165 15.630 12.415 12.219 12.726 9.433 14.199 13.254 13.109 11.180 12.868 11.616 10.633 10.002 10.004 8.522 8.155 7.679 7.753 8.856 7.202 9.692 9.434 8.651 8.315 9.111 10.031 12.334 14.347
4.498 3.149 1.589 1.097 1.110 1.061 1.308 1.374 1.293 1.512 1.692 1.757 1.452 1.294 1.187 1.370 1.434 1.303 1.408 1.267 1.111 1.267 1.323 1.279 1.045 0.908 0.684 0.607 0.494 0.000 0.505 0.737 0.586 0.599 0.648 0.842 1.021 1.005 1.186 1.231 1.272 1.100 0.917 1.029 1.067 0.866 0.755 1.001 1.081 0.890 1.228 1.169 1.011 0.751 0.719 0.623 0.725 0.861 1.014 1.439 2.266 3.101 4.823 7.719 8.350 14.330 11.676 13.973 11.312 11.067 12.496 10.650 14.778 9.945 12.383 11.217 10.526 11.787 8.539 11.155 7.173 6.698 7.010 8.752 8.686 10.286 9.209 8.677 8.808 9.694 10.488 12.738 14.763
4.877 3.639 2.133 1.602 1.539 1.647 1.832 1.992 1.922 2.177 2.335 2.469 2.051 1.873 1.759 1.962 2.072 1.900 2.132 1.909 1.740 1.917 1.970 1.955 1.629 1.466 1.137 1.190 0.815 0.536 0.000 0.799 0.705 0.948 1.104 1.486 1.679 1.580 1.852 1.810 1.937 1.632 1.413 1.576 1.594 1.267 1.250 1.578 1.545 1.245 1.678 1.589 1.370 1.062 0.917 0.895 1.122 1.422 1.675 2.135 2.914 3.904 5.519 8.050 8.976 14.889 12.821 12.410 13.507 11.494 14.573 12.737 16.422 11.479 14.373 12.304 10.615 12.512 8.163 8.522 8.448 7.249 7.183 8.512 9.224 9.710 8.412 8.210 8.761 9.589 10.274 12.289 14.577
5.287 4.176 2.834 2.460 2.725 2.700 3.194 3.429 3.032 3.275 3.641 3.402 2.840 2.382 2.411 2.933 2.760 2.408 2.925 2.594 2.450 2.940 3.225 3.127 2.603 2.359 1.867 1.553 1.057 0.764 0.565 0.000 0.575 0.860 1.242 1.658 1.703 1.780 2.367 2.613 2.610 2.056 1.865 2.298 2.108 1.510 1.735 2.194 1.946 1.538 1.883 1.910 1.520 1.343 1.117 1.423 1.624 2.072 2.402 3.002 3.806 5.110 6.671 8.311 9.804 14.387 12.019 14.513 11.943 14.344 13.853 14.986 14.299 13.978 14.635 12.896 11.993 11.111 10.549 9.813 9.190 8.420 8.368 8.475 8.847 9.988 8.250 8.209 8.737 9.762 10.079 12.521 14.495
4.509 3.154 1.683 1.345 1.477 1.570 1.908 2.111 2.206 2.351 2.640 2.746 2.329 2.117 1.923 2.218 2.318 2.163 2.327 2.095 1.718 2.013 1.982 1.870 1.513 1.292 0.982 0.842 0.637 0.634 0.640 0.526 0.000 0.502 0.595 0.763 0.995 1.075 1.340 1.510 1.558 1.268 1.115 1.380 1.412 1.050 1.138 1.460 1.480 1.320 1.631 1.672 1.475 1.219 1.047 1.045 1.126 1.322 1.514 1.966 2.755 3.763 5.815 8.237 9.640 15.472 13.678 15.111 11.800 13.801 13.928 15.750 14.792 13.245 13.398 13.184 12.271 11.850 11.285 9.095 9.184 7.789 7.887 9.019 8.750 9.841 9.466 8.246 8.671 9.580 10.125 12.128 14.616
4.582 3.172 1.628 1.274 1.348 1.410 1.620 1.926 1.906 2.191 2.477 2.640 2.179 1.939 1.742 2.077 2.151 1.928 2.154 1.834 1.576 1.742 1.727 1.514 1.241 1.086 0.867 0.700 0.646 0.705 0.867 0.730 0.501 0.000 0.503 0.582 0.885 0.909 1.172 1.281 1.392 1.179 1.041 1.269 1.306 1.079 1.159 1.441 1.502 1.357 1.761 1.833 1.652 1.335 1.186 1.105 1.140 1.148 1.244 1.635 2.363 3.430 5.214 7.616 8.165 13.165 11.520 14.890 12.740 14.074 12.812 13.855 14.058 13.228 13.793 12.964 11.945 10.079 8.814 7.941 7.050 7.169 7.372 8.098 8.417 9.890 9.458 8.165 8.265 9.251 10.036 12.356 14.549
4.289 3.095 1.622 1.082 1.365 1.443 1.674 1.796 1.914 2.222 2.421 2.690 2.241 2.109 1.934 2.118 2.270 2.102 2.349 1.936 1.668 1.797 1.705 1.553 1.353 1.118 0.945 0.758 0.667 0.797 1.018 0.951 0.641 0.503 0.000 0.530 0.745 0.803 0.974 1.165 1.278 1.086 0.934 1.260 1.313 1.042 1.232 1.531 1.553 1.493 1.889 1.955 1.724 1.442 1.254 1.238 1.138 1.186 1.341 1.790 2.543 3.444 5.242 7.552 8.190 15.219 12.826 15.864 13.898 17.378 15.454 15.738 16.566 13.184 13.369 12.728 12.279 12.906 10.735 10.257 8.689 7.935 7.179 8.945 8.410 9.353 10.100 10.269 8.723 9.298 9.877 12.066 14.433
4.677 3.593 1.731 1.389 1.627 1.882 2.218 2.356 2.445 2.712 2.993 3.294 2.633 2.460 2.306 2.725 2.770 2.503 2.783 2.388 2.117 2.264 2.271 2.033 1.760 1.410 1.102 0.928 0.903 1.012 1.322 1.288 0.947 0.673 0.513 0.000 0.615 0.858 1.180 1.424 1.579 1.326 1.163 1.492 1.492 1.278 1.385 1.650 1.690 1.703 2.094 2.133 2.042 1.687 1.645 1.438 1.460 1.498 1.607 2.141 2.770 3.820 5.875 8.323 10.013 15.328 12.105 15.406 13.616 18.003 15.620 16.517 16.304 14.844 14.391 13.387 13.680 12.355 10.041 7.590 8.939 8.569 7.459 9.025 8.135 8.695 9.601 8.790 9.155 9.681 10.287 12.448 14.889
4.840 3.431 1.973 1.851 2.124 2.472 2.945 3.375 3.521 3.900 4.352 4.689 4.067 3.674 3.402 3.735 3.972 3.321 3.562 2.860 2.714 2.762 2.814 2.538 2.241 1.765 1.560 1.192 1.376 1.746 2.145 2.075 1.659 1.178 0.972 0.568 0.000 0.670 1.075 1.689 1.718 1.586 1.557 2.133 2.164 1.997 2.164 2.719 2.801 2.787 3.694 3.663 3.267 2.798 2.374 1.961 1.700 1.771 1.798 2.330 3.324 4.382 5.701 7.568 9.157 15.833 14.199 15.522 12.934 16.710 15.781 15.878 16.453 15.043 15.068 13.378 13.575 12.884 10.846 10.459 9.557 9.044 9.655 10.618 8.829 9.584 10.089 9.336 9.054 9.738 10.153 12.217 14.549
4.360 2.991 1.664 1.407 1.822 2.013 2.201 2.558 2.639 2.814 3.108 3.345 2.937 2.633 2.582 2.764 2.961 2.803 3.008 2.680 2.485 2.494 2.422 2.230 2.018 1.669 1.473 1.264 1.299 1.542 1.845 1.780 1.309 1.060 0.855 0.817 0.539 0.000 0.519 0.729 0.923 0.853 0.823 1.207 1.345 1.315 1.522 1.781 1.959 2.025 2.466 2.634 2.569 2.279 2.155 1.985 1.868 1.919 1.972 2.412 3.181 4.144 5.561 7.583 8.988 15.413 12.360 16.173 14.471 15.645 16.004 15.308 16.190 13.802 13.549 12.945 13.307 14.369 9.801 10.326 9.602 7.309 7.325 7.625 8.591 5.354 8.199 8.143 7.462 8.438 9.304 11.566 13.903
4.263 3.015 1.547 1.273 1.435 1.464 1.619 1.767 1.846 2.081 2.317 2.582 2.176 2.071 1.917 2.088 2.309 2.243 2.365 2.143 1.812 1.931 1.786 1.767 1.584 1.525 1.297 1.240 1.263 1.312 1.533 1.588 1.294 1.082 0.926 0.909 0.744 0.503 0.000 0.497 0.589 0.619 0.601 0.739 0.929 1.001 1.114 1.230 1.433 1.494 1.977 2.193 2.081 1.732 1.761 1.613 1.680 1.677 1.787 2.041 2.881 3.768 5.026 7.157 8.932 14.692 14.067 15.315 13.214 14.584 14.127 15.040 13.735 14.149 14.953 13.659 11.025 11.743 9.188 8.721 7.361 7.957 7.544 9.821 8.094 10.841 8.870 8.354 7.573 8.466 9.062 11.026 13.910
4.264 3.016 1.619 1.148 1.433 1.480 1.556 1.655 1.873 2.013 2.299 2.857 1.984 1.925 1.770 1.964 2.231 2.058 2.295 2.102 1.792 1.832 1.672 1.574 1.581 1.422 1.387 1.274 1.284 1.340 1.490 1.562 1.275 1.181 0.996 1.125 0.972 0.628 0.492 0.000 0.494 0.540 0.555 0.557 0.703 0.818 0.867 0.955 1.185 1.257 1.591 1.731 1.770 1.554 1.612 1.637 1.655 1.639 1.745 1.992 2.622 3.591 5.162 6.766 8.117 13.184 12.781 15.347 12.759 15.943 15.027 15.733 15.195 14.044 13.020 12.720 11.560 12.112 8.285 8.583 8.202 9.075 7.685 10.602 6.081 8.170 13.963 7.393 8.176 8.764 9.320 11.307 13.836
4.660 3.098 1.816 1.439 1.715 1.716 1.765 1.998 2.134 2.351 2.658 2.953 2.406 2.289 2.237 2.388 2.563 2.451 2.532 2.405 2.126 2.180 1.988 1.942 1.808 1.653 1.506 1.511 1.416 1.316 1.472 1.589 1.304 1.378 1.121 1.290 1.208 0.830 0.560 0.492 0.000 0.497 0.587 0.631 0.624 0.727 0.914 0.933 1.093 1.248 1.611 1.819 1.871 1.667 1.750 1.669 1.822 1.887 2.013 2.268 2.917 3.822 5.173 7.711 8.461 15.022 13.621 16.386 13.847 15.510 14.516 15.625 14.406 13.879 13.511 13.294 11.313 11.672 9.784 8.756 9.073 10.783 7.717 8.044 7.830 7.778 9.291 8.147 7.973 8.687 9.482 11.495 13.973
4.750 3.162 2.130 1.404 1.575 1.597 1.699 1.863 1.934 2.075 2.397 2.468 2.094 1.837 1.763 2.033 2.123 1.990 2.104 1.890 1.719 1.830 1.797 1.725 1.614 1.480 1.226 1.174 1.032 0.967 1.144 1.296 1.027 1.031 0.867 1.055 0.987 0.705 0.562 0.525 0.490 0.000 0.490 0.533 0.565 0.550 0.661 0.768 0.973 1.028 1.403 1.566 1.474 1.260 1.247 1.262 1.380 1.453 1.674 1.958 2.722 3.613 5.062 7.206 8.655 13.804 13.020 14.262 12.213 14.852 15.194 15.645 12.325 12.965 12.593 12.441 10.638 10.544 9.683 7.954 9.350 8.413 8.315 8.391 8.012 7.464 10.225 9.837 9.019 9.269 9.858 11.786 14.193
4.357 3.011 1.632 1.106 1.251 1.343 1.505 1.587 1.577 1.818 2.075 2.220 1.778 1.569 1.449 1.725 1.858 1.724 1.923 1.716 1.560 1.621 1.553 1.522 1.479 1.298 1.140 1.092 1.018 0.972 1.221 1.372 1.141 1.030 0.879 1.061 0.960 0.688 0.584 0.530 0.515 0.489 0.000 0.490 0.531 0.554 0.558 0.660 0.875 0.947 1.341 1.413 1.420 1.237 1.374 1.261 1.555 1.468 1.602 1.882 2.533 3.683 5.456 7.742 8.667 14.250 12.175 13.439 11.947 14.214 13.566 14.247 15.407 12.679 12.062 12.769 10.741 10.893 9.407 8.796 8.886 11.906 7.446 10.326 11.563 7.850 8.941 8.880 9.232 9.668 9.466 11.828 14.253
4.435 3.127 1.664 1.211 1.304 1.440 1.521 1.698 1.711 1.835 2.165 2.369 1.820 1.749 1.699 1.898 2.019 1.938 2.029 1.897 1.683 1.722 1.677 1.575 1.527 1.328 1.227 1.191 1.094 1.103 1.234 1.367 1.183 1.109 0.961 1.121 1.048 0.769 0.673 0.556 0.551 0.530 0.489 0.000 0.494 0.536 0.573 0.597 0.750 0.917 1.282 1.373 1.468 1.391 1.350 1.454 1.372 1.533 1.556 1.895 2.598 3.504 4.952 7.263 8.072 14.300 12.342 13.865 11.404 15.320 13.360 16.219 15.007 12.638 14.515 15.243 12.840 13.054 9.880 9.669 8.309 10.801 7.284 7.567 8.542 8.509 9.878 10.200 8.840 9.645 9.871 12.095 14.466
4.797 3.244 1.865 1.480 1.587 1.705 1.739 1.919 2.062 2.286 2.546 2.743 2.195 2.097 2.047 2.276 2.391 2.325 2.489 2.287 2.041 2.151 1.977 1.883 1.822 1.625 1.472 1.410 1.310 1.140 1.282 1.409 1.177 1.265 1.123 1.369 1.358 1.024 0.853 0.681 0.601 0.600 0.550 0.492 0.000 0.497 0.581 0.636 0.708 0.886 1.285 1.434 1.503 1.455 1.520 1.488 1.661 1.756 1.935 2.299 2.931 3.792 5.170 7.397 8.875 14.750 13.631 14.741 14.008 16.357 14.605 15.896 14.004 13.044 13.323 13.584 12.435 13.520 10.947 9.647 9.865 8.173 9.369 8.873 9.085 8.938 10.508 10.143 8.113 9.132 9.951 11.991 14.388
4.550 3.193 1.897 1.413 1.430 1.430 1.518 1.643 1.662 1.827 2.088 2.127 1.779 1.575 1.459 1.757 1.810 1.677 1.869 1.675 1.449 1.709 1.662 1.688 1.458 1.412 1.086 1.114 0.954 0.788 1.106 1.228 0.972 1.056 0.923 1.157 1.193 0.921 0.805 0.753 0.628 0.559 0.526 0.507 0.490 0.000 0.490 0.540 0.658 0.689 1.151 1.232 1.205 1.115 1.149 1.177 1.287 1.423 1.504 1.931 2.661 3.575 5.202 7.616 8.098 14.636 11.808 12.702 11.055 12.929 13.762 13.902 12.892 11.720 11.808 12.193 10.635 11.714 11.318 8.362 9.631 7.467 7.587 9.112 8.615 9.787 8.629 9.727 8.704 9.237 10.062 12.070 14.457
4.451 3.127 1.724 1.325 1.318 1.244 1.420 1.573 1.491 1.804 1.950 2.042 1.692 1.516 1.439 1.645 1.741 1.672 1.842 1.681 1.519 1.621 1.583 1.553 1.444 1.292 1.083 1.109 0.977 0.862 1.065 1.213 1.042 1.010 0.957 1.179 1.184 0.924 0.864 0.816 0.758 0.640 0.556 0.555 0.525 0.490 0.000 0.497 0.640 0.702 1.194 1.206 1.233 1.049 1.134 1.232 1.248 1.303 1.515 1.868 2.673 3.610 5.629 8.059 9.044 14.283 13.014 13.276 13.997 13.667 14.911 14.082 13.309 12.615 14.026 14.077 11.603 11.738 10.777 9.110 9.492 8.307 8.005 10.538 9.356 9.847 9.763 9.527 8.889 9.506 10.107 12.657 15.042
4.648 3.384 1.908 1.392 1.502 1.554 1.753 1.904 2.014 2.203 2.519 2.670 2.157 2.063 1.988 2.259 2.362 2.318 2.449 2.159 1.921 1.994 1.905 1.868 1.746 1.493 1.259 1.351 1.248 1.088 1.334 1.549 1.311 1.418 1.156 1.425 1.557 1.246 1.195 1.106 1.001 0.916 0.694 0.647 0.623 0.590 0.498 0.000 0.526 0.721 1.245 1.396 1.464 1.356 1.413 1.344 1.503 1.592 1.734 2.106 2.702 3.561 5.183 7.652 9.440 14.910 13.772 16.137 13.724 17.365 16.410 16.422 15.748 13.738 15.973 15.010 13.123 15.904 11.122 10.122 10.207 8.974 7.723 9.182 9.022 10.520 8.615 7.997 8.329 9.335 10.117 12.371 14.508
5.652 4.365 2.986 2.497 2.516 2.504 2.705 2.857 3.074 3.227 3.706 3.871 3.249 3.122 2.984 3.523 3.755 3.782 4.047 3.693 3.093 3.543 3.200 3.257 3.119 2.847 2.507 2.545 2.275 1.696 1.801 2.137 1.993 2.330 2.109 2.609 2.727 2.258 1.972 1.703 1.493 1.522 1.265 0.937 0.941 0.969 0.807 0.557 0.000 0.655 1.317 1.719 1.830 1.656 2.086 2.311 2.815 2.981 3.320 3.738 4.409 5.474 6.785 8.896 10.546 14.735 13.502 16.200 14.683 17.097 16.825 15.480 16.350 12.418 14.197 12.330 12.487 12.696 11.423 9.197 9.049 7.620 8.711 9.003 9.335 9.817 8.886 8.291 8.146 9.512 9.890 12.349 14.666
6.133 4.876 3.627 3.118 3.289 3.216 3.598 3.725 3.548 3.977 4.080 4.224 3.447 3.057 3.103 3.565 3.575 3.133 3.692 3.313 3.149 3.593 3.682 3.678 3.185 3.175 2.696 2.848 2.296 1.801 1.683 2.251 2.209 2.504 2.469 3.054 3.232 2.795 2.864 2.783 2.205 2.188 2.050 1.838 1.463 1.309 1.157 1.002 0.563 0.000 1.035 1.550 1.623 1.445 1.870 2.431 2.616 3.004 3.361 3.916 4.746 5.776 7.388 9.429 10.331 13.566 13.436 13.394 13.067 13.814 13.420 14.773 17.757 12.818 15.140 13.671 14.629 12.904 12.091 10.998 10.105 9.030 9.510 10.004 9.894 10.046 9.459 8.885 9.398 10.384 10.975 13.136 15.118
6.982 6.206 4.804 4.150 4.590 4.676 5.330 5.362 5.212 4.980 5.124 5.093 4.188 3.363 3.693 4.430 4.115 3.959 4.813 4.822 4.494 5.008 5.587 5.602 4.927 4.301 3.566 3.305 2.891 2.210 2.218 2.872 2.342 2.809 2.768 3.586 3.757 2.982 3.500 3.965 3.390 2.517 2.601 2.779 2.080 1.619 1.802 1.822 1.229 0.829 0.000 0.603 1.126 1.663 2.276 2.897 3.492 4.026 4.619 5.562 6.343 7.590 9.136 10.914 12.841 14.245 14.561 15.787 13.894 15.846 14.111 14.185 18.883 12.277 14.519 11.226 11.739 15.186 11.499 11.393 10.212 10.250 9.450 10.071 11.046 10.431 10.500 9.808 10.009 11.130 11.525 13.829 16.085
6.927 6.056 4.663 4.050 4.038 3.776 4.301 4.033 3.701 3.519 3.726 3.444 2.778 2.268 2.507 2.839 2.709 2.446 2.821 2.826 2.843 3.517 3.944 4.248 3.804 3.636 3.107 3.248 2.787 2.130 1.957 2.668 2.668 3.222 3.102 3.725 4.296 3.826 3.901 3.675 3.416 3.200 2.842 2.775 2.357 2.053 1.837 1.889 1.501 1.162 0.567 0.000 0.632 1.119 1.608 2.032 2.698 3.048 3.752 4.109 4.904 5.821 7.149 9.304 10.752 15.494 14.217 13.641 12.847 16.236 12.675 13.733 14.812 11.563 15.853 12.427 12.502 13.928 10.489 9.438 9.925 10.161 9.768 11.017 11.325 11.848 11.451 9.436 9.839 10.539 11.163 13.113 15.311
5.581 4.647 2.942 2.513 2.424 2.462 2.731 2.679 2.439 2.627 2.743 2.572 2.057 1.792 1.822 2.207 2.094 1.950 2.229 2.082 1.938 2.349 2.633 2.693 2.190 2.095 1.779 1.749 1.521 1.221 1.206 1.657 1.747 1.944 1.994 2.279 2.711 2.517 2.765 2.615 2.578 2.399 2.038 2.071 2.001 1.665 1.452 1.648 1.608 1.162 0.935 0.539 0.000 0.556 0.832 1.042 1.459 1.736 2.075 2.574 3.201 4.173 5.924 8.159 9.397 14.929 13.654 14.663 14.239 16.784 19.037 11.606 11.760 12.560 12.346 10.837 10.520 14.080 8.746 8.027 9.255 9.688 8.892 9.464 10.328 11.062 10.830 9.261 9.317 10.091 10.375 12.590 15.240
5.162 3.792 2.271 1.819 1.744 1.690 1.992 2.009 1.705 1.964 2.135 2.119 1.663 1.421 1.384 1.609 1.619 1.470 1.637 1.564 1.396 1.602 1.820 1.785 1.510 1.428 1.210 1.204 1.021 0.856 0.913 1.285 1.331 1.410 1.519 1.723 1.975 1.862 2.070 1.986 1.971 1.764 1.523 1.559 1.532 1.341 1.094 1.273 1.278 0.989 0.969 0.751 0.515 0.000 0.517 0.661 0.913 1.097 1.353 1.734 2.440 3.353 4.798 8.106 9.192 14.878 13.716 13.696 15.062 14.637 20.856 16.037 15.132 11.513 12.848 11.244 10.467 15.800 8.250 9.249 7.269 7.476 8.665 9.485 9.337 9.240 9.031 8.405 8.904 9.986 10.549 12.771 15.076
4.681 3.430 1.923 1.363 1.328 1.298 1.594 1.686 1.494 1.787 1.969 1.960 1.611 1.413 1.275 1.493 1.521 1.345 1.485 1.325 1.224 1.356 1.527 1.418 1.185 1.024 0.890 0.858 0.738 0.639 0.672 0.983 0.948 1.044 1.057 1.268 1.485 1.410 1.615 1.650 1.668 1.450 1.248 1.333 1.342 1.144 1.066 1.277 1.256 1.017 1.128 0.991 0.750 0.500 0.000 0.507 0.659 0.831 1.045 1.421 2.166 3.028 4.804 7.610 9.477 15.348 14.654 16.002 20.063 14.741 17.467 12.352 12.899 9.804 15.650 13.403 7.546 13.274 9.029 9.221 9.643 8.046 8.431 8.336 8.796 9.839 9.459 8.653 8.677 9.533 10.308 12.501 14.781
4.616 3.202 1.831 1.261 1.217 1.221 1.373 1.414 1.321 1.611 1.773 1.910 1.505 1.309 1.144 1.357 1.431 1.311 1.367 1.249 1.038 1.192 1.240 1.240 1.033 0.907 0.693 0.722 0.612 0.625 0.702 1.007 0.906 0.903 0.996 1.158 1.249 1.277 1.287 1.370 1.385 1.264 1.103 1.157 1.220 1.059 0.948 1.156 1.227 1.077 1.238 1.124 0.901 0.634 0.498 0.000 0.504 0.617 0.875 1.251 2.031 2.810 4.452 8.922 9.118 15.482 16.858 19.068 21.182 18.973 15.854 17.932 16.832 13.708 16.566 13.387 12.273 12.951 11.783 7.847 9.671 7.878 8.321 9.252 9.541 9.979 10.023 8.836 9.090 10.076 10.575 12.637 14.979
4.655 3.227 1.897 1.272 1.274 1.170 1.459 1.541 1.542 1.826 2.074 2.144 1.758 1.570 1.367 1.597 1.660 1.432 1.487 1.227 1.100 1.272 1.366 1.258 0.967 0.798 0.620 0.649 0.630 0.668 0.845 1.067 0.984 0.958 0.979 1.156 1.315 1.308 1.466 1.458 1.533 1.420 1.166 1.249 1.320 1.142 1.076 1.286 1.387 1.213 1.470 1.429 1.194 0.878 0.666 0.504 0.000 0.513 0.685 1.083 1.925 2.836 4.858 9.232 10.039 19.388 15.138 16.280 16.096 13.100 18.095 14.030 14.411 14.913 15.192 13.852 13.201 11.406 12.393 9.665 9.772 7.751 9.211 8.647 9.682 11.400 9.593 8.810 8.876 9.300 10.256 12.348 14.848
4.547 3.159 1.849 1.370 1.292 1.295 1.636 1.772 1.950 2.169 2.450 2.567 2.148 1.893 1.653 1.903 2.029 1.798 1.887 1.441 1.142 1.394 1.477 1.292 0.912 0.761 0.782 0.769 0.832 0.920 1.055 1.285 1.237 1.195 1.214 1.340 1.626 1.622 1.763 1.798 1.875 1.742 1.438 1.627 1.724 1.450 1.398 1.678 1.714 1.452 1.749 1.736 1.368 1.128 0.859 0.673 0.517 0.000 0.509 0.892 1.665 2.674 4.023 7.009 8.039 17.455 17.667 17.821 17.739 15.120 14.181 15.595 16.660 15.397 15.259 13.790 12.624 13.160 10.271 11.686 8.781 9.246 7.964 8.677 9.009 10.672 10.167 8.488 8.997 9.693 10.170 12.174 14.429
4.913 3.763 2.239 1.640 1.615 1.713 2.151 2.399 2.318 2.825 3.172 3.317 2.814 2.631 2.207 2.682 2.810 2.478 2.560 1.958 1.559 1.523 1.746 1.534 0.984 0.778 0.829 0.928 1.177 1.340 1.581 1.809 1.736 1.583 1.603 1.701 1.968 2.092 2.260 2.239 2.370 2.297 1.874 2.010 2.155 1.905 1.840 2.159 2.220 1.988 2.438 2.359 2.191 1.725 1.581 1.102 0.927 0.537 0.000 0.561 1.355 2.433 4.711 8.200 8.032 20.433 13.055 14.090 15.580 15.893 17.585 16.734 16.373 16.541 15.888 14.394 14.410 12.484 12.241 9.934 10.589 8.989 9.119 9.396 10.016 11.734 10.960 8.762 9.484 10.068 10.609 12.659 14.867
6.475 5.518 4.433 3.684 3.490 3.720 4.501 4.702 4.760 6.069 6.356 7.259 6.531 6.215 5.182 5.578 6.061 5.364 5.052 3.658 3.518 2.504 2.954 2.689 1.570 2.043 2.638 2.522 2.805 3.661 4.031 3.918 4.205 3.340 3.757 3.744 4.553 5.243 5.768 5.939 6.206 5.617 4.837 5.839 6.008 5.327 5.231 6.426 6.424 5.765 6.712 7.076 6.045 5.164 4.031 2.969 2.262 1.577 0.623 0.000 0.992 2.240 4.103 5.544 7.953 13.919 13.546 17.522 16.452 19.748 19.510 19.267 19.263 17.299 17.138 15.197 15.159 16.256 13.100 13.953 12.133 10.745 10.652 11.053 12.045 13.202 13.388 11.434 10.891 11.464 11.608 13.494 15.661
10.003 9.679 8.458 7.675 6.320 6.086 7.815 8.805 8.471 10.712 11.255 12.003 11.011 8.796 8.224 9.415 10.312 8.914 8.721 6.980 4.805 5.474 6.128 4.826 3.532 4.331 5.338 7.256 8.014 7.255 8.302 10.439 10.675 10.750 9.623 9.945 11.391 11.786 12.680 12.003 12.579 12.032 10.065 10.369 11.354 10.006 8.649 10.461 10.988 9.291 10.221 10.065 9.265 7.693 7.165 5.205 5.573 3.645 2.570 0.892 0.000 1.816 4.285 7.288 8.251 14.417 15.641 18.263 17.495 20.909 19.454 18.833 19.243 17.463 17.013 15.895 15.932 16.216 13.841 13.715 12.706 12.863 11.695 12.597 14.004 14.751 15.499 14.717 14.583 14.639 14.969 15.498 17.019
10.206 9.500 8.213 8.093 7.338 8.661 11.028 13.781 14.749 17.554 18.853 19.322 18.310 17.695 16.366 17.888 18.048 17.125 16.513 13.308 11.634 9.133 9.559 6.525 5.975 5.600 7.644 9.668 11.320 12.861 15.403 15.088 14.283 12.792 11.135 10.861 11.928 11.811 12.349 11.412 13.759 13.317 11.704 12.979 14.267 13.946 13.821 15.697 16.460 16.056 17.854 18.340 17.567 16.441 14.988 12.680 10.952 7.485 5.699 3.545 1.306 0.000 1.381 5.200 6.941 12.055 13.067 16.820 17.550 19.885 19.706 20.876 20.962 21.218 21.531 20.786 19.760 19.312 18.320 16.860 15.362 13.189 12.305 12.033 13.022 14.209 15.416 14.363 14.080 14.591 14.805 16.118 17.630
12.875 12.321 13.220 12.657 11.231 11.826 11.813 14.254 15.239 17.878 18.738 19.592 18.921 18.616 17.363 17.997 18.831 18.719 17.001 15.767 12.866 10.788 10.335 8.403 8.808 9.450 13.873 15.221 17.999 17.888 18.009 17.535 17.284 17.017 16.490 16.710 16.292 16.174 15.821 15.404 16.647 16.659 16.123 16.186 17.256 17.107 16.698 17.306 18.202 17.754 18.961 18.849 18.873 19.475 19.226 17.575 15.228 12.277 8.810 5.277 3.543 1.828 0.000 0.963 3.190 5.007 7.191 10.157 12.442 14.852 16.246 17.674 17.447 18.975 19.457 19.325 17.754 17.049 17.124 15.910 15.333 13.580 13.245 13.280 13.579 14.016 14.929 15.029 14.808 14.887 15.555 16.386 18.135
15.380 14.135 14.590 15.470 14.131 14.854 13.200 15.329 15.496 18.114 18.703 20.009 19.086 19.180 17.456 18.111 19.823 18.930 18.275 17.147 15.427 15.392 12.105 11.988 13.022 13.406 15.498 17.202 19.976 19.956 19.567 19.970 20.156 21.058 18.427 19.243 19.414 18.812 17.856 16.926 18.910 19.186 17.267 17.823 20.093 18.625 18.863 19.733 21.006 18.859 20.837 20.469 21.809 20.959 23.579 18.958 18.536 15.591 10.938 6.742 4.231 3.625 0.911 0.000 0.970 2.099 4.043 5.434 7.942 9.814 11.919 13.091 13.809 14.819 15.498 16.022 15.104 13.955 14.227 13.679 13.485 12.935 12.580 12.531 12.565 13.041 14.017 14.000 14.254 14.836 14.856 15.705 17.098
14.342 13.556 13.925 14.954 13.497 13.629 13.636 14.024 14.474 15.510 16.862 17.976 16.719 17.770 15.824 17.253 18.028 17.135 16.279 14.756 14.762 13.092 12.796 11.818 13.564 13.770 14.720 14.633 16.052 19.021 20.477 20.274 20.232 20.262 17.375 16.945 18.096 17.844 16.843 16.662 16.670 18.304 16.599 16.051 17.321 17.748 17.876 17.273 19.353 18.958 19.279 19.784 19.962 21.574 17.570 16.890 14.962 17.494 12.744 7.861 4.415 4.198 2.728 0.677 0.000 0.716 1.415 2.387 3.458 4.278 6.018 6.786 7.606 8.816 9.569 10.347 9.176 8.708 9.934 10.001 9.686 10.461 10.871 11.405 10.906 11.573 11.035 12.168 12.788 13.005 13.395 15.008 16.523
13.400 13.292 13.414 14.173 12.576 13.470 11.329 13.085 12.718 14.134 15.855 16.343 15.865 17.589 12.874 15.585 16.960 13.921 16.118 17.666 16.701 14.822 11.342 11.031 15.473 14.882 17.633 18.273 17.253 16.895 19.459 20.947 20.257 21.238 15.191 16.586 16.799 17.136 15.768 13.103 14.561 16.932 14.458 12.988 18.151 16.675 16.746 17.769 18.925 19.246 18.535 19.818 20.057 18.140 16.999 18.477 17.503 20.915 13.609 7.306 5.664 4.133 2.857 1.476 0.575 0.000 0.604 0.931 1.328 1.659 2.123 2.473 2.975 3.766 4.418 5.094 4.009 3.906 4.953 5.541 4.989 5.125 5.820 7.007 7.291 6.505 7.541 8.656 9.273 9.821 10.798 12.785 14.892
13.169 11.986 12.320 13.691 12.574 11.770 11.221 11.880 10.618 13.386 14.444 16.396 14.939 15.386 12.996 13.404 15.476 16.150 16.095 16.503 14.541 13.510 11.178 11.318 14.483 13.369 16.529 16.654 17.747 16.734 16.912 17.930 19.935 17.636 14.414 15.372 17.265 16.830 15.560 14.316 15.321 16.342 14.834 15.384 17.349 17.397 16.638 17.546 18.952 18.648 18.891 20.215 16.516 18.465 20.221 22.777 19.370 21.215 9.125 8.192 6.468 5.432 3.195 1.704 1.001 0.535 0.000 0.537 0.825 1.158 1.527 1.816 2.094 2.920 3.865 4.189 3.201 2.494 2.990 3.396 3.987 4.054 5.615 6.143 6.589 6.386 7.148 8.884 9.279 10.143 10.975 13.131 15.662
12.935 12.397 12.217 15.274 13.540 12.659 10.787 11.282 10.899 12.698 12.579 15.004 14.162 12.983 11.740 13.560 15.069 15.941 15.209 13.045 14.371 13.215 10.767 11.645 12.972 12.493 15.618 15.987 15.809 22.140 21.675 20.804 19.976 18.914 15.320 14.099 15.871 16.880 14.226 13.104 14.580 17.031 14.681 14.068 19.318 17.306 14.955 16.810 20.111 17.684 16.787 18.217 17.335 21.834 21.092 25.191 19.109 18.389 12.500 9.384 7.133 5.189 3.664 2.340 1.460 0.887 0.533 0.000 0.530 0.754 0.980 1.332 1.654 2.203 2.875 3.117 2.172 1.642 1.780 2.015 2.233 2.405 3.197 4.989 5.217 5.503 6.162 7.665 8.200 9.099 10.205 12.739 15.191
13.305 11.813 12.509 13.855 12.608 12.739 10.122 10.953 12.980 11.879 13.961 15.422 13.602 15.366 14.749 14.467 16.487 14.502 12.980 14.726 16.460 12.162 11.054 11.054 13.055 13.506 15.161 14.389 17.095 18.906 20.583 18.379 18.107 18.531 14.312 14.342 16.137 17.054 14.002 11.722 13.225 16.078 12.307 14.313 19.439 16.526 13.901 20.668 19.802 16.975 16.836 17.435 21.276 16.751 15.121 21.424 17.097 18.466 10.874 9.093 7.288 5.298 3.532 2.334 1.389 1.004 0.695 0.508 0.000 0.519 0.669 0.950 1.173 1.710 2.417 2.626 1.812 1.536 1.526 1.963 1.788 2.137 3.409 4.437 4.766 5.353 6.926 7.410 7.916 8.982 10.141 12.138 14.670
12.256 11.380 12.781 14.974 12.996 13.289 9.623 10.050 12.036 10.585 12.085 12.610 10.800 16.737 13.389 12.163 14.613 11.094 15.533 11.614 13.081 11.157 10.385 9.599 12.614 15.216 14.866 12.613 15.694 20.521 18.820 19.157 16.017 17.453 13.429 15.137 13.456 14.563 12.747 12.686 12.812 15.190 13.697 14.466 18.297 13.884 14.148 15.773 17.121 19.687 17.800 18.378 19.755 25.601 17.260 20.181 12.557 15.898 11.434 8.599 6.766 4.715 3.888 2.626 1.688 1.228 0.959 0.716 0.506 0.000 0.509 0.714 1.003 1.503 2.228 2.391 1.517 1.301 1.243 1.492 1.612 1.735 2.190 3.275 3.797 4.035 5.102 6.585 7.311 8.434 9.984 12.278 14.924
13.054 11.823 13.303 14.364 12.855 13.684 10.570 10.659 12.140 10.474 10.958 12.534 11.210 12.616 13.377 12.899 13.300 13.091 13.119 11.571 11.209 12.212 11.217 11.136 13.001 13.873 16.982 14.556 16.469 18.231 19.774 18.040 17.386 19.110 15.462 16.100 15.446 14.837 12.682 13.044 12.302 15.772 12.110 12.787 16.658 14.124 13.806 15.464 15.965 14.280 17.395 14.726 20.091 23.851 19.603 19.139 17.990 17.143 13.446 10.696 7.817 5.823 4.498 2.981 1.933 1.502 1.197 0.880 0.710 0.506 0.000 0.526 0.833 1.416 2.113 2.342 1.676 1.251 1.510 1.860 1.788 2.085 3.118 3.473 4.137 4.867 7.169 7.861 8.708 9.660 10.636 12.715 15.088
13.104 12.099 12.877 13.549 12.964 12.596 9.574 10.744 11.442 10.459 13.796 14.395 13.301 11.340 13.036 13.657 13.886 9.875 14.251 14.636 13.003 12.352 10.651 10.171 12.371 13.002 13.794 15.027 17.769 17.068 19.717 18.994 17.698 17.597 17.039 16.692 15.347 16.745 14.552 13.997 14.291 15.936 15.005 13.777 17.268 15.571 13.693 14.258 15.916 17.267 16.845 17.650 19.220 20.959 19.339 18.939 13.519 16.720 11.908 10.132 8.085 6.054 4.846 3.806 2.890 2.219 1.810 1.457 1.141 0.885 0.546 0.000 0.553 1.056 1.878 2.210 1.543 1.527 1.644 2.042 2.436 2.635 3.592 4.544 5.472 5.512 6.776 8.018 8.775 9.576 10.587 12.605 14.959
14.080 14.154 14.736 15.480 13.729 13.427 11.207 12.001 11.788 12.510 13.650 15.428 13.834 13.733 12.337 13.650 17.325 15.860 15.926 15.915 14.108 13.748 12.450 11.388 14.199 13.954 15.925 17.800 18.131 21.452 19.432 22.808 22.130 20.243 18.455 18.210 17.559 17.385 15.858 15.735 14.811 17.884 15.805 15.363 17.841 20.027 15.048 16.021 20.391 16.688 15.739 18.685 18.745 21.062 17.897 19.107 17.498 15.911 13.571 12.203 10.940 9.423 7.689 6.206 4.825 3.739 3.132 2.395 1.906 1.379 0.964 0.558 0.000 0.662 1.496 2.054 1.676 1.561 2.491 3.221 3.473 4.444 5.566 6.581 7.581 8.622 10.139 9.540 10.552 11.047 12.238 13.435 15.742
15.460 14.447 14.913 15.420 12.702 13.674 11.423 12.698 13.058 14.646 14.420 14.975 12.872 13.463 15.620 15.058 14.206 15.838 14.659 15.697 14.726 13.196 12.599 13.099 13.700 13.813 17.553 17.070 19.133 19.538 20.054 20.932 19.990 19.082 18.112 17.459 17.653 17.663 16.129 15.363 15.557 17.144 17.118 15.137 17.285 19.006 16.046 16.397 18.002 17.001 20.461 16.558 17.942 19.333 18.141 18.660 18.595 17.792 14.379 13.391 13.191 12.709 12.380 10.493 9.515 7.209 6.691 4.641 4.025 2.894 2.200 1.636 0.814 0.000 0.804 1.520 2.142 2.448 3.974 4.531 5.679 6.681 7.924 9.385 10.302 10.192 11.688 12.173 12.575 12.979 13.466 15.318 17.696
16.482 14.973 14.701 15.127 13.646 13.220 11.820 12.525 12.894 12.096 14.777 14.474 13.852 16.779 14.948 15.367 16.436 16.533 15.692 15.977 14.777 13.754 12.707 13.673 14.142 14.235 16.919 16.694 18.837 20.462 19.144 19.044 18.506 18.282 17.798 17.760 17.797 17.020 16.260 15.230 16.634 16.481 17.180 15.154 16.846 17.698 16.962 17.443 18.480 17.921 17.094 19.475 19.368 20.457 22.045 20.364 18.734 17.705 15.244 14.511 14.527 14.403 14.290 12.583 11.458 10.007 9.081 7.587 6.518 4.798 3.587 2.594 1.669 0.648 0.000 0.923 1.944 3.039 3.864 4.762 5.901 6.893 8.200 10.288 11.443 11.951 12.547 12.790 13.940 13.922 14.489 16.266 17.788
14.672 13.486 13.558 13.948 12.276 11.426 10.179 10.776 11.927 11.927 13.237 13.780 12.240 13.471 14.192 14.090 16.200 15.702 14.392 14.985 13.742 13.188 11.753 12.863 12.921 13.810 14.995 16.137 17.504 17.783 19.277 18.599 18.201 18.195 16.695 16.563 17.253 16.566 15.632 13.924 14.227 15.849 15.195 13.129 15.228 17.407 14.664 15.539 17.975 18.290 20.216 19.761 19.260 20.170 20.005 17.519 17.177 16.365 14.893 13.944 13.687 13.572 13.671 12.610 11.850 10.843 10.328 9.784 8.626 7.535 5.285 4.095 2.768 1.643 0.723 0.000 1.076 2.295 3.499 4.064 4.918 5.809 7.085 8.737 9.849 10.663 11.049 10.852 11.571 12.144 12.909 14.601 16.472
13.513 12.606 12.653 12.570 11.191 12.022 10.334 10.776 11.103 10.332 13.250 14.942 10.444 14.403 10.036 15.543 16.904 16.098 13.917 13.888 12.922 11.578 11.340 10.706 12.856 11.170 15.003 14.210 16.964 16.193 16.039 18.646 17.432 15.340 15.712 14.994 14.450 14.676 13.275 13.194 13.816 14.816 14.422 12.824 14.949 15.814 13.230 14.425 16.613 16.244 15.877 17.686 16.917 16.069 16.586 17.878 16.655 15.924 11.655 10.435 10.531 10.231 9.235 8.728 6.444 6.144 5.117 5.190 4.842 3.788 3.367 2.851 2.135 2.341 2.055 1.137 0.000 0.757 2.007 3.212 4.485 5.494 7.433 7.643 8.470 9.043 9.976 10.170 11.156 11.744 12.613 14.329 16.295
11.701 10.828 11.018 11.526 10.518 10.483 9.035 8.604 9.476 7.198 11.751 12.958 8.855 13.489 17.809 11.195 12.706 11.927 13.035 11.750 10.472 9.362 9.807 9.639 10.554 10.246 14.136 12.861 13.189 15.814 17.357 18.578 16.902 15.537 13.689 14.152 13.746 13.350 13.428 11.343 12.255 13.558 12.013 12.764 13.651 16.552 11.817 14.988 16.239 13.924 16.528 16.718 12.851 14.971 12.636 17.955 11.349 12.314 11.877 9.842 8.362 7.635 6.759 5.539 4.280 3.890 3.747 2.921 3.585 2.509 2.660 1.954 1.707 2.015 2.157 1.650 0.563 0.000 0.555 0.898 1.647 2.186 2.645 3.300 3.845 4.782 5.946 6.687 8.231 8.732 10.233 11.738 14.457
10.594 10.211 11.034 11.579 10.260 9.115 7.683 6.815 7.643 7.466 9.343 13.856 6.822 11.360 9.548 10.591 12.018 12.073 11.539 9.682 10.473 7.975 7.937 8.465 10.085 11.476 12.534 12.814 14.025 11.480 17.694 14.423 14.390 13.185 13.142 12.536 12.664 11.378 12.094 10.306 11.787 12.225 10.446 11.146 13.593 11.980 10.711 13.134 14.274 12.627 14.525 16.105 12.938 16.225 11.335 14.899 12.453 13.624 10.124 9.318 6.966 6.121 6.156 4.973 4.592 4.131 4.391 3.527 4.338 3.604 3.237 2.399 2.173 2.258 2.552 2.575 1.079 0.587 0.000 0.570 1.057 1.786 2.184 3.052 4.133 4.482 5.968 6.403 7.171 7.973 9.532 11.745 14.178
9.731 9.493 11.360 11.972 10.550 17.981 8.638 11.785 12.885 7.609 10.968 17.914 9.653 14.123 11.607 11.873 16.836 11.739 14.437 12.946 16.626 10.455 10.837 8.877 10.729 10.172 15.343 11.090 11.694 15.029 16.295 17.107 15.759 14.700 11.905 12.545 13.495 11.950 12.773 10.769 11.423 13.924 11.844 13.058 12.859 12.804 15.160 14.580 15.201 14.371 15.785 17.561 18.051 17.685 12.342 15.426 10.138 12.887 9.719 8.213 7.023 5.097 4.821 3.551 2.918 3.213 2.586 2.651 3.348 2.057 2.561 1.840 1.596 1.932 2.401 2.288 1.406 0.892 0.534 0.000 0.508 0.719 0.966 1.228 1.555 1.995 2.745 3.726 5.789 6.962 9.211 11.134 13.428
8.273 8.297 8.107 12.197 8.086 11.545 9.840 9.374 13.296 10.118 11.827 14.152 13.089 13.348 13.306 14.265 14.138 11.956 13.447 11.014 12.433 8.728 8.932 6.832 9.401 10.240 11.665 11.262 13.587 12.018 15.581 13.091 14.851 13.089 11.242 12.364 8.746 9.475 10.915 9.069 11.192 11.603 10.558 11.933 12.843 10.923 12.429 12.279 14.053 13.251 12.453 13.905 15.115 13.660 13.538 14.437 12.743 12.403 10.774 8.495 6.930 6.164 5.133 4.214 3.227 3.541 2.923 2.631 2.721 2.107 2.323 1.902 1.789 2.131 2.630 2.464 1.530 1.447 0.770 0.507 0.000 0.505 0.705 1.130 1.326 1.594 2.612 3.760 5.930 7.452 9.337 11.380 13.760
9.618 9.839 9.672 11.199 11.206 12.205 5.325 9.357 10.769 12.522 11.275 13.358 13.439 14.426 12.757 14.253 14.992 14.290 13.767 14.426 13.489 10.116 10.476 8.338 10.012 10.315 14.582 10.920 11.951 16.766 18.401 17.268 17.649 15.956 12.314 11.936 10.877 10.313 10.329 12.100 11.018 12.617 11.078 10.712 12.917 14.671 13.744 17.601 17.242 16.308 17.338 17.673 18.779 19.339 16.442 17.309 10.578 14.204 8.481 9.014 6.151 5.317 4.416 3.460 3.242 3.334 3.728 3.259 3.620 3.091 2.823 2.425 2.005 2.214 2.641 2.457 1.650 1.633 1.099 0.762 0.515 0.000 0.511 0.794 1.369 1.513 2.287 3.457 5.538 6.697 8.990 11.033 12.735
8.792 8.056 7.555 14.887 9.394 11.655 5.519 7.104 9.329 9.486 9.576 9.414 9.795 10.607 10.435 12.966 10.338 10.145 11.301 10.828 11.219 9.791 8.122 7.305 8.757 10.237 14.449 12.124 13.692 13.679 15.956 15.056 14.400 14.266 12.245 10.501 10.650 10.574 11.649 9.407 11.886 11.471 10.591 10.161 12.021 12.740 12.279 12.671 14.821 14.496 13.777 14.172 14.253 14.308 13.353 13.645 12.862 12.609 9.872 8.713 7.091 6.468 6.153 5.277 4.719 4.602 4.643 4.621 4.213 3.688 2.664 2.982 2.474 2.782 3.235 2.926 2.060 1.744 1.407 1.128 0.796 0.523 0.000 0.563 1.381 1.652 2.561 3.473 5.942 7.414 8.794 11.151 13.014
9.303 7.351 9.389 11.014 7.882 9.169 6.220 8.444 11.016 8.948 8.935 10.789 11.536 10.439 13.572 12.814 12.217 14.072 12.764 12.046 13.208 11.460 9.524 8.488 9.830 10.333 13.423 10.856 13.247 14.431 16.004 15.999 15.839 13.919 10.137 9.757 9.418 7.712 9.018 11.732 11.166 11.311 8.988 10.853 11.826 12.957 11.547 13.209 15.413 16.296 13.746 14.186 15.077 17.271 14.672 15.714 13.265 12.416 10.511 10.083 8.729 8.118 7.508 6.349 5.985 6.928 6.733 6.293 7.023 6.103 6.333 5.834 5.434 4.992 5.324 4.696 3.672 3.590 2.879 2.826 1.708 1.385 0.615 0.000 0.765 1.362 2.338 3.729 5.803 7.545 8.669 10.995 13.263
9.775 7.686 10.195 8.859 8.983 8.223 6.762 8.228 9.729 8.617 10.282 11.968 11.075 11.547 10.975 11.746 12.398 14.438 12.042 12.817 11.617 11.020 8.624 7.809 9.199 11.002 12.154 12.000 12.360 16.844 16.569 17.235 15.345 14.471 12.023 12.690 10.077 11.702 10.552 9.402 9.522 12.505 13.229 11.505 13.306 14.654 13.886 12.946 16.444 16.123 16.342 15.758 16.613 18.745 17.202 16.874 12.793 13.419 10.011 9.931 9.180 8.195 7.955 7.020 6.311 6.354 6.532 6.122 6.672 5.759 6.414 6.201 6.144 6.055 6.802 6.360 5.354 4.695 3.993 3.175 2.886 2.146 1.264 0.730 0.000 0.573 1.495 3.022 4.811 6.298 8.199 10.103 11.899
9.700 9.015 10.367 9.943 9.505 10.601 9.025 8.957 9.883 9.072 10.900 11.906 10.930 11.326 11.428 11.738 13.322 13.602 13.198 12.702 12.649 10.561 9.240 8.216 10.061 10.888 13.043 12.834 13.800 13.973 15.982 17.035 15.492 15.378 12.758 11.639 11.126 19.684 14.102 6.740 11.517 11.179 13.094 12.015 13.227 14.855 12.927 13.509 15.483 15.844 15.461 15.466 16.085 16.660 16.940 16.151 13.971 14.062 10.311 9.452 8.934 9.339 9.365 7.829 7.516 7.427 7.379 7.209 7.394 6.405 5.765 6.005 5.829 5.461 6.113 5.910 5.612 4.598 3.966 3.758 3.567 2.179 1.826 1.257 0.557 0.000 0.800 2.035 4.052 5.556 7.540 10.061 11.830
9.696 8.162 10.503 10.230 9.966 10.549 10.274 11.053 12.082 12.514 13.767 15.341 13.841 13.592 13.463 13.964 15.668 15.095 15.176 13.891 13.300 11.714 10.905 10.051 10.402 11.646 12.993 13.211 14.168 15.552 14.952 16.046 15.604 14.882 12.541 13.092 11.093 10.034 11.367 9.592 11.325 14.086 11.933 11.877 13.570 14.080 14.286 15.784 16.534 15.909 16.217 15.903 16.584 16.703 16.545 15.649 14.553 14.399 11.360 10.861 11.038 11.447 11.710 10.678 10.924 11.393 12.067 12.023 12.197 12.492 12.595 13.080 12.478 13.181 13.266 12.754 11.863 10.990 10.086 9.929 9.215 6.553 5.266 3.771 2.172 0.697 0.000 1.210 3.669 4.974 6.607 9.169 10.935
11.619 9.504 10.141 11.314 12.241 13.690 12.265 14.411 16.193 16.497 18.205 19.108 18.760 18.614 18.070 18.270 19.304 19.250 18.731 18.027 17.760 16.293 14.342 13.843 15.261 14.574 15.986 16.069 17.109 17.898 18.077 18.604 17.472 16.529 14.462 13.705 11.843 10.253 8.380 7.989 11.162 12.371 13.218 13.521 14.966 15.462 16.386 17.103 18.133 18.117 19.374 20.082 20.113 19.444 21.612 19.099 18.361 17.681 17.156 16.169 16.333 16.679 17.838 17.326 18.004 18.079 18.643 18.985 18.576 19.345 19.130 19.632 18.787 19.355 19.002 18.707 17.509 17.471 16.911 14.853 12.117 10.724 7.762 5.560 3.709 2.339 0.993 0.000 1.234 3.120 5.012 6.877 9.014
12.341 10.450 11.452 11.879 12.950 15.481 14.422 17.324 18.506 19.764 21.433 22.378 21.673 21.622 20.394 21.180 22.513 21.821 21.441 20.724 19.589 18.102 16.724 15.384 16.879 15.779 16.643 17.790 19.292 18.967 20.457 20.697 19.327 18.842 14.960 15.455 13.487 11.095 10.308 10.029 12.056 13.315 13.445 14.680 16.861 17.013 17.849 19.581 20.005 20.374 21.752 22.517 22.626 21.340 21.815 20.224 19.753 18.927 18.439 17.638 17.603 17.995 19.541 19.346 20.277 20.727 21.213 21.872 21.306 22.350 21.492 22.695 21.473 22.049 21.865 21.192 20.249 19.705 19.635 17.882 15.905 12.157 9.752 6.913 5.452 5.082 3.151 0.916 0.000 1.891 4.497 5.723 7.712
14.088 11.736 13.126 15.208 16.124 18.496 17.166 20.562 23.175 24.275 25.999 26.715 26.249 26.329 25.163 25.647 26.801 26.468 25.778 25.295 23.904 22.465 20.604 18.188 20.525 19.009 20.034 20.740 22.392 22.796 24.382 24.242 22.718 21.686 18.502 17.876 15.612 14.285 12.234 12.425 16.179 17.377 17.640 19.027 21.409 21.886 22.242 23.524 24.643 24.445 25.784 26.580 26.657 25.128 25.274 24.077 23.591 22.412 22.065 21.912 21.530 22.049 24.054 23.981 24.975 24.889 25.701 26.286 25.891 27.097 26.378 27.376 26.811 27.220 27.311 26.604 25.313 25.187 24.655 22.985 20.570 17.026 12.957 9.309 7.473 6.293 5.050 4.107 1.300 0.001 1.648 4.377 6.794
15.044 13.007 14.380 15.917 15.496 19.021 16.554 20.834 23.585 24.995 26.245 27.196 26.799 26.805 25.671 26.425 27.294 26.999 26.647 26.084 24.297 23.127 20.221 17.641 20.529 19.311 21.475 22.773 24.614 24.745 26.148 26.466 25.097 24.396 21.513 20.627 18.996 18.637 16.062 14.042 18.369 20.284 19.650 20.232 22.960 23.846 23.897 24.905 25.941 25.965 27.048 27.678 27.519 26.701 26.734 25.369 25.234 23.572 23.328 22.424 20.722 22.312 24.269 24.556 25.407 26.117 26.556 27.544 26.946 27.999 27.445 28.150 27.606 27.799 27.690 26.927 26.334 26.028 25.787 23.482 20.524 16.943 12.612 10.059 10.548 10.305 9.243 5.771 3.922 1.598 0.000 1.908 4.408
16.798 14.140 15.088 16.057 16.023 19.027 16.352 20.500 23.972 25.485 26.596 27.609 27.181 27.269 25.816 26.764 27.774 27.500 26.900 26.355 24.831 23.041 20.032 17.064 20.727 19.036 21.796 23.358 24.839 24.867 26.740 26.896 25.392 24.658 21.589 21.257 19.863 19.501 16.803 14.302 18.342 20.653 19.610 20.116 22.969 23.657 24.194 24.966 26.398 26.253 27.393 27.970 27.991 26.964 27.157 25.939 25.648 24.225 23.510 22.756 20.326 22.106 24.602 25.048 25.951 26.547 26.915 27.734 27.401 28.044 27.646 28.231 27.600 27.973 27.891 27.266 26.265 25.923 25.267 23.028 19.797 16.060 12.010 10.449 11.103 12.755 10.521 7.169 6.136 4.196 1.714 0.000 1.837
16.794 15.333 16.715 17.823 16.541 19.550 16.819 21.026 23.966 25.760 26.812 27.874 27.519 27.646 26.426 27.055 27.940 27.598 26.895 26.190 25.054 23.165 20.452 17.329 21.073 19.648 22.174 23.615 25.160 25.572 27.008 27.088 25.844 24.939 22.885 21.507 20.769 21.284 19.609 18.045 21.600 23.046 21.905 22.951 24.993 25.067 25.285 26.316 27.394 27.163 28.018 28.339 28.347 27.250 27.360 26.243 25.691 24.327 23.457 23.033 20.894 22.446 25.135 25.278 26.102 26.598 27.011 27.697 27.395 28.096 27.842 28.500 28.100 28.356 28.456 27.978 27.123 26.382 25.580 23.478 21.102 18.553 13.922 12.177 13.964 15.112 14.237 10.880 8.993 6.409 4.122 1.721 0.002
