54.446
77.688
85.647
88.545
91.151
89.453
90.262
90.338
89.190
90.981
90.706
88.329
88.442
85.694
89.127
90.557
93.076
92.534
93.863
94.560
92.854
91.531
93.841
94.119
93.930
92.337
92.083
94.242
94.435
94.748
95.086
95.171
95.435
95.386
95.362
94.892
94.928
93.533
92.798
91.481
86.872
88.468
90.823
92.225
93.155
93.321
91.856
90.499
86.072
81.122
64.186
54.917
49.298
57.708
64.901
80.493
85.364
88.860
90.373
91.973
91.900
91.164
90.456
84.950
83.357
82.221
88.213
91.637
90.687
92.968
94.277
95.247
93.941
92.309
91.671
92.010
91.470
92.302
88.446
88.192
87.191
85.867
83.705
86.484
88.322
89.904
92.137
91.107
92.177
92.201
93.506
91.977
87.203
