56.074
72.383
78.370
84.077
86.422
83.551
81.521
80.848
87.359
88.717
90.742
91.611
92.649
92.500
90.782
88.302
91.394
92.228
91.397
90.876
90.516
91.141
91.538
91.398
93.286
92.840
92.242
92.435
93.060
91.939
91.493
91.046
90.032
87.579
80.570
84.624
86.975
88.021
90.207
90.949
90.603
90.032
87.810
84.497
77.191
76.168
73.952
77.275
84.013
87.289
89.432
90.572
90.124
90.315
88.185
87.383
84.387
78.578
81.017
79.796
83.733
86.708
85.235
89.712
92.365
93.927
94.262
91.662
91.498
91.574
92.142
93.526
91.651
90.291
89.258
85.382
84.193
84.281
88.758
89.730
92.754
92.186
92.587
92.361
92.763
89.258
86.796
82.750
74.417
72.357
74.695
69.326
68.839
