77.008
85.985
87.014
88.394
90.641
90.983
89.248
85.594
89.666
90.353
89.158
88.641
89.038
90.085
90.727
90.491
92.734
91.628
91.198
91.735
92.262
90.580
90.995
90.500
89.121
87.034
80.813
84.931
88.295
88.723
89.644
89.787
88.993
87.787
86.851
83.640
78.846
78.000
76.915
78.572
82.686
86.404
88.347
90.288
90.953
91.610
91.511
89.240
85.802
80.940
84.514
84.580
87.541
91.802
91.457
93.320
94.174
94.406
93.803
92.110
91.838
92.559
92.610
93.757
91.973
89.696
88.271
87.136
87.419
86.431
89.505
89.385
92.438
92.133
93.792
93.667
94.336
93.451
91.869
90.063
86.452
89.361
91.336
91.576
91.794
90.924
89.979
90.020
91.494
91.431
90.493
90.717
79.696
