0.005 1.892 4.885 8.236 11.620 14.081 17.011 18.788 19.628 18.388 15.773 12.865 12.343 15.147 17.144 16.902 17.716 15.249 12.861 8.439 6.932 4.947 4.067 3.591 3.173 7.766 8.714 4.960 5.997 5.199 6.760 10.628 11.405 11.694 11.997 8.581 8.662 5.649 7.192 9.830 12.380 11.780 17.334 16.269 15.130 15.021 18.579 17.873 18.821 16.911 18.418 18.287 18.796 18.873 17.913 17.996 18.535 14.688 14.905 16.924 13.762 12.361 13.234 16.205 13.559 12.597 10.024 11.909 11.765 13.745 12.550 15.416 13.779 14.650 12.568 12.423 13.204 11.627 13.721 15.056 16.363 17.836 18.878 19.498 20.849 20.802 23.115 23.600 24.499 25.323 25.511 25.500 25.380
0.617 0.000 0.517 0.756 1.015 1.380 1.606 1.996 1.933 1.784 1.864 1.666 2.060 2.245 2.315 2.124 1.928 1.636 1.343 1.180 0.847 0.824 0.722 0.755 0.933 1.202 1.424 1.215 1.231 1.054 1.168 1.397 1.509 1.580 1.483 1.204 1.345 1.187 1.381 1.349 1.454 1.408 1.783 1.819 1.633 1.925 2.301 2.137 2.096 1.825 2.083 2.162 2.024 1.840 1.548 1.709 1.860 1.549 1.423 1.725 1.627 1.452 1.542 1.957 2.005 2.282 2.227 2.025 1.804 1.807 1.543 1.777 1.661 1.934 2.004 2.475 3.027 3.924 5.241 6.251 7.406 9.290 10.477 12.245 12.954 14.473 16.583 17.845 19.284 20.815 21.271 21.193 21.810
0.963 0.513 0.000 0.503 0.643 0.897 1.037 1.254 1.380 1.335 1.264 1.223 1.536 1.772 1.556 1.335 1.184 1.066 0.887 0.778 0.662 0.678 0.741 0.745 0.919 1.163 1.327 1.227 1.339 1.141 1.154 1.414 1.485 1.526 1.533 1.227 1.207 1.059 1.135 1.148 1.085 1.146 1.435 1.637 1.541 1.896 2.097 1.850 1.772 1.424 1.492 1.446 1.388 1.280 1.105 1.333 1.441 1.185 1.185 1.516 1.521 1.317 1.520 1.898 1.976 2.303 2.215 2.066 1.805 1.841 1.534 1.672 1.450 1.579 1.649 2.171 2.742 3.764 4.930 5.698 7.134 8.789 10.114 11.517 13.272 14.201 16.419 17.700 19.103 20.226 20.001 20.408 20.924
1.076 0.662 0.508 0.000 0.497 0.620 0.870 1.055 1.129 1.060 1.003 0.982 1.256 1.465 1.328 1.096 1.025 0.897 0.704 0.630 0.594 0.640 0.767 0.810 1.027 1.263 1.414 1.261 1.317 1.077 1.150 1.353 1.336 1.382 1.309 1.039 1.046 0.925 0.959 0.929 0.887 0.906 1.127 1.236 1.248 1.503 1.736 1.476 1.386 1.190 1.242 1.275 1.156 1.073 0.889 1.071 1.136 0.964 0.975 1.214 1.240 1.117 1.262 1.543 1.676 2.080 1.972 1.753 1.505 1.458 1.216 1.283 1.141 1.241 1.356 1.903 2.398 3.313 4.555 5.402 6.758 8.692 10.101 11.398 12.605 13.630 15.543 17.008 18.079 19.303 19.824 20.483 20.806
1.269 0.903 0.674 0.501 0.000 0.501 0.713 0.891 1.026 0.925 0.896 0.894 1.212 1.411 1.241 1.064 0.900 0.870 0.675 0.670 0.685 0.725 0.860 0.969 1.203 1.434 1.646 1.476 1.528 1.294 1.372 1.575 1.559 1.609 1.518 1.215 1.203 1.039 1.050 1.056 1.028 1.075 1.284 1.412 1.421 1.703 1.870 1.665 1.528 1.262 1.274 1.215 1.113 1.034 0.909 1.174 1.291 1.121 1.151 1.454 1.409 1.349 1.529 1.821 1.873 2.282 2.137 1.977 1.710 1.698 1.423 1.483 1.334 1.469 1.586 2.016 2.652 3.560 4.662 5.407 6.858 8.622 10.092 11.294 13.018 14.081 16.138 17.543 18.582 20.103 20.124 20.656 21.074
2.028 1.466 1.088 0.871 0.540 0.000 0.520 0.679 0.915 0.997 1.009 1.102 1.467 1.620 1.400 1.238 0.932 1.017 0.849 0.942 1.080 1.002 1.191 1.494 1.742 1.958 2.365 2.261 2.418 2.054 2.093 2.474 2.529 2.445 2.455 1.908 1.786 1.419 1.367 1.542 1.265 1.308 1.538 1.722 1.796 2.154 2.364 1.857 1.650 1.308 1.294 1.082 0.965 0.872 0.852 1.171 1.235 1.152 1.304 1.576 1.620 1.682 1.927 2.228 2.416 2.874 2.920 2.812 2.338 2.404 1.954 2.024 1.883 2.000 2.107 2.435 3.125 4.047 5.142 6.263 7.519 9.457 10.888 12.139 13.783 14.834 16.971 18.479 19.524 20.961 20.955 21.598 21.980
2.086 1.570 1.306 1.040 0.699 0.548 0.000 0.509 0.706 0.820 0.908 1.028 1.358 1.538 1.341 1.113 0.877 0.944 0.878 0.948 1.178 1.173 1.456 1.651 1.981 2.228 2.483 2.356 2.381 2.040 2.174 2.482 2.413 2.318 2.235 1.790 1.773 1.490 1.403 1.424 1.239 1.242 1.461 1.662 1.763 2.129 2.213 1.832 1.641 1.289 1.260 1.061 0.964 0.793 0.818 1.093 1.206 1.118 1.243 1.527 1.612 1.634 1.839 2.077 2.294 2.788 2.816 2.647 2.260 2.265 1.924 1.884 1.715 1.748 1.927 2.313 2.866 3.861 5.055 5.824 7.324 8.944 10.250 11.712 13.205 14.662 16.000 17.432 18.480 20.069 19.934 20.659 21.170
2.030 1.601 1.465 1.120 0.983 0.722 0.504 0.000 0.529 0.826 0.933 1.128 1.403 1.441 1.213 1.105 0.873 0.926 0.896 1.080 1.281 1.447 1.660 1.822 2.048 2.372 2.496 2.255 2.174 1.944 2.144 2.289 2.169 2.197 2.049 1.788 1.840 1.699 1.553 1.470 1.254 1.142 1.286 1.381 1.377 1.669 1.806 1.520 1.387 1.045 1.133 0.928 0.747 0.683 0.830 1.050 1.085 0.994 1.187 1.381 1.375 1.400 1.631 1.876 1.913 2.434 2.430 2.181 1.823 1.820 1.553 1.597 1.566 1.725 1.908 2.370 2.978 3.981 5.073 6.040 7.346 9.129 10.335 11.553 13.170 14.230 16.162 17.041 18.582 20.216 20.041 20.663 21.204
3.215 2.728 2.295 1.891 1.493 1.125 0.724 0.550 0.000 0.612 1.108 1.482 1.797 1.826 1.511 1.468 1.066 1.260 1.399 1.776 2.142 2.279 2.764 3.104 3.411 3.657 4.068 3.738 3.590 3.281 3.569 3.878 3.447 3.616 3.375 3.039 3.091 2.847 2.503 2.318 1.917 1.849 1.747 1.904 2.093 2.480 2.442 2.107 1.715 1.452 1.297 1.116 1.021 0.892 1.146 1.554 1.658 1.573 1.987 2.175 2.195 2.204 2.632 2.891 3.015 3.737 3.775 3.502 2.962 2.881 2.506 2.322 2.365 2.398 2.757 3.076 3.793 4.776 5.883 6.679 8.137 9.769 10.743 12.343 13.751 14.656 16.728 18.088 19.012 20.616 20.207 21.128 21.440
3.409 2.864 2.252 1.893 1.295 0.993 0.942 0.861 0.582 0.000 0.551 0.869 1.244 1.591 1.444 1.408 1.245 1.430 1.704 1.451 1.944 1.823 2.372 2.885 3.369 3.560 4.159 4.004 3.985 3.570 3.621 3.967 3.884 3.664 3.545 3.046 2.714 2.168 1.910 2.142 2.081 2.304 2.565 2.984 3.146 3.467 3.621 3.217 2.789 2.324 2.121 1.775 1.598 1.220 1.341 1.777 1.969 2.288 2.422 2.698 2.838 2.952 3.509 3.741 3.792 4.517 4.762 4.378 4.016 3.780 3.369 3.268 2.969 2.796 2.840 3.109 3.645 4.466 5.695 6.505 7.929 9.547 10.676 11.947 13.464 14.369 16.034 17.266 18.294 19.858 19.783 20.793 20.924
2.955 2.432 2.180 1.650 1.261 0.963 0.996 1.007 0.813 0.517 0.000 0.548 1.007 1.319 1.262 1.250 1.098 1.352 1.530 1.435 1.797 1.816 2.270 2.540 2.989 3.345 3.732 3.569 3.533 3.134 3.336 3.619 3.473 3.445 3.177 2.703 2.415 2.103 1.857 1.928 1.825 2.121 2.279 2.648 2.658 3.079 3.167 2.833 2.650 2.080 2.082 1.760 1.611 1.322 1.393 1.708 1.970 1.886 2.180 2.387 2.528 2.562 2.797 3.064 3.361 3.821 3.963 3.741 3.401 3.385 2.889 2.769 2.508 2.444 2.495 2.789 3.226 4.145 5.240 6.129 7.736 9.299 10.685 11.883 13.617 14.682 16.683 17.574 18.965 20.435 20.226 20.878 21.622
3.456 2.664 2.174 1.869 1.364 1.034 1.164 1.184 1.270 0.981 0.561 0.000 0.665 1.171 1.227 1.071 1.036 1.273 1.421 1.444 1.813 1.749 2.411 2.834 3.404 3.575 4.055 3.814 3.814 3.561 3.608 4.012 3.917 3.710 3.441 2.935 2.743 2.251 1.882 1.984 1.988 2.157 2.380 2.824 2.935 3.514 3.914 3.216 2.844 2.286 2.090 1.838 1.899 1.596 1.659 2.358 2.326 2.294 2.622 3.068 2.879 2.956 3.500 3.787 3.773 4.602 4.529 4.229 3.743 3.616 3.162 3.179 2.736 2.579 2.889 2.825 3.458 4.358 5.266 6.263 7.626 9.107 10.523 11.706 13.384 14.454 16.197 17.337 18.815 19.757 19.909 20.670 20.901
3.264 2.827 2.263 1.850 1.463 1.274 1.598 1.846 1.923 1.548 1.060 0.594 0.000 0.550 0.992 1.254 1.550 1.626 1.768 1.645 2.297 2.202 2.670 3.061 3.347 3.903 4.386 3.881 3.954 3.715 4.028 4.534 4.345 4.364 4.152 3.458 3.402 2.843 2.392 2.667 2.252 2.754 2.854 3.351 3.500 3.930 4.302 3.740 3.309 2.754 2.612 2.358 2.339 2.298 1.913 2.466 2.761 2.500 2.538 3.052 3.240 3.035 3.318 3.816 3.847 4.514 4.547 4.418 4.071 4.220 3.784 3.740 3.265 3.082 3.325 3.315 3.883 4.706 5.700 6.689 8.217 9.731 11.290 12.493 13.946 15.151 16.713 18.033 19.452 20.709 20.667 21.106 21.479
4.655 4.003 3.561 2.901 2.337 2.213 2.405 2.010 2.513 2.172 1.325 1.281 0.676 0.000 0.643 1.167 1.740 2.180 2.496 2.390 2.704 2.767 3.144 3.713 4.356 4.588 5.342 5.254 4.992 5.030 4.776 5.298 5.097 5.059 4.590 4.064 3.587 2.985 2.764 2.864 2.683 3.136 3.500 3.906 4.481 4.777 4.954 4.553 4.011 3.241 2.996 2.739 2.740 3.065 3.300 3.778 3.767 3.712 4.254 4.686 4.493 4.667 5.223 5.370 5.551 5.967 6.051 5.820 5.470 4.995 4.478 4.085 3.806 3.231 3.403 3.452 4.282 5.089 6.164 7.125 8.463 10.094 11.601 12.795 14.420 15.505 17.404 18.958 20.194 21.492 21.570 22.052 22.117
4.249 3.553 3.075 2.533 2.049 1.498 1.411 1.360 1.643 1.560 1.243 1.334 0.993 0.565 0.000 0.578 0.827 1.074 1.607 1.965 2.610 2.721 3.390 3.908 4.373 4.978 5.226 4.848 4.548 4.179 4.646 4.830 4.533 4.549 4.066 3.599 3.492 3.155 2.592 2.586 2.016 2.103 1.870 2.104 2.563 2.846 2.679 2.384 2.004 1.865 1.497 1.484 1.729 1.915 2.088 2.556 2.435 2.290 2.817 3.125 2.720 3.035 3.656 3.635 3.652 4.394 4.537 4.116 3.658 3.285 2.913 2.477 2.570 2.479 2.750 3.045 3.760 4.610 5.557 6.605 8.014 9.896 11.258 12.406 13.940 15.171 16.435 17.855 18.987 20.410 20.269 20.884 21.542
2.446 2.034 1.774 1.390 1.200 0.895 0.896 0.994 1.236 1.178 0.869 1.076 1.038 0.744 0.540 0.000 0.502 0.650 0.909 1.112 1.441 1.544 2.037 2.250 2.600 2.939 3.113 2.866 2.721 2.463 2.715 2.895 2.752 2.752 2.404 2.137 2.022 1.847 1.544 1.505 1.208 1.252 1.401 1.612 1.682 2.022 2.064 1.754 1.564 1.239 1.208 1.157 1.181 1.181 1.259 1.428 1.421 1.253 1.502 1.617 1.633 1.755 1.924 2.136 2.287 2.677 2.733 2.571 2.268 2.176 1.925 1.852 1.670 1.755 1.966 2.269 2.876 3.762 4.866 5.836 7.392 9.119 10.642 11.857 13.536 14.666 16.576 17.554 19.481 20.594 20.591 21.452 21.495
2.162 1.807 1.647 1.261 1.168 0.869 0.819 0.890 1.136 1.170 0.953 1.168 1.182 1.040 0.741 0.495 0.000 0.522 0.666 0.958 1.319 1.523 1.928 2.051 2.416 2.699 2.788 2.459 2.244 2.109 2.467 2.525 2.300 2.549 2.204 1.899 1.950 1.819 1.535 1.465 1.071 1.017 1.177 1.324 1.373 1.635 1.818 1.536 1.406 1.063 1.091 1.044 1.036 1.077 1.097 1.372 1.273 1.098 1.354 1.557 1.414 1.471 1.704 1.904 1.935 2.432 2.402 2.173 1.820 1.800 1.538 1.547 1.474 1.487 1.777 2.130 2.805 3.844 4.873 5.840 7.266 9.001 10.224 11.667 12.893 14.041 15.892 17.033 18.427 19.756 19.852 20.441 20.763
1.547 1.157 1.007 0.768 0.762 0.661 0.718 0.887 1.083 1.063 0.901 1.079 1.155 1.124 0.901 0.605 0.503 0.000 0.494 0.625 0.826 0.991 1.196 1.349 1.560 1.828 1.964 1.770 1.719 1.511 1.728 1.877 1.814 1.868 1.691 1.382 1.381 1.266 1.138 1.044 0.842 0.765 1.000 1.132 1.196 1.465 1.654 1.422 1.264 0.981 1.019 0.977 0.964 0.997 0.966 1.194 1.183 1.000 1.099 1.335 1.275 1.203 1.413 1.668 1.694 2.131 2.041 1.881 1.543 1.494 1.239 1.287 1.158 1.300 1.526 1.913 2.522 3.476 4.654 5.425 6.874 8.748 9.964 11.558 12.826 14.278 15.931 17.000 18.592 20.260 20.264 20.759 21.576
1.335 0.910 0.785 0.605 0.592 0.579 0.631 0.796 0.934 0.908 0.852 0.933 1.092 1.241 1.108 0.792 0.613 0.497 0.000 0.497 0.550 0.712 0.847 0.934 1.218 1.352 1.577 1.421 1.342 1.156 1.218 1.386 1.293 1.278 1.140 0.939 0.927 0.830 0.811 0.670 0.594 0.592 0.735 0.843 0.914 1.106 1.258 1.072 0.956 0.757 0.848 0.873 0.833 0.805 0.775 0.931 0.917 0.767 0.902 1.038 1.004 0.994 1.182 1.405 1.452 1.878 1.769 1.509 1.262 1.136 0.936 0.915 0.814 0.900 1.073 1.581 2.200 3.161 4.241 5.043 6.459 8.456 9.445 11.039 12.394 13.566 15.523 16.610 18.150 19.234 19.283 20.023 20.421
1.213 0.798 0.677 0.578 0.589 0.612 0.687 0.860 1.004 1.006 0.918 0.932 1.194 1.322 1.158 0.919 0.749 0.575 0.492 0.000 0.491 0.560 0.693 0.784 1.014 1.182 1.404 1.277 1.266 1.057 1.087 1.277 1.210 1.159 1.053 0.859 0.802 0.679 0.667 0.614 0.582 0.636 0.808 0.919 0.992 1.214 1.341 1.160 1.028 0.875 0.925 0.937 0.880 0.887 0.830 1.011 0.986 0.856 0.952 1.116 1.078 1.087 1.255 1.474 1.526 1.946 1.848 1.634 1.334 1.234 1.002 0.982 0.844 0.897 1.053 1.528 2.151 3.175 4.350 5.295 7.017 8.747 10.024 11.391 12.895 14.352 16.096 17.287 18.738 20.215 20.232 20.657 21.138
1.163 0.713 0.592 0.560 0.604 0.736 0.881 1.061 1.204 1.200 1.097 1.031 1.230 1.473 1.355 1.062 0.959 0.747 0.564 0.490 0.000 0.493 0.549 0.686 0.932 1.136 1.357 1.221 1.246 1.023 1.081 1.276 1.219 1.157 1.025 0.838 0.694 0.592 0.626 0.600 0.609 0.655 0.846 0.954 1.011 1.257 1.382 1.208 1.090 0.953 1.024 1.115 1.051 1.048 0.955 1.095 1.101 0.926 0.958 1.166 1.113 1.047 1.226 1.448 1.562 1.935 1.811 1.618 1.337 1.254 1.004 0.992 0.873 0.920 1.027 1.557 2.093 3.185 4.305 5.040 6.658 8.369 9.693 11.286 12.775 14.001 15.642 16.367 18.196 19.261 19.146 19.797 20.693
1.463 0.852 0.643 0.651 0.794 1.025 1.254 1.498 1.693 1.576 1.492 1.278 1.550 1.889 1.806 1.492 1.319 1.050 0.805 0.617 0.497 0.000 0.512 0.813 1.142 1.366 1.703 1.571 1.616 1.366 1.450 1.766 1.637 1.612 1.427 1.081 0.980 0.724 0.806 0.817 0.845 0.871 1.103 1.142 1.229 1.434 1.625 1.436 1.333 1.186 1.261 1.417 1.362 1.440 1.286 1.497 1.420 1.177 1.262 1.506 1.343 1.303 1.546 1.787 1.785 2.260 2.203 1.948 1.616 1.486 1.224 1.227 1.084 1.236 1.332 1.888 2.451 3.514 4.688 5.550 7.131 8.876 9.946 11.607 13.058 14.212 16.001 17.576 18.757 20.160 19.996 20.733 20.954
1.147 0.764 0.753 0.868 0.941 1.220 1.550 1.780 1.874 1.681 1.462 1.317 1.552 1.778 1.742 1.575 1.592 1.422 1.234 0.908 0.689 0.517 0.000 0.499 0.762 0.984 1.255 1.137 1.257 1.070 0.990 1.222 1.368 1.349 1.453 1.171 1.071 0.830 1.060 1.185 1.284 1.445 1.857 2.046 1.894 2.232 2.651 2.420 2.346 1.929 2.011 2.021 2.017 1.881 1.644 1.956 2.115 1.770 1.723 2.138 2.110 1.799 2.024 2.429 2.408 2.712 2.463 2.299 2.038 2.105 1.821 1.960 1.671 1.793 1.758 2.141 2.787 3.775 4.854 5.868 7.214 9.218 10.398 11.793 13.650 14.297 16.542 17.621 18.577 19.950 19.707 20.415 20.784
0.960 0.654 0.772 0.966 1.192 1.465 1.659 1.940 2.033 1.901 1.766 1.599 1.811 2.121 2.096 1.831 1.767 1.504 1.258 1.038 0.774 0.717 0.503 0.000 0.510 0.684 0.972 0.917 1.017 0.845 0.767 1.020 1.085 1.058 1.104 0.930 0.956 0.805 1.057 1.091 1.217 1.240 1.551 1.627 1.475 1.691 1.999 1.969 1.882 1.676 1.821 1.998 1.865 1.949 1.673 1.829 1.904 1.602 1.553 1.843 1.684 1.473 1.623 1.942 1.889 2.152 1.933 1.732 1.563 1.538 1.379 1.519 1.393 1.569 1.533 2.074 2.559 3.557 4.778 5.728 7.043 9.072 10.312 12.100 13.647 14.383 16.659 17.390 19.127 20.416 20.181 20.877 21.007
1.030 0.810 1.048 1.274 1.567 1.838 2.093 2.343 2.519 2.398 2.182 2.057 2.276 2.591 2.601 2.222 2.140 1.782 1.573 1.294 0.999 1.067 0.782 0.510 0.000 0.510 0.697 0.811 1.039 0.930 0.858 1.096 1.296 1.340 1.394 1.155 1.198 1.116 1.373 1.357 1.431 1.565 1.829 1.958 1.905 2.108 2.508 2.360 2.259 2.070 2.146 2.285 2.308 2.320 2.044 2.399 2.342 1.972 1.949 2.293 2.121 1.873 2.022 2.395 2.366 2.595 2.294 2.159 1.938 1.933 1.730 1.829 1.704 1.820 1.857 2.364 2.925 3.910 5.105 6.009 7.466 9.454 10.752 12.089 14.029 14.751 16.815 17.843 19.138 19.794 19.871 20.460 20.346
1.314 1.091 1.334 1.727 1.990 2.418 2.806 3.157 3.219 3.031 2.910 2.683 2.876 3.334 3.520 3.098 2.972 2.604 2.255 1.995 1.508 1.460 1.104 0.839 0.507 0.000 0.596 0.817 1.163 1.155 0.949 1.220 1.528 1.587 1.879 1.593 1.716 1.587 1.998 1.983 2.197 2.182 2.663 2.731 2.421 2.800 3.294 3.158 3.163 2.835 3.052 3.282 3.143 3.066 2.620 2.875 2.954 2.585 2.445 2.818 2.741 2.356 2.551 2.915 2.820 3.038 2.727 2.561 2.414 2.461 2.300 2.595 2.468 2.761 2.680 3.178 3.733 4.707 5.804 6.936 8.107 10.055 11.673 12.894 15.015 15.478 17.797 18.766 19.935 21.598 21.542 21.692 21.978
1.549 1.680 1.943 2.425 2.936 3.477 3.986 4.301 4.435 4.278 4.033 3.704 3.894 4.473 4.744 4.325 4.145 3.617 3.229 2.786 2.196 2.075 1.679 1.271 0.866 0.595 0.000 0.639 0.989 1.322 1.071 1.270 1.685 1.876 2.146 2.036 2.129 2.031 2.576 2.714 2.957 2.941 3.357 3.282 3.010 2.972 3.580 3.602 3.849 3.782 3.958 4.231 4.206 4.065 3.668 3.713 3.677 3.390 3.106 3.287 3.185 2.706 2.790 3.045 2.910 2.893 2.402 2.410 2.448 2.658 2.781 3.009 3.107 3.464 3.356 3.864 4.286 5.037 6.020 7.104 8.109 9.935 11.571 12.295 14.421 14.669 16.999 18.048 19.655 20.829 21.227 21.576 21.511
1.316 1.381 1.752 2.157 2.631 3.062 3.249 3.428 3.733 3.722 3.371 3.266 3.414 3.916 4.049 3.563 3.347 2.978 2.630 2.345 1.904 1.977 1.701 1.180 1.042 0.748 0.583 0.000 0.519 0.687 0.810 0.854 0.898 1.373 1.545 1.518 1.782 2.019 2.447 2.202 2.485 2.206 2.530 2.344 2.059 2.117 2.462 2.651 2.827 2.879 3.044 3.348 3.303 3.328 3.022 3.187 3.062 2.727 2.523 2.807 2.575 2.150 2.326 2.609 2.387 2.478 2.086 1.822 1.746 1.689 1.865 2.127 2.295 2.630 2.710 3.315 3.830 4.745 6.029 6.725 7.866 9.679 10.792 12.241 13.960 15.320 17.400 18.659 20.329 21.406 21.448 21.427 22.145
1.184 1.173 1.510 1.764 2.050 2.455 2.611 2.900 3.072 3.015 2.918 2.690 2.884 3.268 3.318 2.952 2.746 2.341 2.049 1.828 1.550 1.612 1.425 1.056 1.044 0.982 0.822 0.505 0.000 0.497 0.603 0.663 0.634 0.811 0.928 1.019 1.266 1.531 1.794 1.646 1.833 1.773 1.952 1.893 1.807 1.913 2.246 2.303 2.362 2.278 2.461 2.772 2.689 2.757 2.495 2.580 2.605 2.217 2.142 2.347 2.162 1.840 2.011 2.287 2.117 2.344 2.024 1.788 1.641 1.537 1.476 1.636 1.679 1.878 1.938 2.446 2.899 3.837 5.081 5.924 7.282 8.906 9.981 11.626 13.239 14.073 16.217 17.208 19.048 20.622 20.802 21.296 21.800
1.122 0.984 1.240 1.439 1.768 2.077 2.261 2.544 2.636 2.614 2.466 2.392 2.546 2.836 2.819 2.516 2.364 2.044 1.796 1.627 1.265 1.359 1.127 0.833 0.908 0.924 0.877 0.612 0.494 0.000 0.496 0.579 0.649 0.695 0.908 0.949 1.096 1.277 1.549 1.400 1.627 1.526 1.842 1.798 1.616 1.762 2.121 2.091 2.170 2.038 2.206 2.443 2.344 2.344 2.159 2.253 2.195 1.864 1.804 2.003 1.865 1.570 1.735 1.984 1.887 2.065 1.863 1.625 1.523 1.497 1.410 1.647 1.533 1.824 1.769 2.316 2.790 3.767 4.996 5.873 7.202 8.901 10.086 11.581 13.134 13.888 15.819 17.089 18.378 19.833 20.174 20.670 21.279
1.096 0.957 1.184 1.338 1.653 1.874 1.993 2.318 2.411 2.328 2.289 2.174 2.300 2.567 2.633 2.255 2.161 1.865 1.660 1.448 1.196 1.252 1.061 0.796 0.890 0.848 0.822 0.617 0.558 0.489 0.000 0.497 0.578 0.737 0.902 0.924 1.115 1.212 1.450 1.329 1.500 1.476 1.684 1.737 1.563 1.732 2.013 2.004 2.007 1.897 2.042 2.259 2.120 2.161 1.916 2.063 2.069 1.811 1.725 1.950 1.811 1.566 1.731 1.962 1.886 2.115 1.837 1.615 1.468 1.496 1.373 1.571 1.528 1.721 1.737 2.204 2.712 3.753 4.950 5.953 7.417 9.263 10.424 12.177 13.604 14.548 16.607 17.562 19.072 20.469 20.447 21.306 21.622
1.282 1.106 1.334 1.614 1.905 2.297 2.491 2.807 2.847 2.767 2.706 2.461 2.676 3.019 3.082 2.797 2.700 2.342 2.083 1.835 1.463 1.434 1.214 0.922 0.962 0.954 0.917 0.731 0.652 0.590 0.497 0.000 0.514 0.679 0.935 1.068 1.307 1.443 1.725 1.687 1.923 1.807 2.084 2.119 1.874 1.984 2.362 2.341 2.496 2.275 2.535 2.805 2.624 2.636 2.270 2.434 2.494 2.143 2.008 2.304 2.152 1.853 2.006 2.344 2.174 2.359 2.016 1.780 1.670 1.667 1.646 1.898 1.836 2.038 2.073 2.494 2.972 3.935 5.046 6.111 7.326 9.185 10.393 11.746 13.251 14.428 15.962 17.298 18.842 20.058 20.396 20.952 21.611
1.462 1.363 1.530 1.770 2.076 2.352 2.471 2.706 2.790 2.796 2.684 2.583 2.702 3.098 3.016 2.706 2.502 2.231 1.968 1.824 1.511 1.571 1.430 1.173 1.226 1.175 1.097 0.851 0.716 0.676 0.629 0.507 0.000 0.604 0.740 0.896 1.253 1.444 1.656 1.490 1.715 1.626 1.913 1.827 1.693 1.825 2.166 2.135 2.228 2.144 2.298 2.574 2.490 2.564 2.388 2.495 2.440 2.153 2.060 2.320 2.119 1.834 2.014 2.267 2.087 2.319 2.024 1.697 1.673 1.468 1.433 1.550 1.619 1.826 1.805 2.293 2.709 3.858 5.198 5.973 7.402 9.053 10.513 11.655 13.131 14.071 15.700 17.160 18.645 20.013 20.161 20.648 21.155
1.814 1.772 2.095 2.284 2.657 2.936 3.274 3.465 3.717 3.557 3.293 2.977 2.999 3.526 3.628 3.066 3.111 2.674 2.425 2.192 1.820 2.009 1.876 1.452 1.637 1.578 1.410 1.262 1.005 0.922 0.876 0.712 0.551 0.000 0.556 0.762 1.210 1.574 1.807 1.589 1.947 2.034 2.302 2.378 2.160 2.304 2.841 2.842 2.997 2.818 2.895 3.379 3.364 3.478 3.281 3.420 3.367 2.859 2.776 3.072 2.795 2.388 2.629 2.838 2.596 2.712 2.246 2.007 1.909 1.898 1.789 1.949 1.777 1.841 1.768 2.194 2.596 3.740 4.943 5.619 6.987 8.807 10.176 12.127 13.501 14.269 16.531 17.292 18.797 20.067 20.071 20.640 21.144
1.857 1.459 1.657 1.663 1.774 1.963 2.093 2.303 2.563 2.432 2.212 2.060 2.137 2.404 2.404 1.989 1.952 1.650 1.597 1.372 1.176 1.453 1.473 1.203 1.525 1.545 1.513 1.451 1.243 0.944 0.903 0.882 0.647 0.526 0.000 0.529 0.824 1.113 1.199 0.988 1.160 1.330 1.470 1.623 1.706 1.875 2.197 2.095 2.002 1.871 1.830 2.136 2.169 2.348 2.199 2.427 2.349 2.064 2.149 2.397 2.183 1.999 2.322 2.533 2.335 2.639 2.391 2.008 1.712 1.625 1.286 1.314 1.194 1.277 1.392 1.901 2.531 3.602 4.733 5.564 6.615 8.822 10.039 11.281 13.039 13.504 15.837 16.403 18.452 19.879 19.811 20.433 21.317
1.437 1.043 1.191 1.209 1.431 1.577 1.756 1.916 2.118 2.037 1.865 1.762 1.824 2.058 2.067 1.797 1.728 1.456 1.296 1.055 0.853 1.013 0.977 0.867 1.202 1.302 1.432 1.319 1.194 0.905 0.941 1.052 0.828 0.707 0.511 0.000 0.506 0.656 0.863 0.755 1.003 1.073 1.291 1.372 1.370 1.541 1.781 1.716 1.656 1.566 1.671 1.866 1.878 1.926 1.813 1.991 1.970 1.602 1.682 1.945 1.686 1.539 1.802 2.020 1.899 2.290 2.112 1.734 1.484 1.299 1.117 1.153 1.046 1.157 1.198 1.753 2.294 3.301 4.452 5.194 6.485 8.582 9.808 11.166 12.544 13.488 15.046 16.589 17.842 19.264 19.174 19.947 20.534
1.647 1.200 1.200 1.149 1.221 1.343 1.640 1.874 2.009 1.823 1.688 1.485 1.614 1.879 1.929 1.636 1.627 1.392 1.190 0.905 0.711 0.793 0.884 0.951 1.361 1.491 1.730 1.605 1.481 1.134 1.159 1.338 1.117 0.924 0.713 0.513 0.000 0.494 0.648 0.639 0.932 1.084 1.310 1.430 1.440 1.686 1.919 1.867 1.789 1.634 1.720 1.874 1.860 1.918 1.736 1.945 2.015 1.654 1.788 2.022 1.897 1.716 2.031 2.251 2.122 2.473 2.302 1.962 1.688 1.473 1.255 1.207 1.069 1.129 1.144 1.691 2.226 3.241 4.443 5.266 6.701 8.660 9.816 11.096 12.675 13.501 15.606 17.234 18.435 19.864 19.843 20.162 21.323
1.498 1.051 0.998 0.970 1.044 1.207 1.400 1.605 1.740 1.664 1.513 1.372 1.535 1.768 1.722 1.438 1.414 1.199 1.033 0.811 0.644 0.697 0.777 0.864 1.176 1.351 1.614 1.529 1.522 1.187 1.179 1.375 1.263 1.137 0.970 0.710 0.503 0.000 0.526 0.595 0.832 0.998 1.249 1.419 1.421 1.686 1.882 1.804 1.705 1.479 1.547 1.642 1.667 1.674 1.503 1.693 1.760 1.480 1.529 1.823 1.733 1.579 1.823 2.059 2.015 2.373 2.253 1.986 1.750 1.642 1.335 1.315 1.087 1.118 1.120 1.636 2.148 3.207 4.501 5.323 6.752 8.443 9.676 11.241 13.024 14.307 15.865 17.776 18.825 20.481 20.079 20.991 21.442
1.848 1.277 1.230 1.198 1.311 1.489 1.754 1.996 2.232 2.136 1.964 1.765 1.868 2.145 2.060 1.683 1.637 1.300 1.179 0.867 0.721 0.775 0.853 1.000 1.344 1.510 1.855 1.812 1.873 1.493 1.492 1.827 1.702 1.539 1.322 0.956 0.718 0.520 0.000 0.529 0.713 0.994 1.200 1.577 1.778 2.013 2.217 2.113 1.850 1.722 1.505 1.778 1.972 2.079 1.963 2.218 2.288 1.880 1.994 2.377 2.257 2.030 2.320 2.669 2.547 2.966 2.815 2.509 2.122 1.962 1.564 1.398 1.036 0.952 1.052 1.594 2.203 3.347 4.561 5.500 7.061 8.736 10.144 11.272 12.916 14.086 15.864 17.298 18.844 20.105 19.984 20.773 21.275
1.576 1.106 1.016 0.926 0.968 1.020 1.140 1.344 1.523 1.508 1.411 1.318 1.493 1.687 1.574 1.278 1.174 0.893 0.753 0.610 0.662 0.780 0.894 0.962 1.272 1.458 1.733 1.632 1.546 1.254 1.267 1.472 1.300 1.237 1.043 0.804 0.621 0.596 0.505 0.000 0.502 0.624 0.812 1.018 1.162 1.424 1.504 1.412 1.175 1.061 1.039 1.220 1.239 1.327 1.321 1.436 1.411 1.226 1.363 1.530 1.442 1.386 1.665 1.818 1.913 2.281 2.201 1.940 1.552 1.362 1.063 0.993 0.775 0.777 0.886 1.478 2.137 3.171 4.342 5.025 6.338 8.240 9.831 11.263 12.577 13.572 15.332 16.566 17.772 18.953 18.824 19.229 20.236
1.955 1.384 1.301 1.057 1.118 1.173 1.273 1.566 1.752 1.749 1.623 1.446 1.613 1.885 1.847 1.435 1.350 0.966 0.825 0.702 0.787 1.022 1.246 1.344 1.764 1.920 2.197 1.974 1.889 1.550 1.715 1.919 1.682 1.647 1.359 1.033 0.896 0.869 0.704 0.515 0.000 0.514 0.664 0.790 0.942 1.216 1.316 1.165 1.038 0.931 1.066 1.317 1.324 1.482 1.401 1.544 1.422 1.156 1.375 1.538 1.307 1.347 1.643 1.760 1.784 2.285 2.262 1.979 1.518 1.299 0.963 0.868 0.691 0.720 0.840 1.431 2.084 3.169 4.423 5.242 6.599 8.343 9.784 11.041 12.445 13.686 15.595 16.853 18.256 19.709 19.964 20.767 21.550
1.413 1.008 0.945 0.786 0.841 0.831 0.860 0.994 1.178 1.224 1.121 1.172 1.319 1.475 1.353 1.065 0.950 0.722 0.589 0.580 0.652 0.844 0.970 1.005 1.299 1.448 1.653 1.478 1.360 1.140 1.243 1.372 1.253 1.268 1.070 0.872 0.869 0.847 0.797 0.592 0.497 0.000 0.494 0.538 0.653 0.837 0.921 0.811 0.671 0.621 0.742 0.915 0.866 0.956 0.968 1.056 0.968 0.834 0.965 1.030 0.913 0.915 1.137 1.266 1.312 1.753 1.682 1.373 1.064 0.912 0.673 0.601 0.573 0.673 0.925 1.510 2.100 3.088 4.361 5.310 6.614 8.849 10.364 11.644 12.900 13.802 15.533 16.588 17.923 19.264 19.456 19.836 20.766
1.564 1.163 1.090 0.962 1.035 1.024 1.013 1.146 1.365 1.366 1.364 1.345 1.536 1.706 1.551 1.219 1.087 0.876 0.752 0.765 0.799 1.002 1.102 1.143 1.410 1.577 1.728 1.546 1.452 1.264 1.328 1.462 1.299 1.306 1.139 0.922 0.972 0.980 0.918 0.741 0.602 0.490 0.000 0.494 0.595 0.795 0.867 0.699 0.586 0.632 0.763 0.932 0.948 1.104 1.108 1.172 1.070 0.918 1.062 1.147 0.981 1.018 1.241 1.323 1.363 1.833 1.721 1.469 1.111 0.929 0.683 0.587 0.594 0.736 1.000 1.554 2.206 3.256 4.323 5.373 6.833 8.924 10.166 11.532 12.738 13.566 15.725 16.810 18.175 19.621 19.710 20.113 21.216
1.522 1.238 1.232 1.058 1.136 1.087 1.032 1.125 1.333 1.410 1.328 1.407 1.535 1.690 1.488 1.200 1.073 0.915 0.834 0.894 0.942 1.204 1.274 1.286 1.495 1.662 1.740 1.521 1.360 1.216 1.372 1.458 1.267 1.366 1.186 1.029 1.148 1.182 1.127 0.895 0.722 0.549 0.493 0.000 0.489 0.568 0.681 0.592 0.551 0.591 0.725 0.904 0.886 1.038 1.068 1.123 0.950 0.832 0.953 0.975 0.778 0.811 1.001 1.071 1.075 1.533 1.388 1.181 0.802 0.726 0.571 0.604 0.702 0.815 1.067 1.608 2.215 3.332 4.576 5.438 6.868 8.760 10.007 11.685 12.893 14.091 15.864 17.406 18.618 20.040 20.253 20.532 21.634
1.469 1.227 1.181 1.081 1.194 1.171 1.088 1.190 1.381 1.513 1.477 1.553 1.737 1.858 1.672 1.378 1.183 1.009 0.905 0.993 0.980 1.238 1.298 1.236 1.452 1.622 1.683 1.474 1.321 1.172 1.351 1.392 1.256 1.343 1.215 1.052 1.190 1.255 1.228 1.010 0.873 0.642 0.588 0.494 0.000 0.500 0.670 0.558 0.569 0.614 0.798 0.969 0.917 1.068 1.088 1.160 0.980 0.852 0.952 0.971 0.800 0.734 0.960 1.024 1.009 1.508 1.436 1.109 0.803 0.699 0.581 0.650 0.791 0.994 1.253 1.845 2.337 3.458 4.630 5.526 7.048 8.751 10.284 11.988 13.066 14.287 15.647 17.031 18.303 20.025 19.903 20.592 20.956
1.787 1.577 1.618 1.517 1.672 1.728 1.663 1.853 2.123 2.180 2.181 2.170 2.359 2.616 2.467 2.067 1.832 1.569 1.336 1.398 1.442 1.650 1.791 1.724 1.932 2.084 2.255 1.969 1.714 1.594 1.813 1.907 1.717 1.887 1.691 1.529 1.724 1.797 1.787 1.506 1.359 1.025 1.084 0.746 0.520 0.000 0.740 0.657 0.889 1.005 1.327 1.571 1.414 1.634 1.629 1.724 1.425 1.199 1.395 1.409 1.113 1.091 1.434 1.418 1.311 1.843 1.734 1.348 0.936 0.819 0.743 0.989 1.264 1.541 1.847 2.346 2.974 3.897 5.170 6.101 7.219 9.183 10.193 11.722 12.793 14.159 16.137 17.290 18.808 20.176 20.276 20.645 21.230
2.532 2.368 2.644 2.407 2.744 2.654 2.295 2.192 2.677 3.078 2.975 3.261 3.281 3.588 3.148 2.735 2.392 2.187 2.115 2.486 2.375 2.920 3.020 2.677 2.917 3.199 3.051 2.618 2.219 2.197 2.573 2.518 2.163 2.617 2.409 2.261 2.656 2.972 2.891 2.474 2.195 1.734 1.448 0.994 0.737 0.552 0.000 0.556 0.818 1.179 1.522 1.591 1.607 2.072 2.303 2.340 1.820 1.718 2.078 1.907 1.401 1.592 1.982 1.792 1.583 2.032 1.933 1.516 1.174 1.060 1.220 1.511 1.864 2.305 2.680 3.303 4.060 4.924 6.133 7.069 8.151 10.189 11.247 12.628 14.078 14.658 16.557 17.289 19.202 20.500 20.255 20.650 21.525
2.042 1.757 1.692 1.445 1.486 1.394 1.204 1.264 1.504 1.641 1.602 1.764 1.905 1.965 1.742 1.453 1.233 1.135 1.063 1.278 1.359 1.703 1.924 1.934 2.175 2.392 2.414 2.190 1.981 1.788 2.076 2.138 1.989 2.084 1.916 1.598 1.837 1.840 1.700 1.402 1.158 0.894 0.785 0.614 0.606 0.618 0.521 0.000 0.498 0.576 0.744 0.947 0.958 1.188 1.279 1.387 1.109 0.989 1.243 1.235 0.960 1.046 1.338 1.343 1.348 1.815 1.800 1.482 1.088 0.980 0.885 0.992 1.158 1.377 1.713 2.188 2.733 3.817 4.920 5.875 7.326 9.594 10.513 12.286 13.346 14.472 16.051 17.477 18.994 20.380 20.403 21.048 21.286
1.910 1.531 1.463 1.208 1.231 1.102 0.983 1.077 1.297 1.374 1.382 1.476 1.664 1.754 1.589 1.264 1.101 0.957 0.904 1.078 1.158 1.388 1.669 1.621 1.903 2.131 2.214 1.983 1.805 1.576 1.880 1.929 1.725 1.819 1.595 1.361 1.494 1.535 1.360 1.120 0.978 0.760 0.625 0.600 0.642 0.805 0.693 0.496 0.000 0.498 0.571 0.823 0.786 0.992 1.071 1.189 0.988 0.908 1.108 1.138 0.951 1.056 1.302 1.407 1.401 1.928 1.885 1.658 1.227 1.109 0.891 0.938 0.980 1.139 1.380 1.917 2.510 3.556 4.780 5.710 7.009 8.979 10.014 11.499 12.886 14.034 16.298 17.333 18.892 20.196 20.185 20.614 21.467
1.965 1.624 1.454 1.206 1.174 1.049 0.896 0.989 1.228 1.345 1.284 1.444 1.610 1.689 1.485 1.219 0.983 0.886 0.817 1.049 1.219 1.425 1.618 1.738 2.008 2.204 2.401 2.149 1.987 1.815 1.985 2.075 1.928 2.046 1.766 1.514 1.599 1.561 1.388 1.236 0.970 0.829 0.675 0.627 0.750 0.946 0.888 0.600 0.499 0.000 0.525 0.731 0.718 0.879 0.982 1.126 0.963 0.832 1.109 1.144 0.921 1.116 1.389 1.437 1.530 2.056 2.101 1.756 1.363 1.174 1.017 1.004 1.037 1.211 1.498 2.024 2.545 3.559 4.707 5.518 7.104 8.925 10.359 11.978 13.170 14.513 16.258 17.632 18.380 19.827 19.499 19.853 20.349
2.614 2.271 2.203 1.816 1.810 1.574 1.214 1.266 1.576 1.814 1.793 2.077 2.260 2.223 1.822 1.561 1.157 1.138 1.183 1.650 1.870 2.300 2.436 2.468 2.746 3.028 3.222 2.759 2.572 2.370 2.832 2.827 2.670 2.826 2.525 2.253 2.371 2.384 2.164 1.932 1.414 1.126 0.924 0.924 1.075 1.313 1.313 0.952 0.691 0.513 0.000 0.668 0.908 1.251 1.515 1.644 1.388 1.225 1.538 1.561 1.299 1.456 1.717 1.740 1.890 2.343 2.381 2.217 1.788 1.756 1.469 1.477 1.520 1.664 2.116 2.545 3.054 4.165 5.376 6.256 7.782 9.578 10.995 11.800 13.433 14.303 16.503 16.979 18.692 20.311 19.974 20.401 21.411
3.199 2.696 2.544 2.012 1.951 1.581 1.126 1.067 1.326 1.766 1.807 2.149 2.346 2.443 2.071 1.666 1.222 1.273 1.366 1.766 2.043 2.490 2.932 2.992 3.334 3.730 3.910 3.553 3.361 3.018 3.348 3.470 3.090 3.148 2.639 2.470 2.476 2.547 2.274 1.974 1.535 1.394 1.095 1.276 1.629 1.993 1.897 1.516 1.096 0.871 0.571 0.000 0.651 0.940 1.421 1.517 1.376 1.402 1.857 1.856 1.783 1.968 2.378 2.507 2.616 3.435 3.307 3.000 2.470 2.218 1.816 1.551 1.628 1.649 2.017 2.644 3.234 4.323 5.655 6.490 7.883 9.911 11.417 12.749 14.307 15.359 17.294 17.969 19.436 20.879 20.554 21.095 21.688
2.076 1.757 1.521 1.254 1.157 0.956 0.656 0.689 0.853 1.057 1.178 1.414 1.708 1.766 1.531 1.245 0.918 0.943 0.929 1.269 1.424 1.609 1.900 2.011 2.206 2.440 2.629 2.366 2.232 2.085 2.291 2.379 2.296 2.371 2.136 1.877 2.016 1.885 1.749 1.543 1.259 1.114 0.988 1.020 1.175 1.413 1.452 1.079 0.890 0.735 0.742 0.523 0.000 0.500 0.650 0.779 0.720 0.724 0.960 1.042 1.032 1.208 1.387 1.549 1.743 2.217 2.286 2.109 1.712 1.642 1.407 1.373 1.414 1.516 1.805 2.290 2.858 3.893 5.086 5.854 7.281 9.145 10.263 11.743 13.063 14.792 16.262 17.866 18.808 20.531 20.805 21.013 21.741
1.637 1.267 1.073 0.916 0.827 0.746 0.599 0.650 0.740 0.848 0.978 1.114 1.367 1.493 1.326 1.085 0.864 0.891 0.827 0.988 1.078 1.147 1.266 1.404 1.563 1.765 1.953 1.789 1.711 1.588 1.718 1.849 1.840 1.860 1.777 1.486 1.567 1.382 1.359 1.294 1.127 1.036 1.029 1.079 1.095 1.323 1.377 1.102 0.954 0.788 0.845 0.715 0.495 0.000 0.490 0.548 0.562 0.563 0.651 0.791 0.868 0.965 1.066 1.289 1.419 1.997 1.969 1.817 1.487 1.497 1.286 1.356 1.327 1.443 1.611 2.077 2.563 3.570 4.715 5.598 6.972 8.906 10.010 11.505 12.945 14.017 15.909 17.274 18.683 20.323 20.195 20.853 21.521
1.581 1.159 1.022 0.880 0.793 0.662 0.633 0.674 0.717 0.880 0.918 1.053 1.315 1.393 1.232 1.076 0.864 0.887 0.779 0.921 1.032 1.086 1.239 1.360 1.504 1.743 1.961 1.676 1.594 1.475 1.626 1.787 1.705 1.807 1.700 1.424 1.527 1.342 1.274 1.218 1.071 1.002 1.043 1.059 1.022 1.239 1.326 1.089 1.014 0.839 0.952 0.858 0.579 0.490 0.000 0.490 0.523 0.530 0.536 0.647 0.747 0.777 0.878 1.115 1.267 1.794 1.799 1.636 1.342 1.406 1.201 1.294 1.252 1.386 1.579 2.001 2.533 3.570 4.642 5.599 6.809 8.889 10.126 11.523 13.334 14.050 16.339 17.554 19.489 20.403 20.604 21.450 21.139
1.967 1.583 1.284 1.127 0.956 0.891 0.765 0.838 0.878 0.938 1.053 1.192 1.457 1.548 1.414 1.299 1.080 1.129 1.026 1.234 1.369 1.424 1.643 1.821 2.046 2.230 2.378 2.150 2.035 1.972 2.121 2.241 2.235 2.222 2.219 1.865 1.935 1.749 1.648 1.654 1.395 1.286 1.342 1.263 1.162 1.315 1.395 1.160 1.248 1.015 1.190 1.077 0.752 0.546 0.490 0.000 0.493 0.573 0.609 0.597 0.700 0.868 0.895 1.043 1.287 1.881 1.947 1.823 1.503 1.612 1.460 1.639 1.684 1.818 2.011 2.378 2.880 3.887 4.906 5.742 7.318 9.116 10.491 11.620 13.161 14.313 15.976 17.213 18.705 19.942 20.060 21.140 21.609
1.678 1.329 1.180 0.985 0.970 0.868 0.762 0.833 0.869 0.989 1.141 1.272 1.534 1.613 1.478 1.244 1.015 1.020 0.882 1.050 1.128 1.242 1.423 1.508 1.697 1.971 2.031 1.787 1.636 1.513 1.725 1.772 1.653 1.755 1.608 1.423 1.530 1.496 1.416 1.301 1.141 0.938 0.977 0.898 0.840 1.002 1.150 0.913 0.920 0.769 0.938 0.892 0.638 0.543 0.518 0.489 0.000 0.489 0.529 0.550 0.542 0.644 0.751 0.943 1.098 1.696 1.704 1.489 1.165 1.154 1.035 1.139 1.182 1.376 1.564 2.052 2.546 3.582 4.814 5.789 7.276 9.390 10.789 12.143 13.642 14.704 16.302 17.435 19.244 20.484 20.621 21.362 21.379
1.403 1.128 1.001 0.862 0.876 0.839 0.738 0.801 0.877 0.981 1.055 1.161 1.488 1.611 1.432 1.224 0.983 0.953 0.806 0.932 0.969 1.122 1.239 1.251 1.456 1.677 1.737 1.540 1.405 1.294 1.463 1.534 1.474 1.598 1.473 1.273 1.342 1.318 1.301 1.205 1.054 0.893 0.932 0.888 0.835 1.029 1.189 0.969 0.896 0.776 0.913 0.853 0.625 0.557 0.520 0.510 0.487 0.000 0.488 0.523 0.541 0.553 0.661 0.872 1.042 1.638 1.601 1.423 1.102 1.134 0.997 1.120 1.150 1.335 1.512 2.037 2.626 3.652 4.842 5.805 7.055 9.244 10.410 11.937 13.093 14.375 16.309 17.564 19.195 20.307 20.431 21.039 21.229
1.539 1.228 1.072 0.920 0.892 0.835 0.760 0.851 0.943 1.046 1.127 1.218 1.462 1.562 1.387 1.190 1.035 0.938 0.798 0.951 1.048 1.188 1.368 1.407 1.579 1.812 1.898 1.662 1.554 1.477 1.644 1.741 1.695 1.746 1.659 1.423 1.489 1.436 1.344 1.247 1.068 0.923 1.003 0.963 0.886 1.093 1.240 1.037 0.988 0.816 0.974 0.938 0.681 0.625 0.538 0.536 0.517 0.488 0.000 0.491 0.525 0.557 0.599 0.770 1.020 1.624 1.586 1.475 1.178 1.215 1.098 1.187 1.232 1.353 1.553 1.997 2.508 3.546 4.730 5.600 7.239 9.248 10.682 12.036 13.345 14.594 16.576 17.955 19.379 21.073 20.395 20.931 21.923
1.784 1.480 1.244 1.115 1.097 1.064 0.978 1.135 1.106 1.194 1.342 1.443 1.784 1.928 1.753 1.637 1.322 1.261 1.103 1.259 1.332 1.422 1.646 1.762 1.927 2.178 2.308 2.007 1.909 1.814 2.045 2.159 2.076 2.219 2.078 1.797 1.914 1.784 1.688 1.646 1.384 1.231 1.246 1.149 0.973 1.117 1.242 1.026 1.134 0.991 1.230 1.246 0.916 0.803 0.652 0.589 0.586 0.549 0.492 0.000 0.493 0.574 0.636 0.726 0.998 1.620 1.705 1.557 1.254 1.344 1.265 1.428 1.548 1.773 1.998 2.392 2.933 3.903 4.906 5.770 7.343 9.227 10.641 11.829 13.175 14.498 15.952 17.299 18.685 19.999 20.131 21.059 21.876
1.506 1.239 1.131 0.990 1.061 1.038 0.926 1.051 1.126 1.214 1.339 1.408 1.718 1.853 1.642 1.450 1.217 1.112 0.959 1.083 1.100 1.240 1.385 1.392 1.598 1.826 1.878 1.650 1.494 1.360 1.579 1.623 1.494 1.641 1.500 1.289 1.439 1.452 1.422 1.244 1.152 0.927 0.991 0.874 0.731 0.955 1.088 0.886 0.960 0.842 1.054 1.085 0.837 0.754 0.695 0.606 0.544 0.526 0.507 0.488 0.000 0.490 0.545 0.680 0.795 1.504 1.494 1.285 0.999 1.034 0.934 1.088 1.168 1.378 1.586 2.069 2.541 3.647 4.767 5.683 7.007 9.292 10.392 12.165 13.377 14.613 16.146 17.456 18.907 20.281 20.530 20.947 21.284
1.462 1.180 1.129 0.996 1.098 1.108 1.016 1.135 1.257 1.370 1.408 1.565 1.828 1.972 1.795 1.508 1.256 1.158 0.978 1.109 1.083 1.274 1.387 1.372 1.574 1.751 1.820 1.594 1.464 1.359 1.533 1.642 1.587 1.674 1.584 1.379 1.501 1.472 1.444 1.318 1.149 0.944 1.013 0.912 0.764 0.975 1.118 0.913 0.930 0.870 1.083 1.128 0.871 0.841 0.782 0.727 0.620 0.553 0.552 0.523 0.490 0.000 0.497 0.655 0.825 1.536 1.513 1.350 1.059 1.080 0.970 1.090 1.172 1.404 1.638 2.136 2.662 3.825 4.957 6.013 7.435 9.303 10.627 12.164 13.426 14.365 16.649 17.199 18.547 20.441 20.433 20.488 21.489
1.834 1.544 1.459 1.281 1.426 1.433 1.336 1.582 1.704 1.799 1.829 1.894 2.143 2.340 2.259 1.889 1.609 1.410 1.192 1.407 1.426 1.731 1.903 1.930 2.153 2.457 2.552 2.130 1.946 1.901 2.279 2.396 2.280 2.418 2.215 1.887 1.971 1.936 1.843 1.715 1.460 1.191 1.348 1.261 1.064 1.298 1.554 1.300 1.406 1.136 1.432 1.533 1.232 1.225 1.102 1.035 0.933 0.729 0.678 0.639 0.599 0.500 0.000 0.536 0.834 1.587 1.707 1.659 1.326 1.470 1.282 1.524 1.589 1.791 2.022 2.442 2.982 3.975 4.969 5.904 7.299 9.226 11.022 12.185 13.600 14.831 16.538 17.687 19.102 20.796 20.589 20.939 22.086
2.540 2.446 2.175 2.044 2.211 2.228 2.221 2.750 2.573 2.724 2.865 3.018 3.384 3.723 3.721 3.422 2.945 2.703 2.359 2.497 2.511 2.720 2.926 3.066 3.293 3.691 3.826 3.246 3.027 3.022 3.528 3.794 3.733 4.013 3.766 3.176 3.510 3.274 3.260 3.132 2.840 2.476 2.632 2.318 1.734 1.823 2.153 2.023 2.399 2.182 2.714 2.789 2.297 2.064 1.756 1.560 1.599 1.353 1.001 0.994 1.027 0.858 0.562 0.000 0.711 1.647 1.993 2.040 1.728 2.162 2.215 2.799 3.026 3.355 3.708 4.222 4.821 5.524 6.518 7.353 8.732 10.808 11.841 13.496 14.708 15.894 17.856 18.967 20.009 21.654 21.770 22.071 22.899
3.397 3.565 3.726 3.401 3.917 4.225 4.008 4.672 4.577 4.642 5.237 5.122 5.640 6.342 6.093 5.688 4.721 4.333 3.644 3.947 3.806 4.296 4.501 4.340 4.655 4.989 4.900 4.085 3.452 3.625 4.200 4.038 3.690 4.283 3.761 3.685 4.276 4.618 4.685 4.039 3.850 3.247 3.551 2.851 2.173 2.009 2.745 2.679 3.212 3.155 3.900 4.222 3.610 3.618 3.330 2.710 2.724 2.691 2.246 1.726 1.696 1.407 1.237 0.580 0.000 1.190 1.758 1.985 1.731 2.162 2.566 3.133 3.462 4.323 4.655 5.378 5.994 6.618 7.917 8.766 10.160 11.686 12.664 14.354 15.400 16.790 18.825 19.965 20.942 22.527 22.380 22.604 23.003
4.238 4.726 5.362 5.430 6.057 6.329 5.693 5.508 6.395 6.888 7.067 7.521 7.701 8.196 7.676 7.255 5.874 5.834 5.107 5.806 5.549 6.403 6.288 5.944 5.736 6.115 5.707 4.577 3.616 4.110 5.159 4.549 4.282 5.531 5.297 4.959 5.944 6.605 6.821 5.882 5.368 4.359 4.093 3.479 2.620 2.674 3.420 2.896 3.489 3.462 4.476 4.788 3.978 4.480 5.033 4.436 3.263 3.440 3.671 2.574 2.071 2.242 2.152 1.396 0.901 0.000 0.749 1.397 2.057 2.848 3.351 4.202 4.725 5.626 6.511 7.186 7.941 8.993 10.072 10.879 11.968 13.920 14.791 16.116 18.375 19.090 21.147 22.437 23.526 24.348 24.651 24.601 24.595
3.758 4.069 5.024 5.051 5.793 6.232 6.007 6.548 6.823 7.018 6.927 7.207 7.276 7.944 7.829 7.142 6.484 5.726 5.290 5.355 5.313 5.731 5.632 5.018 5.052 5.250 4.913 3.983 3.058 3.298 3.997 3.668 3.095 3.787 3.498 3.767 4.676 5.455 5.803 5.177 4.803 4.186 4.214 3.667 2.769 2.440 3.423 3.408 4.227 4.274 5.009 5.730 5.379 5.328 5.021 4.866 4.365 3.937 3.763 3.190 2.757 2.490 2.519 1.901 1.470 0.622 0.000 0.718 1.441 1.984 2.750 3.489 4.017 4.856 5.193 6.014 6.632 7.250 8.289 9.078 10.277 12.392 13.446 14.392 16.320 17.153 19.418 21.009 21.939 22.783 23.478 23.393 24.065
2.789 2.967 3.510 3.507 4.162 4.393 4.207 4.492 4.957 5.120 4.911 4.955 5.082 5.451 5.294 4.857 4.352 3.733 3.495 3.593 3.475 4.085 4.031 3.518 3.729 3.952 3.602 3.022 2.295 2.512 3.242 3.005 2.617 3.146 2.923 2.754 3.408 3.936 4.106 3.311 3.175 2.587 2.405 2.024 1.596 1.486 2.095 2.338 2.633 2.705 3.056 3.804 3.608 3.996 3.887 3.825 3.338 2.864 2.897 2.715 2.275 1.980 2.297 2.064 1.563 1.194 0.578 0.000 0.602 1.067 1.365 1.951 2.531 3.010 3.626 4.267 4.958 5.720 6.649 7.762 8.893 10.530 11.355 13.195 14.561 15.921 18.236 19.199 20.466 21.585 21.990 22.476 22.569
2.249 2.265 2.600 2.598 3.069 3.156 3.067 3.348 3.710 3.715 3.633 3.572 3.658 3.753 3.754 3.372 3.106 2.660 2.411 2.541 2.410 2.929 2.975 2.548 2.834 3.096 3.001 2.337 1.907 1.899 2.344 2.339 1.858 2.269 2.009 1.901 2.291 2.674 2.632 2.169 2.101 1.707 1.671 1.361 1.118 1.126 1.538 1.770 1.877 2.060 2.302 2.752 2.726 3.082 2.887 2.981 2.580 2.247 2.306 2.187 1.798 1.575 1.774 1.704 1.413 1.422 1.029 0.577 0.000 0.542 0.850 1.137 1.466 1.798 2.157 2.800 3.325 4.369 5.539 6.396 7.749 9.451 10.732 12.229 13.610 14.865 17.041 18.335 19.578 20.710 20.953 21.707 21.633
1.940 1.677 1.842 1.724 1.930 1.908 1.819 1.987 2.306 2.346 2.224 2.241 2.312 2.516 2.389 1.973 1.806 1.492 1.427 1.495 1.501 1.853 1.973 1.773 2.103 2.221 2.216 1.944 1.647 1.461 1.770 1.776 1.502 1.694 1.424 1.338 1.556 1.794 1.664 1.374 1.200 0.993 0.971 0.852 0.708 0.736 1.072 1.096 1.184 1.198 1.386 1.678 1.658 1.863 1.910 1.948 1.701 1.488 1.622 1.635 1.307 1.235 1.518 1.464 1.311 1.564 1.336 0.931 0.523 0.000 0.517 0.753 0.943 1.195 1.499 2.035 2.674 3.769 4.823 5.921 7.054 9.328 10.250 11.716 13.037 14.147 15.763 16.005 18.751 19.804 20.004 20.724 21.003
1.587 1.303 1.312 1.203 1.380 1.380 1.320 1.428 1.666 1.747 1.666 1.749 1.906 2.022 1.851 1.551 1.360 1.145 1.028 1.117 1.130 1.337 1.445 1.373 1.653 1.838 1.920 1.623 1.419 1.247 1.431 1.488 1.292 1.380 1.189 1.070 1.217 1.312 1.292 1.021 0.921 0.690 0.736 0.628 0.612 0.719 1.002 0.890 0.892 0.941 1.050 1.236 1.204 1.285 1.312 1.394 1.235 1.077 1.189 1.237 1.053 0.964 1.210 1.309 1.269 1.622 1.526 1.111 0.748 0.506 0.000 0.506 0.659 0.912 1.175 1.721 2.319 3.351 4.555 5.328 6.738 8.767 10.317 11.705 13.049 13.949 15.832 17.232 17.927 19.770 19.377 19.940 20.328
1.806 1.457 1.502 1.280 1.449 1.389 1.359 1.557 1.763 1.794 1.738 1.757 1.854 2.024 1.912 1.553 1.399 1.159 1.038 1.113 1.115 1.483 1.603 1.549 1.884 2.074 2.132 1.893 1.663 1.411 1.646 1.713 1.427 1.477 1.190 1.069 1.230 1.377 1.253 0.933 0.776 0.615 0.621 0.636 0.675 0.893 1.066 0.979 0.940 0.929 1.078 1.298 1.253 1.446 1.413 1.512 1.381 1.154 1.315 1.355 1.124 1.111 1.389 1.461 1.400 1.847 1.768 1.406 0.977 0.733 0.508 0.000 0.510 0.678 1.005 1.573 2.240 3.305 4.417 5.447 6.788 9.344 10.106 11.725 12.907 13.759 15.965 16.641 18.709 20.216 19.949 20.464 21.075
2.057 1.733 1.699 1.429 1.603 1.505 1.570 1.736 2.027 1.998 1.800 1.755 1.838 2.011 1.952 1.599 1.537 1.232 1.136 1.160 1.206 1.535 1.735 1.863 2.167 2.424 2.505 2.213 1.893 1.673 1.907 1.969 1.687 1.739 1.350 1.148 1.292 1.394 1.206 0.906 0.784 0.693 0.739 0.820 0.920 1.036 1.272 1.200 1.165 1.170 1.259 1.548 1.537 1.681 1.660 1.892 1.643 1.360 1.611 1.719 1.390 1.397 1.727 1.776 1.620 2.159 2.093 1.626 1.220 0.956 0.695 0.520 0.000 0.512 0.888 1.395 2.122 3.201 4.235 4.789 6.464 8.148 10.215 11.349 13.276 13.887 15.988 17.328 18.606 20.096 19.783 20.265 20.753
2.369 1.920 1.928 1.677 1.883 1.818 1.883 2.249 2.533 2.506 2.342 2.232 2.284 2.559 2.550 1.967 1.893 1.453 1.275 1.256 1.339 1.727 1.962 1.956 2.474 2.764 2.847 2.606 2.414 2.026 2.358 2.462 2.141 2.099 1.660 1.370 1.347 1.480 1.298 0.886 0.770 0.791 0.898 1.108 1.220 1.432 1.640 1.565 1.479 1.401 1.485 1.886 1.886 2.140 1.984 2.170 2.058 1.680 1.864 1.978 1.725 1.675 1.975 2.091 2.035 2.498 2.456 2.178 1.678 1.512 1.087 0.895 0.535 0.000 0.542 1.098 1.933 3.249 4.565 5.256 6.596 9.052 10.250 11.778 13.071 14.312 16.334 17.434 18.767 19.888 19.652 20.409 21.052
3.526 2.957 3.147 2.683 3.031 2.947 3.208 3.519 4.078 3.817 3.599 3.150 3.081 3.634 3.649 2.992 2.985 2.209 2.224 2.001 2.039 2.570 2.840 2.865 3.813 3.948 4.345 4.036 3.904 3.100 3.354 3.755 3.106 3.068 2.323 1.999 1.668 1.934 1.655 1.153 1.226 1.594 1.511 1.886 2.403 2.684 2.663 2.743 2.283 2.418 2.257 2.894 3.215 3.514 3.609 3.927 3.634 3.087 3.582 3.900 3.412 3.308 4.048 4.182 3.827 4.616 4.683 4.106 3.285 2.699 1.976 1.560 1.160 0.577 0.000 0.717 1.672 2.780 4.054 4.768 6.473 8.139 10.228 11.506 12.808 14.019 15.758 16.764 18.476 19.651 19.544 20.170 21.140
5.776 5.126 5.441 4.924 5.557 5.551 6.090 6.794 8.213 7.351 6.321 5.710 5.354 5.724 6.251 5.265 5.690 4.282 4.253 3.565 3.358 4.614 5.341 5.350 6.364 6.935 7.417 6.492 5.585 4.975 5.730 6.038 5.027 4.947 3.718 2.850 3.068 3.372 2.748 1.945 2.320 2.876 3.355 3.974 4.021 4.501 5.278 5.535 5.432 5.048 4.954 6.009 6.371 7.319 6.734 7.605 7.233 6.010 6.516 6.898 5.974 5.453 6.380 6.570 5.526 6.401 6.242 5.331 4.573 4.297 3.050 2.864 1.951 1.462 0.729 0.000 0.832 1.869 3.140 3.987 5.472 7.216 8.970 10.149 12.162 13.419 14.971 16.466 17.733 19.177 19.020 19.485 20.078
9.959 9.029 9.159 7.590 7.970 7.627 7.820 8.246 10.068 9.783 8.401 7.795 6.883 7.923 8.334 6.697 6.812 5.043 5.481 5.497 6.103 7.533 8.749 8.704 10.919 11.395 12.445 11.624 10.376 9.424 10.392 10.953 9.535 9.210 7.871 6.415 5.753 5.880 4.710 3.860 3.520 4.409 4.254 5.222 6.299 7.463 7.644 6.967 6.045 5.921 5.274 6.523 6.988 8.581 8.726 9.744 8.617 7.603 9.258 9.229 8.010 8.200 9.842 9.934 9.295 10.753 10.995 10.078 8.382 7.691 6.145 5.124 3.615 2.683 1.916 0.745 0.000 0.730 1.640 2.677 4.095 5.931 7.306 8.424 10.826 11.990 13.173 15.052 16.445 17.876 17.937 18.559 19.230
11.880 10.586 10.740 9.539 9.666 9.624 10.063 10.706 12.023 11.181 10.054 9.406 8.324 9.703 10.093 8.345 8.769 7.366 7.833 7.058 7.523 8.982 10.434 10.467 12.349 12.996 14.185 13.042 12.023 10.777 11.520 12.374 10.406 10.082 7.848 7.183 6.242 6.828 4.959 4.506 4.824 6.149 6.602 7.476 8.411 8.990 9.442 9.190 8.512 8.432 7.683 8.987 9.893 11.318 10.966 12.316 11.338 10.585 11.612 11.772 10.619 10.624 12.050 12.104 11.410 12.609 12.648 11.580 9.901 8.747 7.495 5.966 4.497 3.509 2.751 1.576 0.681 0.000 0.653 1.589 2.667 4.317 6.296 7.062 9.293 10.537 12.255 13.870 15.836 17.651 17.819 18.251 18.858
12.497 11.091 11.441 10.340 11.011 10.637 11.585 12.498 13.713 12.999 11.345 10.554 9.350 10.590 11.581 9.574 10.364 8.691 9.192 8.127 8.946 9.539 10.851 11.070 12.767 13.443 14.367 13.522 12.590 11.164 11.818 12.593 10.956 10.570 8.804 8.091 7.029 7.278 5.655 5.783 6.293 8.118 8.258 9.241 10.193 10.725 11.626 11.470 10.667 10.189 9.641 10.662 11.811 13.179 12.396 13.874 13.486 11.933 12.960 13.408 12.552 11.788 13.145 13.606 12.794 13.885 13.639 12.628 11.386 10.453 8.932 7.914 6.153 5.124 3.797 2.695 1.392 0.644 0.001 0.918 1.945 3.444 5.136 6.379 8.246 9.821 11.128 12.907 14.032 16.216 16.349 16.856 17.872
15.287 13.934 14.021 12.509 12.869 12.373 12.828 13.322 14.937 14.361 12.365 11.712 10.290 11.897 12.686 10.860 11.871 9.993 10.923 9.911 10.813 12.006 13.338 13.456 15.451 15.893 17.082 16.411 15.627 14.263 14.797 15.776 14.159 13.795 12.276 11.116 10.334 10.216 8.222 8.816 8.457 9.681 10.348 11.479 12.718 13.610 14.130 13.680 12.522 11.932 11.222 12.187 13.031 14.278 14.069 15.312 14.679 13.414 14.692 15.380 14.432 14.212 15.916 16.233 15.350 16.646 16.517 15.504 14.303 13.560 11.732 11.004 9.296 7.662 6.183 4.338 3.615 2.391 0.866 0.000 1.095 2.629 3.499 4.369 5.775 6.527 8.520 10.214 11.850 14.052 14.418 14.845 15.768
18.553 17.453 17.436 16.566 16.740 16.661 17.080 18.056 19.228 18.164 16.980 15.652 13.883 15.384 16.285 14.551 15.992 14.192 14.896 13.880 14.421 15.441 16.729 16.825 18.223 19.491 20.007 19.229 18.446 16.890 17.410 18.126 16.443 16.074 14.274 13.872 12.320 12.900 10.814 11.329 11.815 13.357 13.955 14.758 15.709 16.266 17.055 16.829 16.234 15.797 16.022 16.883 17.403 18.446 18.231 19.613 19.269 17.753 18.449 19.883 18.327 17.805 19.336 20.334 18.427 20.145 19.528 18.334 16.782 15.943 14.691 13.683 11.913 9.216 8.053 6.073 4.336 3.616 2.602 0.904 0.002 0.891 2.006 2.460 3.634 4.223 5.525 6.891 8.081 10.264 11.446 12.324 13.655
20.204 18.532 18.927 17.672 17.627 17.414 18.092 18.823 20.076 19.268 17.451 16.297 14.432 15.518 16.945 14.942 16.657 15.003 15.994 15.063 15.517 16.486 18.038 18.212 19.953 20.616 21.636 20.962 20.767 18.481 18.859 20.326 18.920 17.787 16.912 15.605 14.776 14.534 11.976 13.392 13.675 14.637 15.344 16.776 17.678 18.805 19.261 19.501 17.900 17.488 16.549 17.902 18.756 19.669 19.382 20.751 20.502 18.957 20.115 21.036 20.371 19.545 21.296 21.750 20.797 21.737 21.776 20.656 19.473 18.224 16.625 15.893 13.976 12.559 10.530 8.476 6.528 5.328 3.720 2.159 0.850 0.001 0.799 1.541 2.139 2.872 3.967 4.572 6.353 8.662 9.474 10.703 12.184
21.466 19.670 19.718 18.325 18.412 18.055 18.998 19.239 20.817 19.660 18.127 17.184 15.007 16.227 17.213 15.767 17.234 15.906 16.634 15.891 16.175 17.331 18.926 18.940 20.854 21.669 22.108 21.869 21.027 19.372 20.132 20.835 19.288 18.683 17.241 16.269 15.044 15.459 13.296 13.872 14.359 15.161 15.901 17.130 18.241 18.795 19.223 19.400 18.135 17.768 17.386 18.733 19.496 20.419 20.049 21.398 21.360 19.871 20.711 21.858 20.515 20.056 22.029 22.367 20.787 22.233 21.852 21.298 20.245 18.988 18.020 16.522 14.899 12.935 10.985 9.183 7.533 6.246 4.607 2.931 1.836 0.739 0.001 0.708 1.541 1.943 2.915 3.817 4.855 6.827 8.113 9.237 10.951
21.189 18.971 19.759 18.258 18.760 18.445 19.170 19.703 21.112 20.245 18.319 17.232 15.713 16.739 17.870 16.448 18.138 16.814 17.215 16.627 16.650 17.490 18.991 18.579 20.890 21.340 22.645 21.875 21.306 19.358 19.776 21.537 19.956 19.287 18.022 16.692 16.213 15.561 14.329 14.825 15.174 16.532 17.093 18.526 19.232 20.219 21.133 21.221 19.510 18.817 18.317 19.359 19.885 20.474 20.230 21.835 21.430 19.731 20.776 22.230 21.029 20.491 22.357 23.034 21.399 22.833 22.774 22.100 20.648 19.792 18.351 17.116 15.387 14.080 12.067 9.899 7.916 6.583 5.030 3.564 2.515 1.451 0.658 0.000 0.703 1.543 2.020 3.040 4.093 5.891 7.288 8.496 10.070
21.958 20.299 20.693 19.563 19.215 18.796 19.436 19.888 21.128 20.080 18.688 17.424 16.182 16.752 18.047 16.707 18.125 17.141 18.181 17.120 17.392 18.251 20.031 19.990 21.995 22.415 23.173 22.852 22.090 20.621 21.135 21.963 21.407 19.871 19.094 17.855 16.631 16.632 15.119 15.302 15.706 16.502 17.321 18.682 19.347 20.505 20.517 20.557 19.736 19.123 18.960 19.702 20.286 21.137 20.574 22.030 21.992 20.308 21.568 22.588 21.528 21.196 23.063 22.992 22.630 22.959 23.707 22.520 21.504 20.094 18.820 17.618 16.113 15.030 12.739 10.776 8.889 8.102 6.166 4.415 3.258 1.889 1.462 0.656 0.001 0.698 1.622 2.210 3.397 5.055 6.220 7.767 9.348
22.255 20.891 20.770 20.187 19.966 19.832 20.418 20.936 22.041 20.911 19.541 18.246 16.693 17.633 18.560 17.438 19.139 17.986 18.710 17.645 18.558 18.967 20.682 20.009 21.974 22.793 23.422 23.065 22.458 20.697 21.444 22.490 21.415 20.322 19.364 18.066 17.217 16.972 15.563 16.094 16.614 17.700 18.501 18.799 20.148 21.212 21.596 21.519 20.680 19.437 19.530 20.251 21.121 21.809 21.292 22.737 22.801 20.690 22.113 23.342 21.687 21.618 23.095 23.654 22.911 23.842 24.631 22.748 21.132 20.776 18.905 18.244 16.137 15.375 13.274 10.851 9.122 8.077 6.656 5.151 3.642 2.835 1.901 1.374 0.657 0.000 0.801 1.999 3.144 4.859 6.055 7.650 9.383
22.793 21.341 21.976 20.611 20.523 19.936 20.826 21.280 22.204 21.457 20.063 18.390 17.252 17.723 19.135 17.651 19.764 18.109 19.578 18.470 18.993 19.877 21.468 21.212 23.122 23.666 24.061 23.801 23.246 21.743 22.569 22.827 22.147 21.063 20.131 18.999 18.369 18.113 16.421 17.023 17.090 18.320 19.069 20.339 20.826 21.771 21.695 22.690 21.179 20.702 19.943 20.646 21.510 22.215 21.640 23.376 22.934 21.890 22.876 23.780 23.076 22.316 23.767 24.552 23.375 24.034 24.375 23.108 22.305 20.520 19.190 19.280 17.309 16.500 14.343 12.337 10.751 9.724 8.568 7.100 5.823 4.383 3.434 2.179 1.606 0.757 0.000 0.820 2.339 4.078 5.249 6.977 9.011
24.540 23.558 23.137 22.738 22.664 22.396 23.139 23.370 24.111 23.344 22.474 21.713 19.785 20.644 21.740 21.106 22.237 20.649 21.595 20.446 21.242 21.959 23.481 23.289 24.489 25.298 25.544 24.798 24.712 23.044 24.199 24.423 22.946 23.197 21.997 20.602 20.243 20.511 18.645 19.407 19.591 20.588 21.209 22.288 22.290 23.727 23.644 23.986 23.186 22.565 22.396 23.050 23.621 23.982 24.287 24.777 25.065 23.655 24.551 25.276 24.888 23.701 24.944 25.762 24.668 25.288 25.647 24.834 23.381 22.749 20.890 21.591 19.847 19.281 17.363 15.803 14.712 13.901 12.461 11.298 9.418 7.395 5.791 4.396 2.671 1.911 0.877 0.000 1.243 3.323 4.995 6.858 9.142
26.225 25.536 25.353 25.193 25.142 24.955 25.634 25.789 26.385 25.783 24.712 24.511 23.331 24.138 24.680 24.204 25.055 24.293 24.955 23.721 24.093 24.263 25.280 25.201 26.003 26.492 26.845 25.907 26.557 25.430 25.982 26.460 25.206 25.310 24.958 24.091 23.823 23.960 22.679 23.347 23.343 24.280 24.482 25.543 25.667 26.755 26.587 26.795 25.981 25.649 25.361 25.574 26.101 26.381 25.885 26.773 26.825 26.023 26.491 27.270 27.064 26.146 26.924 27.596 26.957 27.472 27.264 27.022 26.311 25.674 24.655 24.804 23.979 23.206 22.343 21.380 20.274 19.220 17.764 16.539 14.710 13.640 10.452 9.086 6.390 4.048 2.729 1.178 0.000 1.459 2.945 5.746 8.400
28.046 27.331 27.311 26.929 26.730 26.883 27.225 27.261 27.511 26.976 26.453 26.013 25.403 25.592 26.187 25.701 26.728 26.206 26.625 26.158 26.250 26.566 27.002 27.298 27.714 27.758 28.351 27.882 28.046 27.443 27.511 27.880 27.318 27.444 26.807 26.309 26.104 25.771 25.245 25.451 25.754 26.029 26.491 27.157 27.122 27.917 28.038 27.804 27.477 27.045 26.789 27.093 27.276 27.628 27.251 28.001 27.970 27.557 27.832 28.352 28.173 27.793 28.241 28.681 28.362 28.483 28.344 28.299 27.795 27.573 26.798 26.788 25.881 25.631 24.702 23.740 22.978 21.921 20.077 19.334 17.771 16.274 13.992 12.123 9.678 7.035 4.202 3.232 1.178 0.001 1.583 4.142 6.724
28.693 28.291 28.347 28.111 28.224 28.136 28.414 28.446 28.365 28.129 27.744 27.514 27.112 26.890 27.422 27.569 28.009 27.886 28.279 27.839 27.922 27.685 28.131 28.206 28.485 28.447 28.777 28.631 28.805 28.347 28.601 28.591 28.324 28.231 27.925 27.907 27.525 27.363 27.140 27.334 27.587 27.990 28.085 28.550 28.679 28.983 29.011 28.913 28.721 28.673 28.377 28.260 28.636 28.735 28.576 28.811 28.914 28.788 28.934 28.996 29.050 28.982 29.150 29.208 29.236 29.286 29.253 29.204 28.928 28.689 28.413 28.121 27.822 27.487 26.982 26.849 25.828 25.376 24.546 23.822 23.133 22.213 20.387 18.759 15.874 13.005 8.635 7.102 4.038 1.184 0.001 1.656 4.590
29.219 29.008 28.595 28.746 28.521 28.735 28.818 28.740 28.868 28.551 28.285 28.206 27.751 27.618 27.953 28.082 28.438 28.386 28.769 28.429 28.546 28.348 28.752 29.023 29.011 29.104 29.371 29.260 29.372 29.070 29.178 29.186 29.053 28.899 28.499 28.599 28.221 28.218 28.053 28.004 28.119 28.450 28.458 28.912 29.003 29.361 29.362 29.345 29.058 28.920 28.686 28.745 29.055 29.061 28.729 29.092 29.293 29.037 29.187 29.454 29.351 29.097 29.429 29.617 29.525 29.696 29.632 29.592 29.351 29.112 28.817 28.610 28.137 28.294 27.648 27.535 26.854 26.391 25.679 25.060 24.773 23.783 22.966 20.972 18.052 14.879 12.271 9.542 6.239 4.237 1.609 0.000 1.540
29.485 29.245 29.139 29.128 28.912 29.095 29.243 29.220 29.252 28.992 28.863 28.557 28.408 28.236 28.550 28.795 29.006 28.928 29.179 28.820 29.044 29.008 29.017 29.274 29.377 29.381 29.612 29.660 29.510 29.421 29.561 29.650 29.612 29.270 29.104 29.144 28.871 28.722 28.756 28.667 28.742 28.915 28.963 29.333 29.454 29.750 29.550 29.579 29.427 29.316 29.091 29.273 29.392 29.354 29.094 29.315 29.516 29.313 29.366 29.598 29.551 29.446 29.421 29.849 29.698 29.891 29.897 29.843 29.587 29.464 29.280 29.157 28.860 29.005 28.681 28.772 28.131 28.080 27.132 27.045 25.992 25.388 24.527 22.424 20.451 17.086 14.270 10.709 8.998 6.998 4.446 1.506 0.002
