50.361
57.968
71.080
81.145
83.616
86.605
87.752
87.847
85.543
88.852
88.997
87.301
88.248
88.671
89.000
85.814
85.175
87.129
89.627
88.622
86.909
86.812
84.660
81.725
76.238
68.096
60.981
51.345
47.488
54.367
62.176
75.540
81.575
84.416
87.546
88.710
90.489
89.120
87.164
80.003
81.312
80.464
86.610
92.025
92.312
94.147
94.815
94.763
93.652
91.412
90.044
89.883
91.321
92.779
91.351
89.261
88.534
87.899
87.383
87.728
88.683
88.315
90.886
91.351
92.890
94.283
95.332
94.456
93.427
91.975
89.306
90.284
91.202
91.792
92.457
91.852
90.139
90.301
90.329
89.786
89.880
91.324
88.622
87.365
87.075
87.691
84.570
83.992
85.615
82.385
66.710
53.541
42.604
