0.000 0.939 1.524 2.024 2.699 2.937 3.817 5.075 4.451 5.866 4.627 4.981 5.908 6.643 5.661 5.577 4.110 3.606 2.312 2.654 2.914 2.282 3.477 4.599 5.571 5.993 7.502 8.301 6.772 5.776 4.830 4.091 4.176 4.653 5.366 5.720 5.843 6.188 5.340 5.490 7.608 6.407 6.773 6.924 7.946 7.636 8.601 8.611 8.876 8.358 8.040 7.697 7.003 6.705 6.102 6.331 7.398 8.995 11.185 13.234 14.569 19.258 21.382 26.028 25.720 28.760 28.588 28.546 29.451 28.496 28.042 27.945 28.028 28.003 24.535 23.943 22.476 25.968 22.490 21.141 21.991 21.263 20.725 19.498 17.991 18.262 17.635 18.860 19.230 19.864 20.973 21.645 22.520
0.569 0.000 0.529 0.725 1.045 1.427 1.729 2.090 1.983 2.087 1.655 1.776 2.108 2.067 1.964 1.585 1.332 1.171 1.057 1.040 0.951 1.128 1.155 1.379 1.724 1.683 2.144 2.360 2.162 2.014 1.915 1.893 2.128 2.255 2.277 2.364 2.414 2.524 2.197 2.053 2.553 2.324 2.217 2.475 2.716 2.749 3.232 3.266 3.123 2.744 2.519 2.254 2.273 2.157 2.205 2.668 3.608 4.634 7.131 9.845 13.544 19.564 21.453 26.535 26.121 28.292 28.730 28.532 28.536 28.094 28.685 27.946 28.346 27.584 24.983 27.263 27.445 25.604 20.131 19.400 21.302 20.520 20.272 19.623 18.623 18.058 18.107 18.488 19.068 19.605 20.727 21.571 22.255
0.962 0.527 0.000 0.598 1.048 1.557 1.804 2.236 2.244 2.338 1.947 1.947 2.487 2.373 2.455 2.118 1.638 1.462 1.092 1.223 1.360 1.434 1.668 1.795 1.900 2.028 2.466 2.729 2.465 2.218 2.294 2.177 2.415 2.581 2.571 2.674 2.688 2.653 2.378 2.531 2.780 2.593 2.583 2.793 3.124 3.005 3.720 3.729 3.563 2.995 2.836 2.339 2.422 2.504 2.676 3.035 3.871 5.052 7.339 9.659 12.818 18.805 20.800 27.246 26.585 28.885 28.531 28.853 29.067 28.386 28.589 28.109 27.806 28.308 26.967 25.209 26.590 26.947 22.678 19.235 22.405 20.016 20.757 18.835 18.499 17.032 17.725 18.289 18.772 19.762 20.684 21.567 22.554
1.298 0.993 0.544 0.000 0.515 0.810 1.177 1.498 1.306 1.446 1.266 1.117 1.432 1.581 1.645 1.691 1.404 1.314 1.043 1.398 1.556 1.750 1.976 2.315 2.559 2.384 2.853 3.400 3.170 3.003 2.678 2.763 3.016 2.911 2.873 2.786 2.837 3.094 2.707 2.503 2.953 2.968 2.573 2.894 3.279 3.228 3.490 3.387 3.205 3.119 2.874 2.633 2.643 2.482 2.681 2.900 3.805 4.773 7.169 9.670 12.993 18.297 21.102 26.588 26.195 28.833 28.523 28.674 28.668 28.231 28.589 28.632 28.122 28.591 26.905 25.668 24.503 24.666 21.559 20.987 21.526 21.258 20.644 19.147 18.203 17.654 17.813 18.316 18.896 19.883 20.859 21.761 22.565
1.509 1.025 0.868 0.520 0.000 0.537 0.788 1.180 1.083 1.201 1.043 0.948 1.242 1.306 1.297 1.282 1.141 1.189 1.060 1.367 1.411 1.585 1.624 1.994 2.118 1.946 2.292 2.659 2.650 2.542 2.372 2.513 2.746 2.755 2.804 2.615 2.748 2.738 2.413 2.338 2.593 2.517 2.213 2.372 2.836 2.699 2.974 2.786 2.721 2.437 2.217 2.121 2.197 2.092 2.350 2.487 3.639 4.547 6.940 9.469 13.589 18.770 21.341 26.753 26.695 28.766 28.907 28.950 29.055 28.581 28.511 28.358 28.101 28.331 27.121 27.229 24.875 23.530 23.448 20.737 21.502 21.353 21.787 19.372 18.116 17.946 17.524 18.891 19.431 20.055 21.191 21.823 22.479
1.806 1.202 1.254 0.896 0.532 0.000 0.542 0.797 0.946 1.227 1.039 0.990 1.279 1.513 1.612 1.653 1.343 1.475 1.363 1.715 1.719 1.846 2.008 2.385 2.556 2.356 2.850 3.340 3.190 3.089 2.731 2.877 3.123 3.164 3.245 2.893 3.187 3.230 2.728 2.692 3.117 2.962 2.638 2.887 3.295 3.228 3.340 3.103 3.181 2.809 2.685 2.576 2.651 2.532 2.677 2.883 3.980 4.844 7.194 9.441 13.402 18.947 21.836 26.962 26.466 28.973 28.726 29.036 29.275 28.983 29.234 28.795 28.449 28.397 27.384 25.976 23.303 23.654 20.389 21.001 22.035 20.851 20.747 18.300 18.034 17.736 17.637 18.462 19.107 19.945 20.923 21.923 22.434
2.490 1.711 1.702 1.270 0.907 0.510 0.000 0.650 0.865 1.243 1.273 1.017 1.328 1.712 1.795 2.101 1.766 1.920 1.879 2.312 2.338 2.531 2.518 3.059 3.099 2.787 3.262 3.812 3.727 3.708 3.418 3.638 3.995 3.846 3.778 3.323 3.596 3.614 3.123 3.081 3.472 3.299 2.864 3.224 3.590 3.428 3.701 3.396 3.307 3.146 2.946 2.914 3.215 3.125 3.507 3.471 4.577 5.593 7.677 9.731 12.956 17.642 21.038 26.488 26.478 28.604 28.498 28.513 29.264 28.683 28.448 28.384 28.243 28.485 27.645 26.667 25.481 23.442 22.824 21.680 21.404 20.566 20.538 18.821 17.641 17.649 17.757 18.796 19.310 20.226 21.297 22.070 22.587
3.512 2.600 2.443 2.015 1.493 0.966 0.663 0.000 0.723 1.097 1.416 1.182 1.393 1.828 2.099 2.360 2.250 2.413 2.409 2.985 3.072 3.390 3.330 3.878 3.744 3.453 3.566 4.351 4.404 4.621 4.377 4.851 4.996 4.929 4.898 4.424 4.534 4.371 3.919 3.798 4.052 3.818 3.251 3.508 3.813 3.570 3.524 3.162 3.231 3.307 3.295 3.626 3.795 3.892 4.327 4.452 5.401 6.479 8.759 10.962 14.072 18.684 21.742 25.937 26.347 27.944 28.488 28.290 29.108 28.903 28.620 28.328 28.265 27.658 26.991 26.699 23.585 23.779 21.480 21.510 21.979 21.489 20.876 19.203 18.528 18.485 18.148 19.021 19.719 20.344 21.357 22.198 22.794
3.110 2.365 2.357 1.986 1.376 1.190 0.848 0.654 0.000 0.547 0.777 0.893 1.004 1.054 1.653 1.862 1.704 2.148 2.267 2.866 2.744 2.879 2.577 2.895 2.680 2.379 2.528 2.981 3.091 3.327 3.353 3.729 4.022 3.873 4.027 3.924 3.873 3.665 3.388 3.090 3.487 3.217 2.647 2.861 3.249 2.938 3.000 2.564 2.518 2.310 2.188 2.537 2.757 3.116 3.469 3.865 5.109 6.355 8.351 10.573 13.720 18.843 21.949 26.046 26.414 28.492 28.963 28.319 28.695 28.836 28.583 28.398 27.830 28.672 25.890 25.398 23.722 21.001 19.988 20.502 21.245 21.194 21.344 19.479 18.475 18.923 18.505 19.044 19.574 20.275 21.627 22.460 23.043
2.489 1.795 1.874 1.567 1.134 1.105 1.055 0.886 0.513 0.000 0.508 0.630 0.740 0.696 0.932 1.036 1.126 1.444 1.675 1.992 1.934 2.030 1.964 2.196 2.097 2.063 2.239 2.630 2.670 2.822 2.674 2.917 3.214 3.126 3.295 3.160 3.116 3.104 2.699 2.538 2.771 2.590 2.237 2.410 2.744 2.536 2.777 2.541 2.255 2.222 1.910 1.884 2.071 2.172 2.467 2.884 4.142 4.903 6.996 9.439 13.205 19.019 21.660 25.672 26.873 28.177 29.217 27.876 29.330 27.417 28.576 27.287 27.658 29.190 27.080 24.141 24.836 21.745 22.044 20.829 21.813 20.368 20.569 19.220 18.267 18.308 17.864 18.401 18.977 19.769 21.114 21.763 22.674
2.446 1.585 1.725 1.351 0.951 1.032 1.040 0.945 0.661 0.497 0.000 0.503 0.624 0.741 0.798 1.022 1.025 1.273 1.481 1.855 1.682 1.957 1.823 2.177 2.141 1.932 2.142 2.576 2.538 2.672 2.499 2.776 3.025 2.971 3.042 3.031 2.954 2.845 2.458 2.304 2.567 2.415 2.019 2.194 2.443 2.300 2.481 2.228 2.150 2.192 1.973 1.947 2.204 2.123 2.614 2.690 3.862 4.766 7.023 9.537 13.550 18.919 21.888 26.314 27.181 27.897 29.348 28.051 28.216 28.178 28.141 27.306 27.817 29.187 26.892 26.159 23.570 22.226 19.202 19.150 20.417 20.527 20.643 17.830 17.888 17.832 17.979 18.924 19.478 20.164 21.455 22.101 22.732
2.098 1.536 1.661 1.318 1.005 1.055 1.057 0.951 0.696 0.598 0.495 0.000 0.511 0.645 0.869 1.032 1.077 1.318 1.473 1.728 1.618 1.812 1.861 1.994 2.028 1.941 2.147 2.503 2.513 2.482 2.379 2.578 2.819 2.698 2.747 2.697 2.721 2.677 2.358 2.293 2.580 2.351 2.219 2.255 2.524 2.401 2.609 2.316 2.222 2.049 2.038 2.062 2.171 2.234 2.433 2.677 3.780 4.676 6.989 9.465 13.080 18.438 21.609 27.079 26.551 28.758 28.641 29.286 29.326 28.966 28.689 28.329 28.908 27.484 26.805 25.705 24.743 22.766 20.844 21.737 22.784 20.801 20.577 19.147 18.225 18.039 17.908 18.717 19.319 20.007 21.220 21.962 22.564
2.660 1.840 1.804 1.496 1.087 1.078 1.114 1.024 0.828 0.746 0.614 0.504 0.000 0.525 0.747 1.027 1.143 1.453 1.688 1.992 2.056 2.255 2.167 2.410 2.439 2.241 2.375 2.867 2.833 3.039 2.787 3.068 3.280 3.176 3.284 3.051 3.135 3.116 2.689 2.619 2.983 2.726 2.370 2.619 3.058 2.733 2.911 2.673 2.573 2.423 2.262 2.170 2.531 2.540 2.638 2.903 4.060 5.143 7.544 10.152 13.834 18.711 21.786 26.605 26.496 28.932 28.842 28.597 29.050 28.789 28.870 28.304 28.574 27.547 25.211 25.485 24.121 24.633 22.658 21.926 21.939 20.929 20.782 19.355 18.055 17.875 17.592 18.610 19.072 19.990 21.179 21.752 22.773
2.750 2.105 2.191 1.835 1.463 1.419 1.391 1.231 0.953 0.912 0.848 0.692 0.528 0.000 0.681 0.854 1.011 1.507 1.754 2.084 1.961 2.210 2.073 2.434 2.261 2.101 2.293 2.729 2.784 2.909 2.859 3.029 3.490 3.276 3.444 3.286 3.375 3.238 2.897 2.762 3.155 2.790 2.355 2.600 2.986 2.564 2.865 2.457 2.224 2.392 1.933 2.143 2.205 2.345 2.869 2.896 4.011 4.785 7.226 9.896 14.050 18.740 22.523 26.555 27.295 28.167 29.707 27.796 28.708 28.447 27.851 27.372 27.458 28.482 25.420 24.637 23.289 22.689 22.158 20.707 21.936 20.940 20.523 19.380 18.548 18.216 17.726 18.661 19.199 19.964 20.999 21.848 22.594
3.501 2.506 2.688 2.681 2.015 2.100 1.972 1.806 1.523 1.272 1.152 1.144 0.815 0.605 0.000 0.614 0.847 1.454 1.919 2.208 2.061 2.512 2.661 2.983 3.032 2.675 2.993 3.665 3.684 3.931 3.911 3.909 4.632 4.455 4.747 4.521 4.587 4.473 3.904 3.750 4.104 3.807 3.285 3.700 3.791 3.291 3.608 3.004 2.804 2.674 2.588 2.599 2.803 2.683 3.106 2.997 3.952 4.515 7.065 10.148 14.470 18.837 21.738 27.095 26.955 29.203 28.882 28.991 28.905 28.528 28.599 27.432 27.437 28.494 26.978 27.217 23.157 24.529 22.029 21.226 22.107 21.308 21.031 19.354 18.899 18.418 18.276 19.071 19.769 20.354 21.682 22.377 22.963
2.270 1.562 1.831 1.822 1.445 1.802 1.807 1.758 1.660 1.492 1.122 1.037 0.987 0.712 0.550 0.000 0.554 0.952 1.275 1.409 1.238 1.409 1.689 2.038 2.031 2.121 2.322 2.649 2.626 2.562 2.474 2.414 2.870 2.880 3.147 3.113 3.237 3.056 2.752 2.872 3.170 2.828 2.627 3.058 3.316 2.890 3.258 3.101 2.801 2.450 2.193 2.000 1.851 2.146 2.162 2.553 3.474 4.619 7.207 9.890 13.884 19.310 21.790 26.363 27.844 28.702 28.928 28.689 28.712 28.319 28.939 27.679 27.485 28.066 25.924 25.808 24.355 23.123 22.578 21.944 21.509 21.068 21.376 19.467 18.832 18.047 17.806 18.726 19.516 20.311 21.676 22.146 23.061
1.799 1.164 1.289 1.165 1.035 1.361 1.420 1.572 1.400 1.324 1.003 1.065 1.156 0.948 0.851 0.521 0.000 0.520 0.713 1.015 0.923 1.165 1.295 1.486 1.571 1.525 1.831 2.082 2.026 1.988 1.881 1.988 2.359 2.324 2.419 2.408 2.560 2.406 2.001 2.087 2.342 2.069 1.910 2.184 2.435 2.188 2.591 2.390 2.135 2.012 1.684 1.694 1.653 1.628 1.696 2.169 3.054 3.910 6.545 9.468 13.898 19.134 22.484 26.366 27.675 28.245 29.669 28.642 28.850 27.760 28.387 27.116 27.477 27.525 24.934 27.000 22.370 21.336 20.742 20.551 21.052 21.073 20.675 18.524 18.556 18.056 17.653 18.763 19.439 20.079 21.165 21.789 22.760
1.830 1.211 1.241 1.174 1.240 1.728 1.849 2.141 1.954 1.837 1.384 1.401 1.611 1.299 1.129 0.809 0.529 0.000 0.509 0.788 0.840 1.200 1.492 1.755 1.832 1.829 2.174 2.587 2.577 2.486 2.330 2.390 2.724 2.780 2.745 2.847 2.868 2.898 2.512 2.628 2.902 2.654 2.424 2.805 3.084 2.811 3.223 3.022 2.751 2.433 2.200 1.947 2.072 2.218 1.958 1.979 3.466 4.335 6.598 9.337 13.669 18.499 21.497 26.503 27.117 29.011 28.443 29.005 28.949 28.349 28.564 27.200 27.318 27.942 25.544 24.613 23.507 23.226 21.204 21.123 22.414 21.706 21.325 18.842 18.431 17.949 17.858 18.756 19.219 19.639 20.923 21.613 22.756
1.836 0.986 1.124 1.064 1.141 1.546 1.760 2.071 1.885 1.861 1.490 1.460 1.680 1.553 1.425 1.144 0.840 0.532 0.000 0.609 0.727 1.084 1.401 1.664 1.944 2.026 2.304 2.558 2.606 2.414 2.287 2.340 2.519 2.614 2.682 2.700 2.874 2.765 2.458 2.529 2.868 2.776 2.618 2.894 3.069 2.968 3.169 3.103 2.951 2.750 2.517 2.160 2.151 1.935 2.030 2.084 2.914 3.872 6.571 9.252 13.466 18.176 20.762 26.469 26.827 28.950 28.102 29.050 29.308 28.894 28.575 27.993 27.845 27.885 26.449 26.465 23.332 23.242 20.585 21.355 21.862 22.060 21.062 19.718 18.583 18.138 17.721 18.435 18.837 19.615 20.826 21.489 22.350
1.939 1.178 1.310 1.268 1.353 1.783 1.991 2.384 2.151 2.257 1.835 1.915 2.281 2.079 2.038 1.639 1.148 0.865 0.569 0.000 0.617 0.866 1.209 1.534 1.979 2.256 2.559 2.879 2.829 2.534 2.410 2.045 2.433 2.806 3.062 3.118 3.368 3.307 2.751 2.942 3.402 3.281 3.056 3.257 3.628 3.435 3.876 3.801 3.614 3.037 2.664 2.217 2.123 1.601 1.563 1.926 2.894 4.144 6.646 9.425 13.060 18.544 20.543 26.159 26.164 28.798 28.483 28.188 29.099 28.419 28.171 27.607 28.311 27.943 25.673 26.041 24.405 24.297 21.637 21.713 21.655 21.741 21.114 18.762 18.719 17.620 17.333 17.803 18.562 19.334 20.732 21.409 22.234
1.579 1.405 1.242 1.321 1.460 1.732 1.998 2.333 2.102 2.143 1.766 1.665 2.007 1.845 1.725 1.423 1.110 0.870 0.776 0.548 0.000 0.539 0.762 1.044 1.347 1.523 2.006 2.090 1.988 1.672 1.553 1.516 1.854 1.969 2.117 2.323 2.325 2.258 2.098 2.192 2.421 2.251 2.239 2.579 2.754 2.697 3.235 3.322 3.147 2.490 2.197 1.910 1.647 1.235 1.782 1.695 2.838 3.962 6.164 9.090 12.912 18.552 20.926 26.042 26.858 28.511 29.025 29.026 28.600 28.842 28.230 27.915 27.554 28.094 25.523 25.820 25.490 22.240 22.719 20.867 20.907 21.461 21.805 19.605 18.355 18.346 17.706 18.307 19.020 19.678 20.742 21.689 22.699
1.861 1.272 1.467 1.655 1.693 2.205 2.330 2.693 2.331 2.256 1.822 1.978 2.223 1.992 1.917 1.578 1.196 1.042 0.983 0.813 0.526 0.000 0.527 0.719 0.911 1.118 1.434 1.629 1.456 1.314 1.258 1.423 1.760 1.892 2.066 2.059 2.184 2.035 1.773 1.908 2.088 1.923 1.882 2.159 2.357 2.278 2.720 2.772 2.563 2.107 1.712 1.503 1.241 1.288 1.707 2.115 2.888 3.845 6.207 9.029 12.860 18.864 20.034 26.658 26.401 28.368 28.189 28.641 29.196 28.188 28.176 27.584 28.031 27.439 24.663 26.009 25.150 23.025 22.291 20.823 21.855 22.024 21.697 19.777 19.027 18.828 18.250 18.388 18.957 19.691 20.898 21.579 22.245
1.784 1.047 1.507 1.659 1.478 1.865 1.931 2.297 1.887 1.755 1.505 1.648 1.854 1.708 1.772 1.346 1.104 1.157 1.145 1.043 0.733 0.504 0.000 0.506 0.613 0.809 1.066 1.202 1.118 0.914 0.950 1.089 1.365 1.465 1.608 1.769 1.823 1.673 1.413 1.612 1.702 1.614 1.468 1.768 1.870 1.822 2.155 2.146 2.055 1.615 1.406 1.178 1.381 1.593 1.325 1.884 3.139 3.870 6.565 9.581 13.664 19.666 21.171 26.269 26.753 28.622 28.795 28.590 28.602 28.592 28.616 28.055 26.933 27.707 25.040 24.506 23.781 25.024 21.718 21.156 21.199 22.304 21.163 19.723 19.093 18.412 18.452 18.928 19.724 20.092 21.191 21.841 22.267
1.738 1.287 1.648 1.604 1.644 2.019 2.207 2.356 2.074 1.990 1.717 1.786 2.026 1.759 1.803 1.454 1.176 1.258 1.254 1.173 0.965 0.694 0.498 0.000 0.524 0.728 1.040 1.115 0.958 0.840 1.027 1.163 1.365 1.512 1.774 1.962 1.860 1.775 1.542 1.724 1.746 1.568 1.605 1.773 1.909 1.931 2.291 2.341 2.160 1.843 1.326 1.134 0.929 1.181 1.295 2.045 2.896 3.875 6.396 9.055 12.875 19.177 20.896 26.069 26.663 27.960 28.429 29.078 28.862 28.677 28.509 27.922 28.086 27.241 25.432 23.685 23.966 25.061 21.583 22.401 22.455 22.443 20.608 19.629 19.062 18.178 17.994 18.764 19.143 20.051 21.035 21.810 22.602
2.065 1.539 1.963 2.002 1.966 2.243 2.408 2.449 2.087 1.875 1.726 1.908 2.053 1.757 1.969 1.544 1.406 1.537 1.621 1.485 1.223 0.923 0.731 0.509 0.000 0.498 0.683 0.887 0.860 0.790 0.891 1.144 1.424 1.404 1.587 1.747 1.788 1.570 1.365 1.472 1.544 1.238 1.289 1.464 1.565 1.457 1.812 1.737 1.635 1.387 1.188 1.050 1.028 1.845 1.294 1.832 2.867 3.784 6.480 9.462 13.652 19.247 21.417 26.387 27.003 28.229 28.248 27.355 28.331 28.259 27.822 27.493 27.487 27.035 23.759 24.208 22.874 22.975 20.046 19.706 20.964 21.968 21.322 19.291 18.039 17.606 17.080 18.178 19.034 19.936 21.137 22.013 22.905
1.995 1.620 1.926 2.007 1.865 2.134 2.312 2.448 1.972 1.804 1.675 1.846 1.867 1.728 1.830 1.584 1.473 1.599 1.707 1.654 1.358 1.169 0.874 0.701 0.505 0.000 0.530 0.904 0.775 0.765 0.857 1.094 1.384 1.419 1.628 1.718 1.750 1.569 1.319 1.427 1.488 1.175 1.068 1.356 1.494 1.260 1.794 1.758 1.614 1.272 1.427 0.970 1.106 1.413 1.695 2.083 3.284 4.036 6.439 9.316 13.813 19.317 21.245 26.409 26.202 28.282 28.350 27.812 29.115 27.794 28.286 27.316 27.298 28.349 23.828 25.612 20.687 22.459 19.138 19.811 22.585 21.848 20.169 19.078 18.598 17.998 17.456 18.618 19.437 19.915 21.252 22.134 22.697
2.386 2.163 2.431 2.558 2.523 2.853 2.894 3.138 2.605 2.488 2.228 2.435 2.525 2.332 2.455 2.205 2.078 2.270 2.339 2.383 1.985 1.742 1.343 1.362 0.999 0.583 0.000 1.024 0.874 1.166 1.392 1.815 2.091 1.978 2.269 2.233 2.425 2.092 1.827 2.004 2.064 1.611 1.614 1.987 2.008 1.684 2.246 2.123 1.957 1.495 1.427 1.258 1.544 1.889 2.298 2.772 3.961 4.869 6.981 9.944 13.833 19.006 21.007 26.330 25.815 28.194 28.841 28.291 29.403 28.421 28.724 28.519 27.391 28.834 24.754 24.457 24.524 22.832 22.796 22.177 22.829 22.513 20.623 19.159 18.663 17.981 17.352 18.506 18.957 19.704 21.217 21.651 22.495
3.730 3.298 3.856 4.263 3.595 3.916 4.241 3.990 3.327 2.821 2.846 3.374 3.242 2.790 3.404 2.913 2.793 3.282 3.727 3.640 3.001 2.553 2.066 1.674 1.230 0.839 0.592 0.000 0.633 0.967 1.392 1.870 1.992 2.102 2.744 3.059 3.018 2.415 2.182 2.652 2.491 1.811 2.069 2.523 2.292 1.947 2.375 2.369 2.060 1.782 1.557 1.810 2.147 2.553 2.835 3.484 4.770 6.215 7.886 10.764 14.303 18.941 21.966 27.412 25.843 29.360 28.307 28.821 29.134 29.044 28.663 27.633 28.562 28.236 26.285 25.937 23.417 25.551 21.824 21.796 22.514 22.793 21.200 19.501 18.638 18.258 17.373 18.702 19.253 20.002 21.251 21.902 22.798
3.091 2.461 2.958 3.103 3.130 3.260 3.533 3.676 3.142 2.872 2.757 2.998 3.030 2.887 3.050 2.716 2.318 2.677 2.687 2.643 2.078 1.758 1.428 1.070 0.828 0.819 0.752 0.551 0.000 0.524 0.710 0.937 1.301 1.439 1.817 2.120 2.264 1.843 1.702 1.887 1.971 1.418 1.603 1.884 2.048 1.834 2.294 2.308 2.203 1.969 1.500 1.500 1.769 2.078 2.461 2.889 4.221 5.170 7.359 9.942 13.454 19.067 21.566 27.268 25.842 28.970 28.494 28.981 29.104 29.091 28.569 28.128 27.864 27.846 26.452 23.944 23.504 22.875 20.263 20.954 22.334 21.560 20.594 19.272 18.256 17.621 17.258 18.127 18.962 19.709 21.011 21.794 22.694
2.664 2.164 2.752 2.902 2.782 3.085 3.234 3.344 2.867 2.675 2.546 2.812 2.797 2.599 2.800 2.560 2.177 2.498 2.466 2.132 1.858 1.541 1.306 0.969 0.858 0.939 1.085 0.820 0.519 0.000 0.533 0.666 1.206 1.252 1.609 1.784 1.898 1.668 1.416 1.767 1.808 1.413 1.571 1.945 1.999 1.884 2.363 2.557 2.331 1.935 1.833 1.661 1.846 1.823 2.047 2.679 3.615 4.683 7.098 9.566 13.425 17.924 20.498 27.333 25.817 28.955 28.142 28.548 29.184 28.546 28.322 27.821 28.183 27.834 25.899 23.122 22.985 22.167 21.082 21.017 22.247 22.118 21.050 19.292 18.624 17.785 17.219 18.333 19.035 19.916 21.004 21.764 22.226
2.789 2.203 2.850 2.752 2.828 3.331 3.483 3.779 3.215 3.155 2.943 2.898 3.224 2.985 3.088 2.630 2.350 2.429 2.304 2.242 1.891 1.648 1.293 1.062 0.904 1.048 1.311 1.102 0.754 0.522 0.000 0.573 0.983 1.169 1.346 1.730 1.818 1.591 1.312 1.855 1.901 1.501 1.810 2.146 2.168 2.133 2.782 2.828 2.752 2.269 1.936 1.991 1.829 1.969 2.095 2.830 3.705 4.426 6.893 9.714 13.647 19.250 21.220 26.537 26.184 29.154 28.080 29.261 28.762 28.582 28.330 27.795 27.528 27.657 25.700 24.795 22.256 22.415 20.654 20.369 20.452 21.924 21.798 19.544 19.650 18.255 18.171 18.463 19.366 19.991 21.076 21.721 22.388
3.127 2.805 3.539 3.739 3.722 3.986 4.308 4.575 3.767 3.480 3.479 3.952 3.974 3.655 4.065 3.573 3.203 3.362 3.325 3.012 2.718 2.101 1.679 1.349 1.259 1.336 1.847 1.676 1.184 0.898 0.548 0.000 0.877 1.206 1.602 1.937 2.074 1.739 1.559 2.064 1.959 1.686 1.944 2.161 2.226 2.343 2.850 3.019 3.005 2.573 2.551 2.308 2.444 2.623 2.612 3.463 4.384 5.469 7.890 10.191 13.616 19.119 20.970 26.476 25.749 29.281 28.678 28.986 29.345 28.687 28.849 28.070 28.320 28.179 26.363 24.105 23.595 24.294 20.589 22.049 21.831 21.545 21.173 19.704 19.521 18.632 18.235 18.841 19.671 20.201 21.180 21.954 23.054
3.901 4.080 4.930 5.453 5.595 5.948 6.159 6.326 5.899 5.341 5.091 5.538 5.479 4.860 5.108 4.098 4.016 4.215 4.505 3.936 3.494 2.712 2.332 1.707 1.939 2.398 3.054 3.020 2.394 1.646 1.295 0.691 0.000 0.822 1.395 2.349 2.386 2.096 2.119 2.947 3.099 2.823 3.185 4.072 4.298 4.187 5.474 5.485 5.047 4.492 3.502 2.928 2.802 2.817 3.086 3.493 4.878 6.290 8.087 10.579 13.777 19.477 21.902 27.344 26.366 28.440 28.298 28.391 28.726 28.511 28.742 27.974 28.282 28.117 26.100 25.331 24.157 23.593 21.550 23.174 22.212 22.229 22.576 20.718 19.655 18.104 18.246 18.972 19.720 20.310 21.534 22.161 22.996
3.924 3.515 4.278 4.363 4.474 4.646 5.004 5.208 4.729 4.363 4.329 4.519 4.739 4.508 4.803 4.208 4.293 4.096 4.133 3.869 3.542 2.947 2.593 2.137 2.236 2.581 2.933 2.805 2.099 1.729 1.324 1.105 0.600 0.000 0.650 1.062 1.386 1.337 1.278 2.033 2.230 2.290 2.557 2.862 3.218 3.445 4.130 4.384 4.329 4.166 3.704 3.330 3.409 3.292 3.627 4.019 5.107 6.162 8.019 10.668 13.742 19.301 21.637 27.215 26.448 28.835 28.969 28.628 29.087 28.310 28.267 27.488 28.020 28.015 25.282 24.593 23.265 22.731 21.723 20.252 21.630 19.884 21.049 19.014 17.954 17.309 17.065 17.881 18.872 19.568 20.731 21.444 22.455
2.870 2.436 2.975 3.202 3.238 3.429 3.662 3.834 3.365 3.278 3.025 3.339 3.534 3.627 3.898 3.454 2.899 3.195 3.078 3.151 2.773 2.509 2.204 2.064 2.117 2.126 2.434 2.462 2.047 1.666 1.429 1.283 0.998 0.545 0.000 0.568 0.824 0.946 0.907 1.075 1.470 1.491 1.684 1.918 2.143 2.332 3.110 3.456 3.467 2.942 2.900 2.756 3.030 3.078 3.260 3.571 4.625 5.834 7.645 9.876 13.083 18.323 20.591 26.297 25.629 27.897 27.976 28.211 28.618 27.944 28.194 27.693 27.454 27.415 25.390 23.481 22.403 22.675 21.066 20.423 23.537 23.841 22.823 19.188 18.175 16.864 16.598 17.630 18.549 19.157 20.500 21.425 22.118
3.082 2.502 2.683 2.736 2.819 3.185 3.549 3.710 2.913 2.873 2.560 2.923 3.249 3.031 3.316 2.938 2.599 2.760 2.673 2.509 2.446 2.073 2.038 1.788 1.812 1.825 2.129 2.170 1.782 1.609 1.399 1.435 1.268 0.840 0.506 0.000 0.531 0.629 0.719 0.674 0.896 1.044 1.066 1.206 1.490 1.657 2.148 2.471 2.595 2.272 2.319 2.302 2.518 2.471 2.709 3.179 3.886 5.112 7.330 9.594 12.925 18.802 21.283 26.617 26.384 28.114 28.507 28.551 29.217 28.447 28.210 27.553 27.563 27.197 23.604 23.919 23.525 23.187 22.732 22.036 21.921 22.550 25.221 20.231 18.567 17.821 17.088 17.840 18.627 19.123 20.267 21.238 21.861
2.914 2.505 2.859 3.055 3.141 3.346 3.706 3.992 3.247 3.042 3.050 3.285 3.489 3.316 3.468 3.169 2.920 3.129 2.880 2.975 2.569 2.331 2.147 1.970 1.907 1.763 2.048 2.089 1.779 1.800 1.453 1.673 1.599 1.135 0.659 0.503 0.000 0.517 0.665 0.740 0.755 0.846 1.091 1.149 1.364 1.583 2.130 2.538 2.620 2.299 2.395 2.277 2.582 2.731 2.958 3.330 4.431 5.067 7.197 9.698 13.527 18.513 21.178 26.439 25.653 28.036 28.656 28.404 29.103 28.187 28.397 27.798 27.703 26.856 25.341 22.803 22.266 24.357 20.683 20.984 22.419 22.647 21.648 19.311 18.471 17.206 16.766 17.604 18.747 19.217 20.738 21.665 22.206
2.845 2.450 2.669 2.881 2.837 3.091 3.365 3.448 2.891 2.616 2.523 2.908 2.980 2.814 3.030 2.709 2.509 2.788 2.774 2.771 2.568 2.193 1.899 1.766 1.537 1.361 1.647 1.785 1.426 1.407 1.264 1.383 1.285 0.999 0.681 0.575 0.497 0.000 0.500 0.587 0.659 0.637 0.779 0.920 1.198 1.323 1.879 2.175 2.174 1.817 1.865 1.901 2.348 2.302 2.777 3.145 4.217 5.137 7.108 9.958 13.534 19.158 21.224 27.069 26.155 28.666 28.518 28.480 28.852 28.417 28.159 28.097 27.231 27.337 26.625 23.252 23.203 22.912 21.779 20.460 22.189 20.531 21.865 21.039 18.464 17.929 17.287 18.084 18.924 19.558 20.935 21.769 22.336
2.692 2.281 2.528 2.575 2.577 2.698 3.094 3.226 2.532 2.314 2.100 2.510 2.636 2.425 2.757 2.442 2.312 2.487 2.394 2.589 2.373 2.043 1.810 1.613 1.501 1.468 1.762 1.856 1.559 1.460 1.202 1.466 1.297 0.963 0.768 0.587 0.554 0.494 0.000 0.499 0.594 0.641 0.645 0.802 1.054 1.189 1.756 1.938 2.053 1.736 1.953 2.002 2.419 2.442 2.814 3.142 3.995 5.141 7.090 9.651 13.872 19.096 21.743 27.134 26.187 28.818 27.870 28.630 28.514 28.087 28.156 27.622 26.647 28.185 22.977 23.864 23.662 26.097 20.812 18.923 22.153 21.180 22.185 20.541 19.200 18.832 18.409 18.734 19.514 20.093 21.355 22.242 22.249
2.841 2.260 2.506 2.589 2.464 2.701 3.118 3.223 2.495 2.351 2.305 2.575 2.727 2.593 2.866 2.603 2.302 2.446 2.386 2.395 2.278 2.023 1.857 1.622 1.454 1.361 1.618 1.731 1.506 1.424 1.241 1.422 1.300 0.988 0.826 0.668 0.662 0.592 0.498 0.000 0.513 0.581 0.655 0.687 0.892 1.088 1.682 1.870 1.998 1.720 1.770 1.910 2.038 2.193 2.409 2.844 3.918 4.766 7.042 9.672 13.280 18.764 21.429 26.865 26.249 28.871 27.635 28.796 29.295 27.912 28.625 28.103 28.232 28.246 24.884 24.772 23.312 25.568 19.853 19.731 21.789 23.343 22.638 19.914 18.707 18.125 17.261 17.941 18.842 19.508 20.786 21.782 22.374
2.898 2.495 2.841 2.904 2.996 3.110 3.343 3.490 2.940 2.725 2.626 3.055 3.102 2.965 3.248 2.902 2.594 2.953 2.799 2.745 2.622 2.263 2.015 1.862 1.711 1.403 1.716 1.876 1.555 1.647 1.461 1.692 1.710 1.329 1.049 0.831 0.747 0.731 0.621 0.501 0.000 0.512 0.642 0.731 0.836 1.080 1.682 1.974 2.110 1.803 2.003 1.946 2.321 2.446 2.782 3.232 4.396 5.048 7.036 9.595 13.788 19.043 21.410 26.705 26.442 28.733 28.468 28.830 29.266 28.445 28.391 28.094 28.010 28.106 23.956 24.658 22.401 23.532 20.443 20.810 22.167 22.551 22.358 19.717 18.469 18.008 17.058 18.174 19.004 19.790 20.975 21.838 22.615
2.692 2.143 2.405 2.505 2.438 2.587 2.855 2.903 2.388 2.191 2.071 2.439 2.460 2.331 2.623 2.376 2.090 2.421 2.422 2.556 2.273 2.101 1.736 1.586 1.317 1.076 1.553 1.601 1.309 1.396 1.268 1.485 1.510 1.219 0.996 0.943 0.774 0.665 0.601 0.532 0.496 0.000 0.498 0.582 0.774 0.870 1.486 1.631 1.702 1.446 1.558 1.654 1.989 2.181 2.588 3.044 4.080 4.836 6.881 9.565 13.638 19.181 21.402 26.730 25.619 28.435 28.381 28.465 29.311 27.756 28.025 27.637 27.039 28.650 24.280 23.809 22.959 22.752 19.844 20.660 21.348 22.087 21.518 20.031 18.872 18.441 17.634 18.429 19.351 19.955 21.415 22.265 22.716
2.632 1.961 2.412 2.491 2.269 2.798 2.799 2.842 2.455 2.132 2.024 2.322 2.348 2.247 2.496 2.278 2.077 2.344 2.202 2.263 2.064 1.906 1.658 1.489 1.291 1.187 1.474 1.568 1.407 1.315 1.328 1.544 1.468 1.182 1.060 1.018 0.943 0.750 0.637 0.633 0.560 0.495 0.000 0.514 0.711 0.876 1.514 1.587 1.704 1.414 1.524 1.915 1.879 1.996 2.343 2.759 3.812 4.764 6.842 9.680 14.492 19.292 21.816 26.501 26.698 28.688 28.560 28.733 29.190 28.523 27.770 27.451 27.949 27.762 24.884 23.838 23.196 24.753 21.029 20.987 22.487 22.431 21.656 19.643 18.931 18.276 17.456 18.626 19.580 19.916 21.104 21.901 22.257
2.984 2.382 2.794 2.777 2.827 3.021 3.319 3.426 2.786 2.608 2.608 2.907 2.945 2.896 3.206 2.704 2.536 2.701 2.592 2.732 2.477 2.110 1.872 1.736 1.583 1.375 1.732 1.884 1.658 1.769 1.499 1.784 1.906 1.617 1.516 1.427 1.271 1.123 0.833 0.788 0.735 0.644 0.506 0.000 0.564 0.826 1.565 1.863 1.883 1.707 1.740 1.761 2.060 2.215 2.524 2.973 3.961 4.718 6.826 9.328 13.616 18.826 21.319 26.735 26.168 28.607 28.384 28.112 29.667 28.630 28.710 28.084 28.486 28.530 24.166 25.822 22.067 23.927 20.693 20.504 21.305 22.278 20.593 19.466 18.859 18.189 17.456 18.362 18.856 19.768 21.073 21.860 22.688
3.889 3.267 3.711 3.717 3.783 4.032 4.356 4.608 3.925 3.536 3.616 4.119 4.361 4.321 4.632 4.202 3.670 4.256 3.941 4.169 3.996 3.582 3.101 3.082 2.731 2.033 2.276 2.583 2.421 2.824 2.585 3.112 3.252 2.729 2.474 2.223 1.869 1.832 1.513 1.096 1.112 1.089 0.903 0.582 0.000 0.727 1.633 2.224 2.338 2.022 2.670 2.786 3.530 3.662 4.153 4.566 5.709 6.514 8.163 10.703 14.178 19.495 21.753 27.049 26.044 28.817 28.283 27.959 29.746 28.141 28.142 27.962 28.245 28.013 24.479 24.132 22.966 21.800 22.906 21.318 22.483 22.368 21.400 19.603 18.706 17.864 17.164 18.511 19.487 20.268 21.429 22.178 23.098
5.150 4.712 5.266 5.223 5.091 5.252 5.348 5.446 4.392 3.889 4.160 4.682 4.618 4.153 4.886 4.367 4.240 4.692 4.939 5.129 4.653 4.524 3.672 3.835 3.047 2.468 2.349 2.971 2.962 3.438 3.327 4.070 4.329 3.607 3.676 3.574 2.914 2.854 2.758 2.527 1.850 1.702 1.538 1.231 0.609 0.000 1.351 1.918 2.148 2.120 2.637 3.365 3.738 4.111 4.806 5.311 6.250 7.106 8.695 10.705 13.653 18.973 21.455 26.337 26.312 28.225 28.381 27.773 29.629 28.379 28.114 27.384 28.237 28.986 25.393 25.675 23.800 24.936 22.635 21.867 23.227 22.449 22.387 20.295 18.867 18.753 18.457 19.259 19.880 20.736 22.026 22.743 23.257
6.625 6.384 7.524 7.591 6.766 6.691 6.677 6.614 5.130 4.303 4.647 5.838 5.260 5.009 6.187 5.939 5.646 6.531 7.136 7.334 6.502 5.874 4.740 4.414 3.893 2.990 2.925 3.806 3.163 3.812 3.712 4.878 5.090 4.113 4.768 5.320 4.689 3.541 3.462 3.812 2.749 2.086 2.244 2.267 1.481 0.978 0.000 0.734 1.411 2.149 2.960 3.630 4.567 5.237 5.916 6.846 7.847 8.861 11.049 13.244 16.361 20.450 22.528 26.833 25.761 29.008 28.444 28.220 29.822 28.444 28.487 27.327 28.151 28.576 25.088 25.156 23.307 24.901 22.486 21.474 22.506 20.990 21.971 20.128 19.259 19.500 19.045 20.792 21.132 21.859 22.569 23.607 23.938
6.452 5.953 6.769 6.519 5.791 5.652 5.850 5.407 4.466 3.835 3.630 4.441 4.251 3.670 4.294 3.861 4.124 5.367 5.885 6.177 5.528 5.135 4.339 4.519 3.840 2.870 2.741 3.572 3.735 4.554 4.408 5.245 6.047 5.473 5.488 5.252 5.039 4.694 4.019 3.885 3.401 2.892 2.482 2.557 2.055 1.474 0.644 0.000 0.840 1.489 2.061 2.720 3.643 4.152 5.125 5.610 6.718 7.794 9.552 11.761 14.650 20.023 22.173 26.719 26.212 28.802 28.420 29.000 29.851 29.096 28.722 28.330 28.717 28.750 25.544 24.319 24.001 23.989 22.505 21.932 23.180 21.601 22.473 20.297 19.282 19.162 18.905 19.791 20.274 20.918 21.913 22.676 23.011
4.665 4.065 4.694 4.623 3.972 4.268 4.512 4.120 3.298 2.876 2.758 3.574 3.350 2.982 3.526 3.054 2.844 3.746 4.306 4.423 3.513 3.373 2.717 2.715 2.187 1.691 1.687 2.257 2.624 2.939 3.060 3.570 4.237 3.919 4.232 4.038 3.998 3.545 3.042 2.947 2.858 2.371 1.976 2.267 2.103 1.581 1.144 0.596 0.000 0.609 1.038 1.353 1.980 2.446 3.136 3.851 4.889 5.749 7.885 10.457 14.361 19.587 22.251 26.999 26.857 29.464 29.597 29.145 29.309 29.016 28.474 27.626 27.978 28.769 24.321 24.033 24.968 24.134 22.717 22.267 23.159 21.342 22.199 20.260 18.783 18.957 18.298 19.522 19.923 20.592 21.591 22.428 23.158
3.871 3.167 3.819 3.782 2.992 3.354 3.586 3.740 2.853 2.458 2.369 2.695 2.718 2.340 2.684 2.330 2.293 2.741 2.996 2.963 2.486 2.366 2.200 1.944 1.553 1.407 1.600 1.841 2.200 2.284 2.504 2.777 3.175 2.988 3.515 3.304 3.222 2.878 2.641 2.558 2.493 2.135 1.784 1.975 1.890 1.461 1.323 0.946 0.556 0.000 0.548 0.804 1.182 1.497 1.857 2.384 3.443 4.378 6.723 9.171 13.527 19.003 21.864 26.368 27.104 28.256 29.374 29.161 29.262 28.410 28.110 27.205 27.462 28.908 24.431 25.367 21.044 22.398 20.843 20.944 21.386 20.752 20.981 18.786 18.334 18.219 17.976 18.966 19.380 20.311 21.231 22.204 22.699
3.137 2.201 2.959 2.748 2.271 2.667 2.890 2.907 2.413 2.220 1.833 2.176 2.215 1.988 2.240 1.760 1.814 2.004 2.312 2.147 1.760 1.466 1.563 1.224 1.024 0.918 0.954 1.347 1.402 1.588 1.639 1.979 2.237 2.136 2.484 2.645 2.554 2.123 1.991 2.024 1.986 1.647 1.514 1.776 1.713 1.431 1.471 1.245 0.894 0.522 0.000 0.522 0.776 1.014 1.376 1.847 2.852 4.069 6.685 9.689 13.973 18.881 22.099 27.424 27.607 28.987 28.590 27.932 29.160 27.788 28.945 28.039 26.138 28.183 23.114 23.830 24.289 22.574 22.590 21.483 22.176 20.548 20.786 19.202 18.187 17.899 17.455 18.536 19.237 20.017 21.237 22.026 22.752
2.911 2.176 2.838 2.667 2.193 2.641 2.812 2.921 2.277 2.068 1.873 2.119 2.150 2.173 2.094 2.042 1.514 1.827 1.983 2.020 1.774 1.400 1.264 1.201 0.894 0.920 1.000 1.394 1.306 1.353 1.759 1.793 1.922 1.911 2.002 2.191 2.093 1.915 1.768 1.830 1.790 1.543 1.425 1.666 1.668 1.550 1.618 1.491 1.150 0.772 0.508 0.000 0.519 0.771 1.146 1.602 2.476 3.491 6.512 10.043 14.399 20.278 22.889 27.061 27.755 29.533 29.244 29.155 29.159 28.074 28.733 27.534 27.445 28.135 25.280 24.800 22.761 22.023 18.780 20.017 21.251 21.274 21.678 18.531 18.375 18.142 17.794 19.017 19.698 20.558 21.458 22.362 23.085
2.999 2.214 2.842 2.703 2.348 2.858 3.035 2.984 2.564 2.239 1.933 2.283 2.314 2.050 2.122 1.671 1.601 1.891 2.105 2.020 1.551 1.297 1.083 1.094 0.857 1.020 1.130 1.408 1.479 1.559 1.574 1.738 2.018 1.961 2.294 2.375 2.349 2.166 1.871 1.901 1.897 1.606 1.521 1.746 1.860 1.710 1.965 1.887 1.525 1.032 0.752 0.523 0.000 0.530 0.831 1.276 2.259 3.538 6.489 10.290 14.421 19.373 22.889 27.671 27.407 29.075 28.816 28.733 29.205 29.005 28.574 28.235 28.313 27.797 25.907 24.108 23.671 23.218 22.133 21.174 22.205 21.764 21.341 20.122 18.611 17.811 17.746 18.637 19.354 20.216 21.098 22.017 22.587
3.266 2.316 3.044 2.924 2.789 3.235 3.519 3.679 3.093 2.756 2.445 2.672 2.914 2.621 2.716 2.118 1.752 2.270 2.233 2.392 1.302 1.344 1.473 1.059 1.156 1.271 1.544 1.767 1.892 1.752 1.920 1.955 2.331 2.355 2.610 2.599 2.779 2.547 2.203 2.390 2.501 2.027 1.967 2.395 2.405 2.051 2.441 2.461 1.919 1.433 1.091 0.803 0.544 0.000 0.549 1.130 2.082 3.305 6.315 9.707 13.281 19.235 21.514 27.287 27.627 29.132 28.961 29.161 28.779 29.052 28.767 28.230 27.991 28.595 26.141 27.567 23.088 23.852 21.138 20.732 21.380 22.624 22.530 19.121 18.916 18.378 17.923 18.694 19.469 20.259 21.213 21.924 22.442
3.925 3.194 4.047 4.401 3.896 4.668 5.041 4.926 4.353 3.944 3.432 4.075 4.284 3.643 4.145 2.985 2.583 2.613 3.177 2.725 2.171 1.401 1.533 1.480 1.643 1.941 2.147 2.458 2.645 2.558 2.837 2.814 3.167 3.386 3.812 3.640 3.735 3.528 3.172 3.255 3.214 2.841 2.799 3.218 3.186 2.861 3.431 3.353 3.118 2.221 2.024 1.404 1.139 0.588 0.000 0.620 1.606 2.846 6.512 9.475 13.069 18.867 21.176 27.012 26.314 29.190 29.105 29.038 29.269 28.794 28.520 27.909 28.013 28.283 26.925 26.082 24.626 24.178 21.965 21.051 21.461 22.753 22.297 19.661 19.137 18.298 18.355 19.045 19.261 20.145 21.042 22.085 22.724
6.286 5.308 6.471 6.497 6.042 7.315 7.902 8.956 7.902 7.625 6.444 6.782 7.284 6.819 6.347 4.785 4.531 3.698 4.283 3.950 2.505 2.539 3.425 2.856 3.211 4.242 4.864 4.711 4.906 4.142 4.635 4.647 5.231 5.975 6.761 7.104 6.971 6.491 6.121 7.043 6.912 6.247 6.336 7.349 7.343 6.889 7.874 8.259 7.575 5.922 4.627 3.320 2.400 1.749 0.706 0.000 0.998 2.452 6.062 9.604 13.109 18.142 20.791 26.801 27.189 29.107 28.722 29.055 29.587 28.904 28.496 27.924 28.342 28.592 26.450 27.272 24.723 24.195 22.164 22.667 22.807 23.015 23.607 20.874 19.580 19.251 18.733 19.353 19.764 20.492 21.288 22.337 22.925
9.122 8.407 11.192 11.777 11.274 13.616 13.855 14.747 13.310 11.627 10.480 11.999 12.756 11.340 11.023 8.344 6.046 6.822 7.625 6.083 4.209 5.253 5.635 6.734 7.883 7.458 8.521 10.569 11.179 10.979 10.029 10.629 12.650 13.420 15.048 14.243 15.482 14.499 11.827 12.777 13.558 11.661 10.036 11.916 12.567 10.484 11.828 11.195 9.890 8.764 7.865 5.218 5.410 3.355 2.636 1.068 0.000 1.541 4.891 8.927 12.887 16.495 19.568 26.456 26.834 28.543 28.641 28.217 29.017 28.285 28.329 27.955 28.431 28.725 26.907 26.479 25.278 25.126 24.330 23.436 24.679 25.046 25.228 23.549 22.110 21.438 20.651 20.398 20.260 20.788 21.550 22.702 23.778
12.583 14.075 17.618 20.644 20.629 24.059 24.942 25.350 24.842 24.323 21.973 23.762 24.577 23.508 22.273 19.134 16.520 13.627 14.500 9.929 9.264 7.602 11.334 11.190 15.681 17.024 19.637 19.907 18.594 16.906 14.610 12.471 14.049 15.236 16.916 16.231 18.668 17.959 15.751 18.767 19.619 19.042 19.536 21.540 22.560 21.987 24.191 24.971 23.970 21.868 20.790 16.973 15.718 10.207 6.768 4.545 1.371 0.000 1.936 4.734 9.150 16.544 18.824 25.079 26.488 28.733 28.804 28.925 29.090 29.071 29.313 28.831 28.965 28.967 27.914 27.174 25.984 25.252 23.892 22.955 23.593 23.888 24.643 23.821 22.794 22.881 22.441 22.583 22.458 22.861 23.211 24.331 25.381
16.755 17.115 18.417 21.222 22.195 25.044 25.913 26.638 26.174 26.103 23.911 24.633 25.864 24.855 23.158 20.415 18.002 14.608 14.772 10.414 11.831 13.024 18.191 19.640 23.517 23.906 25.004 25.002 25.088 24.123 22.297 20.891 23.069 23.166 24.092 23.741 24.884 25.047 23.449 24.291 26.046 25.458 25.278 25.954 26.832 26.513 27.195 27.176 26.935 25.875 24.391 22.208 20.682 15.764 11.732 6.741 3.906 1.399 0.000 1.539 4.554 9.430 14.014 19.303 23.027 26.159 27.787 28.389 28.808 28.833 29.062 28.822 28.778 28.333 27.818 26.844 26.459 24.905 24.727 23.438 24.644 24.972 25.883 24.917 24.083 23.707 23.359 23.003 22.851 23.030 23.373 24.193 25.150
19.392 19.459 20.491 22.653 23.824 25.889 26.770 27.526 27.091 27.131 25.599 25.485 26.983 26.239 24.513 22.220 20.994 17.089 16.199 13.404 15.544 16.653 21.769 22.718 26.148 26.177 26.840 27.205 26.972 26.628 25.036 23.955 25.330 26.150 26.619 26.000 26.985 27.171 25.927 26.838 27.754 27.291 27.225 27.771 28.194 28.123 28.301 28.375 28.139 27.512 26.072 24.770 24.024 19.730 14.250 10.822 6.418 3.846 1.533 0.000 1.661 4.608 8.435 12.207 17.204 19.934 22.480 24.131 25.333 26.192 26.878 26.585 26.450 25.909 26.269 25.182 24.969 23.763 23.729 22.719 23.404 24.560 25.594 24.569 23.354 23.067 22.514 22.265 22.074 22.314 22.445 23.456 24.293
20.794 21.865 22.766 24.114 24.687 26.651 27.245 27.613 27.406 27.865 26.669 26.660 28.036 27.843 26.192 25.017 23.932 19.560 19.676 15.714 17.626 18.220 24.245 24.658 27.311 28.313 28.826 28.353 28.464 27.654 26.870 25.666 26.262 26.696 26.780 25.966 27.199 27.665 27.087 27.239 27.858 28.253 28.132 28.048 28.606 28.879 29.070 29.114 28.907 29.122 28.434 27.519 25.642 22.006 15.535 11.622 8.993 6.407 4.207 1.368 0.000 1.474 4.167 5.379 7.395 9.973 10.543 13.470 13.852 14.448 14.908 15.282 15.232 14.212 16.596 16.911 17.108 15.810 17.220 17.887 18.127 19.292 20.617 19.992 19.117 19.130 19.589 20.242 20.720 21.450 21.964 23.000 23.928
22.671 23.807 23.359 24.095 25.235 26.865 27.085 28.120 27.846 28.421 27.261 27.191 28.323 27.984 26.622 26.012 24.836 20.310 19.932 16.204 19.166 19.875 25.263 25.819 27.855 28.590 28.885 28.748 28.472 27.797 27.082 26.766 26.407 26.831 27.006 26.048 27.598 27.928 26.453 27.062 28.257 28.372 28.400 28.360 29.028 29.189 29.463 29.706 29.493 29.001 29.091 27.265 26.069 23.654 17.493 13.349 10.253 7.752 5.535 3.199 0.910 0.000 0.903 1.666 2.631 3.419 4.729 6.064 6.886 6.827 8.280 7.912 7.175 7.830 8.744 11.371 9.428 9.600 10.178 12.697 12.452 14.249 15.046 13.873 13.644 13.831 14.858 16.841 18.075 19.373 20.842 22.582 23.674
21.996 22.653 21.636 22.867 23.363 26.763 26.547 27.478 27.242 27.512 26.432 26.417 27.523 27.396 25.803 25.700 24.844 20.270 19.763 16.746 19.643 19.311 25.106 25.922 27.031 28.297 28.101 28.005 28.127 27.530 25.457 25.841 26.394 25.595 26.267 24.985 26.850 27.302 26.138 26.941 27.789 27.849 27.815 28.363 28.824 29.133 29.504 29.428 29.031 28.817 27.860 27.741 26.922 23.952 17.498 14.262 10.808 8.007 5.989 3.925 1.730 0.661 0.000 0.617 1.046 1.557 1.963 2.710 2.787 3.874 4.796 4.482 3.840 3.365 4.032 4.123 4.755 4.757 6.132 7.485 7.860 9.917 10.485 9.946 11.024 11.749 13.044 15.564 17.102 18.739 20.155 21.932 23.329
21.913 23.078 22.472 22.952 24.596 26.788 26.652 27.635 27.717 27.108 26.892 26.866 27.482 27.130 26.323 25.736 24.744 19.855 19.396 16.467 19.330 19.127 25.978 27.059 27.880 28.572 27.903 28.238 28.678 27.684 26.991 26.208 26.264 26.842 25.587 25.383 26.716 27.849 26.350 27.070 28.107 28.357 27.721 28.819 28.987 29.198 28.908 29.137 29.479 28.907 29.072 28.599 26.800 24.303 17.640 15.173 11.415 8.246 6.204 4.396 2.304 1.230 0.582 0.000 0.564 0.906 1.227 1.745 2.122 2.780 3.572 3.738 2.899 2.480 2.883 3.115 3.510 3.901 5.221 6.950 7.906 9.667 9.007 9.075 10.231 11.407 12.719 15.370 17.147 18.640 20.144 21.938 23.534
22.632 23.401 21.496 22.005 24.901 26.017 26.620 27.365 26.860 27.627 27.467 25.983 26.853 27.669 24.495 25.833 25.755 20.181 19.716 16.699 20.065 19.935 26.042 26.864 28.177 28.129 28.176 27.797 27.843 27.824 26.691 26.430 26.674 26.003 25.094 24.437 25.841 26.518 24.621 25.739 28.025 27.497 26.625 28.144 28.713 28.619 29.073 29.248 28.849 28.263 27.180 28.205 27.006 24.017 17.728 14.785 10.978 7.813 6.161 4.500 2.350 1.605 0.907 0.535 0.000 0.547 0.774 1.118 1.434 2.027 2.766 3.009 2.163 1.969 2.061 2.555 3.009 2.984 4.744 5.102 6.163 8.436 9.276 8.801 10.066 11.143 12.413 14.930 16.923 18.681 20.100 22.014 23.574
22.795 23.439 22.283 22.781 24.882 26.200 25.873 26.817 27.060 27.824 27.182 26.144 27.476 27.978 26.302 26.561 24.597 19.216 19.586 16.702 19.298 19.326 26.152 25.834 27.366 28.797 28.383 28.442 28.733 27.601 26.855 26.375 25.536 26.611 24.701 24.805 25.833 27.217 26.963 27.476 28.351 28.439 27.771 28.422 28.946 29.468 29.090 29.310 29.689 29.471 28.811 28.537 26.844 24.832 17.807 15.533 11.166 8.131 6.804 5.150 2.981 1.839 1.189 0.859 0.517 0.000 0.529 0.824 1.117 1.645 2.372 2.507 1.791 1.481 1.669 2.041 2.197 2.437 3.497 4.654 6.512 7.500 7.841 8.035 9.412 10.792 12.115 14.504 16.425 17.906 19.433 21.284 23.035
22.169 23.116 20.474 20.889 24.090 25.279 25.304 27.179 27.523 27.800 27.742 26.481 27.325 27.916 24.715 26.418 25.123 19.781 19.286 16.716 19.418 19.535 26.069 26.382 28.117 27.672 28.026 28.300 27.739 27.951 26.340 26.423 26.263 26.435 24.274 24.640 25.548 26.481 24.721 24.006 27.193 27.979 27.434 27.347 28.290 29.056 28.395 28.005 28.823 29.283 28.870 28.453 27.545 24.736 17.829 15.186 10.572 8.105 6.804 5.169 3.207 2.297 1.474 1.083 0.823 0.524 0.000 0.547 0.938 1.513 2.119 2.387 1.820 1.585 2.033 2.287 2.518 2.676 4.050 4.512 5.668 7.721 9.140 8.721 9.870 11.021 12.228 14.567 16.511 18.430 19.868 21.717 23.294
22.606 23.629 21.420 22.236 24.188 25.688 25.962 27.137 27.165 28.320 27.792 26.799 27.633 28.260 25.761 26.550 25.432 19.807 19.850 16.531 19.242 19.436 26.271 26.591 27.118 27.843 29.106 28.715 28.348 27.852 27.002 25.289 25.065 25.890 24.631 24.366 26.095 27.068 26.759 26.411 28.159 27.624 27.308 27.437 28.591 29.318 29.080 29.483 29.705 29.250 28.677 27.988 26.664 24.488 17.732 14.896 11.435 8.679 7.601 6.138 4.360 3.546 2.349 1.822 1.247 0.960 0.555 0.000 0.584 1.122 1.889 2.248 1.637 1.624 2.000 2.254 2.906 2.833 4.354 5.604 6.771 7.726 8.977 9.063 10.178 11.079 12.577 14.847 16.526 18.060 19.799 21.180 22.910
23.406 23.122 22.289 22.452 23.606 25.551 26.498 27.448 27.115 27.903 26.201 26.678 27.084 27.559 25.575 26.403 25.340 21.402 21.287 17.815 20.791 20.703 25.688 26.538 27.300 28.975 28.746 28.669 27.966 28.028 26.727 26.253 25.476 26.380 25.789 25.649 26.681 27.476 26.199 26.217 27.500 28.338 28.128 28.335 29.048 29.280 28.857 29.552 29.610 28.917 28.863 27.606 26.923 24.662 18.355 15.534 12.633 10.862 9.136 7.223 5.991 4.858 3.786 2.898 2.161 1.567 1.065 0.616 0.000 0.718 1.421 1.975 2.022 1.939 2.797 3.568 3.850 4.767 6.432 7.326 9.101 11.047 12.241 10.776 11.934 12.503 13.774 15.733 17.649 19.153 20.572 21.999 23.453
22.526 23.540 21.280 22.393 24.069 25.915 26.176 27.321 27.428 28.427 26.831 26.330 27.316 27.701 25.420 25.898 25.142 21.089 20.730 18.314 21.016 21.138 26.200 25.731 27.663 29.016 29.187 28.888 28.300 27.920 26.868 25.454 25.638 26.269 25.914 25.153 26.364 27.228 26.855 27.063 27.766 28.516 28.379 28.315 28.236 29.463 29.652 29.428 29.132 28.889 28.893 27.916 26.733 24.776 19.723 17.010 15.126 13.967 12.686 10.038 8.319 6.394 5.655 4.490 3.943 2.806 2.042 1.518 0.871 0.000 0.795 1.440 1.927 2.300 3.566 4.412 5.285 5.721 7.410 8.806 9.473 10.877 12.517 12.223 12.838 13.161 14.669 16.642 18.426 20.124 21.238 22.680 23.943
23.187 23.687 22.417 23.460 24.128 25.359 26.725 27.681 27.616 27.911 26.994 27.032 28.204 27.465 26.691 26.043 25.427 21.529 21.198 19.492 21.315 21.644 26.140 25.824 27.377 28.552 28.907 28.498 27.905 27.644 26.820 26.128 26.177 25.995 26.017 25.561 27.281 26.672 27.092 27.389 27.705 28.078 28.083 28.649 28.306 28.775 28.992 29.573 29.401 28.831 28.869 28.026 26.857 25.038 20.805 17.605 18.188 16.963 14.838 12.265 10.702 9.053 8.054 6.171 6.088 4.300 3.284 2.204 1.507 0.663 0.000 0.819 1.619 2.720 3.492 4.427 5.214 6.388 7.694 9.605 10.932 12.109 13.706 12.658 13.402 13.635 15.082 17.023 18.472 20.209 21.602 22.633 23.673
23.416 22.409 21.704 22.174 24.147 25.122 25.649 26.471 26.341 27.150 26.310 26.278 27.168 27.137 25.482 24.973 24.772 20.738 20.720 18.748 20.699 21.426 25.262 25.345 26.676 27.907 28.791 28.517 27.988 27.448 26.558 25.829 26.347 26.415 26.436 25.576 26.908 26.786 26.581 26.681 27.593 28.311 28.031 28.616 28.198 29.048 29.241 29.490 29.217 28.636 28.209 27.358 25.820 24.809 20.795 18.085 17.469 16.334 14.601 12.148 10.885 9.650 8.878 8.008 7.110 5.986 4.609 3.769 2.647 1.565 0.709 0.000 1.033 2.016 3.249 3.986 4.881 5.437 7.288 9.192 10.101 11.747 13.213 11.916 12.505 13.032 14.467 16.605 18.232 19.584 21.031 22.053 23.279
21.513 22.831 21.222 21.912 23.439 24.547 25.399 26.781 27.015 27.254 24.433 26.807 27.833 27.859 24.725 24.625 24.627 19.445 19.676 17.531 19.493 20.015 25.257 25.411 27.375 27.168 28.234 28.840 27.803 27.095 26.738 25.375 24.968 25.822 25.203 25.410 26.815 26.780 26.104 26.829 27.551 28.001 27.281 28.118 28.443 28.264 28.735 29.094 29.116 27.829 28.397 27.459 25.879 24.244 17.807 15.187 13.585 12.154 11.110 8.852 6.716 5.778 4.582 4.034 3.485 3.031 2.637 2.727 2.051 2.263 1.777 1.150 0.000 0.726 1.874 2.895 4.641 5.020 6.752 7.141 8.902 10.309 11.964 12.041 12.121 12.949 14.221 16.275 17.896 19.252 20.472 21.873 22.821
21.877 22.353 21.516 21.717 22.567 24.203 27.015 26.854 26.151 27.188 27.865 26.421 26.217 25.666 24.863 25.289 24.514 18.227 18.503 16.867 19.067 19.669 25.220 24.521 25.421 27.208 27.479 27.675 27.341 26.324 25.325 24.143 24.728 24.305 25.260 23.672 25.678 24.931 25.833 26.090 27.692 28.003 27.872 28.162 28.168 27.821 27.399 28.034 27.159 28.242 26.551 28.134 24.205 24.100 17.810 14.626 11.123 9.278 8.460 6.632 4.982 4.282 3.534 2.894 2.757 2.427 2.220 1.997 1.836 1.948 2.030 1.497 0.558 0.000 0.582 1.033 1.631 2.149 2.895 3.511 4.518 6.177 7.813 8.218 9.252 10.578 12.070 14.278 16.331 17.963 19.394 20.886 22.058
22.197 22.182 22.593 22.127 24.192 25.958 25.835 27.311 25.980 27.954 26.464 27.116 27.478 26.790 24.761 24.563 24.367 17.940 18.895 16.397 18.545 19.746 24.137 24.807 25.626 24.991 27.725 27.937 27.154 26.303 24.643 24.001 24.115 24.525 24.748 22.485 25.471 26.052 23.476 25.646 26.376 26.443 26.302 27.941 27.216 28.028 28.861 29.217 28.261 28.600 25.974 27.237 24.570 23.954 17.986 15.048 11.783 9.825 8.979 7.442 6.475 5.674 4.856 4.058 3.859 3.524 3.021 2.813 2.169 2.552 2.656 2.451 1.188 0.658 0.000 0.667 1.322 2.101 2.638 3.771 5.032 6.884 8.141 7.916 9.232 10.203 11.669 14.089 15.966 17.627 18.827 20.402 21.146
21.863 25.381 22.246 23.703 25.276 25.610 25.656 27.442 26.594 27.824 27.627 27.180 27.632 26.466 25.128 24.816 26.571 19.322 19.972 16.705 19.579 19.333 25.527 24.727 24.231 25.628 26.632 27.868 26.938 26.415 25.502 24.332 25.003 24.022 25.236 24.556 24.618 25.434 24.631 27.225 27.514 27.897 28.502 28.183 27.879 27.593 28.074 28.835 28.769 27.915 25.617 27.226 23.177 23.369 17.218 14.498 11.902 9.278 8.285 7.073 5.774 4.913 4.413 3.989 4.423 3.232 3.012 2.711 2.348 2.507 2.710 2.392 1.674 1.302 0.567 0.000 0.535 0.911 1.297 1.976 2.988 4.397 5.942 6.281 8.058 9.726 11.083 13.365 15.455 16.978 18.348 20.239 21.280
21.831 22.462 23.212 23.332 25.355 26.285 26.040 26.611 27.129 26.789 25.760 26.767 27.496 27.263 25.712 24.157 23.933 18.915 19.181 16.702 19.040 20.106 23.296 23.150 24.798 23.937 27.636 26.982 26.738 25.846 24.368 23.751 23.737 23.243 25.420 24.121 26.263 24.737 24.475 25.732 26.405 25.294 25.574 27.146 27.156 26.779 27.980 28.007 28.729 26.547 27.072 25.792 23.844 23.602 17.909 15.147 12.246 9.364 8.505 7.259 5.509 5.231 4.728 4.075 3.795 3.032 3.023 2.605 2.306 2.762 2.995 2.642 1.751 1.588 0.911 0.525 0.000 0.537 0.994 1.731 2.525 3.890 6.477 6.633 8.451 9.885 11.495 13.909 15.782 17.347 18.740 20.413 21.318
23.315 24.162 20.878 22.823 23.437 26.260 26.152 28.009 26.671 27.783 26.271 26.362 28.317 27.809 26.171 25.442 25.155 19.509 20.856 17.273 20.122 20.011 24.891 24.916 24.626 27.059 27.625 27.907 27.552 25.273 23.274 24.893 24.509 22.868 24.970 25.333 26.164 25.388 25.503 26.878 27.240 27.799 28.134 28.356 28.650 28.590 28.215 29.291 28.923 28.133 27.173 26.761 23.704 24.248 17.457 14.821 12.524 10.065 9.705 9.059 7.049 6.979 6.339 6.158 5.403 4.948 4.286 3.733 3.434 3.161 3.497 2.949 2.196 1.953 1.470 0.981 0.551 0.000 0.583 1.662 2.936 4.379 5.709 5.993 8.102 9.435 11.393 13.503 15.879 17.448 19.029 20.411 21.626
21.140 22.104 20.982 20.551 23.557 24.725 24.537 25.745 25.804 26.952 24.953 25.432 25.902 26.710 24.750 23.577 23.268 18.792 18.789 15.756 18.735 20.207 22.676 22.919 24.693 25.644 27.258 26.608 25.191 24.507 23.885 22.703 22.649 22.971 24.808 22.908 25.524 24.269 22.273 24.910 25.386 26.150 26.163 26.729 27.422 27.154 27.829 27.391 27.823 26.768 27.033 25.830 23.458 23.141 17.178 15.037 13.190 11.370 10.883 10.293 8.512 7.879 7.561 7.013 6.139 5.991 4.635 5.667 4.551 4.690 5.144 4.391 3.555 3.083 2.626 1.787 1.223 0.598 0.000 0.862 2.755 3.801 5.565 5.676 8.203 9.240 10.811 13.465 15.624 17.247 18.878 20.275 21.243
21.269 21.843 19.257 21.561 23.636 25.575 25.370 26.856 26.180 26.501 26.718 26.098 26.955 26.666 25.029 24.769 24.506 20.387 19.897 18.118 20.543 20.539 23.268 22.503 25.508 26.791 27.218 27.067 26.489 24.564 23.642 22.684 21.835 20.529 22.570 23.732 24.808 24.769 22.529 25.082 26.126 26.960 25.754 26.710 26.452 27.787 27.245 27.638 27.942 27.574 27.271 26.455 24.314 23.745 20.047 18.095 17.972 16.582 16.738 16.291 14.906 14.887 14.619 14.245 14.711 12.805 13.336 12.311 10.884 11.057 10.859 9.063 8.629 8.545 7.383 6.602 3.657 2.910 1.125 0.000 1.202 2.885 5.222 5.754 8.807 9.851 11.007 13.836 16.020 17.378 19.451 20.601 21.810
20.597 21.546 20.903 21.647 24.019 24.708 26.033 27.098 26.798 27.241 26.248 26.431 26.813 27.145 25.230 24.923 24.933 21.612 20.672 18.215 19.173 20.782 24.058 24.362 25.669 27.797 27.634 27.402 27.252 26.419 25.572 24.391 22.098 24.088 25.227 22.633 25.023 25.137 24.653 24.744 26.747 26.930 26.889 26.741 27.198 27.997 28.127 28.383 28.566 28.188 28.062 26.938 24.989 23.357 19.506 18.141 17.858 17.412 17.595 16.427 15.650 15.123 15.096 14.959 14.822 14.408 14.652 14.969 14.026 14.719 14.793 14.068 12.696 11.076 10.979 8.575 6.804 4.905 2.659 1.323 0.000 1.067 2.835 4.675 6.471 8.747 10.072 12.577 14.650 16.077 17.886 18.999 19.984
20.301 20.365 20.196 20.874 22.429 23.465 24.450 26.307 25.509 25.882 25.486 24.361 26.468 25.986 24.105 24.185 24.224 19.888 19.185 17.890 19.170 20.837 23.138 23.376 25.110 26.220 27.173 27.380 26.269 26.095 24.341 23.295 23.549 26.973 24.815 21.227 24.469 24.057 24.754 25.120 26.612 26.817 25.606 26.460 27.539 27.943 27.879 27.893 28.055 27.421 27.233 26.284 24.642 23.490 19.508 16.911 17.083 16.928 17.160 16.468 16.051 15.654 15.985 15.347 15.586 15.603 15.027 15.465 14.805 15.320 15.623 14.270 13.568 12.048 11.190 9.348 7.693 5.346 4.017 2.284 0.684 0.000 1.246 2.383 5.063 6.936 8.984 12.164 14.437 16.145 17.742 18.978 20.151
19.554 20.543 20.878 21.893 22.793 24.291 24.817 26.464 26.011 26.301 25.296 24.998 26.510 26.012 24.979 24.341 24.172 20.935 20.250 19.102 19.556 21.081 23.395 22.427 25.345 26.136 26.241 26.425 26.291 25.818 24.057 23.009 22.102 23.220 25.192 20.955 23.691 25.147 23.346 23.958 26.117 26.414 25.981 26.842 26.993 27.154 26.982 27.049 27.462 27.352 26.905 25.986 24.673 23.475 20.195 19.027 19.155 19.478 20.085 19.595 19.495 19.103 19.942 20.082 19.959 20.112 20.121 20.909 20.008 21.207 20.808 20.012 18.949 17.432 17.068 15.477 12.857 10.650 7.867 4.989 2.659 0.801 0.000 1.510 4.132 5.752 7.736 10.836 12.468 14.123 16.412 17.886 19.092
20.165 21.006 20.435 22.459 22.970 24.381 25.888 27.026 26.467 26.813 25.357 25.819 26.939 26.368 25.702 24.801 24.019 22.103 20.760 19.835 20.656 21.343 22.823 23.326 24.791 25.317 26.284 26.646 26.231 25.316 23.087 22.612 22.492 22.528 20.508 18.091 22.296 24.639 22.418 23.378 25.257 25.259 25.436 26.764 26.705 26.706 28.010 28.070 28.018 27.103 27.696 26.034 25.642 23.615 22.393 21.299 21.139 21.294 21.866 21.854 22.680 22.248 23.233 23.284 22.969 23.260 22.829 23.423 22.341 23.257 22.464 21.433 21.253 20.131 19.706 17.697 14.967 12.327 9.167 6.099 4.012 2.897 1.138 0.000 1.265 3.260 5.351 7.721 9.877 11.562 13.818 15.849 17.640
19.766 20.938 20.248 22.508 23.437 24.724 25.923 27.108 26.917 27.187 25.542 25.589 27.004 26.648 25.564 25.044 24.067 22.437 21.067 19.901 20.967 21.240 22.742 23.711 25.303 26.066 26.643 26.685 26.393 25.609 22.326 22.938 22.190 21.282 19.885 18.740 22.600 23.152 22.046 23.610 25.893 26.097 25.913 27.298 27.184 27.720 28.165 28.281 28.113 27.102 27.054 25.759 25.196 23.435 22.732 21.576 21.318 21.521 22.156 22.208 23.298 22.537 23.405 23.831 23.414 23.981 23.299 24.450 23.115 23.891 24.091 23.120 22.633 21.472 21.623 19.190 16.942 13.896 10.359 7.454 6.090 5.256 3.063 0.962 0.000 1.844 4.436 6.240 7.976 9.788 12.376 14.471 16.018
20.332 21.804 20.545 23.277 25.049 26.500 27.548 28.310 27.950 28.097 27.060 27.447 28.252 27.872 27.472 26.892 25.317 24.465 22.650 20.753 22.425 21.650 23.781 24.034 25.543 26.010 27.121 27.444 26.121 25.744 23.738 22.919 22.371 22.147 20.791 19.911 22.686 24.054 22.773 24.020 26.228 25.822 25.787 27.249 27.657 27.548 28.436 28.712 28.644 27.765 27.808 26.403 26.107 24.534 23.861 23.385 22.541 23.061 24.137 24.231 25.090 25.284 26.002 26.690 26.712 27.484 26.929 27.820 27.414 27.594 27.768 27.125 26.318 25.255 25.184 23.045 20.246 16.858 12.008 9.159 7.391 6.041 4.902 3.900 1.374 0.001 1.761 4.406 6.759 8.778 11.915 14.030 15.775
20.187 22.004 20.668 23.677 25.371 26.638 27.646 28.280 27.970 28.184 27.145 27.329 28.272 28.041 27.565 26.988 25.765 24.641 22.840 20.861 22.918 21.719 23.801 24.499 25.945 26.282 27.383 27.674 26.482 26.118 23.922 23.644 23.172 23.080 21.076 19.991 22.878 24.122 22.871 23.597 25.588 25.837 26.037 27.031 27.447 27.362 28.457 28.661 28.497 27.762 27.812 26.781 26.505 25.079 24.408 23.618 22.492 23.427 24.503 24.784 25.757 26.029 26.441 27.110 26.870 27.527 27.038 27.851 27.266 27.607 27.644 27.000 26.236 25.491 25.429 22.882 19.684 16.335 11.963 10.104 9.138 9.920 8.789 5.593 4.180 1.801 0.001 2.035 4.729 7.116 10.346 12.754 14.997
20.018 21.777 19.624 22.917 25.098 26.496 27.222 27.980 27.459 27.969 26.915 27.158 28.066 27.822 27.216 26.655 25.580 24.292 22.413 20.088 22.604 21.454 24.126 24.357 25.721 26.199 27.464 27.561 26.630 25.905 24.377 23.627 23.593 23.420 21.777 20.289 23.085 24.240 23.441 24.061 25.578 25.820 26.071 26.996 27.455 27.409 28.283 28.616 28.450 27.366 27.655 26.694 26.369 25.113 24.092 23.458 22.244 23.148 24.595 25.006 25.812 25.915 26.468 27.066 26.851 27.440 26.963 28.012 27.543 27.869 27.948 27.169 26.144 25.784 25.126 23.157 19.811 16.833 12.397 11.428 11.177 12.531 11.002 7.751 6.118 4.304 1.931 0.000 1.852 4.488 7.338 9.979 12.004
20.330 21.527 19.723 22.611 24.906 25.902 27.058 27.943 27.517 28.027 26.954 27.142 28.022 27.642 26.983 26.375 25.266 23.613 21.644 19.443 22.180 21.387 24.128 24.916 26.402 26.701 27.697 27.966 27.316 26.729 25.155 24.250 24.420 24.420 23.291 22.134 24.328 25.167 24.548 25.086 26.603 26.747 26.809 27.444 27.991 27.924 28.475 28.757 28.639 27.824 27.768 26.882 26.499 25.134 23.980 23.198 21.767 22.742 24.384 25.025 26.018 26.035 26.883 27.288 27.265 27.881 27.680 28.496 28.440 28.589 28.581 28.061 27.454 26.855 26.084 24.417 21.951 20.001 15.329 14.628 15.765 15.935 15.170 12.436 9.084 6.689 4.058 1.717 0.000 1.751 4.202 6.023 8.891
21.048 22.315 20.515 23.196 24.976 26.198 27.162 27.963 27.440 28.110 27.138 27.337 27.999 27.529 26.998 26.351 25.508 23.549 22.064 19.945 22.209 21.610 24.621 24.732 26.341 27.012 27.732 28.107 27.408 26.627 25.298 24.004 24.494 24.713 24.304 23.255 25.182 25.808 25.055 25.622 27.014 26.961 26.912 27.893 28.316 28.180 28.755 28.994 28.671 27.831 27.899 27.197 26.554 25.017 23.535 22.972 21.563 22.623 24.056 24.645 25.560 26.009 26.691 27.460 27.733 28.105 28.198 28.693 28.784 28.666 28.712 28.261 27.708 27.383 26.428 24.880 22.194 20.550 17.139 16.048 17.457 17.590 17.714 14.794 10.936 8.465 6.447 3.725 1.524 0.001 1.164 2.754 5.678
21.666 22.931 21.048 23.662 25.437 26.363 27.325 27.956 27.494 28.161 27.025 27.163 27.954 27.622 27.023 26.647 25.672 24.177 22.334 20.096 22.962 22.304 24.881 25.026 26.699 27.166 27.923 28.161 27.475 26.883 25.325 24.182 25.111 25.174 24.980 23.931 25.834 26.353 25.271 25.754 27.498 27.339 26.797 27.762 28.616 28.385 28.982 29.054 28.723 28.166 27.896 27.096 26.689 25.202 23.833 23.041 21.936 22.639 23.813 24.481 25.802 26.076 26.831 27.586 27.570 28.152 28.194 28.603 29.025 28.581 28.782 28.147 27.715 27.710 26.329 24.989 22.631 21.271 18.087 17.078 18.569 18.999 18.519 16.011 12.630 9.594 7.368 4.898 2.934 1.166 0.002 1.648 3.971
21.456 22.876 21.060 23.362 25.279 26.276 27.182 27.865 27.240 27.840 26.861 27.115 27.814 27.408 26.602 26.099 25.350 23.378 22.060 19.579 22.691 22.087 24.990 24.722 26.549 26.873 27.966 27.938 27.521 26.755 25.548 24.406 25.137 25.439 25.304 24.772 26.213 26.674 25.809 26.016 27.594 27.558 27.059 28.093 28.557 28.411 28.782 28.838 28.718 27.899 27.817 26.805 26.511 25.031 23.547 23.020 21.683 22.351 23.809 24.631 25.592 25.959 26.522 27.489 27.534 28.222 28.425 28.771 28.947 28.781 28.846 28.408 27.838 27.789 26.391 25.304 23.314 21.791 19.148 18.605 20.246 20.478 20.602 18.139 15.427 12.699 10.505 7.785 5.421 3.645 1.365 0.001 1.567
23.353 23.813 22.313 24.096 25.925 26.640 27.178 28.161 27.811 28.423 27.364 27.438 28.223 27.949 27.299 26.656 26.063 24.433 22.707 20.700 23.691 23.568 25.865 26.054 27.689 27.803 28.489 28.275 28.295 27.626 26.989 25.720 26.549 26.932 26.843 26.289 27.461 27.858 26.812 26.913 28.393 28.198 27.353 28.427 28.924 28.720 29.125 29.224 29.112 28.510 28.161 27.649 27.212 26.036 24.242 23.451 22.197 22.605 23.634 24.267 25.640 25.880 26.935 27.834 27.732 28.640 28.570 29.227 28.913 29.254 29.218 28.798 28.478 28.138 27.377 25.934 24.586 23.814 21.563 20.926 22.685 23.002 23.187 20.540 18.301 16.037 13.713 11.071 8.893 5.720 4.091 1.877 0.007
