69.772
75.285
74.062
81.583
85.375
88.383
86.772
87.898
88.499
87.174
89.452
89.833
89.076
89.067
88.316
90.348
92.065
93.562
93.193
94.000
94.343
92.552
90.559
93.566
94.041
93.636
92.459
91.221
93.999
94.212
94.155
94.884
94.750
95.046
94.654
94.737
94.427
94.268
92.555
91.879
90.728
87.026
88.817
90.874
91.985
92.905
93.065
92.523
91.754
90.234
85.744
72.627
69.792
61.718
71.627
82.433
86.971
88.484
89.953
90.207
91.486
89.922
90.113
87.376
80.376
77.447
77.484
84.690
89.081
89.140
90.483
92.866
94.230
93.145
92.018
92.347
91.271
91.745
90.902
85.880
85.424
85.206
84.110
84.332
87.712
89.899
91.037
92.974
91.999
92.180
91.537
91.423
86.393
