80.028
85.068
90.028
92.504
92.662
94.131
95.107
95.339
95.704
95.029
94.898
92.181
89.189
89.370
94.048
96.317
96.123
96.887
96.605
96.669
96.051
95.560
95.705
95.564
95.805
95.085
94.165
92.454
90.254
89.709
92.361
92.813
94.278
94.759
96.057
95.225
95.819
95.544
96.059
96.069
95.741
94.665
93.576
94.985
95.114
95.843
95.600
94.870
94.577
94.283
94.351
94.638
93.713
93.616
92.663
94.486
95.011
96.117
95.711
96.277
96.515
95.284
93.985
95.563
96.026
96.356
95.055
94.921
96.361
96.381
96.440
96.412
96.513
97.046
96.749
96.521
96.613
96.995
95.379
94.288
94.634
92.974
94.116
95.056
95.769
96.034
96.500
95.544
95.070
94.144
90.603
78.328
65.235
