67.245
69.559
67.588
64.802
61.792
58.619
60.186
61.484
63.064
68.966
79.355
84.238
86.668
88.961
90.009
90.058
88.657
86.706
81.680
81.370
81.265
87.272
91.164
92.044
93.364
94.545
94.875
95.149
94.483
93.930
93.910
94.373
93.558
92.184
90.831
89.226
87.673
90.899
90.649
92.820
92.691
94.022
93.523
94.010
94.663
95.024
93.949
93.428
92.292
90.152
91.018
90.369
91.216
92.396
91.327
89.403
89.858
89.688
90.233
90.081
91.762
88.962
89.649
90.633
92.182
90.927
90.431
91.319
89.205
86.278
90.076
90.978
92.038
90.979
91.847
94.238
94.837
94.978
94.694
94.294
93.973
93.749
92.965
92.164
91.906
89.595
87.032
84.485
79.703
74.595
75.464
74.312
77.099
