0.004 1.796 4.422 7.435 10.637 12.785 16.288 17.028 18.968 20.370 20.972 19.795 18.525 17.200 19.189 19.716 19.055 18.783 17.665 15.126 15.465 14.503 12.454 11.468 8.575 7.155 8.556 9.968 10.359 12.801 13.731 10.953 10.283 6.191 6.019 6.305 7.651 9.259 9.059 11.623 10.776 8.212 11.119 12.907 11.100 11.940 15.123 15.964 14.660 16.560 16.688 16.185 14.477 14.037 12.437 11.957 11.355 11.647 13.732 14.205 16.678 18.731 18.727 19.913 20.286 21.169 23.197 22.684 23.789 23.144 23.643 23.872 23.501 23.766 22.492 21.906 22.533 20.870 19.723 18.828 15.187 12.914 11.753 11.050 15.093 14.603 13.463 12.627 14.441 15.653 18.186 19.606 21.725
0.903 0.000 0.961 2.925 3.939 4.426 6.781 7.214 7.130 9.194 9.649 8.587 8.713 8.364 9.236 10.804 10.536 10.517 9.759 8.795 8.618 6.926 6.562 6.572 5.096 4.390 5.535 7.093 6.985 8.811 9.628 8.573 7.168 4.393 4.305 4.101 4.833 5.624 5.023 6.674 6.269 4.401 4.960 7.070 6.878 5.630 7.335 8.486 8.368 9.418 9.712 10.115 9.127 9.146 8.732 8.363 8.124 8.140 9.495 9.997 12.563 14.309 15.319 16.609 18.339 19.148 21.000 20.347 22.735 21.810 23.875 22.314 20.514 18.109 18.066 16.077 17.937 14.513 12.983 13.012 11.482 9.223 12.173 15.056 14.698 14.221 12.182 11.385 12.441 13.189 15.388 17.085 18.950
2.004 0.629 0.000 0.565 0.897 1.278 1.663 1.897 2.520 2.731 3.175 2.798 2.755 2.340 2.410 2.911 2.698 2.497 2.464 1.802 1.615 1.397 1.323 1.164 0.970 1.168 1.413 1.651 1.856 2.287 2.455 2.072 1.754 1.523 1.471 1.500 1.563 1.530 1.539 1.809 1.909 1.525 1.742 2.200 2.136 2.161 2.515 2.680 2.715 3.119 3.291 2.965 2.720 2.437 2.227 1.914 1.802 1.635 2.092 2.860 4.138 6.327 9.081 11.334 16.531 16.565 18.196 17.749 21.311 20.379 18.774 20.875 18.346 17.609 17.313 17.676 17.054 13.065 14.667 12.200 17.603 13.450 14.391 11.320 11.743 11.643 11.397 11.951 11.725 11.604 13.231 15.084 16.611
2.330 1.148 0.524 0.000 0.524 0.861 1.010 1.179 1.484 1.748 2.113 1.901 2.062 1.695 1.654 2.125 2.129 1.963 1.887 1.446 1.369 1.048 1.070 1.035 0.986 1.235 1.484 1.851 2.062 2.548 2.776 2.338 1.899 1.611 1.470 1.443 1.556 1.586 1.760 1.991 1.916 1.676 1.905 2.252 2.211 2.228 2.501 2.930 2.866 3.284 3.338 3.105 2.666 2.501 2.177 2.030 1.764 1.551 1.966 2.832 3.920 6.238 8.602 11.309 15.636 16.008 18.346 17.376 20.948 19.494 19.397 21.485 19.538 19.501 18.832 17.008 18.203 14.402 16.452 12.883 18.619 16.209 15.935 9.789 14.874 13.178 12.557 13.391 14.108 12.775 14.075 15.674 17.136
2.441 1.303 0.712 0.508 0.000 0.502 0.593 0.786 1.063 1.332 1.529 1.370 1.397 1.124 1.234 1.452 1.414 1.352 1.160 0.968 0.809 0.663 0.716 0.676 0.711 0.800 0.993 1.152 1.181 1.487 1.675 1.479 1.337 1.181 1.292 1.383 1.394 1.428 1.370 1.468 1.452 1.216 1.245 1.476 1.418 1.271 1.529 1.732 1.741 1.991 1.933 1.886 1.581 1.497 1.201 1.197 1.092 1.118 1.382 2.229 3.189 5.260 7.459 10.150 15.085 15.099 14.879 14.115 15.898 17.472 19.815 19.783 18.295 20.577 18.063 18.287 15.128 12.021 16.245 18.834 17.643 11.846 10.813 10.433 13.750 13.660 11.813 12.359 12.219 12.683 13.958 15.245 16.624
2.781 1.494 0.993 0.702 0.502 0.000 0.533 0.866 1.238 1.551 1.834 1.689 1.717 1.453 1.560 1.919 1.784 1.827 1.578 1.175 1.096 0.791 0.896 0.909 0.978 1.001 1.229 1.286 1.391 1.658 1.881 1.649 1.536 1.401 1.461 1.655 1.647 1.760 1.628 1.782 1.708 1.412 1.567 1.792 1.600 1.605 1.849 2.054 1.962 2.409 2.412 2.229 1.837 1.684 1.426 1.383 1.299 1.403 1.649 2.522 3.562 5.529 7.410 9.834 14.027 14.412 17.266 17.097 19.063 18.591 19.821 20.920 19.496 19.421 18.773 17.700 18.377 15.445 10.850 15.388 17.385 11.483 10.240 12.729 14.398 13.980 11.836 12.210 11.600 11.351 13.014 14.827 16.047
3.017 1.788 1.393 1.016 0.752 0.525 0.000 0.501 0.755 1.049 1.308 1.074 1.176 1.026 0.949 1.201 1.319 1.359 1.425 1.161 1.090 0.842 1.123 1.233 1.430 1.524 1.890 2.054 1.982 2.297 2.743 2.496 2.398 2.052 2.150 2.252 2.191 2.058 1.843 2.047 2.268 1.920 1.817 2.213 2.268 1.923 2.218 2.483 2.486 2.631 2.482 2.379 2.244 2.165 1.928 1.969 1.755 1.822 1.940 2.653 3.655 5.919 7.868 10.761 15.567 14.681 17.368 16.546 19.926 18.268 20.365 19.003 18.397 19.821 18.261 16.909 16.400 12.522 13.669 10.474 14.007 10.879 14.278 11.664 12.577 11.767 10.807 10.732 11.474 11.680 13.462 15.565 16.582
3.447 1.915 1.409 1.152 0.833 0.746 0.504 0.000 0.512 0.717 1.008 0.861 0.930 0.803 0.748 1.019 1.034 1.071 1.081 0.918 0.979 0.857 1.113 1.128 1.316 1.327 1.629 1.719 1.568 1.822 2.135 2.118 2.034 1.855 2.011 2.181 2.122 2.175 1.923 2.099 2.122 1.791 1.791 2.025 1.910 1.665 1.856 2.149 1.980 2.149 1.941 1.829 1.682 1.627 1.496 1.562 1.457 1.591 1.681 2.554 3.500 5.730 7.641 10.578 15.788 15.216 18.354 16.450 17.797 17.460 16.628 17.320 17.250 17.901 16.892 18.182 14.330 14.922 14.895 13.975 11.886 12.022 12.028 11.471 12.756 14.014 11.807 11.620 11.729 11.909 13.817 15.989 17.408
3.552 2.293 1.759 1.500 1.077 1.133 0.809 0.518 0.000 0.520 0.708 0.785 0.979 0.908 0.853 1.107 1.272 1.382 1.399 1.174 1.279 1.203 1.509 1.455 1.615 1.748 2.020 2.116 2.029 2.296 2.689 2.591 2.485 2.285 2.370 2.575 2.592 2.633 2.348 2.645 2.600 2.146 2.193 2.527 2.362 2.097 2.292 2.595 2.507 2.606 2.338 2.399 2.152 2.072 1.966 2.025 1.915 1.977 2.135 2.898 3.824 5.885 7.608 10.671 16.543 16.277 18.204 17.984 22.275 20.122 20.578 22.289 19.033 20.357 16.090 19.565 17.264 15.053 13.885 10.816 14.008 10.721 11.725 12.154 12.758 13.029 11.018 11.391 11.767 11.416 13.912 15.822 17.342
4.071 2.953 2.321 2.150 1.527 1.528 1.133 0.827 0.504 0.000 0.611 0.759 1.091 1.136 0.902 1.196 1.496 1.570 1.845 1.558 1.736 1.669 2.107 2.051 2.343 2.282 2.794 2.825 2.564 2.920 3.415 3.300 3.266 3.027 3.177 3.442 3.310 3.218 2.833 3.032 3.078 2.728 2.600 2.955 2.873 2.459 2.734 3.052 2.904 3.049 2.766 2.699 2.638 2.581 2.463 2.704 2.578 2.814 2.870 3.592 4.632 6.610 7.856 10.502 16.102 15.667 18.087 16.750 19.758 17.422 18.922 19.402 18.243 18.154 17.047 17.474 16.582 13.712 13.448 12.925 11.224 10.932 12.252 11.714 12.577 12.199 10.874 11.132 11.633 11.838 14.191 16.200 17.396
5.167 3.759 3.237 2.856 2.233 2.145 1.722 1.283 0.793 0.582 0.000 0.600 0.923 1.223 1.025 1.205 1.571 1.807 2.033 1.955 2.107 2.096 2.649 2.652 2.971 2.946 3.372 3.261 3.009 3.057 3.706 3.739 3.966 3.791 4.127 4.389 4.314 4.239 3.779 3.835 3.759 3.382 3.157 3.308 3.210 2.687 2.920 3.126 2.907 2.845 2.424 2.516 2.519 2.735 2.824 3.058 3.124 3.403 3.514 4.250 5.370 7.598 9.098 11.714 16.712 15.720 18.175 16.800 18.115 18.187 18.289 18.852 17.463 17.826 15.917 14.667 15.550 11.150 15.716 11.625 14.148 10.991 12.594 12.845 13.930 13.244 11.754 12.031 12.320 12.325 14.833 16.376 17.934
4.240 2.995 2.425 2.146 1.791 1.799 1.536 1.103 0.954 0.732 0.589 0.000 0.512 0.667 0.771 0.846 0.875 1.343 1.454 1.396 1.658 1.825 2.226 2.063 2.302 2.067 2.339 2.206 1.934 2.011 2.404 2.488 2.671 2.660 2.930 3.129 3.042 3.087 2.830 2.924 2.815 2.528 2.297 2.569 2.415 2.039 2.212 2.487 2.245 2.302 1.922 1.768 1.639 1.649 1.811 2.005 2.166 2.432 2.727 3.639 4.824 6.979 8.351 10.644 16.103 16.047 18.532 15.722 17.057 15.852 17.110 17.027 15.289 18.359 13.939 14.600 16.192 9.068 11.436 10.773 10.279 10.028 10.671 11.830 12.278 12.798 11.308 11.699 12.058 12.145 14.374 15.916 17.852
3.641 2.289 1.884 1.623 1.368 1.431 1.237 0.933 0.925 0.942 0.790 0.501 0.000 0.494 0.573 0.638 0.622 0.805 0.888 0.938 1.189 1.355 1.582 1.499 1.588 1.568 1.731 1.698 1.657 1.790 2.101 2.090 2.175 2.047 2.255 2.466 2.343 2.454 2.277 2.282 2.274 1.931 1.866 2.040 1.915 1.657 1.798 2.002 1.899 1.978 1.754 1.627 1.518 1.507 1.409 1.547 1.619 1.750 2.005 2.763 3.654 5.631 7.554 9.983 15.836 15.705 13.662 16.193 15.162 17.348 13.166 16.517 12.151 17.667 13.439 14.598 20.946 12.940 8.749 13.286 11.211 11.499 11.544 12.151 12.947 12.150 11.386 11.627 12.022 12.080 13.823 15.487 17.663
3.666 2.197 1.715 1.548 1.141 1.286 1.038 0.760 0.857 0.893 0.837 0.590 0.491 0.000 0.495 0.571 0.641 0.680 0.849 0.878 1.046 1.178 1.430 1.327 1.528 1.418 1.717 1.708 1.529 1.716 2.108 2.035 2.107 1.917 2.140 2.323 2.236 2.266 2.171 2.207 2.129 1.791 1.739 1.920 1.807 1.476 1.661 1.857 1.704 1.807 1.615 1.579 1.436 1.498 1.382 1.598 1.501 1.658 1.876 2.646 3.699 5.915 8.172 10.246 16.418 16.985 14.868 19.550 17.593 22.144 17.339 18.217 16.135 18.030 16.037 14.257 20.051 11.660 11.893 12.176 11.992 10.352 10.544 10.582 12.390 12.912 11.159 11.209 11.783 11.941 13.885 15.700 17.300
3.369 2.120 1.616 1.436 1.137 1.225 1.007 0.756 0.838 0.838 0.809 0.597 0.545 0.489 0.000 0.497 0.577 0.724 0.864 0.889 1.100 1.181 1.408 1.272 1.462 1.435 1.632 1.663 1.562 1.699 2.001 1.974 1.945 1.870 2.009 2.235 2.080 2.120 1.945 2.048 2.002 1.751 1.697 1.909 1.760 1.554 1.680 1.905 1.767 1.890 1.678 1.621 1.465 1.518 1.391 1.525 1.509 1.668 1.819 2.601 3.625 6.007 7.551 10.001 16.059 16.034 17.900 17.267 16.968 19.590 19.984 17.774 18.443 18.496 16.852 18.874 13.069 12.681 10.834 11.529 10.395 10.557 12.660 12.173 13.006 12.522 11.319 11.196 11.814 12.108 13.968 15.932 17.058
3.853 2.577 2.105 1.880 1.440 1.397 1.161 0.909 0.913 0.975 0.911 0.702 0.639 0.569 0.495 0.000 0.508 0.679 0.924 1.022 1.300 1.406 1.699 1.669 1.885 1.789 2.086 2.104 1.887 2.005 2.454 2.366 2.515 2.290 2.541 2.792 2.630 2.636 2.330 2.472 2.503 2.148 2.020 2.303 2.175 1.833 2.040 2.363 2.123 2.207 1.925 1.851 1.670 1.740 1.629 1.930 1.861 2.031 2.233 2.937 4.019 6.428 8.118 10.732 16.865 16.879 16.731 16.126 16.448 15.450 16.867 18.851 13.833 18.934 17.294 17.094 12.574 10.687 10.833 11.911 14.028 11.593 12.038 11.331 12.432 11.973 11.613 11.373 11.987 11.904 13.937 15.722 17.835
3.801 2.591 2.004 1.841 1.501 1.545 1.374 1.127 1.121 1.135 1.053 0.787 0.704 0.651 0.612 0.510 0.000 0.591 0.681 0.848 1.227 1.420 1.623 1.490 1.669 1.600 1.843 1.772 1.702 1.857 2.250 2.219 2.269 2.185 2.349 2.642 2.537 2.584 2.435 2.516 2.414 2.137 2.058 2.316 2.126 1.819 1.975 2.269 1.994 2.182 1.849 1.652 1.598 1.478 1.441 1.543 1.641 1.755 1.974 2.737 3.686 5.855 8.061 10.679 15.974 15.475 14.204 20.087 15.352 21.535 14.076 18.683 15.300 14.623 14.536 14.851 14.397 13.628 12.758 13.695 12.106 10.305 11.851 12.081 13.468 12.029 11.734 11.612 12.017 11.733 13.822 15.669 17.633
4.358 3.138 2.583 2.314 1.931 2.116 1.936 1.519 1.646 1.609 1.479 1.220 0.987 0.897 0.872 0.716 0.560 0.000 0.561 0.754 1.253 1.652 1.877 1.686 2.062 2.155 2.462 2.517 2.255 2.485 2.998 3.021 3.166 3.035 3.057 3.668 3.549 3.728 3.446 3.600 3.511 2.978 2.872 3.248 2.963 2.528 2.814 3.015 2.656 2.799 2.309 2.170 2.056 2.117 2.002 2.106 2.002 2.063 2.071 2.731 3.668 5.750 8.006 10.607 15.107 17.607 17.344 16.442 18.500 18.457 17.758 17.052 17.940 18.755 17.984 15.455 17.272 15.677 16.071 12.583 13.152 10.247 11.911 12.808 14.224 13.073 11.958 12.348 12.766 12.295 14.384 15.989 17.653
3.464 2.094 1.672 1.332 1.160 1.411 1.411 1.178 1.423 1.514 1.447 1.328 1.189 0.898 0.885 0.895 0.637 0.526 0.000 0.537 0.830 1.144 1.233 1.000 1.178 1.309 1.531 1.623 1.708 1.910 2.183 2.124 2.043 1.915 1.905 2.191 2.274 2.394 2.257 2.445 2.346 1.989 2.118 2.362 2.123 1.962 2.244 2.490 2.210 2.422 2.258 2.020 1.773 1.644 1.414 1.345 1.218 1.304 1.615 2.308 3.373 5.761 7.858 10.365 15.510 16.570 15.626 21.968 15.936 15.761 15.820 16.597 17.822 19.639 16.814 13.934 13.845 13.156 14.032 13.886 11.705 10.897 11.486 11.757 13.681 13.203 11.324 11.719 11.704 11.648 13.529 15.648 17.471
3.284 1.855 1.375 1.115 0.888 1.039 0.987 0.878 1.184 1.312 1.408 1.213 1.108 0.863 0.936 1.046 0.818 0.733 0.510 0.000 0.511 0.677 0.902 0.772 1.021 1.095 1.310 1.401 1.376 1.653 1.888 1.785 1.744 1.614 1.703 1.925 1.929 1.948 1.855 2.006 1.990 1.628 1.698 1.937 1.739 1.570 1.775 1.988 1.794 2.060 1.915 1.746 1.476 1.344 1.218 1.230 1.120 1.202 1.437 2.274 3.216 5.192 7.785 10.729 15.969 17.893 16.102 23.270 16.567 20.328 17.372 19.219 17.598 19.131 17.241 16.273 12.872 11.072 15.595 11.011 9.597 10.643 12.189 12.015 13.355 13.022 11.281 11.789 12.116 11.547 13.338 15.405 17.000
3.347 2.001 1.476 1.125 0.811 0.896 0.954 1.047 1.472 1.703 1.913 1.723 1.546 1.203 1.258 1.451 1.179 1.025 0.766 0.522 0.000 0.503 0.705 0.711 1.036 1.227 1.556 1.634 1.668 1.937 2.271 2.240 2.133 1.955 2.007 2.232 2.272 2.262 2.156 2.305 2.415 1.949 2.108 2.358 2.244 1.988 2.310 2.557 2.338 2.577 2.394 2.119 1.885 1.664 1.468 1.482 1.282 1.276 1.367 2.397 3.400 5.496 7.690 10.307 13.846 14.414 16.823 18.910 19.555 19.105 20.242 19.369 17.203 18.940 16.080 15.070 15.396 11.564 13.296 11.066 11.882 11.366 11.906 13.058 13.876 14.091 11.484 11.960 11.962 11.937 13.531 15.608 17.299
3.170 1.741 1.206 1.015 0.713 0.776 0.819 0.946 1.298 1.530 1.777 1.575 1.520 1.233 1.258 1.464 1.353 1.243 1.033 0.761 0.515 0.000 0.541 0.624 0.896 1.103 1.393 1.605 1.667 1.923 2.158 2.085 1.941 1.746 1.802 1.848 1.949 1.913 1.857 1.987 2.045 1.770 1.882 2.100 2.061 1.912 2.149 2.326 2.240 2.425 2.323 2.176 1.990 1.900 1.575 1.509 1.257 1.258 1.393 2.250 3.316 5.327 7.569 11.010 15.360 16.897 18.942 18.943 21.168 17.408 19.886 21.751 20.040 19.189 18.667 18.758 16.242 12.976 13.139 9.782 11.143 10.752 12.184 11.724 15.290 13.747 11.220 12.106 12.518 11.700 13.716 15.625 17.454
3.070 1.804 1.330 0.987 0.803 0.882 0.931 1.098 1.456 1.703 2.058 1.840 1.911 1.540 1.595 1.963 1.790 1.751 1.412 1.002 0.738 0.529 0.000 0.552 0.719 1.029 1.299 1.681 1.932 2.207 2.467 2.332 2.060 1.900 1.658 1.933 2.169 2.312 2.279 2.540 2.576 2.154 2.307 2.706 2.545 2.419 2.617 2.918 2.734 3.176 3.060 2.813 2.377 2.144 1.755 1.602 1.164 1.037 1.319 2.263 3.550 5.442 7.683 9.992 14.166 15.449 17.837 17.045 19.108 18.287 20.161 19.746 20.418 18.863 17.511 18.374 16.355 12.275 13.388 12.257 12.804 10.141 11.498 11.483 14.173 13.834 11.632 11.948 12.431 11.763 13.579 15.507 16.776
2.574 1.476 0.955 0.792 0.856 0.870 1.005 1.096 1.389 1.623 1.848 1.673 1.621 1.365 1.367 1.617 1.471 1.413 1.163 0.904 0.708 0.649 0.522 0.000 0.508 0.657 0.881 1.116 1.265 1.570 1.685 1.641 1.317 1.184 1.166 1.380 1.451 1.544 1.585 1.653 1.655 1.421 1.549 1.773 1.660 1.589 1.911 2.076 1.988 2.328 2.343 2.159 1.765 1.611 1.242 1.144 0.880 0.935 1.149 2.123 3.146 5.155 7.704 9.447 14.160 12.919 13.037 15.675 16.419 17.621 19.783 18.954 19.393 18.029 17.886 16.550 15.036 11.661 12.657 13.409 11.399 11.322 12.051 11.051 13.907 13.914 12.424 12.060 12.420 12.038 13.568 15.288 16.806
3.439 1.433 0.988 0.845 0.807 1.079 1.259 1.365 1.781 1.969 2.246 1.887 1.798 1.495 1.690 1.873 1.662 1.645 1.338 1.034 0.920 0.879 0.718 0.508 0.000 0.508 0.638 0.796 0.955 1.204 1.361 1.193 1.070 0.958 1.088 1.332 1.394 1.461 1.414 1.513 1.449 1.195 1.368 1.504 1.364 1.367 1.639 1.750 1.693 2.058 2.073 1.854 1.516 1.262 0.985 0.886 0.731 0.749 1.043 2.001 3.108 5.427 7.666 10.382 14.326 15.251 19.139 18.380 19.876 19.357 18.677 19.601 18.378 18.141 18.235 17.020 16.538 13.946 14.223 13.239 12.147 11.325 10.493 11.059 12.336 13.464 12.560 13.690 13.698 12.478 14.101 15.853 17.195
2.988 1.285 0.761 0.828 0.736 0.958 1.084 1.098 1.433 1.562 1.774 1.510 1.385 1.179 1.310 1.467 1.349 1.376 1.112 0.917 0.934 0.919 0.852 0.620 0.495 0.000 0.497 0.558 0.694 0.905 1.012 0.887 0.737 0.692 0.841 1.014 1.015 1.117 1.208 1.239 1.152 0.982 1.107 1.163 1.048 1.037 1.254 1.366 1.301 1.568 1.517 1.369 1.088 0.936 0.721 0.701 0.713 0.741 1.149 2.108 3.007 5.462 8.485 9.931 15.136 13.480 14.099 15.776 12.484 17.577 18.438 18.912 16.887 18.229 17.420 16.431 15.044 12.588 12.159 13.004 12.216 11.771 11.159 9.044 12.625 12.929 12.986 12.495 12.755 12.407 14.395 16.255 18.089
3.073 1.448 0.997 0.932 0.898 1.133 1.214 1.251 1.538 1.759 1.943 1.625 1.527 1.348 1.396 1.603 1.423 1.439 1.228 0.970 1.061 1.065 0.988 0.789 0.623 0.493 0.000 0.499 0.638 0.864 0.943 0.760 0.638 0.725 0.862 1.023 1.113 1.290 1.377 1.358 1.263 1.084 1.243 1.304 1.164 1.170 1.377 1.454 1.420 1.730 1.732 1.523 1.255 0.998 0.750 0.648 0.663 0.787 1.186 2.067 3.068 5.279 7.582 9.474 15.786 13.502 13.561 17.244 17.086 19.024 19.243 18.549 18.852 19.644 18.957 17.804 17.027 14.798 10.815 13.112 14.148 12.127 12.768 13.058 13.773 12.839 12.227 12.000 12.344 11.675 13.708 15.438 16.954
2.825 1.517 1.101 1.103 1.083 1.371 1.453 1.489 1.709 1.911 1.934 1.639 1.437 1.305 1.513 1.614 1.398 1.549 1.297 1.133 1.276 1.329 1.238 0.978 0.783 0.593 0.496 0.000 0.490 0.593 0.752 0.653 0.610 0.660 0.849 1.005 1.016 1.171 1.226 1.272 1.090 0.942 1.070 1.106 0.874 0.924 1.098 1.147 1.022 1.310 1.254 1.118 0.851 0.733 0.612 0.692 0.873 0.868 1.278 2.053 3.024 5.236 8.202 10.753 17.009 14.612 14.380 15.113 12.968 15.831 16.261 15.041 14.356 16.833 15.801 14.465 12.046 13.034 10.523 11.094 10.135 11.030 11.451 9.171 13.075 13.571 12.373 11.552 11.681 11.728 13.598 15.606 17.249
2.920 1.536 1.110 1.143 1.085 1.346 1.417 1.338 1.566 1.766 1.812 1.509 1.355 1.226 1.432 1.498 1.367 1.467 1.301 1.138 1.312 1.374 1.323 1.084 0.941 0.701 0.621 0.496 0.000 0.509 0.748 0.596 0.610 0.664 0.861 1.035 1.024 1.203 1.244 1.292 1.112 0.935 1.059 1.081 0.876 0.779 1.027 1.093 0.921 1.269 1.229 1.051 0.769 0.729 0.623 0.732 0.896 1.052 1.511 2.326 3.287 5.286 8.048 9.911 16.231 14.043 16.151 13.889 13.624 14.565 13.142 15.884 12.239 16.388 14.604 13.661 14.583 9.780 13.801 9.038 8.529 9.523 11.735 11.942 13.590 12.480 11.753 12.135 12.422 12.270 14.296 16.059 17.970
3.468 2.088 1.629 1.573 1.646 1.849 2.011 1.955 2.218 2.368 2.499 2.093 1.931 1.803 1.996 2.114 1.942 2.160 1.918 1.770 1.939 2.002 1.976 1.654 1.490 1.144 1.197 0.834 0.545 0.000 0.851 0.724 0.965 1.120 1.518 1.713 1.608 1.878 1.832 1.979 1.640 1.428 1.609 1.613 1.268 1.261 1.614 1.565 1.278 1.731 1.646 1.406 1.045 0.953 0.895 1.146 1.444 1.713 2.215 2.983 4.108 6.061 8.448 10.326 16.684 15.642 15.142 16.346 14.376 17.659 16.475 20.380 14.708 19.086 17.713 14.318 17.511 11.525 11.568 12.001 9.730 9.995 11.764 12.366 13.409 11.751 11.720 12.021 11.990 11.857 13.595 15.568 17.419
4.002 2.716 2.425 2.707 2.694 3.181 3.449 3.053 3.267 3.636 3.383 2.837 2.396 2.421 2.922 2.768 2.422 2.915 2.564 2.454 2.937 3.237 3.119 2.600 2.333 1.843 1.521 1.058 0.769 0.567 0.000 0.582 0.864 1.244 1.649 1.709 1.767 2.369 2.591 2.598 2.038 1.842 2.291 2.098 1.499 1.732 2.192 1.952 1.545 1.911 1.941 1.539 1.312 1.137 1.381 1.633 2.084 2.406 3.003 3.887 5.264 7.149 8.857 10.932 16.444 14.887 18.581 15.366 18.733 16.307 18.306 17.872 18.606 19.425 17.853 16.703 16.054 14.314 13.221 12.591 12.135 11.499 11.538 11.957 13.781 11.590 11.420 11.589 12.287 11.736 14.013 15.577 17.581
2.918 1.638 1.350 1.518 1.587 1.963 2.150 2.260 2.415 2.686 2.794 2.389 2.180 1.993 2.283 2.378 2.224 2.388 2.143 1.737 2.046 2.018 1.920 1.528 1.312 0.991 0.855 0.652 0.648 0.652 0.530 0.000 0.504 0.602 0.779 1.006 1.081 1.353 1.506 1.575 1.276 1.134 1.399 1.413 1.064 1.161 1.476 1.491 1.334 1.675 1.730 1.530 1.194 1.049 1.028 1.149 1.367 1.565 2.046 2.888 4.035 6.250 8.531 11.087 16.929 16.195 18.875 14.795 18.264 17.172 19.322 19.357 17.702 17.885 17.723 16.915 16.252 15.211 12.351 12.267 10.851 10.536 11.626 11.299 12.920 12.837 11.719 11.744 12.288 11.591 13.512 15.660 17.358
2.908 1.555 1.270 1.379 1.413 1.674 1.961 1.967 2.250 2.512 2.644 2.239 2.010 1.820 2.127 2.198 1.987 2.190 1.857 1.596 1.784 1.760 1.541 1.269 1.106 0.867 0.702 0.652 0.718 0.886 0.738 0.502 0.000 0.504 0.584 0.893 0.920 1.186 1.286 1.400 1.191 1.051 1.287 1.311 1.085 1.176 1.472 1.524 1.381 1.803 1.877 1.708 1.339 1.199 1.087 1.142 1.189 1.285 1.691 2.487 3.760 5.780 8.198 9.984 15.805 14.310 18.097 15.248 18.972 15.897 17.641 18.353 17.591 18.621 17.718 16.623 14.278 12.359 10.637 10.109 9.841 10.349 10.713 11.091 12.910 12.650 11.545 11.489 11.755 11.594 13.744 15.664 17.228
2.772 1.517 1.070 1.372 1.441 1.694 1.814 1.954 2.257 2.474 2.701 2.292 2.170 1.992 2.161 2.320 2.137 2.376 1.958 1.693 1.822 1.727 1.574 1.380 1.131 0.950 0.782 0.679 0.813 1.038 0.953 0.649 0.504 0.000 0.535 0.743 0.816 0.979 1.158 1.278 1.091 0.949 1.261 1.317 1.046 1.253 1.556 1.566 1.509 1.930 2.015 1.801 1.456 1.264 1.198 1.165 1.240 1.378 1.842 2.617 3.649 5.601 8.090 10.155 16.911 15.238 18.672 17.079 21.819 19.041 20.226 20.055 17.441 17.870 17.213 16.608 16.849 13.853 13.230 11.404 10.570 10.005 11.454 10.199 12.298 13.704 13.124 12.266 12.377 11.567 13.643 15.702 17.416
3.339 1.624 1.355 1.605 1.828 2.201 2.364 2.474 2.703 2.993 3.249 2.643 2.474 2.332 2.732 2.748 2.513 2.769 2.383 2.101 2.242 2.271 2.006 1.737 1.384 1.088 0.920 0.903 1.011 1.318 1.271 0.943 0.675 0.513 0.000 0.610 0.861 1.173 1.386 1.555 1.307 1.156 1.495 1.478 1.268 1.377 1.646 1.677 1.702 2.096 2.136 2.024 1.682 1.639 1.415 1.445 1.534 1.595 2.141 2.867 4.025 6.340 8.319 10.901 16.685 13.995 17.787 16.673 21.662 19.059 20.509 20.140 18.962 19.447 18.713 18.480 16.641 13.242 10.066 11.937 12.915 10.864 12.072 11.173 11.559 13.331 12.187 12.827 12.324 12.039 14.106 16.018 17.624
3.246 1.813 1.809 2.055 2.387 2.913 3.331 3.498 3.887 4.248 4.548 4.058 3.664 3.386 3.711 3.936 3.328 3.537 2.854 2.671 2.724 2.783 2.471 2.206 1.745 1.546 1.204 1.401 1.752 2.177 2.091 1.681 1.201 0.983 0.571 0.000 0.711 1.074 1.663 1.731 1.606 1.576 2.158 2.194 2.026 2.212 2.751 2.828 2.810 3.686 3.663 3.271 2.767 2.375 1.993 1.737 1.797 1.811 2.312 3.273 4.399 6.065 7.941 10.425 17.233 16.580 19.063 16.144 20.535 19.473 20.099 20.965 19.449 19.824 18.595 18.394 17.111 14.430 13.261 13.457 12.159 12.354 13.504 11.220 12.066 12.976 11.781 12.423 12.604 11.918 13.943 15.879 17.199
2.744 1.535 1.377 1.819 1.962 2.248 2.533 2.627 2.829 3.136 3.293 2.953 2.665 2.608 2.791 2.980 2.814 2.971 2.680 2.464 2.506 2.431 2.207 2.008 1.661 1.446 1.272 1.316 1.556 1.864 1.803 1.321 1.075 0.874 0.823 0.539 0.000 0.524 0.743 0.929 0.874 0.836 1.226 1.347 1.319 1.533 1.789 1.958 2.035 2.477 2.677 2.629 2.262 2.153 1.953 1.862 1.915 1.988 2.452 3.224 4.291 5.939 8.068 10.320 17.180 15.264 18.663 16.952 19.589 19.860 19.315 20.371 18.333 18.576 17.996 17.687 18.550 12.485 13.149 12.541 10.157 10.273 9.284 10.927 7.877 10.679 11.395 10.674 11.255 10.872 13.014 15.007 16.557
2.765 1.447 1.217 1.404 1.408 1.615 1.740 1.842 2.092 2.329 2.533 2.191 2.107 1.938 2.101 2.334 2.270 2.356 2.159 1.817 1.943 1.797 1.751 1.581 1.510 1.285 1.264 1.294 1.321 1.563 1.622 1.322 1.104 0.938 0.935 0.757 0.505 0.000 0.500 0.597 0.635 0.614 0.753 0.948 1.017 1.143 1.264 1.470 1.534 2.022 2.229 2.143 1.742 1.776 1.574 1.698 1.675 1.806 2.087 2.912 3.910 5.479 7.675 10.365 16.225 15.991 18.092 16.173 18.227 17.447 18.358 18.141 17.897 19.132 18.014 14.809 15.579 11.597 11.452 10.030 10.958 10.285 11.773 11.583 14.297 12.796 11.437 10.792 11.354 10.808 12.984 15.343 16.866
2.727 1.435 1.093 1.349 1.364 1.479 1.569 1.773 1.937 2.251 2.691 1.964 1.931 1.726 1.934 2.181 1.997 2.210 2.018 1.698 1.795 1.632 1.534 1.510 1.347 1.272 1.228 1.247 1.249 1.465 1.568 1.272 1.176 0.982 1.094 0.957 0.631 0.492 0.000 0.495 0.545 0.556 0.558 0.709 0.828 0.861 0.961 1.194 1.273 1.644 1.763 1.752 1.488 1.557 1.506 1.575 1.551 1.690 1.974 2.652 3.790 5.598 7.237 9.812 15.591 15.265 18.892 15.912 20.022 19.049 19.857 21.116 18.624 17.548 17.091 16.187 18.236 11.222 11.234 11.286 13.303 11.190 13.672 8.070 10.587 16.933 11.805 11.603 11.967 11.230 13.470 15.448 16.674
2.916 1.686 1.359 1.616 1.618 1.709 1.945 2.112 2.356 2.665 2.911 2.437 2.319 2.240 2.425 2.599 2.471 2.533 2.410 2.110 2.170 1.979 1.906 1.804 1.630 1.455 1.513 1.412 1.298 1.479 1.620 1.314 1.392 1.124 1.301 1.223 0.836 0.565 0.493 0.000 0.498 0.588 0.633 0.630 0.733 0.920 0.947 1.112 1.271 1.678 1.892 1.927 1.640 1.760 1.635 1.828 1.897 2.026 2.304 3.048 3.973 5.603 7.938 9.879 16.926 15.970 19.317 16.854 19.571 18.772 19.680 18.526 18.054 17.895 17.749 15.604 16.805 13.359 11.578 11.808 14.883 10.607 10.681 10.316 10.736 11.916 10.605 11.180 11.646 11.133 13.191 15.458 16.931
3.025 1.853 1.279 1.467 1.449 1.609 1.798 1.871 2.052 2.364 2.408 2.079 1.841 1.739 2.001 2.111 1.987 2.071 1.867 1.676 1.802 1.765 1.692 1.553 1.405 1.145 1.145 1.012 0.948 1.139 1.297 1.029 1.030 0.861 1.037 0.978 0.700 0.564 0.525 0.490 0.000 0.490 0.539 0.573 0.557 0.674 0.783 0.991 1.049 1.457 1.615 1.514 1.218 1.224 1.178 1.315 1.389 1.634 1.952 2.737 3.733 5.464 7.658 10.277 16.015 15.478 17.878 15.796 18.701 18.800 19.261 15.921 17.542 17.062 17.409 13.930 14.339 13.015 10.108 13.310 10.873 11.118 10.840 10.193 9.288 12.666 13.185 12.126 12.082 11.474 13.392 15.469 16.891
2.830 1.494 1.096 1.219 1.268 1.487 1.566 1.558 1.803 2.107 2.216 1.805 1.593 1.448 1.737 1.874 1.746 1.931 1.724 1.542 1.620 1.563 1.532 1.464 1.302 1.112 1.088 1.006 0.968 1.220 1.382 1.136 1.037 0.887 1.057 0.955 0.697 0.588 0.532 0.518 0.490 0.000 0.491 0.538 0.564 0.566 0.681 0.902 0.988 1.419 1.486 1.472 1.217 1.337 1.202 1.478 1.466 1.621 1.931 2.619 3.928 5.993 8.183 10.484 16.625 14.729 17.075 15.536 19.178 17.793 18.377 19.934 16.633 16.142 16.765 14.226 14.885 12.242 11.880 12.569 16.686 9.834 12.118 13.081 9.772 12.194 12.677 12.609 12.977 11.170 13.353 15.499 17.095
2.901 1.516 1.128 1.252 1.317 1.460 1.666 1.701 1.830 2.192 2.331 1.835 1.761 1.680 1.890 2.036 1.954 2.030 1.863 1.646 1.730 1.677 1.575 1.503 1.301 1.145 1.170 1.092 1.038 1.236 1.389 1.181 1.119 0.937 1.103 1.035 0.770 0.677 0.564 0.559 0.537 0.490 0.000 0.496 0.545 0.587 0.618 0.778 0.954 1.351 1.457 1.522 1.279 1.324 1.317 1.357 1.494 1.557 1.924 2.656 3.717 5.433 7.688 9.834 16.410 14.946 17.542 14.599 20.531 16.833 20.381 20.127 16.098 19.140 18.867 17.048 17.156 12.388 12.625 11.080 14.673 10.014 9.884 10.725 11.567 12.921 13.103 12.157 12.582 11.606 13.887 15.743 17.631
2.925 1.756 1.414 1.534 1.595 1.704 1.891 2.030 2.266 2.549 2.678 2.189 2.088 2.007 2.260 2.401 2.319 2.476 2.276 2.002 2.150 1.966 1.879 1.810 1.602 1.405 1.400 1.276 1.106 1.269 1.424 1.173 1.271 1.116 1.356 1.359 1.029 0.871 0.696 0.616 0.611 0.559 0.493 0.000 0.498 0.590 0.655 0.733 0.917 1.353 1.522 1.562 1.344 1.454 1.418 1.629 1.737 1.944 2.306 2.992 3.910 5.637 7.827 10.440 17.001 16.038 18.206 17.423 20.616 17.465 19.882 19.508 16.654 18.156 18.324 16.535 17.552 13.180 12.735 13.024 11.830 12.017 11.789 11.516 12.676 14.386 13.476 11.549 12.008 11.516 13.580 15.490 17.718
2.921 1.765 1.355 1.415 1.404 1.527 1.648 1.693 1.874 2.132 2.146 1.823 1.624 1.497 1.801 1.856 1.714 1.903 1.694 1.470 1.728 1.704 1.723 1.461 1.426 1.087 1.132 0.959 0.805 1.089 1.232 0.983 1.067 0.936 1.163 1.186 0.926 0.815 0.759 0.640 0.567 0.530 0.510 0.491 0.000 0.491 0.548 0.682 0.727 1.230 1.312 1.258 1.063 1.128 1.113 1.297 1.436 1.552 2.010 2.745 3.802 5.793 7.879 9.896 16.859 14.401 16.267 14.385 17.267 15.513 17.385 16.338 13.913 15.918 15.864 13.449 14.800 13.611 11.059 13.776 10.613 10.225 12.096 11.117 12.546 12.041 13.841 12.171 12.199 11.742 13.618 15.756 17.320
2.817 1.617 1.303 1.334 1.251 1.460 1.607 1.540 1.852 2.006 2.064 1.758 1.573 1.481 1.698 1.798 1.725 1.885 1.715 1.537 1.657 1.613 1.593 1.467 1.324 1.091 1.128 0.986 0.861 1.082 1.225 1.041 1.023 0.969 1.192 1.187 0.938 0.879 0.828 0.775 0.654 0.562 0.570 0.529 0.491 0.000 0.501 0.661 0.745 1.267 1.284 1.302 1.067 1.127 1.172 1.263 1.344 1.557 1.931 2.770 3.880 6.205 8.303 10.807 17.032 15.460 17.291 16.961 18.401 18.821 17.911 17.543 16.644 18.052 17.603 15.421 14.551 12.853 11.374 12.090 11.949 11.546 13.816 12.309 13.320 13.482 13.065 12.614 12.579 11.775 14.179 16.071 17.908
3.161 1.857 1.395 1.525 1.553 1.803 1.942 2.060 2.236 2.601 2.706 2.210 2.110 2.039 2.321 2.446 2.375 2.519 2.201 1.948 2.052 1.968 1.946 1.774 1.543 1.282 1.401 1.292 1.110 1.370 1.601 1.353 1.467 1.193 1.477 1.618 1.304 1.282 1.159 1.058 0.970 0.728 0.682 0.653 0.610 0.501 0.000 0.535 0.768 1.329 1.512 1.561 1.339 1.445 1.344 1.550 1.638 1.798 2.187 2.834 3.782 5.710 7.987 10.975 17.217 16.201 19.778 17.103 21.554 19.623 20.084 20.512 17.812 20.381 19.113 17.335 19.068 13.308 13.324 12.960 12.978 10.950 12.586 11.738 14.278 12.389 11.524 11.476 11.923 11.689 14.085 15.966 17.610
4.162 2.998 2.560 2.587 2.554 2.797 2.897 3.142 3.288 3.756 3.932 3.310 3.171 3.028 3.596 3.853 3.855 4.130 3.761 3.120 3.594 3.278 3.335 3.186 2.914 2.545 2.586 2.282 1.709 1.835 2.172 2.006 2.368 2.143 2.643 2.741 2.305 2.049 1.748 1.544 1.560 1.306 0.973 0.972 0.991 0.834 0.563 0.000 0.667 1.392 1.808 1.920 1.661 2.124 2.316 2.874 3.074 3.407 3.804 4.554 5.704 7.292 9.324 11.909 17.075 15.946 19.714 17.207 20.239 19.186 18.083 21.651 15.430 18.910 17.666 17.016 16.119 14.038 12.107 12.277 9.864 12.046 11.823 11.980 13.193 12.552 12.022 11.274 11.963 11.450 13.813 15.818 17.744
4.930 3.732 3.239 3.465 3.330 3.804 3.881 3.735 4.142 4.215 4.322 3.590 3.171 3.195 3.689 3.715 3.271 3.791 3.407 3.223 3.695 3.858 3.818 3.353 3.314 2.799 2.950 2.378 1.881 1.755 2.313 2.277 2.615 2.577 3.167 3.360 2.939 3.018 2.919 2.332 2.306 2.182 1.977 1.544 1.397 1.235 1.082 0.571 0.000 1.027 1.592 1.675 1.520 1.923 2.459 2.719 3.121 3.537 4.130 4.916 6.131 8.048 9.809 11.816 16.385 15.794 16.980 15.793 17.705 16.782 17.271 22.058 15.968 19.266 17.501 19.425 17.289 14.783 14.327 13.748 12.595 12.835 13.027 13.270 13.750 13.482 12.719 12.499 12.922 12.690 14.757 16.477 18.084
5.959 4.792 4.295 4.742 4.711 5.504 5.490 5.238 5.056 5.147 5.051 4.134 3.363 3.670 4.408 4.012 3.942 4.793 4.739 4.396 5.074 5.636 5.716 5.023 4.436 3.647 3.388 2.909 2.217 2.243 2.881 2.395 2.887 2.856 3.719 3.925 3.107 3.692 4.132 3.557 2.633 2.709 2.928 2.177 1.661 1.842 1.874 1.265 0.856 0.000 0.638 1.181 1.671 2.348 2.882 3.493 4.049 4.703 5.642 6.527 7.952 9.741 11.531 14.514 16.683 17.043 18.978 16.723 19.886 16.789 17.927 21.869 15.769 18.445 14.853 16.215 19.168 13.897 14.326 13.680 14.243 12.608 12.759 13.862 13.554 14.144 12.919 12.693 13.570 12.924 15.422 17.229 19.356
6.034 4.677 4.108 4.135 3.801 4.457 4.176 3.838 3.641 3.856 3.559 2.919 2.427 2.551 2.946 2.855 2.555 2.948 2.882 2.909 3.663 4.113 4.363 3.945 3.737 3.183 3.345 2.884 2.192 2.009 2.761 2.740 3.321 3.206 3.853 4.415 3.931 4.030 3.775 3.538 3.320 2.940 2.861 2.439 2.115 1.879 1.952 1.561 1.195 0.572 0.000 0.650 1.171 1.655 2.099 2.845 3.170 3.882 4.276 5.093 6.124 7.626 9.411 12.231 17.721 17.094 17.014 16.143 19.771 15.337 16.301 20.148 14.525 20.052 16.742 16.409 17.637 12.803 11.899 13.427 13.873 13.003 13.638 14.407 14.888 15.151 12.753 12.629 12.896 12.615 14.716 16.511 18.396
4.716 3.085 2.639 2.631 2.542 2.985 2.942 2.639 2.861 2.991 2.755 2.209 1.911 1.914 2.392 2.264 2.103 2.403 2.203 2.063 2.556 2.887 2.931 2.356 2.261 1.900 1.857 1.611 1.289 1.280 1.759 1.867 2.078 2.133 2.449 2.936 2.726 3.017 2.832 2.814 2.569 2.182 2.229 2.153 1.769 1.544 1.768 1.694 1.221 0.973 0.548 0.000 0.566 0.872 1.096 1.563 1.878 2.260 2.824 3.429 4.543 6.552 8.365 10.739 16.811 16.620 18.169 17.082 20.048 21.636 15.665 16.414 16.652 16.880 14.739 14.350 16.888 11.221 10.610 13.089 13.848 11.985 12.294 13.604 14.812 14.945 12.908 12.215 12.576 12.246 14.222 16.500 18.105
3.883 2.275 1.893 1.862 1.777 2.126 2.157 1.836 2.100 2.316 2.252 1.796 1.519 1.467 1.748 1.740 1.563 1.744 1.587 1.461 1.727 1.954 1.894 1.600 1.517 1.282 1.265 1.064 0.909 0.966 1.330 1.386 1.505 1.603 1.838 2.079 1.982 2.221 2.114 2.100 1.871 1.611 1.653 1.605 1.397 1.165 1.340 1.335 1.043 1.025 0.786 0.522 0.000 0.522 0.697 0.957 1.170 1.427 1.863 2.537 3.613 5.334 7.404 10.997 16.370 16.691 15.524 17.885 18.180 22.926 18.673 18.484 14.947 17.662 15.491 14.059 18.073 10.444 12.268 9.503 10.103 11.500 12.150 12.082 12.759 12.621 11.763 11.870 12.202 12.050 14.009 15.882 17.814
3.145 1.820 1.387 1.390 1.337 1.695 1.779 1.563 1.888 2.067 2.025 1.702 1.475 1.304 1.566 1.585 1.415 1.543 1.364 1.243 1.414 1.603 1.476 1.233 1.064 0.919 0.892 0.756 0.657 0.690 1.006 0.989 1.086 1.101 1.319 1.520 1.491 1.709 1.733 1.763 1.512 1.304 1.399 1.406 1.186 1.100 1.333 1.299 1.053 1.186 1.045 0.786 0.503 0.000 0.509 0.681 0.863 1.098 1.503 2.279 3.389 5.473 7.298 11.185 17.046 16.943 18.576 22.366 17.095 19.822 14.646 15.103 11.813 19.307 17.212 10.669 17.360 11.214 11.717 13.223 11.411 11.057 11.304 11.914 13.226 13.315 11.858 11.619 11.969 12.099 13.833 15.950 17.481
3.074 1.715 1.280 1.295 1.269 1.465 1.523 1.431 1.735 1.898 1.961 1.614 1.398 1.226 1.461 1.531 1.417 1.437 1.290 1.087 1.265 1.324 1.309 1.095 0.946 0.723 0.752 0.633 0.652 0.739 1.053 0.940 0.950 1.047 1.206 1.293 1.334 1.351 1.438 1.452 1.322 1.150 1.235 1.287 1.095 1.001 1.222 1.292 1.131 1.309 1.201 0.958 0.668 0.501 0.000 0.508 0.652 0.924 1.355 2.119 3.082 5.086 8.799 11.183 17.627 18.474 19.694 22.620 22.158 18.443 19.101 18.525 16.155 19.993 16.415 15.151 15.310 14.300 10.193 12.058 10.126 10.400 11.330 12.260 13.528 13.410 11.949 11.815 12.363 12.273 14.145 16.143 17.979
3.217 1.845 1.315 1.387 1.248 1.602 1.686 1.691 1.984 2.232 2.250 1.908 1.705 1.461 1.732 1.787 1.527 1.595 1.291 1.167 1.355 1.477 1.341 1.038 0.856 0.649 0.684 0.662 0.705 0.907 1.123 1.047 1.033 1.055 1.223 1.399 1.416 1.596 1.573 1.630 1.518 1.248 1.358 1.429 1.208 1.151 1.395 1.492 1.297 1.598 1.567 1.292 0.928 0.705 0.507 0.000 0.521 0.733 1.189 2.051 3.160 5.732 9.230 11.529 20.188 17.611 19.438 19.582 16.768 19.087 16.727 16.902 18.896 19.178 18.461 17.395 15.274 15.816 11.982 13.096 11.701 12.256 11.235 12.481 15.108 13.333 12.542 12.056 11.866 11.930 13.665 15.802 17.583
3.053 1.811 1.416 1.377 1.391 1.770 1.913 2.102 2.333 2.663 2.735 2.320 2.015 1.765 2.024 2.153 1.884 1.976 1.500 1.214 1.484 1.589 1.385 0.956 0.805 0.832 0.816 0.875 0.974 1.124 1.365 1.339 1.281 1.289 1.414 1.709 1.733 1.899 1.899 2.002 1.859 1.527 1.755 1.855 1.545 1.507 1.805 1.836 1.544 1.877 1.859 1.448 1.174 0.909 0.693 0.524 0.000 0.514 0.952 1.762 2.887 4.687 7.406 9.454 18.908 19.276 22.211 22.072 20.033 17.982 18.963 19.704 19.932 19.652 18.704 17.379 15.987 13.676 15.092 11.031 12.895 10.546 11.550 11.709 15.237 14.054 12.118 12.432 12.616 11.950 13.789 15.851 17.557
4.237 2.212 1.683 1.727 1.812 2.324 2.635 2.491 3.105 3.450 3.504 2.978 2.790 2.319 2.863 2.969 2.579 2.685 2.016 1.660 1.615 1.885 1.660 1.080 0.827 0.862 0.969 1.214 1.366 1.619 1.854 1.785 1.661 1.669 1.726 2.049 2.202 2.427 2.358 2.459 2.382 1.981 2.133 2.250 1.967 1.906 2.259 2.318 2.093 2.529 2.500 2.322 1.789 1.634 1.140 0.954 0.547 0.000 0.577 1.422 2.625 5.298 7.973 9.930 19.605 15.760 19.106 19.355 20.392 19.845 21.070 21.339 21.494 20.697 20.038 19.444 16.730 16.378 12.641 14.368 11.987 12.456 12.000 12.426 15.510 14.806 12.208 12.505 12.636 12.609 14.522 16.300 17.673
6.066 4.309 3.796 3.587 3.742 4.770 5.000 4.910 6.149 6.559 7.412 6.665 6.369 5.244 5.587 6.139 5.380 4.964 3.665 3.512 2.642 3.056 2.796 1.702 2.062 2.575 2.423 2.759 3.658 4.022 3.958 4.163 3.324 3.764 3.644 4.520 5.223 5.794 6.015 6.196 5.562 4.930 5.934 5.970 5.245 5.327 6.445 6.347 5.781 6.784 7.244 6.211 5.153 3.995 2.939 2.239 1.597 0.628 0.000 1.013 2.393 4.899 6.727 10.173 16.142 16.309 21.003 20.089 23.709 22.652 23.291 23.456 21.687 21.071 19.473 19.593 20.333 16.557 17.245 14.927 14.250 13.230 13.786 15.116 16.204 16.767 14.648 13.938 14.002 13.447 15.374 17.436 19.164
11.086 9.359 8.080 6.790 6.182 8.745 9.773 9.164 11.313 12.046 12.882 11.263 9.201 8.415 10.013 10.630 8.955 9.020 6.984 4.588 5.474 6.616 5.228 3.729 4.424 5.143 7.269 7.865 6.574 7.810 10.440 10.844 10.786 9.645 10.299 12.084 12.347 13.436 12.609 13.447 12.777 10.396 11.107 11.952 10.416 8.766 10.647 11.269 9.373 10.475 10.125 8.968 7.551 6.782 4.938 5.348 3.533 2.695 0.936 0.000 1.842 4.516 6.931 9.753 15.853 16.759 19.621 19.542 23.152 22.476 23.020 23.639 21.292 21.410 20.300 20.450 21.363 17.294 17.415 16.239 16.271 14.170 15.104 16.542 17.764 18.409 17.336 17.369 17.433 17.458 18.510 19.250 20.830
10.692 8.813 8.870 8.101 10.048 12.362 16.066 16.997 19.877 21.264 21.640 20.426 20.028 18.319 20.243 20.408 19.090 18.638 15.162 13.489 10.729 10.899 7.192 6.461 5.959 8.972 11.410 13.084 14.530 17.139 16.525 15.805 14.327 12.443 12.093 12.434 12.656 13.084 12.164 14.777 14.252 12.656 14.249 15.657 15.394 15.556 17.648 18.344 17.965 20.102 20.222 19.307 18.373 16.731 14.815 12.562 8.968 6.588 4.067 1.284 0.000 1.788 5.843 7.975 14.243 15.112 19.571 20.549 23.164 22.921 24.115 23.844 24.484 24.592 23.841 23.340 23.036 21.678 20.209 19.234 16.959 15.380 15.065 15.857 16.555 17.665 16.736 16.182 16.960 17.099 18.916 20.302 21.490
15.370 15.731 15.354 13.239 13.936 14.289 16.841 17.966 21.044 21.980 22.563 21.992 22.324 20.402 20.881 22.216 21.629 19.703 17.520 14.846 12.351 12.171 9.641 10.433 11.528 15.835 18.070 21.329 21.413 21.379 20.900 20.769 21.020 19.901 18.912 19.568 19.768 19.056 18.775 20.110 20.439 19.851 19.561 21.043 20.427 20.559 20.884 22.063 21.297 22.632 21.988 22.323 22.975 22.239 19.986 18.279 13.940 10.931 6.563 4.186 2.164 0.000 1.130 3.686 5.505 8.324 11.643 14.087 17.274 18.661 20.754 21.095 22.270 22.927 22.584 21.531 20.291 20.276 19.235 18.918 17.016 16.590 16.116 16.904 17.453 18.222 18.342 18.045 18.143 18.239 19.100 20.042 21.615
17.755 17.206 18.244 16.249 17.902 15.817 18.215 18.569 21.583 22.290 23.458 22.547 22.988 21.019 21.416 22.892 22.540 20.938 19.206 17.951 16.919 14.128 13.110 14.551 14.673 18.470 19.460 22.610 23.407 23.169 22.939 23.082 23.490 20.623 21.256 21.837 21.791 21.254 20.232 22.560 22.844 20.063 21.292 23.559 21.873 22.139 23.522 24.157 22.683 24.380 23.914 25.256 24.260 26.061 21.876 21.204 18.128 12.445 7.965 5.422 3.692 1.041 0.000 1.168 2.767 5.192 7.450 10.089 12.191 13.789 15.825 16.214 17.758 18.968 19.092 18.405 16.519 17.273 16.728 16.596 15.538 15.269 15.520 15.233 16.156 17.023 17.310 17.379 18.061 17.839 18.425 19.331 20.697
16.631 16.787 17.300 15.898 16.072 15.933 17.050 17.842 18.768 20.475 21.541 20.201 21.655 19.597 20.224 21.429 21.009 19.028 17.610 17.882 15.601 14.815 13.607 15.757 15.821 17.595 17.907 19.319 21.803 24.136 23.088 22.981 22.830 20.047 19.433 20.884 20.746 20.304 20.320 20.289 21.968 20.390 19.823 21.632 21.486 22.059 21.203 23.326 23.036 23.271 23.561 23.749 25.400 21.446 19.264 18.945 19.229 14.257 8.961 5.460 4.182 3.137 0.760 0.000 0.854 2.078 3.143 4.622 5.901 7.917 9.028 9.893 11.019 11.889 12.431 11.559 11.219 12.332 12.353 11.819 12.379 12.758 13.925 12.692 13.709 13.533 14.446 15.093 15.520 15.686 17.097 18.348 19.832
16.358 16.373 17.361 15.513 16.462 14.573 15.800 16.661 17.688 19.445 19.806 19.308 21.673 17.525 19.304 20.850 18.556 19.874 20.531 19.716 17.255 13.958 13.081 17.052 16.196 18.834 19.496 20.355 20.097 21.514 23.016 22.850 21.852 19.066 19.040 19.944 19.993 19.115 16.970 18.254 20.300 17.657 17.292 21.806 20.635 21.033 21.547 22.238 23.369 22.638 23.385 24.701 22.517 21.224 20.695 21.277 22.217 15.715 8.911 6.684 4.910 3.404 1.944 0.645 0.000 0.672 1.127 1.785 2.211 2.741 3.554 4.042 4.814 5.489 5.740 4.929 4.658 6.416 6.983 6.669 7.034 7.893 8.679 8.718 8.420 9.354 10.203 11.124 11.441 12.084 14.413 16.713 18.085
14.698 15.219 16.183 15.254 14.506 13.495 14.478 13.665 17.091 18.059 19.867 18.565 19.415 16.496 16.826 19.291 19.768 18.909 18.769 17.732 16.467 13.306 13.274 16.627 16.039 18.590 20.524 20.359 19.381 19.539 20.530 22.607 20.350 17.328 17.702 20.895 20.023 19.615 18.119 19.142 19.916 17.861 18.956 21.677 20.590 20.256 21.360 23.038 22.299 23.054 24.061 21.212 21.677 22.353 23.616 20.173 22.920 12.333 9.948 7.633 6.401 3.809 2.144 1.166 0.560 0.000 0.558 0.904 1.286 1.622 2.027 2.218 3.097 3.921 4.003 3.155 2.643 3.230 3.796 4.380 4.300 6.380 7.167 7.306 7.460 7.941 9.623 10.176 11.237 11.912 14.442 16.510 18.187
14.428 15.636 19.376 16.897 16.634 14.323 14.868 14.928 17.200 17.005 18.933 18.056 16.761 15.637 17.585 19.226 19.056 18.462 16.697 18.092 16.018 13.994 13.874 15.540 15.177 18.633 19.549 18.459 23.199 23.077 22.569 22.486 20.140 18.805 16.845 19.205 19.855 17.266 17.653 17.623 20.318 17.809 17.676 21.775 19.793 18.523 21.431 22.568 22.122 20.642 21.458 20.830 23.912 23.247 26.195 21.354 21.251 14.920 11.232 8.363 5.908 4.338 3.088 1.754 0.961 0.537 0.000 0.533 0.756 0.999 1.381 1.670 2.253 2.865 3.016 2.114 1.637 1.779 1.979 2.362 2.298 3.403 5.520 5.558 5.988 6.324 7.646 8.732 9.834 11.390 13.801 16.114 18.057
13.897 15.314 17.772 15.965 16.234 12.989 14.096 17.181 15.750 17.501 19.103 17.498 19.295 18.893 18.497 19.990 18.557 15.572 18.699 19.950 15.536 14.385 13.409 15.855 15.971 18.348 18.167 20.708 21.379 23.347 20.839 22.222 21.479 18.062 17.379 19.222 19.529 17.677 15.062 16.586 19.792 15.392 17.214 22.452 19.390 16.687 23.309 22.695 20.295 21.136 21.841 23.099 19.939 17.695 23.907 19.722 21.864 14.291 10.874 7.654 5.840 4.207 2.854 1.644 1.137 0.716 0.510 0.000 0.521 0.680 0.967 1.169 1.710 2.323 2.471 1.737 1.470 1.509 1.897 1.917 2.032 3.470 4.405 4.727 5.698 7.171 7.648 8.681 9.644 11.030 13.515 15.667 17.550
13.562 16.248 19.323 16.872 17.619 13.237 13.870 16.155 14.400 16.200 16.293 14.665 19.474 17.083 15.791 18.164 15.444 19.048 15.499 16.796 13.964 13.772 12.397 14.611 17.321 18.762 17.539 18.516 22.528 21.108 21.000 19.911 20.294 17.692 18.665 17.111 18.090 16.709 16.961 16.881 19.064 18.195 18.114 21.596 17.212 17.624 19.655 20.798 22.800 21.438 21.974 22.799 27.051 19.594 21.954 16.993 19.929 14.401 10.470 7.568 5.596 4.624 3.327 1.998 1.344 0.982 0.738 0.508 0.000 0.516 0.739 1.030 1.508 2.170 2.265 1.492 1.267 1.266 1.477 1.698 1.793 2.303 3.789 3.992 4.585 5.288 6.733 8.023 9.393 11.237 13.324 15.442 17.203
13.823 16.487 17.544 16.445 16.946 13.440 13.618 15.993 13.877 14.306 16.193 14.520 16.795 17.680 16.421 16.010 17.725 16.117 15.143 14.519 15.211 13.883 13.644 15.422 15.746 19.864 18.277 19.595 20.406 21.588 21.078 20.849 21.881 18.309 19.223 18.216 18.066 15.954 17.168 15.819 19.260 15.370 15.705 19.861 17.815 17.509 18.662 20.283 18.308 21.082 17.858 22.125 25.665 21.238 21.545 20.778 20.301 15.953 12.248 8.091 6.309 5.007 3.567 2.187 1.603 1.238 0.913 0.729 0.508 0.000 0.527 0.856 1.399 2.032 2.192 1.598 1.208 1.518 1.743 1.834 1.989 3.095 3.531 4.133 5.025 7.331 8.155 9.200 10.199 11.379 13.626 15.488 17.280
13.848 15.706 17.006 16.342 16.853 12.764 13.887 15.039 13.902 16.587 17.866 17.253 16.261 17.659 17.766 17.899 14.656 17.929 18.067 17.246 15.779 13.743 12.953 14.755 15.916 17.769 19.255 21.109 20.573 22.688 22.497 21.447 20.757 19.724 18.996 18.302 19.395 17.728 18.283 17.943 19.742 18.422 17.299 21.170 19.269 17.677 18.353 20.354 21.967 21.808 21.909 22.709 24.469 22.657 22.453 17.557 20.376 14.545 11.667 8.563 6.604 5.254 4.366 3.238 2.472 1.918 1.529 1.156 0.911 0.549 0.000 0.555 1.068 1.856 2.121 1.431 1.376 1.604 1.945 2.461 2.524 3.431 4.302 4.996 5.240 6.587 7.863 9.086 10.039 11.507 13.848 15.749 17.299
16.088 17.511 18.509 17.249 17.483 14.479 15.604 15.802 16.398 17.181 19.063 17.848 17.862 15.877 17.643 20.726 19.739 18.630 19.865 17.983 17.541 16.181 14.205 16.933 16.601 19.041 20.893 21.412 24.371 23.083 24.963 24.211 22.810 20.957 20.418 19.897 20.732 19.023 20.175 19.173 21.718 19.203 18.459 21.342 22.661 19.393 20.195 23.938 21.729 19.003 21.655 22.223 23.939 21.875 22.162 21.456 19.567 16.091 14.250 11.720 10.228 8.188 6.503 4.909 3.705 2.991 2.306 1.821 1.357 0.967 0.562 0.000 0.652 1.401 1.851 1.530 1.419 2.320 3.022 3.214 3.985 5.641 6.477 7.375 8.708 10.388 10.050 11.342 11.680 12.990 14.854 16.522 17.816
16.628 17.439 17.775 14.977 16.359 13.596 15.201 16.255 18.066 17.888 18.316 16.402 17.696 19.640 18.249 17.410 19.419 17.261 18.639 17.617 15.708 15.015 14.652 15.820 16.013 20.215 19.536 21.965 22.983 23.679 23.833 23.054 22.197 21.195 19.787 19.964 20.246 18.948 18.958 18.464 20.464 20.035 18.725 20.951 22.348 20.779 20.865 21.715 21.948 24.259 21.058 21.301 23.241 22.113 21.097 21.268 20.668 16.276 14.963 13.965 13.247 12.318 10.548 8.588 6.477 5.927 4.161 3.677 2.622 2.048 1.516 0.798 0.000 0.759 1.362 1.842 2.162 3.645 4.168 5.282 5.975 7.447 8.927 9.757 9.826 11.457 11.942 12.875 13.229 14.014 16.194 18.237 19.888
16.637 16.994 17.718 16.613 15.890 14.140 15.285 16.103 15.460 18.596 18.360 17.529 20.817 18.787 19.122 20.461 20.053 18.932 18.833 17.519 16.058 15.195 15.424 16.109 16.426 19.323 19.352 21.348 23.326 23.428 22.087 21.129 21.003 20.741 20.090 20.180 19.294 18.925 18.753 20.169 19.516 20.222 19.216 20.906 21.031 20.908 21.716 22.471 22.133 21.242 23.346 23.343 24.523 24.984 22.050 20.875 20.439 17.222 15.601 15.291 14.613 13.892 12.343 10.564 8.956 7.921 6.368 5.662 4.174 3.277 2.280 1.524 0.632 0.000 0.845 1.720 2.633 3.424 4.297 5.241 6.258 7.600 9.942 11.173 11.492 12.301 12.725 14.005 14.023 14.777 16.884 18.251 19.721
15.554 16.329 17.110 15.591 14.684 12.760 13.535 16.155 14.630 16.476 17.525 15.227 17.075 16.990 17.219 19.608 18.985 17.435 17.542 16.939 15.787 14.795 15.017 15.481 16.267 18.143 18.533 20.226 21.101 23.377 22.084 21.421 21.248 20.041 18.878 20.100 19.874 19.446 18.165 18.408 19.512 18.649 17.197 20.005 21.293 19.353 20.601 22.114 22.969 24.650 24.232 23.457 24.079 23.402 20.225 19.274 19.336 16.593 15.245 14.402 14.101 13.522 11.971 10.868 9.551 9.071 8.279 7.371 6.162 4.637 3.636 2.486 1.508 0.708 0.000 1.040 2.113 3.337 3.876 4.579 5.201 6.654 8.584 9.845 10.146 11.173 10.933 11.857 12.617 13.616 15.463 17.160 18.778
14.590 14.952 15.468 14.051 14.624 11.934 13.566 14.889 12.893 17.296 18.360 14.253 18.592 12.542 19.220 20.917 20.332 16.690 16.899 16.118 14.149 14.011 12.571 14.818 13.800 18.024 17.778 20.339 19.278 19.467 22.337 20.937 18.844 19.447 17.560 17.063 18.144 16.776 17.475 17.712 19.194 17.851 16.752 18.758 19.314 16.516 18.269 20.569 20.370 20.415 20.746 20.909 19.248 20.703 20.193 19.792 19.048 13.735 12.003 11.253 10.599 8.776 8.043 5.580 5.079 3.901 3.693 3.356 2.884 2.704 2.350 1.787 2.073 1.864 1.094 0.000 0.692 1.725 2.756 3.982 4.689 6.388 6.859 7.815 8.439 9.572 10.153 11.313 12.054 13.054 15.055 16.455 17.957
12.878 13.858 15.447 13.924 14.079 12.487 12.151 13.455 10.575 16.580 17.379 12.352 18.333 21.712 15.681 16.341 15.062 16.254 15.239 13.380 12.101 12.670 12.332 13.312 12.781 16.509 16.017 15.738 17.709 19.537 20.976 20.037 18.271 16.505 16.967 16.618 16.049 16.947 15.021 15.722 16.344 15.390 16.429 17.954 20.059 16.596 18.053 20.229 17.124 19.803 18.467 14.834 17.761 15.542 20.470 13.784 16.002 14.951 11.799 9.237 8.203 6.916 5.383 3.968 3.274 3.000 2.447 2.649 1.990 2.120 1.551 1.462 1.869 1.913 1.472 0.549 0.000 0.545 0.843 1.513 1.942 2.519 3.025 3.466 4.460 5.800 6.852 8.505 9.273 11.099 12.989 14.793 16.839
12.228 13.907 15.827 14.599 12.683 11.395 9.840 12.380 12.063 13.426 17.677 9.991 15.794 14.592 14.516 15.551 15.846 15.259 13.036 13.639 10.643 11.149 11.439 12.636 14.545 15.540 16.321 17.447 14.934 20.702 17.885 18.087 16.481 16.115 15.552 15.379 14.815 15.416 13.359 15.093 15.687 13.520 13.978 17.094 15.593 14.057 16.812 17.611 16.709 18.644 19.992 16.688 20.319 14.649 19.042 16.628 17.034 13.312 10.996 7.895 6.917 6.516 5.178 4.501 3.954 3.836 3.003 3.491 2.971 2.716 2.010 1.864 2.122 2.342 2.271 1.018 0.579 0.000 0.576 1.065 1.669 2.147 2.890 3.827 4.306 5.761 6.630 7.670 8.655 10.431 12.618 14.740 16.300
12.817 13.828 15.665 13.832 21.183 11.775 15.837 17.230 12.457 15.617 21.612 13.451 18.365 16.358 15.737 20.832 15.597 16.835 16.578 20.734 13.650 13.204 11.499 13.626 12.681 18.627 14.344 14.185 17.639 18.339 19.996 18.171 17.766 14.567 15.469 16.257 14.802 15.896 13.596 14.204 16.824 14.931 17.063 16.942 16.057 19.469 18.638 19.002 18.744 19.140 20.308 20.576 20.390 14.601 17.772 13.052 16.149 12.154 9.534 7.839 6.090 5.437 3.985 2.942 2.972 2.295 2.368 2.750 1.862 2.348 1.658 1.543 1.881 2.221 2.084 1.304 0.892 0.536 0.000 0.511 0.717 0.980 1.224 1.610 1.999 2.868 3.934 6.527 7.975 10.439 12.612 14.505 16.163
11.353 11.507 16.339 12.580 15.476 14.963 13.855 18.110 15.021 16.957 17.895 17.483 16.881 16.939 18.370 18.678 16.237 17.300 14.495 16.001 11.912 11.685 10.316 12.558 13.273 14.929 14.843 17.127 15.499 19.259 16.829 18.500 16.877 14.133 16.082 12.534 12.539 15.122 12.366 15.401 14.894 14.761 15.973 17.129 13.431 15.890 17.133 18.318 17.140 16.513 18.223 19.148 18.024 17.082 19.131 16.476 16.078 14.019 10.495 8.441 7.058 5.644 4.315 3.206 3.021 2.624 2.460 2.380 2.015 2.068 1.803 1.640 2.102 2.515 2.260 1.430 1.295 0.769 0.508 0.000 0.506 0.727 1.140 1.373 1.683 2.898 4.094 6.731 8.531 10.482 12.977 14.731 16.635
13.783 13.102 15.031 16.630 17.284 9.329 12.889 14.735 18.329 16.648 18.244 18.743 19.476 17.911 18.892 20.169 19.266 17.879 18.061 17.682 13.115 14.596 11.873 13.441 13.424 17.363 14.088 14.887 19.681 20.972 20.559 20.573 18.534 14.975 15.337 14.812 15.237 14.635 17.367 14.888 16.577 14.322 16.186 17.611 17.655 18.642 21.840 21.257 21.112 21.012 21.694 21.861 22.971 19.776 20.912 14.311 17.761 11.420 10.385 7.132 6.250 4.973 3.903 3.099 2.965 3.059 2.727 2.775 2.561 2.314 2.107 1.871 2.152 2.540 2.348 1.545 1.496 1.070 0.748 0.514 0.000 0.510 0.804 1.414 1.584 2.537 3.868 6.265 7.703 9.973 12.565 13.907 15.266
11.340 10.125 16.479 14.772 16.034 8.916 10.220 13.844 13.978 13.747 13.431 13.640 15.375 14.460 16.653 14.344 14.944 15.142 14.220 14.631 12.600 11.169 9.937 11.721 13.002 17.466 15.070 16.736 16.477 19.092 17.977 17.364 17.025 14.839 13.286 13.705 13.978 14.815 13.026 14.974 14.649 13.245 13.620 15.244 15.935 15.943 16.849 19.002 18.197 17.947 17.938 18.193 17.874 17.157 17.772 15.898 15.862 12.268 10.335 8.642 7.604 6.748 5.692 4.636 4.463 4.105 4.143 3.456 3.482 2.446 2.940 2.407 2.780 3.108 2.794 2.016 1.774 1.477 1.140 0.823 0.525 0.000 0.571 1.411 1.793 2.871 3.836 6.425 8.221 9.805 12.283 14.015 15.830
10.470 12.746 14.808 12.228 12.973 8.890 11.868 14.927 13.745 12.541 14.892 15.710 14.654 18.257 16.622 15.795 17.666 15.683 14.820 16.649 13.864 12.921 11.114 12.859 13.407 16.326 13.480 16.303 17.243 19.919 19.307 19.442 16.827 13.370 12.870 12.691 10.511 11.556 15.939 14.132 14.787 11.600 14.411 15.978 16.940 15.900 17.441 19.448 20.696 18.160 18.132 19.247 21.011 18.526 18.799 16.517 15.255 13.084 12.612 10.636 9.616 8.471 7.259 6.719 7.187 7.167 6.895 7.549 6.518 6.925 6.354 5.980 5.519 5.764 5.095 4.176 4.199 3.375 3.257 1.967 1.604 0.671 0.000 0.851 1.574 2.903 4.144 6.530 8.422 9.749 12.181 13.716 15.455
11.131 13.748 12.658 12.868 12.731 10.168 11.957 14.199 12.586 14.688 15.990 15.519 16.171 15.770 15.847 16.362 18.118 15.845 16.161 15.658 14.612 12.557 11.156 12.348 14.473 16.023 15.427 15.448 20.554 19.729 20.267 18.645 17.366 15.050 16.163 12.214 15.670 14.715 13.376 13.747 16.052 16.137 15.830 18.325 18.781 18.214 17.668 20.862 20.345 20.417 19.945 21.030 22.168 21.585 20.343 16.172 16.656 13.220 12.800 11.446 10.293 9.643 8.717 7.547 7.298 7.459 6.759 7.126 6.682 7.404 7.264 7.130 6.970 7.750 7.138 6.227 5.451 4.927 3.816 3.334 2.443 1.413 0.790 0.000 0.635 1.866 3.416 5.481 7.142 9.209 11.184 12.608 14.491
12.521 13.115 12.339 13.471 14.504 12.375 12.056 13.758 12.569 14.522 16.171 14.915 15.342 15.392 15.348 17.020 16.894 16.536 15.300 16.202 13.543 12.560 11.082 13.328 14.314 16.248 15.967 17.091 17.575 19.336 20.424 18.490 17.632 16.114 14.689 13.627 23.253 18.249 9.536 15.287 14.381 15.866 16.386 18.027 17.992 17.238 17.905 20.149 19.925 19.659 19.411 20.113 20.848 20.810 18.543 16.996 17.652 13.726 12.096 11.598 11.608 11.351 9.940 9.223 8.812 8.659 8.163 8.366 7.778 7.133 7.594 7.310 6.875 7.584 7.269 6.616 5.565 5.075 4.686 4.399 2.660 2.260 1.504 0.585 0.000 0.970 2.371 4.706 6.418 8.831 11.415 13.224 15.199
11.919 13.222 13.360 13.835 13.603 13.561 14.516 15.602 15.827 17.477 19.243 17.579 17.329 17.177 17.301 19.077 18.402 18.591 16.914 16.688 14.612 14.143 12.979 13.308 14.946 16.455 15.971 17.524 18.514 18.342 18.948 18.529 18.028 16.189 15.960 13.966 14.430 16.154 13.095 14.646 17.519 15.332 16.095 18.348 17.398 18.524 19.656 20.627 19.761 19.875 19.305 19.852 20.808 19.663 18.535 17.443 17.564 14.382 13.750 13.857 14.403 14.419 13.472 13.414 13.636 14.085 14.397 14.284 15.371 15.417 16.435 15.043 16.416 16.312 15.785 14.650 13.561 12.669 12.401 11.059 8.246 6.675 4.384 2.591 0.776 0.000 1.469 4.034 5.498 7.193 10.040 11.580 13.598
12.372 12.613 14.304 15.210 16.467 15.163 17.307 18.965 19.680 21.505 22.811 22.447 22.046 20.809 21.475 22.446 22.508 21.983 21.072 20.383 19.065 17.012 16.581 18.135 17.207 18.712 18.693 19.879 20.734 21.299 21.684 20.216 19.877 17.497 16.572 15.890 13.863 11.787 11.140 14.364 16.135 16.231 16.835 18.676 18.451 20.241 21.347 21.919 21.774 23.540 23.642 23.681 23.132 23.679 21.693 21.085 20.024 19.828 18.769 18.966 19.709 20.656 20.294 20.919 20.602 21.031 21.329 20.972 21.872 21.587 22.362 21.086 21.947 21.328 21.011 19.825 19.630 19.229 17.529 14.168 12.314 9.297 6.335 4.275 2.748 1.038 0.000 1.254 3.455 5.021 7.378 9.713 11.712
12.589 13.180 14.491 15.524 17.758 16.264 18.956 20.406 21.751 23.159 24.309 23.705 23.548 22.418 22.739 24.230 23.604 23.252 22.562 21.464 19.973 18.511 17.282 19.135 18.140 19.467 19.606 21.032 21.285 22.361 22.390 21.101 20.608 17.528 18.027 16.140 13.954 13.334 13.349 15.554 16.763 16.332 17.549 20.697 20.273 21.457 22.836 23.076 22.983 24.604 24.674 24.638 23.580 23.412 21.973 21.430 20.492 20.103 19.744 20.104 20.711 21.855 21.468 22.345 22.428 22.804 23.452 22.822 23.757 23.110 24.299 23.044 23.890 23.801 22.903 22.110 21.559 21.422 19.152 16.949 13.227 10.932 7.601 5.868 5.138 3.127 0.992 0.000 1.871 4.543 6.104 8.183 10.182
13.579 14.898 16.516 17.468 18.963 17.668 20.529 23.146 24.395 25.979 26.727 26.366 26.527 25.436 25.780 26.851 26.734 25.908 25.532 24.164 22.678 20.756 19.119 21.142 20.063 20.790 21.266 22.928 23.141 24.803 24.887 23.129 22.370 19.740 19.235 17.940 16.405 14.635 14.697 17.285 19.163 18.817 19.630 22.148 22.611 22.683 24.027 25.233 25.032 26.212 26.767 26.940 25.537 25.777 24.273 24.001 22.760 22.520 22.479 22.393 23.216 24.620 24.216 25.016 25.254 25.811 26.396 26.084 27.246 26.563 27.523 26.987 27.410 27.353 26.580 25.785 25.440 24.998 22.653 20.857 17.308 13.140 9.680 8.029 6.395 4.947 3.834 1.223 0.001 1.518 4.037 6.277 8.588
14.376 15.974 17.425 16.922 19.907 17.476 21.094 23.577 24.981 25.996 27.135 26.673 26.874 25.722 26.174 27.282 26.958 26.610 26.219 24.553 23.616 21.134 18.864 21.469 20.797 22.117 23.196 24.720 24.972 26.068 26.523 25.139 24.701 22.032 21.561 20.167 19.523 17.127 15.734 19.192 21.127 20.193 20.613 23.292 23.975 24.293 25.114 26.070 26.137 27.124 27.732 27.525 26.992 26.749 25.582 25.437 23.938 24.083 23.487 22.842 24.251 25.523 25.418 26.116 26.578 26.834 27.454 27.021 27.859 27.473 27.985 27.570 27.761 27.723 26.955 26.545 26.202 25.720 23.544 20.962 17.869 13.058 10.707 10.928 10.532 9.222 5.819 3.944 1.458 0.000 2.001 4.645 6.573
14.829 15.994 16.428 16.923 18.984 16.770 20.597 23.967 25.449 26.539 27.579 27.009 27.178 26.005 26.693 27.705 27.489 26.783 26.361 24.877 23.548 20.568 18.052 21.394 19.873 21.625 23.055 24.738 24.743 26.285 26.479 25.002 24.426 21.493 21.085 19.977 19.736 17.655 15.365 19.287 21.301 19.662 20.664 23.252 23.792 24.041 25.147 26.324 26.087 27.234 27.809 27.821 26.514 26.846 25.796 25.517 24.364 23.846 23.586 22.712 24.409 25.667 25.682 26.371 26.719 26.961 27.544 27.245 28.015 27.378 28.155 27.480 27.991 28.066 27.345 26.580 26.014 25.588 22.665 19.776 16.321 12.562 10.593 10.795 12.196 10.332 7.328 5.942 4.301 1.771 0.000 1.814 4.432
16.037 17.351 17.709 17.057 19.217 16.969 20.308 23.477 24.979 26.196 27.346 26.859 27.263 25.869 26.483 27.495 27.129 26.429 25.914 24.528 22.908 20.079 17.757 20.841 19.787 21.817 23.145 24.705 24.871 26.441 26.625 25.207 24.466 22.190 21.415 20.749 21.003 19.662 17.965 20.758 22.496 21.141 21.777 24.253 24.503 24.309 25.613 26.903 26.503 27.388 27.814 27.659 26.483 26.620 25.587 25.341 23.923 23.264 22.863 21.882 23.452 25.272 25.172 26.144 26.371 26.746 27.379 26.942 27.721 27.008 28.080 27.721 27.997 28.144 27.493 26.564 26.006 24.983 22.785 20.142 17.433 13.516 12.500 13.701 14.633 13.579 10.933 8.295 6.417 3.802 1.496 0.001 1.565
16.893 17.923 18.657 17.831 19.661 17.346 21.081 24.174 25.966 26.785 27.837 27.602 27.817 26.506 27.266 28.065 27.649 27.063 26.157 24.990 23.629 20.547 18.015 21.419 20.257 22.567 23.867 25.330 25.550 26.990 27.045 25.911 25.248 23.323 21.958 21.570 22.082 21.386 19.634 22.754 23.926 22.571 23.668 25.854 25.367 25.584 26.833 27.810 27.473 28.192 28.351 28.333 27.248 27.301 25.890 25.812 24.176 23.671 23.243 22.581 24.192 25.745 25.949 26.600 26.726 27.031 27.725 27.390 28.087 27.765 28.424 28.091 28.285 28.540 27.878 27.185 26.742 25.406 23.867 20.793 18.715 15.295 14.141 15.062 15.903 15.392 12.871 10.075 8.025 6.010 4.295 1.515 0.002
