66.260
79.780
85.004
88.349
85.598
83.349
82.449
88.971
89.896
92.298
92.634
93.592
93.529
91.680
89.464
92.502
93.316
92.796
91.768
91.458
92.538
92.577
92.532
94.021
93.835
93.541
93.718
93.967
93.161
92.942
92.200
91.066
88.675
81.836
86.466
88.547
89.379
91.093
92.266
91.370
91.137
88.916
86.192
79.153
78.297
76.600
79.385
85.629
88.638
90.469
91.522
91.414
91.467
90.821
89.605
86.801
80.643
83.392
83.778
86.712
90.370
89.331
92.963
94.655
95.543
95.189
93.091
92.793
92.886
93.058
94.403
92.983
92.377
90.321
85.842
85.258
86.201
89.807
90.934
94.063
93.556
94.553
94.713
95.008
93.088
90.983
87.834
83.467
85.490
87.796
87.343
87.673
80.433
