80.422
88.814
91.501
93.638
94.182
94.947
94.700
94.459
91.871
88.500
88.753
93.670
95.977
95.806
96.286
96.101
96.010
95.134
94.490
94.844
95.116
95.516
94.244
92.302
90.060
86.950
86.178
90.041
90.547
93.143
92.968
94.812
93.314
94.395
93.942
94.877
94.987
95.367
94.325
93.161
94.704
94.780
95.132
95.027
94.432
93.372
92.590
92.411
92.667
91.043
90.944
89.279
91.763
92.645
94.819
94.329
94.987
95.540
94.210
92.472
94.597
95.064
95.351
93.792
94.046
95.961
96.216
96.163
96.294
96.377
96.688
96.562
96.303
96.235
96.571
95.080
93.922
94.111
92.461
93.758
94.573
94.995
94.767
95.217
93.246
92.696
90.475
84.266
72.899
64.000
59.138
53.161
57.144
