56.053
61.622
61.591
56.667
51.883
54.229
55.827
60.679
75.909
83.936
87.550
90.725
92.139
93.358
93.179
92.263
88.898
86.538
86.724
91.799
94.569
94.731
95.690
95.806
96.140
96.002
95.520
94.918
94.943
95.396
94.702
93.826
92.363
90.673
89.738
92.250
92.587
93.681
93.650
94.995
94.324
95.019
95.699
95.840
95.172
94.754
93.589
92.084
93.483
93.249
93.820
94.026
93.214
91.478
91.289
91.111
91.665
91.257
92.830
90.448
90.804
91.394
93.085
91.600
91.950
93.467
91.790
88.341
91.930
92.105
93.561
91.702
92.691
95.318
95.791
95.924
95.846
95.663
95.887
95.741
95.444
95.105
95.322
93.558
92.418
91.990
89.916
91.819
92.485
91.577
90.900
90.371
86.760
