0.001 1.030 2.157 3.323 4.816 6.319 7.319 8.757 9.556 10.470 10.652 9.792 8.552 8.761 8.968 8.598 8.498 9.032 8.801 8.451 8.149 9.243 9.304 8.579 9.440 8.956 8.615 8.392 7.812 7.697 7.291 7.234 7.285 7.842 8.943 8.763 9.182 9.220 9.553 9.658 9.436 8.141 7.504 7.827 7.903 6.285 6.411 4.947 5.306 5.950 7.491 6.210 5.208 4.639 5.164 4.994 4.964 6.604 6.455 7.375 7.443 7.038 7.316 6.641 7.654 7.922 8.867 9.788 9.749 9.115 8.672 9.460 9.508 8.616 8.982 9.651 9.315 8.401 9.109 8.714 7.560 6.631 5.344 4.516 3.443 3.131 2.702 3.414 5.302 6.815 9.160 10.648 12.452
0.639 0.000 0.593 1.043 1.491 1.998 2.694 3.030 3.742 4.369 4.545 3.647 2.967 3.570 3.303 3.814 3.508 4.227 4.224 4.457 4.662 5.050 4.969 4.935 4.753 4.636 4.872 4.852 4.595 4.352 3.534 3.159 3.131 3.129 3.936 4.164 3.845 4.476 5.035 4.741 4.314 3.558 3.380 4.064 3.972 3.232 3.343 2.618 2.604 3.102 3.487 3.254 2.533 2.342 1.995 2.045 2.047 1.823 1.828 2.586 2.762 2.965 3.176 3.256 3.920 4.453 4.275 4.462 4.353 3.955 3.478 3.544 3.451 3.025 2.752 3.041 2.939 2.365 2.520 2.405 2.143 1.730 1.432 1.263 1.144 1.229 1.463 2.152 3.126 4.206 6.563 8.366 10.282
1.223 0.547 0.000 0.528 0.781 1.013 1.429 1.674 2.050 2.357 2.468 1.951 1.609 1.841 1.768 2.027 1.899 2.187 2.217 2.181 2.466 2.761 2.807 2.669 2.622 2.814 3.119 2.848 2.495 2.239 1.899 1.734 1.798 1.737 2.135 2.215 1.979 2.256 2.425 2.342 2.007 1.646 1.486 1.855 1.787 1.472 1.689 1.319 1.371 1.740 2.053 2.032 1.570 1.466 1.223 1.250 1.227 1.237 1.281 1.553 1.637 1.557 1.586 1.747 2.043 2.087 2.294 2.365 2.331 2.176 1.866 2.021 1.994 1.743 1.628 1.927 1.943 1.684 1.917 1.768 1.510 1.179 0.901 0.805 0.788 0.990 1.260 1.776 2.700 3.820 6.137 7.905 9.832
1.376 0.759 0.507 0.000 0.509 0.632 0.879 1.059 1.389 1.748 1.769 1.402 1.119 1.332 1.325 1.445 1.474 1.718 1.786 1.839 2.025 2.194 2.267 2.135 2.096 2.240 2.413 2.289 1.885 1.822 1.534 1.403 1.382 1.362 1.561 1.551 1.452 1.594 1.781 1.720 1.473 1.186 1.056 1.328 1.340 1.082 1.200 1.035 0.989 1.253 1.489 1.483 1.185 1.185 1.061 1.020 1.015 0.943 1.041 1.363 1.313 1.323 1.319 1.459 1.671 1.724 1.879 1.830 1.871 1.732 1.484 1.567 1.600 1.353 1.238 1.415 1.459 1.225 1.257 1.086 0.881 0.733 0.636 0.620 0.671 0.852 1.072 1.484 2.310 3.500 5.782 7.599 9.462
1.532 0.972 0.674 0.499 0.000 0.499 0.629 0.831 1.123 1.506 1.545 1.144 0.950 1.123 1.193 1.417 1.404 1.654 1.763 1.761 1.904 2.072 2.122 2.061 2.039 2.245 2.514 2.359 1.994 1.829 1.594 1.390 1.453 1.348 1.551 1.538 1.338 1.453 1.579 1.481 1.242 0.971 0.966 1.171 1.176 0.982 1.126 1.041 1.034 1.331 1.491 1.581 1.331 1.269 1.083 1.117 1.018 0.892 0.903 1.178 1.198 1.228 1.276 1.449 1.685 1.593 1.746 1.700 1.655 1.537 1.339 1.377 1.364 1.180 1.065 1.176 1.221 0.999 1.029 0.882 0.669 0.599 0.598 0.692 0.856 1.021 1.257 1.663 2.420 3.569 5.844 7.750 9.550
1.679 1.131 0.828 0.624 0.498 0.000 0.503 0.689 0.972 1.357 1.412 1.043 0.812 1.029 1.081 1.254 1.355 1.618 1.747 1.767 1.956 2.072 2.108 2.049 2.030 2.182 2.399 2.286 1.933 1.819 1.572 1.383 1.408 1.253 1.427 1.377 1.224 1.337 1.464 1.404 1.167 0.852 0.868 1.078 1.131 0.959 1.136 1.079 1.040 1.264 1.417 1.524 1.274 1.294 1.088 1.152 1.022 0.889 0.941 1.224 1.234 1.293 1.312 1.505 1.710 1.701 1.759 1.653 1.664 1.558 1.354 1.315 1.323 1.165 1.024 1.159 1.189 0.974 0.976 0.795 0.627 0.584 0.602 0.709 0.901 1.068 1.329 1.682 2.501 3.643 5.995 7.941 9.661
2.016 1.475 1.199 0.910 0.701 0.504 0.000 0.507 0.750 1.181 1.338 0.986 0.895 1.144 1.336 1.585 1.758 2.088 2.273 2.352 2.572 2.708 2.735 2.699 2.617 2.860 3.140 2.971 2.662 2.475 2.172 1.949 1.934 1.658 1.883 1.785 1.486 1.529 1.695 1.556 1.228 0.914 1.026 1.252 1.257 1.150 1.338 1.318 1.341 1.647 1.875 2.003 1.741 1.767 1.499 1.633 1.431 1.279 1.265 1.572 1.610 1.787 1.778 2.057 2.223 2.249 2.334 2.181 2.106 2.039 1.756 1.706 1.712 1.452 1.271 1.315 1.351 1.143 0.992 0.722 0.673 0.783 0.929 1.077 1.301 1.445 1.745 2.118 2.838 3.918 6.021 7.820 9.810
2.613 2.021 1.648 1.369 1.032 0.751 0.513 0.000 0.532 0.917 1.163 0.937 0.906 1.289 1.465 1.758 2.082 2.476 2.631 2.818 3.223 3.299 3.120 3.183 3.033 3.213 3.667 3.700 3.263 3.122 2.809 2.430 2.418 2.013 2.270 2.096 1.824 1.788 1.975 1.763 1.345 1.095 1.325 1.603 1.524 1.459 1.808 1.783 1.877 2.222 2.373 2.607 2.405 2.414 2.055 2.315 1.946 1.691 1.620 2.005 2.144 2.452 2.322 2.785 2.993 2.868 2.858 2.457 2.412 2.469 2.171 1.992 2.101 1.970 1.541 1.489 1.633 1.361 1.146 0.810 0.836 1.023 1.265 1.485 1.817 2.032 2.555 2.763 3.519 4.536 6.598 8.452 10.379
3.562 3.160 2.394 2.079 1.644 1.288 0.968 0.661 0.000 0.600 0.970 1.042 1.243 1.737 2.088 2.629 3.097 3.551 3.951 4.006 4.427 4.582 4.509 4.552 4.390 4.850 5.204 5.268 4.632 4.280 3.800 3.363 3.318 3.079 3.397 3.428 2.597 2.570 2.877 2.569 1.888 1.408 1.987 2.374 2.383 2.340 3.020 2.855 2.694 3.360 3.538 4.018 3.314 3.322 2.886 3.004 2.532 2.232 2.151 2.827 2.912 3.248 3.145 3.635 3.975 4.015 3.970 3.714 3.446 3.428 2.965 2.962 2.883 2.539 2.144 2.117 2.353 1.987 1.819 1.300 1.348 1.413 1.736 2.036 2.394 2.792 3.475 3.986 4.585 5.798 7.654 9.282 10.759
5.362 4.850 3.969 3.304 2.703 2.016 1.550 1.079 0.571 0.000 0.665 1.270 1.793 2.072 2.703 3.357 4.014 4.603 5.136 5.463 5.902 6.076 6.035 5.892 5.771 6.393 6.956 7.031 6.541 5.959 5.426 4.813 4.761 4.217 4.419 4.046 3.509 3.028 3.338 2.829 2.321 1.829 2.540 3.098 2.753 2.774 3.668 3.835 3.679 4.554 4.634 5.319 4.813 4.846 4.329 4.733 4.260 3.631 3.610 4.387 4.481 4.968 4.744 5.313 5.633 5.450 5.291 4.868 4.460 4.559 4.128 3.706 3.872 3.703 2.956 2.843 3.162 2.822 2.626 1.923 2.120 2.441 3.078 3.283 4.270 4.473 5.146 5.569 6.271 7.202 8.603 10.059 11.685
5.377 4.953 4.572 3.690 3.543 2.566 2.260 1.591 1.098 0.603 0.000 0.743 1.320 1.843 2.105 2.329 2.733 3.207 3.650 3.852 4.348 4.377 4.243 4.173 4.147 4.635 4.944 5.109 4.613 4.267 3.889 3.474 3.366 3.059 3.290 3.091 2.809 2.572 2.956 2.834 2.234 2.111 2.514 2.940 3.024 3.058 3.690 3.895 3.380 3.941 3.738 4.183 3.847 3.925 3.438 4.073 3.899 3.342 3.800 4.613 4.176 4.395 3.861 4.222 4.381 4.137 4.024 3.496 3.599 3.713 3.215 2.879 3.326 3.249 2.441 2.591 3.269 2.844 2.916 2.446 2.883 2.676 3.422 3.268 4.225 4.046 4.712 5.065 5.484 6.475 7.994 9.576 11.113
2.816 2.197 1.973 1.665 1.617 1.173 1.328 1.026 1.106 0.978 0.653 0.000 0.542 1.065 1.344 1.920 2.384 2.991 3.380 3.547 4.013 4.230 3.939 3.867 3.743 3.894 4.517 4.560 3.953 3.919 3.346 2.803 2.744 2.212 2.574 2.219 1.755 1.717 2.018 1.920 1.352 1.094 1.214 1.713 1.756 1.698 1.942 1.938 1.821 2.224 2.502 2.802 2.548 2.572 2.178 2.518 2.373 2.028 2.117 2.707 2.862 3.066 2.989 3.249 3.676 3.693 3.643 3.322 3.305 3.321 2.701 2.462 2.715 2.453 1.838 1.856 2.272 1.878 1.843 1.553 1.590 1.482 1.689 1.715 2.064 2.273 2.628 2.888 3.661 4.763 6.678 8.583 10.096
2.185 1.758 1.595 1.255 1.185 0.964 0.982 0.866 0.963 1.135 0.967 0.513 0.000 0.510 0.611 0.915 1.138 1.452 1.701 1.805 2.080 2.193 2.150 2.141 2.062 2.209 2.596 2.539 2.179 2.018 1.733 1.437 1.366 1.055 1.199 1.012 0.801 0.905 1.065 1.114 0.840 0.753 0.706 0.849 1.096 1.186 1.227 1.275 1.082 1.225 1.243 1.454 1.376 1.414 1.286 1.534 1.459 1.254 1.398 1.781 1.607 1.697 1.574 1.815 2.014 1.871 1.837 1.642 1.703 1.660 1.403 1.257 1.398 1.304 1.034 1.129 1.287 1.121 1.168 1.087 1.127 1.048 1.204 1.154 1.428 1.423 1.666 1.945 2.714 3.821 5.947 7.818 9.502
2.415 1.992 1.846 1.517 1.465 1.107 1.140 0.914 1.168 1.343 1.224 0.682 0.511 0.000 0.513 0.724 1.106 1.382 1.776 2.012 2.245 2.300 2.225 2.183 1.940 2.167 2.458 2.542 2.264 2.147 1.878 1.555 1.323 0.961 0.947 0.775 0.648 0.759 1.004 1.131 0.858 0.835 0.775 0.896 1.110 1.198 1.257 1.344 1.076 1.121 1.043 1.299 1.397 1.449 1.440 1.784 1.717 1.471 1.591 1.977 1.860 2.052 1.876 2.170 2.296 2.139 2.037 1.872 1.847 1.854 1.649 1.393 1.581 1.538 1.200 1.210 1.446 1.294 1.259 1.149 1.297 1.169 1.498 1.387 1.637 1.644 1.795 2.008 2.682 3.762 5.841 7.660 9.526
1.885 1.496 1.380 1.145 1.161 0.975 1.070 1.006 1.169 1.393 1.276 0.846 0.610 0.501 0.000 0.493 0.597 0.747 0.946 1.094 1.332 1.350 1.309 1.273 1.209 1.462 1.654 1.588 1.387 1.265 1.093 0.916 0.827 0.636 0.639 0.599 0.598 0.674 0.934 0.993 0.767 0.779 0.697 0.774 0.947 0.996 1.071 1.084 0.891 1.001 0.865 1.003 0.990 1.009 0.948 1.157 1.196 1.098 1.297 1.575 1.439 1.361 1.179 1.331 1.394 1.320 1.251 1.100 1.221 1.263 1.051 1.018 1.198 1.103 0.977 1.093 1.343 1.226 1.333 1.260 1.239 1.060 1.183 1.041 1.180 1.143 1.279 1.578 2.389 3.539 5.596 7.592 9.450
2.188 1.807 1.754 1.558 1.586 1.428 1.499 1.408 1.475 1.724 1.542 1.157 0.963 0.659 0.497 0.000 0.494 0.600 0.800 0.951 1.141 1.240 1.191 1.153 1.091 1.422 1.660 1.456 1.252 1.094 1.000 0.798 0.712 0.611 0.613 0.668 0.660 0.782 1.024 1.119 0.933 1.046 0.905 0.958 1.169 1.254 1.302 1.338 1.106 1.106 0.957 1.060 1.087 1.015 1.060 1.315 1.504 1.448 1.749 1.943 1.719 1.617 1.302 1.358 1.315 1.279 1.161 0.988 1.211 1.315 1.067 1.071 1.398 1.376 1.215 1.369 1.706 1.666 1.826 1.699 1.748 1.549 1.613 1.386 1.515 1.334 1.461 1.718 2.527 3.664 5.876 7.689 9.430
1.858 1.535 1.439 1.278 1.334 1.238 1.368 1.298 1.449 1.628 1.472 1.137 0.975 0.797 0.611 0.505 0.000 0.495 0.603 0.824 1.018 1.085 1.017 0.947 0.926 1.212 1.463 1.306 1.056 0.984 0.866 0.679 0.615 0.580 0.613 0.730 0.760 0.910 1.146 1.247 1.047 1.084 0.935 1.041 1.234 1.204 1.289 1.214 1.001 1.019 0.892 0.930 0.914 0.858 0.866 1.086 1.196 1.180 1.423 1.651 1.399 1.337 1.130 1.176 1.207 1.116 1.031 0.855 1.026 1.091 0.913 0.913 1.141 1.171 1.020 1.163 1.420 1.400 1.555 1.506 1.494 1.305 1.348 1.143 1.222 1.093 1.221 1.518 2.349 3.539 5.667 7.537 9.327
2.116 1.721 1.648 1.493 1.583 1.489 1.594 1.547 1.718 1.839 1.692 1.374 1.137 1.008 0.822 0.637 0.496 0.000 0.497 0.680 0.848 0.966 0.863 0.838 0.841 1.157 1.373 1.209 1.011 0.843 0.805 0.639 0.638 0.643 0.690 0.815 0.917 1.080 1.329 1.464 1.271 1.328 1.135 1.252 1.449 1.447 1.489 1.408 1.150 1.160 1.001 1.019 1.022 0.980 1.002 1.212 1.337 1.356 1.616 1.794 1.560 1.442 1.175 1.186 1.125 1.052 0.962 0.849 1.091 1.196 1.043 1.072 1.359 1.303 1.232 1.399 1.674 1.601 1.817 1.759 1.734 1.544 1.584 1.320 1.399 1.256 1.433 1.678 2.420 3.585 5.655 7.735 9.301
2.526 2.250 2.264 2.146 2.321 2.320 2.423 2.322 2.508 2.647 2.321 1.963 1.780 1.693 1.345 1.019 0.818 0.527 0.000 0.512 0.661 0.861 0.923 0.933 1.024 1.362 1.556 1.342 1.139 0.884 0.933 0.802 0.889 1.023 0.947 1.101 1.375 1.552 1.779 2.117 1.954 2.172 1.864 1.889 2.222 2.324 2.196 2.135 1.774 1.674 1.315 1.290 1.445 1.200 1.229 1.450 1.629 1.686 2.016 2.168 1.745 1.538 1.233 1.191 1.018 0.920 0.833 0.809 1.114 1.166 1.070 1.232 1.505 1.513 1.565 1.797 2.040 2.047 2.365 2.514 2.452 2.115 2.142 1.863 1.858 1.751 1.865 2.140 2.768 3.976 6.266 8.064 9.660
2.461 2.254 2.208 2.107 2.236 2.196 2.422 2.251 2.518 2.658 2.408 2.036 1.831 1.737 1.442 1.214 0.988 0.685 0.542 0.000 0.504 0.682 0.779 0.865 0.973 1.296 1.499 1.288 1.060 0.842 0.901 0.851 0.916 1.111 1.104 1.359 1.537 1.781 2.033 2.262 2.097 2.111 1.841 1.992 2.277 2.259 2.164 2.079 1.687 1.689 1.421 1.347 1.383 1.199 1.196 1.412 1.620 1.702 2.051 2.127 1.760 1.588 1.212 1.204 1.009 0.918 0.764 0.780 1.040 1.146 1.060 1.203 1.484 1.536 1.561 1.743 1.965 2.033 2.339 2.444 2.399 2.098 2.116 1.826 1.791 1.639 1.705 2.041 2.695 3.779 6.091 7.996 9.507
2.311 2.016 1.858 1.808 1.867 1.872 2.072 1.998 2.253 2.512 2.332 1.925 1.714 1.729 1.501 1.379 1.080 0.950 0.704 0.501 0.000 0.522 0.783 0.890 1.067 1.354 1.420 1.196 1.054 0.840 0.891 0.862 1.043 1.218 1.375 1.573 1.750 1.930 2.246 2.331 2.101 1.960 1.814 2.051 2.172 2.062 2.121 1.973 1.725 1.804 1.635 1.509 1.443 1.221 1.098 1.227 1.337 1.332 1.606 1.717 1.455 1.328 0.988 1.066 0.881 0.717 0.657 0.801 0.997 1.021 0.940 1.131 1.329 1.307 1.327 1.528 1.730 1.664 1.974 2.064 1.977 1.733 1.702 1.500 1.519 1.503 1.661 2.023 2.756 3.933 6.083 7.917 9.611
2.881 2.809 2.674 2.789 2.952 3.012 3.384 3.252 3.585 3.947 3.488 3.132 2.759 2.738 2.449 2.096 1.788 1.396 1.048 0.690 0.535 0.000 0.571 1.005 1.334 1.656 1.717 1.433 1.361 0.994 1.187 1.309 1.651 1.939 2.042 2.517 2.918 3.087 3.399 3.760 3.428 3.185 2.989 3.323 3.690 3.282 3.445 3.237 2.861 2.940 2.600 2.318 2.200 1.790 1.707 1.638 1.802 1.930 2.359 2.322 1.953 1.604 1.364 1.208 1.054 0.972 0.832 1.056 1.445 1.526 1.486 1.894 2.106 2.064 2.085 2.462 2.666 2.754 3.270 3.419 3.199 2.773 2.622 2.342 2.201 2.218 2.252 2.765 3.357 4.463 6.656 8.175 9.803
3.541 3.499 3.562 3.747 3.858 3.928 4.162 4.124 4.280 4.690 4.254 3.827 3.334 3.206 2.666 2.102 1.788 1.193 0.935 0.901 0.815 0.564 0.000 0.542 0.819 1.195 1.522 1.360 1.324 1.156 1.332 1.523 1.347 1.785 1.666 2.176 2.701 3.086 3.346 3.866 3.747 3.641 3.341 3.392 3.750 3.672 3.458 3.309 2.861 2.524 2.047 1.794 2.043 1.919 2.155 2.369 2.816 3.012 3.348 3.443 3.031 2.593 2.141 1.931 1.624 1.499 1.135 1.257 1.627 1.832 2.046 2.251 2.530 2.685 2.817 3.335 3.495 3.549 4.138 4.291 4.222 3.857 3.612 3.239 3.104 2.782 2.628 2.828 3.261 4.432 6.443 8.135 9.842
3.232 3.091 3.220 3.273 3.436 3.416 3.698 3.589 3.781 3.855 3.572 3.220 2.926 2.901 2.301 2.064 1.583 1.181 0.904 0.935 0.949 0.784 0.514 0.000 0.538 0.986 1.265 1.198 1.145 1.039 1.263 1.383 1.336 1.738 1.674 2.138 2.480 2.829 3.136 3.532 3.443 3.373 3.000 3.169 3.547 3.390 3.306 3.021 2.639 2.311 1.985 1.735 1.891 1.724 1.986 2.116 2.538 2.597 3.014 3.104 2.729 2.472 1.933 1.881 1.609 1.549 1.235 1.281 1.594 1.843 1.781 2.073 2.279 2.417 2.504 2.796 3.029 3.216 3.480 3.767 3.717 3.324 3.323 2.851 2.705 2.426 2.353 2.587 3.017 4.106 6.161 8.098 9.642
3.464 3.430 3.557 3.609 3.870 3.643 4.216 3.962 4.127 4.434 3.982 3.510 3.295 3.090 2.562 2.109 1.814 1.316 0.993 1.122 1.169 1.247 0.962 0.561 0.000 0.677 1.180 1.169 1.032 0.997 1.225 1.372 1.387 1.754 1.632 2.255 2.647 3.127 3.415 3.842 3.555 3.583 3.355 3.416 3.811 3.764 3.503 3.266 2.855 2.604 2.135 1.815 2.002 1.899 2.061 2.340 2.805 2.919 3.450 3.823 3.129 2.752 2.236 2.005 1.716 1.826 1.541 1.596 2.264 2.235 2.163 2.513 2.915 2.849 2.845 3.453 3.667 3.568 4.191 4.333 4.282 3.689 3.575 3.219 3.063 2.636 2.581 2.895 3.105 4.156 6.090 7.907 9.536
4.101 4.013 4.098 4.169 4.342 4.165 4.546 4.057 4.437 4.404 3.878 3.463 3.485 3.339 2.861 2.248 1.852 1.445 1.281 1.598 1.860 1.928 1.547 1.072 0.595 0.000 0.554 1.026 1.243 1.508 1.601 1.749 1.606 2.294 2.145 2.596 3.066 3.322 4.004 4.412 3.905 3.973 3.723 4.064 4.585 4.444 4.434 4.093 3.537 3.382 2.775 2.396 2.674 2.249 2.658 2.814 3.323 3.470 3.916 4.271 3.651 3.264 2.640 2.529 2.294 2.312 2.238 1.863 2.381 2.702 2.401 2.484 2.976 3.221 3.057 3.334 3.826 3.803 4.440 4.468 4.557 4.061 4.129 3.710 3.644 3.196 3.120 3.426 3.543 4.492 6.423 8.257 9.832
4.707 4.818 5.194 5.388 5.617 5.901 6.265 6.184 6.369 6.391 6.210 5.778 5.337 5.108 4.318 3.763 3.114 2.549 2.302 2.574 2.130 2.730 2.254 1.389 1.375 0.718 0.000 0.662 1.250 1.795 2.304 2.641 2.579 2.859 2.931 3.286 3.929 4.396 4.789 5.724 5.646 5.333 5.253 4.999 5.673 5.542 5.439 5.030 4.405 3.906 3.121 2.906 3.104 2.882 3.324 3.762 4.222 4.790 4.978 5.341 4.850 4.246 3.471 3.197 2.831 2.961 3.285 3.604 4.125 3.976 3.876 4.500 4.949 4.763 5.041 5.637 5.648 5.953 6.131 6.268 6.399 5.989 5.374 4.863 4.360 4.098 3.560 3.960 4.140 5.180 6.900 8.664 10.176
3.423 3.485 3.206 3.654 3.859 4.177 4.728 4.612 5.165 5.384 4.939 4.488 4.195 4.167 3.645 3.199 2.598 2.144 1.539 1.472 1.411 1.702 1.607 1.262 1.349 1.019 0.578 0.000 0.586 0.849 1.095 1.659 2.036 2.697 2.821 3.556 4.026 4.505 5.169 5.473 5.048 4.709 4.282 4.851 5.164 4.801 4.870 4.361 3.754 3.703 3.303 2.687 2.699 2.075 2.166 1.954 2.246 2.680 2.988 2.843 2.484 2.117 1.934 1.539 1.499 1.816 2.011 2.183 2.661 2.540 2.349 2.939 3.220 2.850 3.127 3.837 3.801 3.723 4.289 4.548 4.256 3.788 3.322 3.069 2.603 2.737 2.600 3.180 3.627 4.655 6.575 8.350 9.997
2.576 2.315 2.341 2.339 2.467 2.523 2.729 2.644 2.907 3.122 2.920 2.473 2.311 2.348 1.997 1.782 1.423 1.222 0.912 0.909 0.988 1.236 1.168 0.876 1.068 1.033 0.778 0.543 0.000 0.503 0.657 0.930 1.160 1.474 1.592 2.081 2.291 2.605 2.975 3.145 2.886 2.700 2.498 2.769 2.951 2.810 2.826 2.479 2.222 2.116 1.917 1.605 1.568 1.274 1.301 1.436 1.672 1.742 2.075 2.106 1.788 1.586 1.246 1.186 1.122 1.189 1.198 1.277 1.443 1.447 1.274 1.534 1.643 1.672 1.787 1.969 2.138 2.195 2.447 2.536 2.558 2.299 2.219 1.984 1.931 1.753 1.854 2.204 2.797 3.868 5.917 7.918 9.575
2.396 2.073 1.987 1.928 1.952 1.997 2.125 2.094 2.447 2.684 2.553 2.108 1.869 2.021 1.763 1.627 1.267 1.170 0.861 0.806 0.873 1.107 1.132 0.926 1.128 1.148 1.034 0.736 0.494 0.000 0.522 0.670 0.966 1.332 1.520 1.902 2.052 2.350 2.648 2.715 2.369 2.148 2.063 2.435 2.495 2.268 2.557 2.198 1.900 1.989 1.815 1.529 1.491 1.071 1.032 1.168 1.324 1.399 1.637 1.788 1.522 1.389 1.043 1.051 0.994 1.022 1.063 1.102 1.367 1.273 1.087 1.372 1.550 1.417 1.477 1.669 1.825 1.745 2.111 2.111 2.006 1.763 1.745 1.538 1.545 1.483 1.532 2.005 2.654 3.720 5.990 7.907 9.481
2.076 1.753 1.627 1.542 1.642 1.557 1.708 1.651 1.867 2.032 1.917 1.554 1.308 1.316 1.113 0.986 0.757 0.752 0.644 0.703 0.866 1.061 1.031 0.880 1.029 1.136 1.144 0.897 0.602 0.501 0.000 0.494 0.631 0.823 0.989 1.194 1.338 1.475 1.789 1.895 1.656 1.625 1.423 1.697 1.833 1.802 1.860 1.689 1.394 1.417 1.273 1.151 1.061 0.835 0.749 0.977 1.123 1.183 1.447 1.624 1.389 1.242 0.946 0.971 0.942 0.941 0.979 0.939 1.160 1.150 0.971 1.075 1.302 1.235 1.165 1.357 1.585 1.489 1.750 1.705 1.698 1.455 1.432 1.230 1.271 1.152 1.318 1.736 2.418 3.597 5.840 7.859 9.434
1.678 1.251 1.141 1.068 1.156 1.171 1.330 1.330 1.596 1.813 1.646 1.310 1.036 1.039 0.829 0.749 0.594 0.583 0.559 0.612 0.780 0.917 0.881 0.833 0.886 1.082 1.280 1.126 0.790 0.614 0.497 0.000 0.497 0.552 0.718 0.837 0.911 1.121 1.272 1.466 1.258 1.198 1.028 1.143 1.311 1.228 1.248 1.135 0.921 0.939 0.830 0.817 0.691 0.595 0.583 0.718 0.828 0.877 1.076 1.227 1.042 0.923 0.727 0.810 0.833 0.811 0.781 0.747 0.894 0.880 0.737 0.856 0.997 0.951 0.907 1.112 1.305 1.201 1.398 1.414 1.304 1.124 1.072 0.900 0.906 0.817 0.933 1.320 2.148 3.355 5.669 7.604 9.096
1.628 1.281 1.158 1.104 1.213 1.191 1.334 1.327 1.528 1.719 1.608 1.261 1.015 0.925 0.718 0.644 0.563 0.567 0.591 0.674 0.839 0.975 0.962 0.897 0.899 1.176 1.363 1.182 0.909 0.740 0.574 0.492 0.000 0.491 0.554 0.675 0.752 0.934 1.104 1.267 1.123 1.124 0.940 1.001 1.188 1.143 1.109 1.022 0.836 0.818 0.680 0.676 0.613 0.583 0.628 0.794 0.912 0.976 1.192 1.309 1.132 1.006 0.851 0.878 0.902 0.859 0.865 0.806 0.966 0.959 0.830 0.909 1.075 1.041 1.018 1.158 1.357 1.276 1.477 1.430 1.393 1.192 1.153 0.968 0.965 0.845 0.925 1.241 2.179 3.360 5.789 7.865 9.656
1.641 1.261 1.206 1.094 1.211 1.158 1.297 1.258 1.436 1.641 1.469 1.144 0.905 0.814 0.626 0.564 0.544 0.590 0.721 0.862 1.056 1.173 1.165 1.084 0.991 1.223 1.508 1.369 1.070 0.958 0.741 0.562 0.490 0.000 0.493 0.540 0.653 0.848 1.051 1.224 1.042 1.065 0.880 0.989 1.181 1.133 1.095 0.981 0.799 0.699 0.580 0.625 0.598 0.603 0.646 0.830 0.935 0.966 1.183 1.343 1.164 1.057 0.926 0.984 1.081 1.038 1.036 0.925 1.055 1.071 0.896 0.911 1.111 1.055 0.958 1.129 1.297 1.262 1.408 1.376 1.354 1.131 1.152 0.935 0.946 0.860 0.929 1.230 2.111 3.312 5.557 7.719 9.476
1.851 1.489 1.439 1.388 1.476 1.497 1.713 1.616 1.883 2.091 1.872 1.504 1.207 1.066 0.744 0.603 0.621 0.757 0.984 1.190 1.426 1.609 1.520 1.436 1.224 1.517 1.883 1.767 1.448 1.265 1.007 0.769 0.599 0.495 0.000 0.505 0.777 1.020 1.273 1.547 1.398 1.448 1.209 1.356 1.631 1.527 1.539 1.307 1.024 0.961 0.683 0.789 0.802 0.812 0.831 1.052 1.080 1.160 1.337 1.515 1.354 1.267 1.115 1.188 1.332 1.312 1.368 1.245 1.404 1.334 1.106 1.194 1.390 1.248 1.172 1.407 1.593 1.491 1.735 1.762 1.678 1.398 1.325 1.135 1.129 1.051 1.212 1.496 2.380 3.435 5.670 7.835 9.287
2.439 2.043 2.009 1.713 1.751 1.502 1.581 1.543 1.607 1.853 1.705 1.325 1.098 0.801 0.673 0.669 0.799 0.860 1.123 1.420 1.644 1.704 1.551 1.372 1.226 1.483 1.744 1.660 1.492 1.476 1.336 1.114 0.849 0.635 0.506 0.000 0.496 0.679 0.890 1.112 0.923 1.041 0.897 0.856 1.073 1.203 1.213 1.307 1.070 1.010 0.763 0.999 1.117 1.209 1.339 1.710 1.882 1.745 2.047 2.412 2.183 2.121 1.739 1.836 1.829 1.837 1.691 1.487 1.740 1.879 1.585 1.530 1.896 1.861 1.574 1.785 2.108 2.024 2.137 1.910 1.933 1.775 1.917 1.675 1.815 1.573 1.691 1.812 2.511 3.688 5.813 7.680 9.540
1.932 1.544 1.413 1.186 1.228 1.058 1.220 1.149 1.317 1.535 1.380 1.041 0.817 0.636 0.561 0.667 0.843 1.029 1.253 1.442 1.687 1.754 1.662 1.553 1.414 1.639 1.938 1.879 1.616 1.541 1.315 1.086 0.912 0.700 0.658 0.496 0.000 0.499 0.622 0.832 0.718 0.791 0.667 0.639 0.869 0.912 0.919 0.952 0.802 0.866 0.728 0.950 0.963 1.065 1.072 1.309 1.391 1.257 1.445 1.702 1.634 1.595 1.413 1.536 1.701 1.588 1.673 1.442 1.553 1.623 1.360 1.307 1.542 1.420 1.206 1.345 1.595 1.445 1.541 1.384 1.347 1.227 1.285 1.153 1.279 1.183 1.367 1.514 2.344 3.457 5.618 7.562 9.373
2.131 1.772 1.648 1.412 1.436 1.238 1.403 1.279 1.441 1.644 1.518 1.116 0.871 0.661 0.641 0.869 1.063 1.305 1.501 1.712 1.927 1.999 1.957 1.816 1.730 1.943 2.254 2.210 1.871 1.773 1.528 1.304 1.117 0.879 0.926 0.691 0.503 0.000 0.499 0.610 0.639 0.800 0.741 0.700 0.885 1.030 1.097 1.128 0.970 1.032 0.981 1.202 1.170 1.240 1.285 1.479 1.570 1.516 1.668 1.964 1.876 1.771 1.640 1.731 1.853 1.859 1.880 1.668 1.868 1.859 1.585 1.550 1.782 1.667 1.433 1.563 1.817 1.733 1.843 1.621 1.596 1.469 1.508 1.391 1.483 1.412 1.550 1.726 2.463 3.665 5.811 7.759 9.605
2.861 2.460 2.312 1.920 1.928 1.612 1.685 1.605 1.697 1.919 1.737 1.454 1.208 0.879 0.905 1.093 1.422 1.622 1.963 2.256 2.541 2.568 2.414 2.318 2.178 2.351 2.722 2.858 2.466 2.399 2.133 1.850 1.675 1.262 1.226 0.932 0.723 0.496 0.000 0.541 0.673 0.940 0.957 0.772 0.996 1.255 1.303 1.554 1.340 1.454 1.360 1.699 1.680 1.879 1.834 2.219 2.277 2.083 2.325 2.754 2.582 2.603 2.306 2.486 2.622 2.529 2.468 2.130 2.305 2.403 2.105 1.941 2.276 2.260 1.936 2.046 2.366 2.217 2.326 2.022 2.033 1.983 2.072 1.970 2.175 2.055 2.282 2.388 3.088 4.154 6.081 7.949 9.733
3.375 2.848 2.603 2.140 2.008 1.570 1.512 1.413 1.444 1.732 1.667 1.373 1.243 1.009 1.318 1.600 2.013 2.430 2.816 3.212 3.528 3.576 3.443 3.260 3.007 3.184 3.678 3.898 3.495 3.385 2.995 2.640 2.372 1.855 1.740 1.392 1.038 0.694 0.534 0.000 0.562 0.769 1.040 0.883 1.033 1.337 1.524 1.721 1.691 1.755 1.691 2.159 2.240 2.472 2.473 2.809 2.717 2.444 2.463 2.986 2.903 3.154 3.057 3.235 3.460 3.363 3.287 2.936 2.975 2.988 2.731 2.433 2.540 2.514 2.111 2.145 2.336 2.224 2.067 1.745 1.909 1.901 2.187 2.287 2.582 2.596 2.849 2.815 3.399 4.404 6.378 8.140 9.851
2.380 1.828 1.575 1.299 1.181 0.941 1.032 1.074 1.188 1.575 1.480 1.096 0.818 0.788 0.912 1.215 1.516 1.810 2.110 2.300 2.427 2.585 2.561 2.427 2.349 2.536 2.896 2.923 2.555 2.411 2.177 1.835 1.661 1.387 1.404 1.181 0.892 0.752 0.620 0.530 0.000 0.497 0.586 0.652 0.694 0.755 1.061 1.186 1.160 1.341 1.475 1.754 1.602 1.762 1.610 1.853 1.732 1.510 1.555 1.892 1.907 2.047 2.050 2.235 2.394 2.341 2.329 2.133 2.201 2.150 1.919 1.770 1.945 1.785 1.503 1.602 1.794 1.600 1.596 1.366 1.284 1.225 1.302 1.378 1.601 1.671 1.955 2.150 2.938 4.009 6.027 8.009 9.616
1.906 1.408 1.291 1.017 1.037 0.838 0.971 0.963 1.100 1.367 1.299 0.986 0.690 0.664 0.771 1.015 1.220 1.451 1.688 1.826 2.026 2.126 2.078 2.046 1.921 2.123 2.434 2.403 2.091 1.940 1.705 1.459 1.292 1.115 1.149 1.020 0.789 0.767 0.778 0.680 0.492 0.000 0.488 0.533 0.571 0.571 0.690 0.786 0.805 1.014 1.142 1.326 1.243 1.334 1.282 1.436 1.429 1.330 1.452 1.739 1.697 1.716 1.640 1.771 1.955 1.890 1.919 1.724 1.765 1.802 1.506 1.444 1.616 1.502 1.259 1.343 1.553 1.426 1.478 1.287 1.221 1.122 1.186 1.133 1.298 1.293 1.443 1.661 2.488 3.575 5.615 7.587 9.349
1.907 1.445 1.353 1.042 1.048 0.863 0.958 0.918 1.042 1.364 1.333 0.893 0.660 0.641 0.708 0.923 1.055 1.311 1.515 1.685 1.864 1.923 1.921 1.849 1.790 1.963 2.225 2.183 1.871 1.768 1.519 1.309 1.208 0.946 1.042 0.870 0.655 0.726 0.756 0.738 0.539 0.487 0.000 0.489 0.537 0.575 0.601 0.752 0.762 0.898 0.992 1.196 1.125 1.233 1.154 1.392 1.367 1.218 1.361 1.689 1.557 1.648 1.518 1.662 1.816 1.724 1.728 1.576 1.624 1.627 1.380 1.303 1.437 1.352 1.111 1.236 1.408 1.260 1.285 1.173 1.137 1.045 1.158 1.100 1.282 1.205 1.384 1.582 2.423 3.543 5.547 7.579 9.374
1.967 1.461 1.329 1.067 1.080 0.913 1.038 1.011 1.195 1.469 1.363 0.980 0.705 0.649 0.697 0.905 1.023 1.272 1.445 1.538 1.764 1.823 1.800 1.794 1.725 1.890 2.158 2.140 1.813 1.704 1.507 1.278 1.171 0.970 1.022 0.884 0.656 0.699 0.685 0.704 0.551 0.524 0.487 0.000 0.491 0.543 0.634 0.785 0.786 0.962 1.028 1.219 1.109 1.231 1.173 1.355 1.377 1.239 1.350 1.628 1.568 1.587 1.463 1.622 1.754 1.626 1.641 1.445 1.539 1.557 1.334 1.280 1.458 1.355 1.153 1.272 1.462 1.291 1.350 1.240 1.189 1.075 1.166 1.104 1.269 1.240 1.432 1.606 2.396 3.554 5.625 7.537 9.390
2.205 1.720 1.574 1.234 1.202 1.016 1.189 1.186 1.293 1.598 1.482 1.172 0.868 0.793 0.856 1.052 1.294 1.544 1.872 2.023 2.304 2.320 2.193 2.187 2.037 2.245 2.620 2.612 2.308 2.229 1.977 1.720 1.534 1.225 1.202 1.010 0.798 0.800 0.829 0.795 0.617 0.589 0.548 0.491 0.000 0.505 0.626 0.843 0.938 1.157 1.237 1.480 1.484 1.676 1.533 1.805 1.811 1.598 1.713 2.052 1.997 2.111 1.922 2.154 2.336 2.145 2.127 1.829 1.904 2.018 1.779 1.565 1.829 1.783 1.470 1.545 1.842 1.657 1.684 1.498 1.434 1.318 1.427 1.406 1.640 1.578 1.814 1.963 2.704 3.783 5.960 7.750 9.703
1.882 1.395 1.294 0.982 1.072 0.960 1.149 1.157 1.320 1.618 1.608 1.261 0.987 0.889 1.045 1.184 1.372 1.629 1.860 1.957 2.161 2.228 2.228 2.157 2.091 2.264 2.600 2.495 2.183 2.018 1.828 1.569 1.424 1.214 1.252 1.144 0.958 0.955 0.956 0.924 0.699 0.623 0.584 0.567 0.500 0.000 0.546 0.627 0.775 1.056 1.186 1.340 1.256 1.381 1.347 1.541 1.514 1.400 1.513 1.871 1.826 1.860 1.772 1.891 2.076 2.046 2.047 1.910 1.951 1.921 1.734 1.618 1.797 1.678 1.454 1.538 1.739 1.576 1.633 1.416 1.296 1.227 1.217 1.206 1.298 1.335 1.490 1.711 2.490 3.631 5.865 7.810 9.912
2.102 1.563 1.582 1.252 1.376 1.211 1.317 1.431 1.513 1.807 1.895 1.522 1.310 1.261 1.437 1.680 1.964 2.246 2.466 2.743 2.962 3.119 2.927 2.795 2.600 2.616 3.038 3.138 2.660 2.685 2.367 2.116 1.920 1.604 1.733 1.542 1.226 1.333 1.289 1.192 1.031 0.844 0.752 0.711 0.640 0.529 0.000 0.535 0.687 1.082 1.389 1.575 1.440 1.752 1.815 2.075 2.101 1.918 2.050 2.555 2.522 2.585 2.486 2.498 2.858 2.879 2.920 2.743 2.804 2.855 2.429 2.326 2.525 2.387 2.028 2.143 2.381 2.099 2.082 1.704 1.677 1.624 1.719 1.643 1.753 1.611 1.702 1.779 2.538 3.562 5.717 7.693 9.441
1.654 1.244 1.178 0.897 1.158 1.139 1.337 1.433 1.685 2.007 1.904 1.582 1.248 1.217 1.164 1.337 1.379 1.507 1.638 1.800 1.960 2.177 2.088 1.916 1.798 1.916 2.194 2.150 1.759 1.700 1.433 1.362 1.205 1.031 1.236 1.215 1.016 1.206 1.253 1.223 1.135 1.006 0.757 0.766 0.788 0.576 0.508 0.000 0.521 0.746 1.017 1.093 0.894 1.045 1.121 1.261 1.374 1.381 1.562 1.798 1.758 1.688 1.565 1.550 1.781 1.879 1.972 1.845 1.982 1.938 1.669 1.759 1.912 1.748 1.562 1.824 1.956 1.725 1.888 1.717 1.532 1.362 1.325 1.156 1.123 1.029 1.150 1.419 2.275 3.488 5.860 7.780 9.708
1.682 1.293 1.176 0.955 1.070 1.072 1.262 1.323 1.531 1.875 1.748 1.386 1.062 0.984 0.863 1.024 1.070 1.273 1.409 1.549 1.738 1.899 1.817 1.681 1.605 1.711 1.971 1.941 1.658 1.577 1.334 1.167 0.985 0.796 0.943 0.913 0.788 1.043 1.165 1.245 1.081 0.976 0.752 0.825 0.933 0.692 0.640 0.502 0.000 0.505 0.644 0.844 0.721 0.942 0.987 1.178 1.255 1.240 1.426 1.659 1.552 1.516 1.416 1.483 1.674 1.676 1.731 1.591 1.728 1.731 1.417 1.455 1.679 1.491 1.316 1.524 1.695 1.497 1.657 1.545 1.387 1.217 1.166 1.036 1.075 0.994 1.129 1.313 2.171 3.342 5.530 7.513 9.320
1.801 1.427 1.307 1.144 1.271 1.406 1.610 1.803 2.033 2.325 2.244 1.910 1.503 1.403 1.164 1.186 1.203 1.252 1.413 1.774 2.014 2.108 1.905 1.743 1.515 1.669 1.980 2.076 1.757 1.749 1.484 1.268 0.936 0.742 0.802 0.892 0.966 1.345 1.516 1.717 1.557 1.414 1.098 1.152 1.322 1.069 0.899 0.698 0.509 0.000 0.495 0.686 0.667 0.989 1.169 1.420 1.545 1.544 1.746 2.055 2.014 1.938 1.774 1.838 2.011 2.017 2.082 1.858 2.070 2.173 1.764 1.848 2.122 2.002 1.762 2.077 2.267 2.002 2.195 2.004 1.745 1.595 1.437 1.290 1.306 1.100 1.202 1.293 2.252 3.351 5.476 7.499 9.365
1.881 1.526 1.488 1.368 1.513 1.566 1.741 1.731 1.917 2.125 1.996 1.627 1.359 1.228 0.984 0.947 0.955 1.029 1.212 1.427 1.645 1.733 1.653 1.522 1.366 1.570 1.852 1.784 1.489 1.453 1.220 1.031 0.822 0.652 0.685 0.763 0.839 1.121 1.305 1.546 1.414 1.398 1.102 1.136 1.352 1.250 1.124 0.960 0.697 0.504 0.000 0.541 0.607 0.844 1.016 1.273 1.434 1.427 1.677 1.906 1.812 1.737 1.473 1.558 1.651 1.699 1.686 1.497 1.660 1.763 1.460 1.492 1.781 1.716 1.550 1.753 1.939 1.836 1.962 1.902 1.782 1.589 1.569 1.321 1.296 1.095 1.158 1.369 2.179 3.267 5.486 7.621 9.280
1.874 1.670 1.796 1.789 2.112 2.102 2.506 2.399 2.656 2.820 2.531 2.254 1.906 1.655 1.302 1.252 1.287 1.425 1.595 1.931 2.163 2.381 2.294 2.093 1.841 1.982 2.304 2.215 1.790 1.786 1.381 1.253 0.909 0.739 0.804 0.869 1.026 1.336 1.537 1.899 1.796 1.931 1.552 1.535 1.915 1.825 1.671 1.443 1.016 0.766 0.533 0.000 0.535 0.731 1.049 1.312 1.719 1.937 2.196 2.439 2.268 2.000 1.865 1.605 1.888 2.167 2.279 2.174 2.435 2.507 2.069 2.168 2.547 2.419 2.185 2.502 2.828 2.573 2.907 2.808 2.655 2.252 2.095 1.691 1.518 1.110 1.017 1.292 2.159 3.563 5.982 7.999 9.401
1.655 1.339 1.369 1.279 1.452 1.510 1.761 1.834 2.136 2.399 2.144 1.762 1.470 1.322 1.093 1.041 0.992 1.033 1.088 1.221 1.418 1.610 1.603 1.512 1.352 1.578 1.840 1.705 1.373 1.252 0.939 0.798 0.644 0.692 0.825 0.929 1.009 1.279 1.462 1.731 1.571 1.497 1.254 1.297 1.530 1.362 1.284 1.110 0.821 0.675 0.631 0.510 0.000 0.509 0.652 0.864 1.109 1.258 1.503 1.604 1.544 1.246 1.115 1.076 1.263 1.297 1.403 1.401 1.507 1.479 1.304 1.412 1.593 1.507 1.454 1.712 1.852 1.784 1.998 2.010 1.875 1.570 1.457 1.129 1.067 0.851 0.873 1.177 2.118 3.311 5.566 7.579 9.183
1.633 1.335 1.307 1.286 1.487 1.578 1.901 1.931 2.264 2.506 2.379 1.912 1.622 1.653 1.361 1.301 1.080 1.170 1.199 1.314 1.619 1.778 1.781 1.692 1.447 1.614 1.940 1.923 1.463 1.383 0.978 0.828 0.721 0.804 1.036 1.255 1.359 1.712 1.926 2.162 1.895 1.839 1.516 1.733 1.924 1.737 1.713 1.396 1.057 0.925 0.882 0.725 0.520 0.000 0.513 0.667 0.806 0.950 1.194 1.317 1.176 1.062 0.940 1.066 1.348 1.373 1.502 1.435 1.567 1.443 1.165 1.382 1.526 1.291 1.313 1.606 1.670 1.554 1.823 1.922 1.780 1.437 1.258 0.981 0.884 0.715 0.758 1.082 2.061 3.313 5.626 7.699 9.246
1.405 1.023 0.882 0.889 0.968 1.032 1.208 1.262 1.570 1.849 1.726 1.334 1.064 1.098 0.936 0.905 0.770 0.836 0.831 0.858 0.999 1.160 1.206 1.117 1.139 1.314 1.520 1.384 1.082 0.950 0.720 0.592 0.585 0.660 0.840 0.953 0.972 1.201 1.379 1.532 1.338 1.224 1.036 1.188 1.316 1.199 1.230 1.041 0.861 0.891 0.854 0.811 0.618 0.498 0.000 0.494 0.543 0.640 0.809 0.911 0.801 0.672 0.612 0.721 0.898 0.857 0.955 0.964 1.045 0.963 0.812 0.943 1.015 0.881 0.850 1.077 1.182 1.065 1.260 1.262 1.135 0.933 0.839 0.655 0.609 0.592 0.733 1.184 2.098 3.392 5.764 7.818 9.360
1.492 1.046 0.936 0.923 1.043 1.136 1.335 1.410 1.746 1.954 1.857 1.486 1.279 1.268 1.091 1.065 0.955 1.034 1.023 1.018 1.143 1.344 1.365 1.344 1.330 1.543 1.736 1.586 1.221 1.081 0.876 0.746 0.777 0.819 1.026 1.095 1.126 1.335 1.514 1.644 1.456 1.351 1.184 1.267 1.421 1.287 1.269 1.131 0.920 1.002 1.008 0.944 0.777 0.611 0.491 0.000 0.495 0.604 0.776 0.851 0.685 0.586 0.626 0.737 0.911 0.944 1.094 1.107 1.169 1.060 0.911 1.054 1.141 0.960 0.989 1.191 1.257 1.149 1.350 1.378 1.247 1.019 0.878 0.672 0.609 0.625 0.820 1.248 2.080 3.388 5.724 7.605 9.440
1.488 1.053 0.920 0.862 0.879 0.915 1.054 1.109 1.406 1.661 1.612 1.250 1.047 1.178 1.126 1.164 1.032 1.114 1.069 1.009 1.112 1.295 1.375 1.312 1.372 1.515 1.711 1.490 1.196 1.053 0.895 0.813 0.901 0.937 1.187 1.245 1.246 1.405 1.587 1.608 1.370 1.202 1.100 1.305 1.359 1.226 1.330 1.179 1.018 1.177 1.184 1.144 0.919 0.734 0.549 0.493 0.000 0.489 0.552 0.673 0.575 0.544 0.573 0.692 0.872 0.863 1.006 1.043 1.082 0.918 0.802 0.921 0.941 0.732 0.764 0.927 0.979 0.783 0.989 1.018 0.932 0.699 0.665 0.567 0.605 0.721 0.868 1.315 2.153 3.372 5.649 7.668 9.578
1.545 1.137 0.920 0.824 0.798 0.841 0.990 1.048 1.341 1.583 1.539 1.158 0.961 1.084 1.068 1.069 0.978 1.115 1.084 1.014 1.130 1.287 1.401 1.358 1.433 1.636 1.807 1.600 1.312 1.122 0.955 0.846 0.933 0.926 1.140 1.196 1.132 1.297 1.462 1.480 1.264 1.134 1.026 1.208 1.277 1.148 1.240 1.135 1.000 1.169 1.186 1.181 0.994 0.844 0.620 0.576 0.492 0.000 0.497 0.649 0.545 0.557 0.588 0.753 0.913 0.863 1.009 1.029 1.083 0.917 0.794 0.887 0.899 0.737 0.669 0.863 0.895 0.703 0.903 0.954 0.860 0.655 0.604 0.565 0.661 0.793 0.997 1.441 2.302 3.426 5.720 7.617 9.319
1.960 1.489 1.190 1.132 1.055 1.157 1.270 1.405 1.704 2.058 1.983 1.515 1.311 1.433 1.423 1.462 1.402 1.539 1.581 1.532 1.704 1.949 2.003 1.989 1.976 2.169 2.461 2.268 1.901 1.703 1.459 1.252 1.310 1.347 1.528 1.661 1.564 1.719 1.886 1.957 1.691 1.476 1.412 1.636 1.719 1.604 1.755 1.598 1.436 1.649 1.712 1.666 1.429 1.272 0.978 1.020 0.721 0.513 0.000 0.666 0.619 0.828 0.946 1.234 1.423 1.318 1.504 1.493 1.578 1.321 1.122 1.276 1.296 1.002 0.983 1.251 1.242 0.913 1.174 1.222 1.041 0.782 0.730 0.700 0.951 1.197 1.469 1.930 2.704 3.807 5.947 7.946 9.425
2.594 2.097 1.682 1.516 1.306 1.452 1.495 1.690 2.207 2.560 2.641 2.104 1.849 2.240 2.171 2.462 2.301 2.568 2.498 2.185 2.091 2.509 2.901 2.795 3.015 3.071 3.407 2.955 2.590 2.277 2.078 2.007 2.341 2.266 2.728 2.787 2.562 2.752 2.993 2.785 2.441 2.016 1.992 2.496 2.312 2.053 2.456 2.234 2.102 2.576 2.802 2.721 2.357 2.074 1.675 1.391 0.924 0.693 0.533 0.000 0.541 0.776 1.106 1.435 1.527 1.530 1.940 2.189 2.183 1.728 1.622 1.979 1.765 1.281 1.503 1.829 1.631 1.233 1.449 1.459 1.215 1.065 0.931 1.148 1.429 1.772 2.202 2.735 3.408 4.722 6.640 8.415 9.803
1.901 1.471 1.258 1.199 1.154 1.243 1.390 1.475 1.836 2.086 2.067 1.616 1.427 1.623 1.491 1.484 1.313 1.346 1.282 1.123 1.191 1.395 1.511 1.483 1.617 1.795 1.885 1.654 1.389 1.166 1.068 0.997 1.199 1.259 1.529 1.690 1.714 1.879 2.094 2.102 1.901 1.694 1.488 1.817 1.885 1.754 1.873 1.678 1.415 1.679 1.659 1.552 1.324 1.097 0.834 0.740 0.593 0.583 0.579 0.514 0.000 0.496 0.556 0.703 0.890 0.903 1.116 1.188 1.271 1.023 0.906 1.132 1.128 0.875 0.946 1.192 1.204 1.010 1.214 1.300 1.143 0.923 0.862 0.829 0.937 1.083 1.319 1.782 2.614 3.763 5.926 7.817 9.677
1.725 1.341 1.205 1.174 1.233 1.296 1.528 1.562 1.934 2.145 2.080 1.638 1.437 1.561 1.394 1.371 1.152 1.181 1.057 0.942 1.038 1.240 1.321 1.322 1.410 1.598 1.743 1.553 1.232 1.054 0.922 0.862 1.043 1.127 1.342 1.588 1.552 1.796 2.035 2.091 1.869 1.679 1.431 1.793 1.842 1.680 1.755 1.491 1.325 1.451 1.490 1.333 1.108 0.944 0.730 0.611 0.591 0.621 0.753 0.669 0.493 0.000 0.497 0.554 0.774 0.755 0.949 1.022 1.130 0.939 0.865 1.060 1.078 0.895 0.980 1.223 1.271 1.105 1.395 1.477 1.357 1.106 0.995 0.867 0.908 0.988 1.137 1.556 2.340 3.558 5.711 7.641 9.332
1.890 1.473 1.316 1.323 1.343 1.464 1.662 1.699 2.070 2.272 2.171 1.750 1.552 1.637 1.490 1.353 1.128 1.118 0.991 0.852 0.950 1.169 1.276 1.215 1.361 1.547 1.656 1.435 1.175 0.931 0.841 0.786 1.012 1.166 1.361 1.531 1.658 1.857 2.077 2.243 1.977 1.797 1.628 1.855 1.963 1.826 1.959 1.709 1.460 1.564 1.505 1.347 1.217 0.944 0.795 0.657 0.621 0.719 0.907 0.867 0.587 0.497 0.000 0.517 0.693 0.696 0.841 0.945 1.068 0.916 0.800 1.057 1.088 0.867 1.030 1.277 1.313 1.213 1.476 1.637 1.454 1.208 1.063 0.986 0.973 1.024 1.235 1.662 2.446 3.553 5.781 7.739 9.225
2.274 2.004 1.795 1.863 1.823 1.940 2.078 2.066 2.437 2.639 2.560 2.126 1.962 2.205 2.046 1.973 1.644 1.658 1.419 1.091 1.113 1.424 1.636 1.608 1.874 2.051 2.061 1.699 1.411 1.033 1.057 1.070 1.506 1.709 2.065 2.240 2.313 2.524 2.809 2.959 2.537 2.317 2.167 2.641 2.618 2.450 2.631 2.324 2.098 2.232 2.219 1.987 1.802 1.324 1.048 0.871 0.858 0.982 1.197 1.231 0.876 0.663 0.505 0.000 0.579 0.806 1.095 1.381 1.477 1.241 1.100 1.397 1.424 1.180 1.326 1.534 1.546 1.512 1.774 1.902 1.870 1.574 1.535 1.354 1.395 1.453 1.596 2.171 2.860 3.967 6.207 8.122 9.728
2.120 1.961 1.903 2.160 2.386 2.655 2.999 3.130 3.429 3.664 3.437 3.010 2.690 2.960 2.512 2.378 1.917 1.844 1.499 1.058 0.987 1.259 1.666 1.663 2.010 2.206 2.299 1.939 1.542 1.141 1.190 1.287 1.669 1.934 2.323 2.735 2.853 3.110 3.514 3.694 3.351 3.160 2.875 3.187 3.360 3.011 3.086 2.625 2.381 2.427 2.436 2.171 1.933 1.475 1.346 1.047 1.235 1.574 1.882 1.825 1.453 1.038 0.817 0.538 0.000 0.642 0.885 1.382 1.485 1.323 1.338 1.807 1.820 1.710 1.895 2.304 2.381 2.300 2.981 2.990 2.745 2.356 2.100 1.753 1.491 1.618 1.611 2.165 2.978 4.089 6.232 8.166 9.726
2.005 1.764 1.653 1.715 1.745 1.846 1.961 1.955 2.237 2.385 2.236 1.842 1.685 1.825 1.621 1.403 1.181 1.095 0.910 0.624 0.665 0.815 1.002 1.106 1.325 1.606 1.667 1.455 1.167 0.878 0.895 0.880 1.201 1.338 1.502 1.756 1.890 2.042 2.262 2.427 2.152 2.010 1.887 2.133 2.232 2.147 2.233 2.004 1.780 1.889 1.754 1.627 1.476 1.193 1.054 0.948 0.975 1.107 1.331 1.361 1.019 0.843 0.699 0.695 0.515 0.000 0.497 0.627 0.742 0.687 0.692 0.913 0.991 0.971 1.133 1.308 1.432 1.450 1.726 1.852 1.787 1.563 1.498 1.323 1.281 1.332 1.451 1.887 2.673 3.770 6.013 7.826 9.558
2.017 1.731 1.596 1.558 1.569 1.532 1.617 1.503 1.735 1.849 1.747 1.420 1.274 1.311 1.143 0.993 0.851 0.774 0.701 0.573 0.615 0.680 0.792 0.914 1.031 1.293 1.430 1.271 1.021 0.818 0.844 0.779 0.933 1.011 1.076 1.178 1.307 1.399 1.608 1.759 1.567 1.513 1.426 1.581 1.714 1.709 1.747 1.663 1.409 1.490 1.303 1.284 1.234 1.059 0.978 0.965 1.013 1.030 1.234 1.292 1.024 0.900 0.733 0.783 0.678 0.493 0.000 0.489 0.531 0.540 0.543 0.617 0.750 0.804 0.889 0.976 1.155 1.176 1.456 1.538 1.544 1.321 1.363 1.218 1.271 1.261 1.389 1.722 2.457 3.566 5.793 7.637 9.337
1.963 1.670 1.546 1.475 1.458 1.404 1.499 1.359 1.608 1.774 1.655 1.319 1.159 1.210 1.046 0.948 0.812 0.748 0.635 0.606 0.639 0.668 0.829 0.866 0.986 1.272 1.375 1.204 1.024 0.825 0.844 0.736 0.876 0.976 1.029 1.165 1.286 1.377 1.614 1.721 1.488 1.434 1.324 1.517 1.664 1.614 1.645 1.582 1.350 1.449 1.287 1.228 1.170 1.029 0.939 0.994 1.010 0.976 1.180 1.270 1.030 0.956 0.795 0.896 0.810 0.563 0.488 0.000 0.488 0.515 0.521 0.525 0.623 0.715 0.724 0.814 1.014 1.046 1.257 1.347 1.381 1.194 1.274 1.146 1.223 1.206 1.352 1.685 2.400 3.577 5.796 7.617 9.542
2.424 2.105 1.921 1.871 1.752 1.762 1.707 1.607 1.904 2.052 2.021 1.601 1.517 1.633 1.500 1.215 1.056 0.917 0.853 0.728 0.797 0.818 0.888 1.003 1.135 1.418 1.533 1.387 1.249 1.035 1.081 0.974 1.166 1.292 1.349 1.553 1.731 1.908 2.122 2.212 1.977 1.896 1.830 2.041 2.132 2.134 2.141 2.123 1.808 1.884 1.697 1.590 1.613 1.352 1.219 1.297 1.216 1.116 1.231 1.352 1.113 1.190 0.965 1.125 1.025 0.716 0.535 0.489 0.000 0.491 0.558 0.587 0.580 0.667 0.826 0.842 0.955 1.057 1.291 1.430 1.518 1.352 1.490 1.419 1.562 1.621 1.786 2.102 2.762 3.799 5.953 7.779 9.650
1.874 1.504 1.311 1.252 1.207 1.237 1.312 1.305 1.622 1.802 1.770 1.343 1.176 1.303 1.181 1.075 0.900 0.908 0.807 0.709 0.784 0.804 0.922 1.058 1.174 1.427 1.542 1.403 1.155 0.951 0.946 0.823 0.976 1.045 1.158 1.323 1.401 1.534 1.807 1.843 1.604 1.450 1.356 1.601 1.651 1.552 1.660 1.504 1.348 1.462 1.405 1.342 1.241 1.066 0.883 0.921 0.851 0.791 0.943 1.094 0.849 0.864 0.722 0.869 0.830 0.603 0.529 0.510 0.488 0.000 0.488 0.516 0.536 0.524 0.603 0.708 0.845 0.859 1.106 1.216 1.180 0.990 1.034 0.963 1.081 1.119 1.313 1.681 2.482 3.638 5.714 7.718 9.512
1.909 1.528 1.346 1.235 1.189 1.128 1.234 1.148 1.422 1.677 1.570 1.174 1.005 1.103 1.022 0.929 0.822 0.856 0.807 0.705 0.775 0.834 0.935 1.031 1.126 1.449 1.585 1.399 1.195 0.964 0.937 0.774 0.920 0.944 1.082 1.194 1.202 1.336 1.578 1.602 1.345 1.246 1.158 1.387 1.460 1.411 1.532 1.430 1.238 1.334 1.296 1.288 1.189 1.044 0.867 0.916 0.873 0.797 0.985 1.156 0.929 0.875 0.749 0.872 0.819 0.608 0.548 0.517 0.506 0.487 0.000 0.488 0.517 0.530 0.537 0.622 0.796 0.820 1.085 1.159 1.171 0.958 1.047 0.950 1.074 1.133 1.346 1.680 2.457 3.614 5.801 7.713 9.490
1.958 1.632 1.447 1.332 1.308 1.253 1.292 1.221 1.482 1.671 1.603 1.205 1.102 1.221 1.118 1.008 0.861 0.852 0.795 0.715 0.815 0.884 0.982 1.057 1.136 1.397 1.525 1.344 1.141 0.985 0.901 0.760 0.911 0.995 1.132 1.315 1.361 1.480 1.724 1.748 1.477 1.389 1.345 1.568 1.626 1.605 1.646 1.571 1.375 1.466 1.396 1.313 1.222 1.034 0.891 0.970 0.933 0.849 1.034 1.205 0.989 0.958 0.773 0.923 0.893 0.654 0.603 0.527 0.523 0.510 0.487 0.000 0.490 0.516 0.537 0.564 0.678 0.795 1.014 1.110 1.197 1.024 1.114 1.035 1.136 1.199 1.344 1.693 2.455 3.543 5.769 7.717 9.483
2.287 1.930 1.661 1.589 1.445 1.441 1.468 1.394 1.747 1.911 1.851 1.388 1.328 1.442 1.363 1.169 1.038 1.036 1.002 0.912 1.065 1.034 1.104 1.251 1.346 1.695 1.847 1.675 1.536 1.243 1.211 1.048 1.209 1.275 1.331 1.530 1.642 1.771 2.035 2.108 1.795 1.717 1.632 1.902 1.996 1.965 2.073 1.971 1.712 1.830 1.697 1.614 1.576 1.325 1.165 1.189 1.076 0.918 1.031 1.175 0.955 1.061 0.928 1.151 1.166 0.859 0.755 0.627 0.561 0.560 0.533 0.490 0.000 0.490 0.552 0.598 0.675 0.763 1.025 1.190 1.227 1.094 1.198 1.194 1.347 1.470 1.712 2.061 2.785 3.863 5.859 7.825 9.839
1.831 1.409 1.235 1.100 1.045 1.018 1.094 1.068 1.382 1.668 1.592 1.165 0.988 1.142 1.063 1.023 0.905 0.985 0.961 0.853 0.975 1.032 1.126 1.231 1.302 1.615 1.759 1.564 1.347 1.140 1.036 0.890 1.012 1.016 1.144 1.269 1.258 1.399 1.641 1.648 1.373 1.230 1.158 1.415 1.444 1.340 1.497 1.377 1.199 1.370 1.356 1.341 1.179 1.069 0.868 0.938 0.823 0.679 0.869 1.018 0.831 0.899 0.773 0.969 0.999 0.777 0.713 0.671 0.588 0.530 0.516 0.502 0.488 0.000 0.488 0.530 0.612 0.604 0.897 1.002 0.979 0.810 0.883 0.856 1.011 1.081 1.306 1.675 2.502 3.616 5.742 7.753 9.657
1.851 1.440 1.250 1.112 1.059 1.005 1.089 1.073 1.281 1.553 1.470 1.091 0.922 1.039 0.993 0.990 0.873 0.985 0.988 0.906 1.024 1.132 1.226 1.247 1.378 1.627 1.787 1.603 1.336 1.128 1.031 0.874 0.997 0.968 1.134 1.227 1.196 1.338 1.524 1.545 1.289 1.159 1.115 1.319 1.406 1.346 1.465 1.366 1.197 1.336 1.306 1.306 1.164 1.028 0.841 0.924 0.831 0.694 0.859 1.021 0.826 0.851 0.771 0.955 1.007 0.796 0.773 0.732 0.683 0.588 0.535 0.536 0.513 0.488 0.000 0.491 0.600 0.605 0.898 0.963 0.984 0.841 0.920 0.852 0.995 1.066 1.287 1.668 2.425 3.515 5.812 7.796 9.534
2.162 1.874 1.649 1.478 1.430 1.348 1.425 1.341 1.606 1.824 1.817 1.336 1.209 1.412 1.297 1.255 1.089 1.225 1.222 1.135 1.340 1.414 1.491 1.529 1.597 1.842 2.009 1.894 1.595 1.390 1.226 1.041 1.220 1.222 1.466 1.655 1.647 1.826 2.091 2.106 1.775 1.598 1.563 1.907 1.977 1.894 2.006 1.866 1.630 1.709 1.675 1.580 1.488 1.262 1.049 1.169 1.095 0.928 1.136 1.382 1.137 1.230 0.994 1.226 1.301 1.064 1.023 0.958 0.885 0.812 0.652 0.614 0.587 0.560 0.492 0.000 0.513 0.641 0.964 1.113 1.229 1.061 1.210 1.108 1.313 1.369 1.556 1.941 2.666 3.726 5.836 7.868 9.520
3.331 2.873 2.517 2.299 2.030 1.907 1.902 1.685 2.158 2.338 2.278 1.754 1.729 1.992 1.936 1.643 1.611 1.707 1.764 1.732 2.098 1.952 2.031 2.266 2.353 2.687 2.961 2.851 2.621 2.326 2.138 1.828 1.991 1.969 2.097 2.260 2.366 2.466 2.939 2.966 2.473 2.326 2.247 2.750 2.883 2.802 3.123 2.892 2.514 2.857 2.631 2.628 2.534 2.265 1.978 2.060 1.781 1.371 1.361 1.701 1.592 1.876 1.698 2.105 2.226 1.772 1.549 1.319 1.187 1.266 1.095 0.817 0.812 0.861 0.724 0.535 0.000 0.598 0.992 1.307 1.405 1.325 1.615 1.780 2.153 2.346 2.701 3.117 3.731 4.819 6.569 8.454 10.252
2.792 2.356 1.998 1.818 1.406 1.495 1.436 1.458 2.137 2.475 2.404 1.850 1.567 2.022 2.047 2.112 1.986 2.270 2.380 2.206 2.522 2.432 2.547 2.903 2.924 3.200 3.571 3.394 3.135 2.655 2.410 2.021 2.260 2.140 2.470 2.545 2.383 2.654 2.920 2.911 2.383 2.107 2.043 2.464 2.529 2.201 2.580 2.358 2.237 2.639 2.693 2.712 2.374 2.276 1.870 2.044 1.645 1.287 1.249 1.644 1.584 1.824 1.727 2.270 2.399 2.014 2.045 2.040 1.610 1.573 1.488 1.290 1.083 0.970 0.908 0.800 0.536 0.000 0.785 1.101 1.111 1.019 1.282 1.510 1.823 2.113 2.510 2.888 3.628 4.695 6.718 8.601 10.110
3.382 2.886 2.424 2.058 1.767 1.512 1.089 1.059 1.643 2.025 2.265 1.798 1.696 2.175 2.331 2.602 2.541 2.857 2.958 2.663 2.731 3.028 3.350 3.378 3.650 3.868 4.209 3.850 3.533 2.904 2.792 2.439 2.810 2.667 3.109 3.166 2.910 2.923 3.167 2.957 2.403 1.997 2.208 2.637 2.400 2.337 2.881 2.846 2.643 3.113 3.437 3.467 3.043 2.711 2.281 2.253 1.893 1.419 1.444 1.861 1.573 1.903 1.873 2.381 2.511 2.036 2.249 2.380 2.115 1.744 1.784 1.836 1.435 1.167 1.255 1.212 0.905 0.612 0.000 0.522 0.813 1.086 1.514 1.812 2.187 2.474 3.023 3.549 4.120 5.297 7.189 8.863 10.630
2.911 2.324 1.926 1.500 1.101 1.054 0.811 0.928 1.401 1.864 2.021 1.551 1.470 1.874 2.062 2.393 2.553 2.775 2.975 2.950 3.313 3.378 3.436 3.458 3.475 3.775 4.169 4.089 3.744 3.297 2.965 2.717 2.748 2.574 2.819 2.702 2.418 2.447 2.560 2.377 1.997 1.511 1.719 1.993 1.846 1.661 2.002 2.040 2.101 2.537 2.823 3.052 2.735 2.624 2.243 2.377 2.074 1.579 1.478 1.986 1.949 2.333 2.277 2.753 2.950 2.709 2.754 2.557 2.402 2.241 2.137 2.039 1.763 1.539 1.432 1.430 1.155 0.897 0.520 0.000 0.530 0.886 1.265 1.576 2.039 2.297 2.811 3.047 3.721 4.797 6.770 8.340 9.989
1.923 1.421 1.146 0.922 0.684 0.677 0.659 0.828 1.177 1.552 1.627 1.253 1.059 1.311 1.431 1.677 1.754 1.959 2.090 2.055 2.257 2.475 2.487 2.439 2.451 2.615 2.849 2.752 2.392 2.185 1.889 1.730 1.800 1.690 1.919 1.895 1.651 1.753 1.902 1.833 1.473 1.185 1.204 1.500 1.458 1.325 1.525 1.454 1.364 1.732 1.914 1.956 1.648 1.583 1.356 1.330 1.174 0.968 0.925 1.254 1.316 1.495 1.513 1.739 1.977 1.865 2.036 1.943 1.919 1.768 1.576 1.590 1.566 1.310 1.145 1.271 1.248 0.895 0.737 0.511 0.000 0.517 0.692 0.830 1.090 1.288 1.598 2.038 2.709 3.909 6.010 7.868 9.574
1.597 1.129 0.871 0.714 0.586 0.583 0.623 0.804 1.095 1.397 1.422 1.082 0.877 1.089 1.122 1.270 1.307 1.532 1.558 1.552 1.708 1.880 1.932 1.877 1.903 2.060 2.182 2.045 1.751 1.620 1.362 1.241 1.279 1.210 1.389 1.391 1.248 1.413 1.545 1.523 1.240 1.027 0.992 1.188 1.246 1.108 1.223 1.165 1.056 1.256 1.385 1.411 1.200 1.120 0.927 0.938 0.815 0.684 0.708 1.000 1.001 1.054 1.107 1.270 1.451 1.414 1.546 1.463 1.493 1.346 1.157 1.188 1.173 1.015 0.889 1.006 1.010 0.776 0.746 0.641 0.499 0.000 0.499 0.576 0.780 0.903 1.159 1.543 2.398 3.560 5.826 7.746 9.499
1.455 1.031 0.783 0.655 0.602 0.677 0.834 0.997 1.330 1.607 1.673 1.307 1.042 1.229 1.210 1.333 1.277 1.448 1.432 1.383 1.511 1.701 1.796 1.721 1.763 1.862 2.078 1.916 1.591 1.431 1.221 1.117 1.192 1.148 1.406 1.498 1.329 1.520 1.673 1.657 1.390 1.171 1.083 1.296 1.326 1.161 1.260 1.159 1.086 1.245 1.401 1.321 1.112 0.990 0.814 0.789 0.699 0.587 0.597 0.869 0.843 0.939 0.950 1.102 1.300 1.275 1.393 1.412 1.425 1.269 1.114 1.194 1.201 0.983 0.932 1.081 1.099 0.830 0.895 0.852 0.659 0.494 0.000 0.503 0.648 0.792 1.025 1.435 2.292 3.557 5.893 7.760 9.576
1.379 0.867 0.631 0.577 0.593 0.717 0.918 1.045 1.354 1.664 1.655 1.220 0.975 1.104 1.054 1.099 1.039 1.205 1.206 1.164 1.250 1.435 1.510 1.454 1.509 1.683 1.864 1.679 1.375 1.217 1.026 0.927 0.990 0.974 1.167 1.231 1.147 1.328 1.537 1.567 1.289 1.113 0.982 1.181 1.244 1.075 1.162 0.988 0.896 1.081 1.157 1.154 0.942 0.829 0.627 0.659 0.583 0.566 0.642 0.894 0.805 0.797 0.823 0.935 1.088 1.061 1.128 1.180 1.203 1.088 0.945 1.036 1.081 0.922 0.841 1.028 1.110 0.911 1.037 1.015 0.800 0.607 0.497 0.000 0.504 0.609 0.883 1.323 2.146 3.388 5.685 7.610 9.369
1.384 0.835 0.709 0.791 0.907 1.104 1.345 1.413 1.797 2.034 2.026 1.631 1.350 1.492 1.353 1.400 1.235 1.388 1.345 1.328 1.498 1.653 1.709 1.634 1.661 1.802 2.015 1.868 1.536 1.388 1.133 1.034 1.097 1.116 1.406 1.529 1.533 1.759 1.974 2.052 1.757 1.505 1.334 1.599 1.663 1.424 1.489 1.184 1.087 1.272 1.378 1.254 0.975 0.794 0.621 0.635 0.647 0.672 0.878 1.052 0.976 0.945 0.931 1.059 1.255 1.244 1.381 1.380 1.448 1.356 1.130 1.281 1.309 1.113 1.088 1.306 1.374 1.154 1.361 1.385 1.214 0.891 0.703 0.505 0.000 0.519 0.730 1.258 2.152 3.427 5.829 7.790 9.743
1.416 0.966 0.855 0.976 1.169 1.397 1.732 1.832 2.345 2.646 2.602 2.124 1.716 1.891 1.762 1.780 1.504 1.713 1.599 1.696 1.850 2.142 2.076 1.871 1.856 1.914 2.156 2.101 1.732 1.649 1.314 1.210 1.238 1.296 1.654 1.828 2.018 2.218 2.540 2.565 2.226 1.917 1.682 2.025 2.100 1.793 1.830 1.442 1.196 1.409 1.534 1.291 0.974 0.817 0.733 0.800 0.887 0.998 1.125 1.345 1.318 1.257 1.239 1.330 1.635 1.665 1.796 1.763 1.995 1.763 1.459 1.729 1.837 1.493 1.471 1.808 1.846 1.516 1.794 1.861 1.510 1.261 0.939 0.757 0.526 0.000 0.527 1.058 1.925 3.177 5.606 7.624 9.269
1.656 1.446 1.576 1.679 2.056 2.176 2.571 2.544 3.095 3.246 3.191 2.609 2.238 2.466 2.130 2.210 1.950 2.326 2.200 2.322 2.693 3.030 2.929 2.825 2.678 2.699 3.014 3.010 2.301 2.294 1.737 1.557 1.544 1.596 2.181 2.357 2.345 2.805 3.334 3.375 2.918 2.679 2.221 2.756 2.909 2.493 2.538 1.952 1.581 1.611 1.850 1.597 1.050 0.895 0.957 1.146 1.462 1.566 1.858 2.135 2.033 1.936 1.762 1.803 2.248 2.350 2.558 2.385 2.572 2.438 2.037 2.188 2.351 2.083 1.981 2.316 2.440 2.149 2.607 2.598 2.428 1.948 1.847 1.350 1.096 0.564 0.000 0.612 1.551 3.084 5.708 7.788 9.233
2.237 2.596 3.265 3.747 4.861 5.712 6.944 7.045 7.723 8.392 7.505 6.644 6.039 5.740 4.923 5.047 4.299 5.057 4.863 5.386 5.810 6.752 6.475 6.056 5.466 5.392 6.422 6.812 5.229 5.016 3.659 3.481 3.417 3.320 4.341 4.646 4.821 6.051 6.281 6.928 6.484 6.238 5.110 5.454 6.248 5.404 4.917 3.611 3.199 2.603 3.086 2.610 1.609 1.884 2.660 2.170 2.938 3.876 4.445 4.234 4.307 3.419 3.675 3.427 4.589 5.155 5.739 5.668 6.035 5.685 4.922 5.541 5.893 5.452 5.495 6.435 6.457 5.837 6.783 7.169 6.638 5.347 4.396 3.318 2.343 1.711 0.679 0.000 0.983 2.788 4.706 7.065 8.157
4.461 4.526 5.433 5.860 7.202 8.235 10.067 11.104 12.929 14.278 13.896 12.662 10.318 11.238 9.900 10.518 9.387 9.932 10.182 11.672 13.132 14.396 13.639 11.833 10.464 9.770 11.340 11.855 9.970 10.810 8.176 8.294 6.349 6.237 8.634 10.510 10.051 12.217 12.947 14.104 12.316 10.774 9.292 10.899 11.470 9.582 9.306 6.723 5.163 5.325 6.237 4.762 3.342 4.335 5.118 6.190 7.411 7.494 7.883 9.642 10.175 9.980 9.621 9.265 11.247 12.149 13.656 12.809 14.353 13.752 11.451 12.493 13.334 11.640 10.425 12.465 12.783 10.417 11.356 11.005 9.529 7.977 7.062 5.535 5.170 3.184 2.433 0.938 0.000 1.114 3.010 5.123 6.247
7.068 8.896 10.758 12.195 14.256 15.184 17.566 17.620 19.751 20.815 19.784 18.746 16.204 17.037 14.559 14.992 13.195 13.825 13.297 14.430 15.578 17.754 16.886 15.032 13.820 12.085 14.095 15.148 12.181 12.786 8.948 9.641 8.525 9.333 12.103 14.612 14.512 17.482 18.442 19.644 18.621 17.235 15.026 16.211 17.955 15.427 14.449 12.072 9.671 8.390 9.107 6.830 5.613 5.596 7.419 7.440 9.201 11.127 12.502 12.856 12.510 11.090 10.713 9.925 12.395 13.433 16.099 15.834 17.838 16.349 13.872 16.187 16.524 14.567 14.537 16.998 16.985 15.442 17.422 17.774 16.595 14.203 12.741 10.115 8.312 6.136 4.392 3.108 0.992 0.000 0.967 2.200 3.608
8.193 9.770 12.255 13.139 15.902 16.756 19.362 20.165 21.635 22.540 21.644 20.526 17.998 18.493 15.760 16.322 14.520 15.270 15.138 16.683 18.098 19.872 18.758 16.761 14.983 13.715 15.735 16.735 13.909 14.878 11.926 12.296 10.455 11.240 13.285 15.560 15.595 18.894 19.912 21.045 19.743 18.910 15.912 17.389 19.312 17.254 15.496 12.445 11.111 8.863 10.102 7.494 6.634 7.443 9.976 10.878 12.733 14.142 15.383 16.441 15.836 14.953 14.125 13.124 15.466 16.759 18.967 18.138 19.972 19.261 16.965 18.514 19.490 17.689 16.780 19.538 20.014 18.340 20.101 20.330 19.200 16.676 15.283 12.294 10.617 7.633 6.118 4.080 2.265 0.906 0.001 0.921 1.978
10.414 11.596 13.945 14.633 16.868 17.704 19.995 20.351 21.705 22.852 22.138 20.927 18.544 18.774 16.428 17.000 15.286 15.864 15.768 17.558 19.173 20.954 19.609 17.274 15.456 13.987 16.247 17.485 14.570 15.883 12.941 13.058 11.398 11.762 13.659 15.634 16.025 18.854 20.121 21.235 20.108 19.355 16.560 17.719 19.419 17.491 16.019 13.644 11.768 9.393 10.524 7.535 7.598 8.497 11.134 12.161 14.262 15.376 16.920 17.796 17.466 16.290 15.355 14.386 16.489 18.001 19.864 18.883 20.979 20.321 17.806 19.311 20.430 19.062 17.671 20.271 20.808 19.375 20.963 21.103 20.106 17.734 16.625 13.996 12.572 9.483 7.540 5.333 3.546 1.903 0.875 0.001 1.251
15.848 17.125 20.315 20.373 22.891 23.386 24.750 24.818 25.694 26.164 25.506 24.402 23.312 22.949 20.702 20.533 18.610 18.161 17.740 19.663 20.645 22.481 21.360 19.064 16.995 14.875 17.141 18.957 15.955 17.902 14.776 16.161 13.817 15.639 16.498 19.037 19.386 23.100 23.900 24.670 24.061 23.957 21.916 22.527 24.034 22.971 21.012 18.914 17.156 14.164 13.544 10.245 12.435 12.548 16.100 16.622 19.611 20.921 22.647 22.934 22.150 20.694 19.291 17.703 19.361 20.534 21.945 21.109 23.388 22.722 20.821 22.476 23.647 22.594 22.369 24.089 24.491 23.579 25.058 25.298 24.663 23.166 22.375 20.113 18.678 14.958 11.836 10.054 6.930 5.773 3.504 1.242 0.006
