53.271
64.760
73.947
81.027
88.596
89.105
91.414
89.661
91.533
92.889
92.120
91.019
89.401
90.928
90.951
92.549
92.901
92.367
91.602
91.280
91.858
91.168
90.119
89.469
86.868
89.704
90.091
91.912
91.457
92.883
93.870
92.626
90.456
92.668
92.298
90.841
89.744
87.465
89.697
89.125
89.050
90.918
92.183
92.405
92.451
93.628
93.863
93.966
91.998
91.557
90.642
87.443
89.745
91.532
92.657
93.491
93.602
92.229
91.202
89.174
85.074
72.836
69.951
67.642
74.522
83.307
87.073
88.749
90.358
91.071
92.077
90.996
91.126
88.692
81.011
75.326
73.965
86.334
90.933
91.353
91.725
91.216
90.900
88.048
85.712
86.232
84.478
80.813
75.194
58.024
50.249
46.550
38.394
