0.000 0.798 1.844 2.880 3.795 4.133 3.521 2.970 3.666 4.667 5.053 6.066 6.353 7.141 7.314 7.856 8.144 7.909 7.681 7.534 7.200 8.343 8.219 7.746 7.357 7.379 6.219 6.082 5.144 6.136 5.953 5.101 5.155 6.092 5.690 4.372 3.069 3.113 4.091 3.653 2.649 3.954 3.575 3.980 5.159 5.591 5.937 5.342 5.767 5.050 5.436 4.286 4.184 3.553 4.815 5.456 6.330 6.222 7.245 7.093 7.398 7.639 7.334 7.131 6.997 6.364 6.031 6.146 4.878 4.838 4.669 4.488 3.815 3.259 2.521 2.656 2.024 2.395 2.956 2.939 4.088 5.117 5.639 5.960 6.488 7.916 9.228 9.823 10.740 12.337 13.511 14.591 16.461
0.586 0.000 0.549 0.940 1.547 1.752 1.352 1.518 1.835 2.349 3.271 3.121 3.968 4.281 4.592 4.934 4.692 4.905 5.025 5.010 5.123 5.034 4.903 5.077 4.890 4.539 3.723 3.763 3.380 3.746 3.699 2.914 2.714 2.976 3.119 2.177 1.370 1.671 2.258 2.221 1.833 2.683 2.570 2.713 3.426 3.810 3.866 3.594 3.674 3.294 3.642 3.693 2.553 2.846 3.328 3.443 3.938 3.377 4.414 4.176 4.603 4.360 4.155 3.964 3.998 3.137 3.371 3.261 3.072 3.055 2.720 2.725 2.478 2.082 1.288 1.468 1.978 1.970 2.481 3.030 3.440 3.674 3.985 4.639 4.810 5.861 6.450 7.342 8.190 9.897 11.425 12.575 14.889
1.042 0.543 0.000 0.581 1.127 1.501 1.180 1.159 1.868 2.413 2.524 3.169 3.824 4.128 4.340 4.726 4.870 4.565 4.684 4.528 4.705 4.731 5.047 4.814 4.621 4.193 3.806 3.627 3.129 3.723 3.194 2.595 2.484 2.732 2.592 1.931 1.468 1.860 2.275 2.000 2.012 2.646 2.328 2.876 3.183 3.785 3.626 3.699 3.703 3.183 3.458 2.893 2.510 2.430 2.877 3.441 3.554 3.463 4.286 4.185 4.041 4.267 3.694 3.539 3.625 3.321 3.017 3.480 3.184 2.254 2.304 2.630 2.060 1.953 1.254 1.363 1.668 1.893 2.469 2.609 3.021 3.685 3.848 4.312 4.694 5.497 6.523 7.266 8.114 10.111 11.556 13.137 14.713
1.756 1.180 0.735 0.000 0.708 1.148 1.332 1.843 2.442 3.103 3.966 4.576 4.955 5.408 5.585 5.728 5.994 6.023 5.861 5.969 6.293 6.469 6.651 6.238 5.684 5.214 4.734 4.410 4.481 4.791 5.081 3.660 3.615 4.157 3.636 2.678 1.809 2.739 3.236 3.165 3.056 4.070 3.611 3.808 4.505 4.895 5.250 4.784 4.468 4.059 4.014 3.499 3.276 2.989 4.170 3.984 4.526 4.354 4.925 5.270 5.591 5.273 5.136 4.757 4.791 4.036 4.249 4.036 3.646 3.049 2.892 3.198 2.720 2.529 1.794 1.875 1.919 2.225 2.851 3.226 3.852 4.562 5.375 5.644 6.647 7.285 8.190 9.230 9.875 11.586 12.597 13.774 15.840
2.847 1.995 1.346 0.609 0.000 0.788 1.459 2.288 2.562 3.358 4.263 4.703 5.578 6.342 6.690 7.126 7.236 7.258 7.165 7.007 7.639 8.287 8.266 7.947 7.164 6.600 5.883 5.851 5.222 5.430 5.178 4.343 3.806 4.238 3.708 2.974 2.238 3.021 3.816 3.446 3.486 4.719 4.756 4.727 5.501 5.471 6.425 5.909 5.920 5.321 6.012 5.650 5.011 4.805 5.833 5.825 6.495 6.051 6.796 7.027 6.797 6.404 6.048 5.579 5.708 5.030 4.907 5.046 4.814 4.066 3.763 4.085 3.812 3.720 2.715 3.040 3.494 4.291 4.534 5.369 5.639 6.379 6.653 7.383 7.937 8.820 9.578 10.461 11.086 12.574 13.747 14.869 17.008
3.368 2.879 1.947 1.379 0.663 0.000 0.857 1.565 2.282 2.584 2.858 3.267 3.928 4.489 4.627 5.374 5.309 5.162 5.175 5.180 5.811 6.092 6.290 5.785 5.299 4.710 4.241 4.172 3.743 4.130 3.904 3.464 3.235 3.811 3.809 2.865 2.563 3.083 3.734 3.822 3.803 4.575 4.807 4.181 4.941 4.670 5.378 4.733 4.701 4.093 4.896 4.781 4.121 4.643 5.524 5.055 5.399 4.611 5.143 5.425 5.014 4.805 4.212 4.352 4.504 3.720 3.397 3.895 3.805 2.939 3.077 3.867 3.473 3.721 3.158 3.769 3.370 4.448 4.088 5.104 4.938 5.856 6.114 6.839 7.527 8.285 9.044 9.939 10.961 12.417 13.677 14.729 16.553
1.795 1.822 1.453 1.617 1.281 0.735 0.000 0.592 1.320 1.791 2.440 2.956 3.838 4.276 4.477 5.092 5.299 4.951 4.841 4.622 4.811 5.679 5.723 4.970 4.906 4.216 3.505 3.476 2.832 3.336 2.903 2.186 2.304 2.616 2.623 1.703 1.257 1.530 2.186 2.171 2.024 2.378 2.299 2.266 2.777 3.221 3.663 3.196 3.285 2.744 3.190 3.095 2.646 2.765 3.472 3.650 3.864 3.682 4.080 4.615 4.609 4.558 4.132 4.226 4.193 3.352 3.113 3.555 3.082 2.381 2.403 2.936 2.411 2.398 2.098 2.122 1.995 2.165 2.200 2.502 2.818 3.224 3.443 4.194 4.372 5.448 6.549 7.256 8.301 10.023 11.254 12.708 14.461
1.531 1.426 1.249 1.349 1.462 1.129 0.523 0.000 0.523 0.639 0.987 1.261 1.603 1.869 2.000 2.298 2.401 2.378 2.347 2.288 2.396 2.831 2.808 2.410 2.233 1.924 1.603 1.502 1.147 1.292 1.094 0.841 0.966 1.145 1.189 0.904 0.822 0.763 0.922 1.180 1.278 1.346 1.357 1.179 1.301 1.324 1.574 1.491 1.568 1.444 1.742 1.634 1.406 1.565 1.952 1.797 1.893 1.780 2.038 2.257 2.058 2.034 1.826 1.863 1.825 1.549 1.369 1.493 1.436 1.109 1.212 1.400 1.272 1.370 1.286 1.306 1.242 1.391 1.324 1.608 1.592 1.870 1.980 2.436 2.862 3.768 4.748 5.804 6.785 8.753 10.355 11.793 13.552
1.627 1.544 1.301 1.685 1.640 1.402 0.722 0.521 0.000 0.519 0.758 1.170 1.462 1.887 2.146 2.384 2.450 2.365 2.309 2.037 2.265 2.544 2.667 2.401 2.296 1.994 1.655 1.400 1.009 0.980 0.804 0.661 0.806 1.068 1.223 0.917 0.880 0.823 0.970 1.178 1.263 1.347 1.427 1.126 1.137 1.059 1.319 1.438 1.522 1.552 1.892 1.834 1.579 1.695 2.095 1.981 2.154 2.006 2.302 2.457 2.281 2.183 2.000 1.964 1.986 1.760 1.468 1.671 1.653 1.273 1.266 1.539 1.439 1.391 1.282 1.480 1.313 1.648 1.490 1.747 1.739 1.871 1.891 2.276 2.718 3.475 4.472 5.476 6.559 8.447 9.845 11.309 13.036
1.463 1.480 1.250 1.510 1.593 1.411 0.879 0.630 0.503 0.000 0.495 0.608 0.761 0.964 1.114 1.360 1.373 1.334 1.287 1.211 1.452 1.649 1.598 1.403 1.291 1.103 0.933 0.840 0.642 0.649 0.609 0.608 0.704 0.970 1.026 0.790 0.790 0.721 0.806 0.971 1.040 1.134 1.106 0.915 1.009 0.863 0.999 0.987 1.014 0.972 1.181 1.217 1.130 1.325 1.602 1.485 1.397 1.218 1.368 1.434 1.356 1.275 1.117 1.245 1.295 1.073 1.040 1.221 1.128 1.015 1.116 1.394 1.285 1.410 1.362 1.325 1.149 1.248 1.082 1.213 1.163 1.285 1.371 1.814 2.260 3.100 4.153 5.212 6.192 8.185 10.034 11.324 12.947
1.769 1.689 1.551 1.686 1.903 1.675 1.167 0.968 0.669 0.498 0.000 0.496 0.603 0.806 0.948 1.136 1.239 1.191 1.143 1.081 1.376 1.624 1.432 1.238 1.093 0.988 0.807 0.714 0.612 0.621 0.676 0.665 0.802 1.041 1.141 0.941 1.046 0.921 0.975 1.190 1.282 1.341 1.380 1.107 1.082 0.939 1.042 1.058 1.004 1.071 1.317 1.508 1.433 1.727 1.934 1.710 1.614 1.316 1.367 1.323 1.273 1.156 0.985 1.200 1.307 1.069 1.069 1.382 1.369 1.213 1.359 1.710 1.680 1.860 1.745 1.774 1.594 1.647 1.386 1.508 1.306 1.429 1.503 1.991 2.490 3.481 4.410 5.272 6.280 8.234 9.747 11.350 13.100
1.660 1.638 1.515 1.721 1.759 1.579 1.152 0.978 0.788 0.602 0.503 0.000 0.494 0.594 0.818 0.997 1.066 1.011 0.930 0.904 1.164 1.414 1.275 1.032 0.970 0.850 0.669 0.603 0.570 0.609 0.725 0.748 0.914 1.141 1.240 1.037 1.075 0.929 1.027 1.220 1.208 1.293 1.215 0.988 0.983 0.869 0.898 0.877 0.840 0.856 1.080 1.184 1.177 1.400 1.629 1.394 1.314 1.136 1.167 1.198 1.096 1.009 0.841 1.012 1.072 0.909 0.904 1.130 1.162 1.017 1.151 1.413 1.424 1.606 1.557 1.525 1.343 1.356 1.142 1.213 1.072 1.164 1.249 1.754 2.183 3.112 4.068 5.041 6.022 8.064 9.805 11.073 12.839
1.865 1.842 1.717 1.977 2.024 1.804 1.385 1.147 1.008 0.821 0.639 0.496 0.000 0.497 0.686 0.846 0.970 0.880 0.837 0.836 1.126 1.346 1.188 1.008 0.849 0.808 0.643 0.639 0.642 0.691 0.816 0.907 1.093 1.335 1.462 1.270 1.324 1.134 1.251 1.440 1.449 1.490 1.413 1.133 1.137 0.983 0.998 1.000 0.965 1.008 1.216 1.344 1.352 1.611 1.779 1.573 1.459 1.201 1.203 1.143 1.057 0.974 0.860 1.102 1.207 1.059 1.080 1.366 1.319 1.248 1.413 1.699 1.631 1.880 1.812 1.758 1.587 1.569 1.309 1.405 1.233 1.382 1.467 1.908 2.436 3.381 4.279 5.093 6.206 8.043 9.562 10.915 12.701
2.735 2.840 2.599 2.829 2.899 2.484 2.015 1.798 1.698 1.343 1.027 0.828 0.530 0.000 0.515 0.664 0.876 0.946 0.943 1.026 1.351 1.545 1.332 1.160 0.887 0.950 0.812 0.900 1.035 0.956 1.117 1.388 1.584 1.802 2.147 1.967 2.201 1.879 1.930 2.275 2.374 2.246 2.239 1.770 1.682 1.335 1.292 1.454 1.204 1.243 1.466 1.658 1.711 2.038 2.208 1.778 1.573 1.266 1.226 1.036 0.933 0.847 0.823 1.131 1.187 1.103 1.251 1.519 1.554 1.590 1.825 2.102 2.114 2.463 2.617 2.550 2.201 2.213 1.854 1.880 1.736 1.844 1.966 2.291 2.892 3.829 4.722 5.840 6.842 8.704 10.261 11.647 13.434
2.696 2.752 2.483 2.789 2.856 2.538 2.080 1.833 1.763 1.451 1.225 0.992 0.681 0.541 0.000 0.505 0.691 0.790 0.866 0.970 1.276 1.491 1.282 1.068 0.844 0.910 0.855 0.918 1.120 1.107 1.364 1.539 1.808 2.050 2.274 2.117 2.135 1.857 2.016 2.308 2.289 2.187 2.109 1.688 1.671 1.407 1.332 1.361 1.196 1.213 1.429 1.629 1.734 2.068 2.152 1.804 1.608 1.252 1.223 1.025 0.931 0.771 0.791 1.057 1.162 1.082 1.214 1.493 1.556 1.582 1.764 1.989 2.073 2.414 2.539 2.466 2.170 2.164 1.857 1.813 1.611 1.683 1.817 2.179 2.701 3.577 4.471 5.436 6.572 8.330 9.809 11.434 13.119
2.189 2.351 2.227 2.513 2.736 2.457 1.960 1.721 1.743 1.511 1.397 1.090 0.960 0.710 0.502 0.000 0.526 0.802 0.900 1.071 1.339 1.414 1.190 1.069 0.852 0.899 0.877 1.053 1.234 1.387 1.593 1.753 1.950 2.268 2.350 2.122 1.978 1.831 2.053 2.181 2.071 2.126 1.981 1.728 1.784 1.630 1.497 1.426 1.223 1.106 1.260 1.376 1.359 1.632 1.756 1.510 1.372 1.025 1.105 0.901 0.733 0.668 0.812 1.022 1.048 0.970 1.153 1.351 1.345 1.357 1.561 1.782 1.716 2.065 2.156 2.032 1.784 1.767 1.513 1.557 1.504 1.660 1.836 2.254 2.792 3.708 4.731 5.687 6.859 8.674 10.100 11.424 13.276
3.477 3.910 3.623 3.974 4.369 3.739 3.273 2.851 2.802 2.554 2.175 1.849 1.451 1.093 0.712 0.541 0.000 0.591 1.041 1.378 1.684 1.742 1.457 1.402 1.023 1.216 1.343 1.696 2.014 2.154 2.646 3.012 3.232 3.545 3.971 3.634 3.378 3.110 3.426 3.799 3.356 3.511 3.296 2.973 3.028 2.697 2.393 2.226 1.828 1.770 1.701 1.882 2.022 2.461 2.413 2.055 1.684 1.437 1.269 1.090 1.006 0.867 1.118 1.533 1.619 1.557 1.969 2.176 2.163 2.186 2.549 2.812 2.882 3.472 3.630 3.374 2.923 2.805 2.477 2.271 2.276 2.295 2.653 2.937 3.608 4.539 5.483 6.251 7.464 9.084 10.457 12.145 13.888
4.455 4.655 4.494 4.757 5.142 4.561 3.999 3.487 3.325 2.752 2.204 1.876 1.270 0.980 0.933 0.847 0.574 0.000 0.550 0.846 1.214 1.569 1.409 1.382 1.210 1.386 1.602 1.407 1.873 1.766 2.298 2.821 3.262 3.497 4.027 3.924 3.822 3.492 3.524 3.906 3.823 3.647 3.506 2.970 2.643 2.144 1.868 2.115 1.997 2.227 2.517 2.960 3.132 3.496 3.655 3.160 2.763 2.258 2.025 1.707 1.564 1.187 1.312 1.705 1.908 2.167 2.353 2.632 2.804 2.937 3.455 3.665 3.713 4.331 4.564 4.429 4.001 3.834 3.349 3.180 2.841 2.723 2.716 2.985 3.403 4.330 5.188 6.082 7.235 8.940 10.373 11.662 13.503
3.647 3.875 3.719 3.927 3.983 3.565 3.119 2.806 2.819 2.221 2.011 1.554 1.176 0.894 0.923 0.948 0.788 0.515 0.000 0.539 0.964 1.239 1.174 1.140 1.020 1.237 1.356 1.322 1.690 1.661 2.092 2.414 2.790 3.060 3.463 3.357 3.280 2.908 3.077 3.432 3.271 3.210 2.981 2.522 2.248 1.954 1.712 1.825 1.662 1.909 2.089 2.447 2.493 2.918 3.013 2.642 2.414 1.901 1.861 1.585 1.503 1.236 1.286 1.586 1.819 1.758 2.020 2.229 2.346 2.414 2.708 2.968 3.132 3.449 3.710 3.609 3.227 3.201 2.708 2.561 2.302 2.268 2.304 2.565 3.000 3.921 4.853 5.797 6.934 8.695 10.084 11.340 13.302
3.867 4.285 3.862 4.228 4.434 3.934 3.291 3.084 2.897 2.399 2.003 1.695 1.261 0.958 1.083 1.125 1.205 0.943 0.559 0.000 0.654 1.146 1.148 0.999 0.961 1.173 1.299 1.315 1.649 1.573 2.148 2.519 3.040 3.258 3.687 3.411 3.375 3.137 3.227 3.646 3.519 3.383 3.115 2.696 2.513 2.082 1.729 1.856 1.783 1.949 2.229 2.640 2.751 3.266 3.628 2.972 2.625 2.114 1.911 1.653 1.742 1.481 1.529 2.152 2.136 2.077 2.400 2.789 2.713 2.683 3.277 3.496 3.375 4.023 4.114 4.002 3.490 3.336 2.969 2.925 2.479 2.404 2.672 2.660 3.189 4.108 4.837 5.918 6.908 8.711 10.090 11.171 13.328
4.147 4.430 4.022 4.482 4.383 3.799 3.256 3.307 3.137 2.676 2.149 1.761 1.396 1.227 1.519 1.774 1.857 1.496 1.039 0.586 0.000 0.547 0.985 1.201 1.430 1.501 1.640 1.555 2.156 2.060 2.490 2.923 3.170 3.813 4.315 3.750 3.734 3.476 3.850 4.381 4.130 4.191 3.910 3.273 3.211 2.670 2.268 2.501 2.088 2.494 2.669 3.157 3.274 3.714 4.090 3.487 3.116 2.529 2.408 2.192 2.221 2.177 1.814 2.317 2.600 2.325 2.361 2.867 3.098 2.916 3.159 3.646 3.651 4.248 4.260 4.292 3.861 4.000 3.467 3.507 3.000 2.925 3.193 3.137 3.750 4.669 5.434 6.374 7.414 9.111 10.699 11.650 13.721
5.596 6.272 6.017 6.246 6.277 5.953 5.397 4.974 4.784 4.045 3.526 2.923 2.398 2.224 2.472 2.063 2.619 2.218 1.347 1.321 0.705 0.000 0.657 1.194 1.761 2.246 2.505 2.416 2.699 2.753 3.089 3.692 4.177 4.508 5.418 5.315 5.042 4.944 4.723 5.375 5.211 5.136 4.743 4.105 3.674 2.960 2.755 2.884 2.714 3.139 3.620 3.988 4.506 4.742 5.087 4.648 4.145 3.337 3.118 2.734 2.860 3.171 3.441 3.939 3.839 3.740 4.289 4.779 4.551 4.787 5.395 5.463 5.602 5.879 6.002 5.989 5.608 5.059 4.606 4.146 3.799 3.341 3.526 3.538 4.390 5.295 6.301 6.905 8.120 9.655 11.104 12.318 14.492
4.491 4.800 4.642 5.090 5.282 4.810 4.289 4.040 3.973 3.463 3.033 2.485 2.048 1.495 1.429 1.369 1.649 1.558 1.227 1.300 0.969 0.571 0.000 0.579 0.835 1.068 1.608 1.949 2.564 2.670 3.397 3.845 4.296 4.937 5.242 4.830 4.511 4.086 4.591 4.911 4.543 4.557 4.071 3.583 3.550 3.156 2.568 2.552 1.983 2.088 1.909 2.143 2.565 2.857 2.722 2.404 2.047 1.878 1.522 1.480 1.749 1.944 2.108 2.562 2.470 2.272 2.797 3.112 2.740 2.998 3.678 3.644 3.575 4.161 4.400 4.085 3.651 3.267 2.973 2.520 2.593 2.483 2.812 3.047 3.764 4.638 5.588 6.534 7.610 9.483 10.859 11.960 14.046
2.780 2.937 2.769 3.058 3.225 2.944 2.396 2.205 2.255 1.892 1.705 1.365 1.179 0.890 0.890 0.975 1.212 1.154 0.847 1.015 0.985 0.746 0.540 0.000 0.500 0.653 0.900 1.101 1.405 1.500 1.964 2.152 2.494 2.845 3.037 2.777 2.572 2.358 2.626 2.818 2.666 2.672 2.358 2.069 1.979 1.811 1.511 1.459 1.198 1.241 1.391 1.603 1.672 1.999 2.048 1.739 1.550 1.227 1.182 1.116 1.158 1.174 1.245 1.411 1.408 1.251 1.489 1.606 1.624 1.729 1.903 2.093 2.151 2.426 2.516 2.507 2.249 2.150 1.900 1.832 1.622 1.724 1.916 2.216 2.742 3.583 4.481 5.534 6.775 8.419 9.963 11.056 13.710
2.324 2.357 2.219 2.646 2.841 2.631 2.090 1.839 1.987 1.735 1.602 1.249 1.158 0.854 0.797 0.864 1.099 1.131 0.915 1.113 1.114 1.018 0.730 0.494 0.000 0.522 0.677 0.962 1.312 1.488 1.877 2.007 2.324 2.617 2.686 2.366 2.129 2.031 2.395 2.450 2.235 2.501 2.171 1.857 1.922 1.771 1.501 1.458 1.062 1.028 1.175 1.335 1.390 1.623 1.793 1.530 1.394 1.053 1.072 0.998 1.012 1.052 1.084 1.347 1.250 1.085 1.344 1.533 1.402 1.456 1.648 1.821 1.743 2.126 2.122 2.033 1.785 1.778 1.543 1.558 1.467 1.472 1.758 2.098 2.741 3.709 4.608 5.568 6.668 8.426 9.901 11.372 12.921
1.920 1.972 1.802 2.105 2.181 1.985 1.537 1.277 1.279 1.076 0.955 0.740 0.736 0.635 0.697 0.851 1.036 1.017 0.854 0.994 1.088 1.102 0.879 0.596 0.501 0.000 0.493 0.615 0.801 0.953 1.149 1.290 1.444 1.742 1.857 1.618 1.572 1.383 1.650 1.785 1.751 1.798 1.636 1.331 1.345 1.227 1.104 1.010 0.817 0.745 0.970 1.107 1.158 1.415 1.591 1.375 1.227 0.944 0.972 0.933 0.926 0.960 0.920 1.136 1.123 0.960 1.049 1.279 1.218 1.144 1.338 1.566 1.480 1.773 1.740 1.706 1.461 1.439 1.199 1.242 1.106 1.238 1.457 1.843 2.391 3.324 4.185 5.066 6.117 8.053 9.521 10.920 12.894
1.613 1.610 1.545 1.819 2.000 1.735 1.331 1.031 1.019 0.819 0.741 0.589 0.578 0.559 0.608 0.773 0.910 0.880 0.816 0.865 1.036 1.229 1.084 0.776 0.607 0.496 0.000 0.496 0.543 0.699 0.817 0.880 1.118 1.250 1.433 1.244 1.189 1.021 1.123 1.281 1.220 1.224 1.094 0.891 0.890 0.794 0.780 0.651 0.582 0.579 0.717 0.829 0.880 1.066 1.213 1.051 0.932 0.742 0.819 0.833 0.811 0.779 0.744 0.895 0.880 0.740 0.857 0.999 0.956 0.916 1.107 1.306 1.213 1.442 1.458 1.332 1.156 1.094 0.904 0.892 0.777 0.869 1.021 1.508 2.051 2.980 3.824 4.631 5.628 7.529 9.051 10.448 12.306
1.556 1.592 1.513 1.757 1.884 1.687 1.244 0.984 0.885 0.689 0.629 0.552 0.557 0.580 0.657 0.812 0.942 0.946 0.864 0.863 1.115 1.287 1.113 0.877 0.720 0.557 0.491 0.000 0.489 0.541 0.655 0.721 0.910 1.074 1.215 1.079 1.079 0.910 0.966 1.144 1.100 1.070 0.983 0.795 0.754 0.642 0.625 0.581 0.559 0.604 0.766 0.871 0.928 1.129 1.255 1.097 0.974 0.835 0.871 0.885 0.836 0.835 0.778 0.933 0.922 0.805 0.877 1.035 0.999 0.980 1.122 1.325 1.253 1.478 1.445 1.378 1.180 1.133 0.930 0.920 0.781 0.834 0.968 1.392 1.925 2.940 3.827 4.801 6.027 8.029 9.506 10.899 12.799
1.539 1.508 1.448 1.654 1.780 1.559 1.143 0.878 0.788 0.608 0.557 0.539 0.579 0.700 0.832 1.009 1.133 1.132 1.036 0.956 1.158 1.429 1.301 1.021 0.913 0.717 0.550 0.489 0.000 0.492 0.533 0.632 0.836 1.021 1.172 1.002 1.018 0.856 0.950 1.114 1.092 1.057 0.941 0.756 0.653 0.562 0.588 0.565 0.579 0.628 0.802 0.902 0.930 1.143 1.284 1.133 1.028 0.905 0.963 1.053 0.998 0.989 0.888 1.015 1.029 0.865 0.880 1.071 1.017 0.928 1.092 1.262 1.239 1.413 1.385 1.342 1.138 1.130 0.905 0.915 0.798 0.856 0.935 1.423 1.883 2.914 3.752 4.629 5.887 7.799 9.484 10.930 12.725
1.876 1.947 1.823 2.154 2.284 1.999 1.525 1.191 1.065 0.745 0.612 0.626 0.759 0.981 1.185 1.419 1.606 1.515 1.420 1.212 1.475 1.830 1.733 1.436 1.257 1.003 0.770 0.595 0.495 0.000 0.505 0.764 1.026 1.259 1.542 1.394 1.426 1.198 1.337 1.625 1.526 1.539 1.345 1.010 0.935 0.677 0.758 0.768 0.799 0.832 1.051 1.087 1.158 1.334 1.512 1.363 1.273 1.129 1.201 1.338 1.308 1.362 1.224 1.399 1.330 1.105 1.181 1.390 1.247 1.173 1.406 1.602 1.511 1.792 1.837 1.710 1.443 1.375 1.145 1.158 1.015 1.165 1.234 1.762 2.237 3.268 4.219 5.173 6.421 8.188 9.589 10.976 12.468
1.885 1.872 1.773 1.865 2.071 1.865 1.368 1.127 0.819 0.685 0.688 0.810 0.868 1.135 1.438 1.667 1.732 1.571 1.372 1.226 1.470 1.725 1.655 1.503 1.497 1.345 1.136 0.853 0.645 0.507 0.000 0.497 0.698 0.902 1.122 0.932 1.041 0.908 0.873 1.084 1.243 1.255 1.349 1.074 0.988 0.755 0.987 1.092 1.192 1.340 1.730 1.908 1.755 2.068 2.440 2.229 2.159 1.777 1.871 1.866 1.871 1.721 1.493 1.774 1.921 1.618 1.557 1.939 1.911 1.598 1.833 2.170 2.085 2.236 2.003 2.016 1.830 1.949 1.659 1.785 1.545 1.663 1.611 2.000 2.549 3.514 4.407 5.400 6.368 8.366 9.840 11.222 12.837
1.429 1.512 1.360 1.617 1.751 1.545 1.099 0.833 0.647 0.568 0.691 0.869 1.061 1.294 1.484 1.736 1.811 1.701 1.584 1.428 1.633 1.946 1.907 1.667 1.590 1.354 1.122 0.935 0.715 0.669 0.497 0.000 0.501 0.628 0.842 0.722 0.796 0.683 0.652 0.881 0.932 0.954 0.980 0.824 0.853 0.729 0.941 0.958 1.079 1.102 1.365 1.439 1.291 1.490 1.758 1.711 1.651 1.469 1.609 1.768 1.647 1.722 1.473 1.600 1.671 1.400 1.344 1.590 1.467 1.243 1.380 1.651 1.534 1.633 1.477 1.395 1.307 1.337 1.193 1.321 1.210 1.382 1.334 1.853 2.254 3.258 4.179 5.217 6.231 8.246 9.617 11.141 13.357
1.643 1.644 1.489 1.680 1.859 1.701 1.187 0.905 0.686 0.668 0.935 1.122 1.378 1.583 1.804 2.037 2.119 2.065 1.901 1.804 1.999 2.311 2.292 1.963 1.876 1.596 1.367 1.158 0.901 0.956 0.714 0.505 0.000 0.501 0.615 0.657 0.811 0.766 0.724 0.920 1.089 1.173 1.202 1.009 1.051 1.000 1.231 1.194 1.281 1.343 1.567 1.644 1.592 1.733 2.043 1.964 1.882 1.729 1.835 1.961 1.956 1.992 1.758 1.993 1.958 1.668 1.635 1.892 1.750 1.529 1.650 1.925 1.870 1.992 1.768 1.735 1.592 1.612 1.439 1.556 1.475 1.611 1.644 2.111 2.610 3.593 4.511 5.598 6.713 8.504 10.214 11.288 13.483
2.042 2.015 1.869 2.019 2.178 1.935 1.492 1.233 0.910 0.927 1.144 1.481 1.709 2.058 2.357 2.677 2.704 2.543 2.428 2.269 2.429 2.810 2.996 2.591 2.522 2.225 1.938 1.726 1.295 1.263 0.959 0.733 0.499 0.000 0.556 0.677 0.956 0.976 0.799 1.032 1.314 1.371 1.633 1.379 1.445 1.367 1.724 1.707 1.929 1.896 2.300 2.367 2.119 2.395 2.852 2.698 2.699 2.416 2.600 2.769 2.649 2.582 2.219 2.411 2.504 2.187 2.007 2.370 2.339 1.978 2.112 2.448 2.293 2.430 2.136 2.122 2.068 2.160 1.989 2.236 2.129 2.367 2.331 2.770 3.214 4.161 5.009 6.248 7.141 9.083 10.362 11.594 13.454
1.939 1.751 1.655 1.681 1.935 1.815 1.411 1.284 1.056 1.327 1.605 2.009 2.419 2.798 3.190 3.515 3.603 3.458 3.253 2.986 3.166 3.635 3.879 3.485 3.364 2.949 2.615 2.325 1.832 1.734 1.386 1.028 0.705 0.544 0.000 0.566 0.789 1.060 0.900 1.053 1.376 1.533 1.759 1.689 1.700 1.647 2.107 2.184 2.430 2.428 2.796 2.702 2.439 2.469 3.007 2.939 3.159 3.062 3.223 3.483 3.372 3.296 2.948 2.983 3.008 2.729 2.450 2.557 2.533 2.143 2.203 2.368 2.279 2.187 1.884 2.014 2.008 2.218 2.302 2.491 2.548 2.844 2.701 3.160 3.539 4.338 5.112 6.223 7.090 8.809 10.423 11.302 13.436
1.310 1.276 1.230 1.396 1.771 1.625 1.157 0.869 0.803 0.948 1.240 1.544 1.864 2.183 2.350 2.486 2.641 2.642 2.467 2.384 2.554 2.910 2.949 2.607 2.453 2.216 1.892 1.703 1.413 1.431 1.196 0.896 0.764 0.638 0.537 0.000 0.501 0.605 0.679 0.720 0.792 1.124 1.263 1.206 1.350 1.486 1.760 1.611 1.819 1.677 1.917 1.805 1.569 1.614 1.927 1.954 2.106 2.119 2.304 2.471 2.396 2.383 2.178 2.267 2.184 1.970 1.811 1.985 1.821 1.545 1.626 1.833 1.700 1.704 1.486 1.368 1.307 1.371 1.441 1.658 1.745 2.006 2.039 2.564 2.967 3.853 4.845 5.732 6.798 8.559 10.032 11.478 13.804
1.202 1.199 1.107 1.310 1.561 1.466 1.035 0.739 0.692 0.808 1.064 1.297 1.511 1.777 1.915 2.130 2.219 2.172 2.144 1.999 2.186 2.495 2.484 2.204 2.033 1.794 1.532 1.345 1.167 1.196 1.058 0.818 0.795 0.818 0.714 0.495 0.000 0.490 0.550 0.601 0.590 0.745 0.828 0.857 1.034 1.171 1.354 1.263 1.381 1.362 1.505 1.495 1.416 1.505 1.788 1.767 1.791 1.719 1.866 2.060 1.975 2.011 1.803 1.847 1.889 1.583 1.517 1.696 1.592 1.328 1.409 1.648 1.520 1.618 1.390 1.295 1.223 1.247 1.192 1.318 1.341 1.467 1.521 1.981 2.364 3.286 4.161 5.078 6.025 8.001 9.535 10.908 13.035
1.237 1.280 1.133 1.250 1.567 1.475 0.930 0.703 0.664 0.737 0.961 1.110 1.375 1.596 1.788 1.968 2.016 2.036 1.937 1.864 2.032 2.297 2.271 1.979 1.863 1.595 1.396 1.267 0.984 1.082 0.901 0.679 0.755 0.789 0.757 0.553 0.489 0.000 0.491 0.551 0.604 0.640 0.808 0.788 0.895 1.009 1.226 1.121 1.292 1.222 1.483 1.456 1.315 1.454 1.771 1.674 1.763 1.625 1.765 1.930 1.843 1.814 1.668 1.725 1.730 1.463 1.367 1.506 1.442 1.189 1.286 1.500 1.375 1.424 1.311 1.272 1.184 1.258 1.165 1.343 1.247 1.429 1.427 1.912 2.257 3.219 4.170 5.058 6.040 7.990 9.685 10.967 13.069
1.247 1.315 1.211 1.433 1.667 1.522 1.031 0.747 0.673 0.713 0.932 1.058 1.320 1.510 1.608 1.853 1.908 1.886 1.865 1.775 1.920 2.192 2.189 1.880 1.775 1.566 1.332 1.201 0.982 1.043 0.899 0.666 0.728 0.711 0.719 0.564 0.530 0.487 0.000 0.492 0.550 0.659 0.809 0.802 0.948 1.022 1.222 1.108 1.252 1.211 1.411 1.439 1.280 1.401 1.691 1.641 1.653 1.541 1.699 1.845 1.707 1.733 1.507 1.623 1.637 1.403 1.326 1.532 1.417 1.205 1.323 1.542 1.383 1.481 1.355 1.294 1.160 1.240 1.141 1.298 1.257 1.438 1.454 1.908 2.290 3.299 4.241 5.276 6.358 8.369 9.761 11.121 13.164
1.355 1.485 1.356 1.617 1.842 1.647 1.222 0.908 0.819 0.875 1.090 1.337 1.598 1.924 2.092 2.377 2.399 2.294 2.261 2.075 2.274 2.619 2.638 2.373 2.289 2.009 1.774 1.566 1.239 1.225 1.024 0.807 0.807 0.847 0.803 0.634 0.604 0.554 0.492 0.000 0.509 0.640 0.862 0.959 1.135 1.237 1.481 1.468 1.680 1.562 1.843 1.871 1.651 1.766 2.117 2.052 2.174 1.969 2.205 2.424 2.229 2.220 1.919 2.031 2.109 1.842 1.647 1.929 1.852 1.532 1.640 1.938 1.762 1.797 1.600 1.487 1.390 1.430 1.433 1.627 1.593 1.796 1.818 2.232 2.621 3.535 4.410 5.506 6.367 8.332 9.935 11.184 13.417
1.256 1.540 1.446 1.575 1.875 1.800 1.348 1.056 0.939 1.114 1.287 1.490 1.772 2.022 2.122 2.346 2.437 2.403 2.343 2.240 2.379 2.756 2.664 2.354 2.180 1.953 1.688 1.539 1.284 1.359 1.228 1.006 1.012 1.007 0.948 0.722 0.651 0.597 0.574 0.501 0.000 0.561 0.666 0.817 1.095 1.254 1.434 1.284 1.481 1.426 1.650 1.603 1.488 1.629 1.952 1.902 1.982 1.871 2.032 2.272 2.202 2.229 2.067 2.142 2.099 1.851 1.737 1.959 1.808 1.535 1.676 1.892 1.719 1.814 1.593 1.426 1.373 1.298 1.233 1.348 1.395 1.570 1.564 2.036 2.408 3.460 4.445 5.392 6.590 8.343 9.802 11.534 12.998
1.605 1.721 1.695 1.885 2.119 2.154 1.670 1.411 1.354 1.530 1.824 2.064 2.427 2.662 2.929 3.159 3.328 3.158 2.987 2.772 2.799 3.283 3.335 2.868 2.863 2.518 2.241 2.045 1.675 1.866 1.738 1.320 1.452 1.435 1.283 1.113 0.906 0.813 0.775 0.672 0.534 0.000 0.551 0.734 1.131 1.473 1.701 1.457 1.797 1.855 2.143 2.216 2.015 2.159 2.692 2.619 2.761 2.594 2.665 3.059 3.060 3.129 2.949 3.030 3.046 2.596 2.524 2.719 2.574 2.163 2.335 2.557 2.269 2.327 1.915 1.790 1.717 1.752 1.617 1.791 1.616 1.714 1.595 2.036 2.334 3.440 4.308 5.114 6.196 7.793 9.298 10.769 12.348
1.744 1.861 1.837 2.161 2.491 2.253 1.816 1.438 1.404 1.317 1.522 1.559 1.688 1.854 1.987 2.149 2.418 2.296 2.095 1.964 2.053 2.365 2.326 1.940 1.871 1.598 1.525 1.342 1.123 1.385 1.408 1.141 1.409 1.437 1.379 1.279 1.119 0.842 0.846 0.846 0.631 0.516 0.000 0.530 0.820 1.079 1.164 0.937 1.124 1.259 1.427 1.569 1.626 1.787 2.122 2.018 1.922 1.766 1.770 2.034 2.053 2.193 2.068 2.245 2.175 1.902 1.990 2.187 2.000 1.801 2.098 2.260 2.019 2.210 2.019 1.788 1.598 1.556 1.176 1.292 1.124 1.229 1.302 1.789 2.322 3.426 4.403 5.176 6.347 8.323 9.715 10.967 12.889
1.530 1.565 1.556 1.756 2.085 1.881 1.400 1.061 0.989 0.879 1.028 1.075 1.286 1.406 1.585 1.760 1.915 1.843 1.701 1.592 1.675 1.945 1.915 1.656 1.587 1.327 1.168 0.964 0.770 0.924 0.904 0.789 1.046 1.159 1.233 1.079 0.982 0.760 0.816 0.934 0.747 0.638 0.505 0.000 0.502 0.622 0.803 0.691 0.922 0.978 1.177 1.228 1.223 1.377 1.623 1.544 1.504 1.404 1.500 1.698 1.696 1.738 1.614 1.757 1.757 1.436 1.472 1.705 1.477 1.318 1.538 1.707 1.504 1.701 1.603 1.406 1.269 1.166 0.988 1.049 0.952 1.061 1.076 1.580 2.055 3.066 3.947 4.845 6.014 8.121 9.676 10.885 12.516
1.697 1.714 1.820 2.099 2.348 2.146 1.737 1.352 1.247 1.015 1.051 1.051 1.118 1.246 1.533 1.742 1.850 1.692 1.565 1.366 1.520 1.798 1.829 1.530 1.524 1.290 1.099 0.839 0.668 0.741 0.812 0.852 1.199 1.339 1.522 1.381 1.267 0.991 1.020 1.187 1.013 0.835 0.659 0.505 0.000 0.492 0.610 0.597 0.862 1.005 1.224 1.330 1.348 1.540 1.776 1.742 1.664 1.514 1.589 1.736 1.733 1.768 1.596 1.792 1.850 1.508 1.603 1.849 1.732 1.535 1.826 2.009 1.787 2.009 1.871 1.631 1.479 1.321 1.143 1.113 0.957 1.029 1.042 1.519 1.991 2.953 3.917 4.847 5.921 7.888 9.224 10.749 12.515
1.789 1.819 1.787 2.043 2.238 2.022 1.524 1.235 1.113 0.895 0.881 0.877 0.943 1.087 1.273 1.462 1.578 1.502 1.367 1.241 1.421 1.675 1.608 1.333 1.298 1.100 0.931 0.741 0.601 0.640 0.708 0.759 1.027 1.176 1.389 1.264 1.249 1.001 1.009 1.202 1.131 1.042 0.891 0.652 0.497 0.000 0.509 0.560 0.765 0.917 1.143 1.285 1.285 1.512 1.719 1.645 1.546 1.329 1.411 1.502 1.515 1.511 1.339 1.502 1.574 1.322 1.347 1.619 1.531 1.394 1.598 1.790 1.689 1.850 1.785 1.653 1.478 1.439 1.188 1.187 0.977 1.021 1.009 1.500 1.922 2.977 3.936 4.872 5.992 7.857 9.355 10.898 13.020
2.132 2.333 2.247 2.571 2.670 2.378 1.980 1.625 1.420 1.111 1.102 1.103 1.224 1.373 1.626 1.853 2.066 1.990 1.806 1.615 1.730 2.044 1.943 1.568 1.518 1.202 1.086 0.800 0.668 0.724 0.786 0.898 1.181 1.364 1.650 1.554 1.659 1.313 1.322 1.624 1.545 1.413 1.217 0.863 0.664 0.511 0.000 0.517 0.665 0.935 1.136 1.473 1.660 1.882 2.084 1.965 1.725 1.608 1.421 1.646 1.838 1.933 1.822 2.050 2.117 1.750 1.851 2.164 2.053 1.876 2.133 2.422 2.219 2.522 2.417 2.227 1.935 1.777 1.444 1.298 0.968 0.881 0.961 1.454 2.009 3.125 4.107 5.050 6.156 8.001 9.692 10.840 12.832
1.637 1.786 1.810 2.223 2.354 2.036 1.538 1.210 1.103 0.937 0.904 0.850 0.902 0.952 1.072 1.253 1.418 1.405 1.314 1.212 1.402 1.607 1.495 1.197 1.095 0.843 0.714 0.585 0.619 0.725 0.820 0.863 1.104 1.271 1.468 1.311 1.270 1.043 1.103 1.299 1.165 1.105 0.946 0.709 0.586 0.570 0.502 0.000 0.500 0.596 0.766 0.957 1.063 1.282 1.398 1.308 1.102 1.002 0.982 1.139 1.165 1.231 1.209 1.313 1.298 1.119 1.215 1.375 1.295 1.210 1.450 1.593 1.542 1.753 1.720 1.578 1.344 1.220 0.972 0.915 0.711 0.712 0.813 1.323 1.918 2.909 3.874 4.611 5.793 7.654 9.256 10.348 11.936
1.841 2.022 2.028 2.410 2.564 2.360 1.812 1.504 1.514 1.244 1.202 0.997 1.072 1.119 1.205 1.469 1.632 1.654 1.542 1.351 1.514 1.812 1.766 1.350 1.269 0.915 0.778 0.670 0.738 0.964 1.152 1.224 1.590 1.759 1.992 1.756 1.680 1.387 1.568 1.761 1.555 1.545 1.254 0.955 0.840 0.820 0.670 0.508 0.000 0.509 0.639 0.764 0.887 1.136 1.252 1.107 0.992 0.881 1.010 1.235 1.244 1.380 1.316 1.438 1.321 1.083 1.271 1.423 1.198 1.225 1.489 1.587 1.479 1.799 1.872 1.730 1.367 1.213 0.904 0.828 0.651 0.677 0.758 1.345 1.877 2.936 3.888 4.721 5.861 7.775 9.448 10.625 12.471
1.480 1.457 1.459 1.846 2.106 1.833 1.338 1.054 1.069 0.922 0.892 0.757 0.820 0.810 0.841 0.970 1.139 1.194 1.082 1.106 1.266 1.453 1.322 1.044 0.918 0.702 0.582 0.569 0.634 0.819 0.930 0.953 1.189 1.354 1.501 1.310 1.204 1.022 1.160 1.289 1.198 1.217 1.030 0.836 0.845 0.818 0.768 0.581 0.496 0.000 0.494 0.537 0.634 0.803 0.897 0.797 0.669 0.611 0.717 0.884 0.842 0.932 0.938 1.022 0.944 0.807 0.925 0.993 0.871 0.843 1.053 1.164 1.074 1.306 1.320 1.162 0.973 0.863 0.657 0.597 0.558 0.656 0.879 1.408 1.919 2.903 3.809 4.914 5.963 8.082 9.705 11.158 12.572
1.546 1.588 1.623 2.005 2.150 1.933 1.475 1.233 1.215 1.045 1.030 0.919 0.995 0.994 0.988 1.119 1.321 1.333 1.311 1.277 1.483 1.687 1.530 1.191 1.054 0.858 0.737 0.743 0.775 0.969 1.051 1.075 1.291 1.464 1.598 1.402 1.316 1.150 1.230 1.374 1.262 1.268 1.112 0.894 0.957 0.947 0.887 0.721 0.597 0.490 0.000 0.496 0.592 0.767 0.844 0.689 0.587 0.625 0.734 0.907 0.924 1.065 1.070 1.141 1.036 0.891 1.019 1.110 0.944 0.956 1.157 1.229 1.141 1.391 1.395 1.268 1.023 0.896 0.668 0.575 0.585 0.719 0.969 1.458 2.021 3.038 3.871 4.816 6.252 8.255 9.689 11.059 12.720
1.319 1.372 1.336 1.724 1.951 1.771 1.307 1.066 1.195 1.137 1.170 1.024 1.116 1.077 1.018 1.115 1.310 1.384 1.306 1.360 1.485 1.684 1.473 1.185 1.054 0.895 0.824 0.889 0.926 1.178 1.241 1.241 1.409 1.581 1.613 1.385 1.218 1.106 1.292 1.361 1.219 1.316 1.151 0.997 1.135 1.153 1.103 0.880 0.719 0.550 0.492 0.000 0.489 0.555 0.667 0.587 0.549 0.583 0.704 0.880 0.878 1.023 1.053 1.104 0.934 0.815 0.932 0.955 0.748 0.771 0.939 0.997 0.821 1.064 1.081 0.996 0.739 0.692 0.567 0.585 0.675 0.806 1.032 1.525 2.070 3.078 4.134 5.094 6.275 8.293 9.863 11.368 13.034
1.381 1.384 1.357 1.657 1.840 1.708 1.234 1.019 1.131 1.109 1.109 1.018 1.150 1.119 1.049 1.153 1.321 1.443 1.396 1.462 1.647 1.818 1.614 1.334 1.147 0.975 0.876 0.958 0.940 1.174 1.239 1.161 1.353 1.523 1.554 1.327 1.188 1.065 1.261 1.339 1.199 1.293 1.168 1.019 1.159 1.202 1.187 0.981 0.858 0.636 0.585 0.493 0.000 0.499 0.658 0.556 0.565 0.607 0.774 0.936 0.893 1.036 1.055 1.114 0.946 0.822 0.914 0.933 0.769 0.691 0.898 0.941 0.758 1.009 1.052 0.941 0.723 0.660 0.571 0.640 0.767 0.970 1.196 1.727 2.168 3.228 4.143 5.201 6.271 8.284 10.093 11.320 13.109
1.501 1.507 1.665 1.898 2.320 2.146 1.595 1.377 1.480 1.466 1.506 1.454 1.598 1.640 1.592 1.759 2.012 2.078 2.060 2.030 2.213 2.514 2.332 1.966 1.741 1.495 1.300 1.351 1.377 1.579 1.703 1.621 1.775 1.939 2.040 1.754 1.536 1.462 1.678 1.763 1.614 1.790 1.620 1.469 1.645 1.723 1.703 1.436 1.313 0.997 1.042 0.719 0.520 0.000 0.676 0.644 0.855 0.972 1.271 1.477 1.369 1.555 1.543 1.648 1.375 1.160 1.339 1.348 1.053 1.016 1.311 1.305 0.991 1.300 1.316 1.135 0.851 0.778 0.725 0.955 1.202 1.463 1.738 2.211 2.753 3.638 4.607 5.602 6.573 8.531 9.787 11.327 13.416
1.666 1.753 1.864 2.432 2.799 2.744 2.141 1.863 2.222 2.170 2.480 2.292 2.584 2.499 2.181 2.096 2.512 2.920 2.800 3.036 3.036 3.379 2.989 2.598 2.280 2.064 2.003 2.334 2.224 2.725 2.814 2.500 2.752 2.991 2.799 2.457 1.999 1.985 2.403 2.264 2.024 2.400 2.228 2.094 2.496 2.752 2.683 2.318 2.053 1.644 1.382 0.941 0.711 0.538 0.000 0.548 0.787 1.121 1.447 1.534 1.547 1.960 2.175 2.198 1.736 1.631 1.979 1.785 1.310 1.496 1.845 1.651 1.272 1.530 1.535 1.281 1.080 0.979 1.148 1.419 1.751 2.156 2.515 3.072 3.663 4.564 5.557 6.519 7.352 9.371 10.622 12.101 13.751
1.707 1.719 1.776 2.159 2.420 2.293 1.716 1.494 1.697 1.552 1.546 1.359 1.388 1.322 1.158 1.211 1.412 1.544 1.509 1.638 1.786 1.892 1.659 1.398 1.180 1.080 1.026 1.221 1.278 1.584 1.754 1.782 1.955 2.195 2.194 2.001 1.735 1.552 1.884 1.930 1.813 1.922 1.754 1.462 1.707 1.696 1.580 1.308 1.107 0.860 0.753 0.601 0.596 0.590 0.514 0.000 0.497 0.566 0.720 0.908 0.923 1.140 1.216 1.314 1.058 0.940 1.179 1.176 0.908 0.978 1.238 1.258 1.072 1.325 1.407 1.245 0.989 0.918 0.853 0.935 1.085 1.309 1.603 2.064 2.554 3.572 4.500 5.550 6.628 8.748 10.147 11.418 13.269
1.848 1.949 1.862 2.281 2.427 2.246 1.713 1.479 1.609 1.431 1.413 1.191 1.222 1.094 0.972 1.061 1.271 1.360 1.352 1.432 1.608 1.754 1.568 1.255 1.078 0.940 0.892 1.071 1.142 1.382 1.631 1.589 1.857 2.095 2.154 1.939 1.720 1.478 1.838 1.868 1.702 1.771 1.544 1.333 1.463 1.510 1.343 1.107 0.965 0.758 0.619 0.602 0.634 0.777 0.681 0.495 0.000 0.498 0.565 0.801 0.775 0.975 1.054 1.169 0.968 0.891 1.096 1.115 0.928 1.016 1.264 1.319 1.161 1.503 1.589 1.450 1.170 1.060 0.885 0.913 0.952 1.120 1.347 1.852 2.352 3.375 4.420 5.424 6.442 8.511 10.060 11.540 13.308
1.964 1.979 2.028 2.450 2.639 2.374 1.846 1.605 1.687 1.541 1.400 1.180 1.157 1.033 0.883 0.978 1.210 1.319 1.243 1.400 1.555 1.680 1.461 1.199 0.955 0.861 0.811 1.037 1.196 1.405 1.583 1.688 1.930 2.152 2.330 2.052 1.853 1.677 1.905 1.998 1.873 1.968 1.699 1.481 1.562 1.527 1.364 1.216 0.961 0.832 0.671 0.632 0.735 0.918 0.875 0.597 0.499 0.000 0.523 0.717 0.716 0.867 0.969 1.104 0.946 0.822 1.087 1.123 0.896 1.064 1.318 1.353 1.285 1.570 1.754 1.553 1.282 1.130 1.007 0.991 1.011 1.198 1.445 1.950 2.439 3.434 4.340 5.307 6.455 8.222 10.027 11.735 13.184
2.330 2.426 2.328 2.852 2.940 2.725 2.217 2.010 2.274 2.100 2.040 1.688 1.708 1.479 1.137 1.168 1.471 1.699 1.655 1.925 2.081 2.104 1.716 1.449 1.069 1.077 1.110 1.544 1.741 2.132 2.310 2.343 2.599 2.884 3.077 2.626 2.363 2.192 2.678 2.673 2.490 2.653 2.350 2.090 2.219 2.237 2.027 1.802 1.343 1.075 0.884 0.893 1.003 1.225 1.252 0.913 0.677 0.509 0.000 0.609 0.848 1.154 1.435 1.549 1.304 1.152 1.455 1.478 1.224 1.356 1.596 1.601 1.583 1.887 2.010 1.964 1.642 1.622 1.375 1.391 1.408 1.577 1.956 2.361 2.819 3.878 4.831 5.815 7.012 8.914 10.667 11.650 13.617
3.028 3.365 3.434 3.707 3.905 3.554 3.043 2.678 2.966 2.522 2.389 1.931 1.871 1.524 1.086 1.014 1.278 1.687 1.697 2.030 2.212 2.323 1.950 1.564 1.161 1.210 1.309 1.689 1.948 2.347 2.779 2.847 3.124 3.524 3.709 3.389 3.182 2.857 3.151 3.331 2.989 3.012 2.539 2.330 2.391 2.440 2.176 1.902 1.464 1.348 1.066 1.251 1.582 1.912 1.840 1.480 1.064 0.842 0.552 0.000 0.653 0.909 1.389 1.494 1.338 1.357 1.808 1.820 1.729 1.890 2.309 2.393 2.338 3.064 3.078 2.821 2.388 2.128 1.759 1.515 1.575 1.581 1.929 2.512 3.017 4.050 5.090 6.001 7.212 9.167 10.805 12.180 13.860
2.334 2.239 2.199 2.545 2.640 2.393 1.910 1.713 1.853 1.641 1.436 1.213 1.117 0.932 0.643 0.679 0.835 1.035 1.128 1.345 1.615 1.692 1.473 1.190 0.891 0.903 0.905 1.222 1.354 1.535 1.801 1.923 2.078 2.326 2.486 2.206 2.040 1.914 2.173 2.253 2.170 2.261 2.022 1.784 1.915 1.776 1.645 1.460 1.204 1.072 0.967 1.004 1.145 1.367 1.401 1.066 0.874 0.722 0.716 0.519 0.000 0.499 0.640 0.763 0.705 0.711 0.942 1.027 1.008 1.163 1.340 1.478 1.514 1.836 1.964 1.869 1.632 1.567 1.363 1.317 1.327 1.439 1.700 2.182 2.643 3.577 4.532 5.479 6.527 8.480 9.966 11.494 13.111
1.968 1.930 1.747 2.034 2.090 1.906 1.485 1.304 1.336 1.163 1.006 0.866 0.794 0.719 0.587 0.627 0.701 0.830 0.932 1.053 1.294 1.438 1.279 1.043 0.835 0.856 0.793 0.953 1.024 1.099 1.202 1.325 1.439 1.651 1.818 1.609 1.540 1.449 1.611 1.743 1.737 1.786 1.689 1.418 1.500 1.319 1.293 1.236 1.079 0.998 0.993 1.052 1.058 1.266 1.326 1.068 0.933 0.764 0.816 0.696 0.493 0.000 0.490 0.538 0.549 0.550 0.628 0.771 0.831 0.914 1.000 1.202 1.226 1.568 1.647 1.635 1.386 1.430 1.231 1.301 1.265 1.380 1.542 1.970 2.389 3.352 4.263 5.294 6.392 8.364 9.867 11.323 12.958
1.921 1.946 1.631 1.924 2.052 1.805 1.375 1.179 1.227 1.059 0.959 0.822 0.758 0.645 0.619 0.648 0.688 0.854 0.873 0.992 1.256 1.368 1.199 1.042 0.835 0.852 0.753 0.881 0.981 1.038 1.176 1.287 1.415 1.645 1.842 1.525 1.456 1.338 1.522 1.684 1.627 1.680 1.586 1.334 1.441 1.279 1.218 1.153 1.028 0.950 1.006 1.030 0.987 1.194 1.292 1.067 0.986 0.823 0.922 0.830 0.573 0.489 0.000 0.489 0.518 0.525 0.529 0.633 0.727 0.735 0.829 1.044 1.089 1.349 1.445 1.456 1.264 1.340 1.155 1.243 1.182 1.314 1.496 1.891 2.365 3.325 4.163 5.212 6.087 8.240 9.858 11.013 13.093
2.144 2.054 1.818 2.163 2.292 2.131 1.620 1.517 1.635 1.498 1.222 1.069 0.922 0.864 0.742 0.807 0.841 0.916 1.015 1.139 1.398 1.525 1.386 1.265 1.050 1.093 0.980 1.174 1.299 1.352 1.563 1.730 1.918 2.131 2.226 1.991 1.882 1.819 2.015 2.115 2.103 2.131 2.114 1.794 1.859 1.682 1.571 1.595 1.344 1.233 1.316 1.233 1.130 1.253 1.366 1.146 1.218 0.993 1.155 1.043 0.732 0.539 0.489 0.000 0.492 0.561 0.591 0.583 0.677 0.833 0.853 0.977 1.095 1.391 1.537 1.592 1.403 1.540 1.416 1.585 1.607 1.749 1.936 2.300 2.743 3.659 4.490 5.481 6.608 8.613 10.022 11.482 13.646
1.732 1.642 1.513 1.890 2.038 1.895 1.396 1.199 1.324 1.201 1.091 0.917 0.921 0.825 0.728 0.797 0.825 0.955 1.075 1.189 1.416 1.543 1.408 1.174 0.966 0.959 0.836 0.990 1.052 1.165 1.333 1.405 1.556 1.832 1.864 1.631 1.458 1.365 1.607 1.653 1.570 1.664 1.501 1.327 1.446 1.402 1.330 1.220 1.077 0.898 0.939 0.875 0.808 0.962 1.117 0.881 0.892 0.746 0.898 0.852 0.614 0.532 0.512 0.488 0.000 0.488 0.518 0.538 0.528 0.607 0.712 0.863 0.890 1.186 1.317 1.253 1.047 1.083 0.985 1.087 1.115 1.309 1.486 1.928 2.345 3.274 4.264 5.335 6.492 8.668 9.993 11.682 13.266
1.593 1.487 1.291 1.653 1.867 1.677 1.199 1.004 1.104 1.023 0.942 0.838 0.860 0.817 0.716 0.780 0.844 0.955 1.030 1.124 1.424 1.575 1.395 1.205 0.966 0.936 0.784 0.916 0.938 1.084 1.195 1.197 1.349 1.585 1.602 1.358 1.241 1.152 1.379 1.446 1.407 1.519 1.419 1.227 1.304 1.283 1.272 1.169 1.039 0.879 0.925 0.883 0.811 0.994 1.161 0.955 0.892 0.765 0.891 0.830 0.615 0.549 0.517 0.507 0.487 0.000 0.488 0.519 0.532 0.538 0.625 0.809 0.839 1.147 1.223 1.228 1.010 1.090 0.963 1.088 1.114 1.307 1.463 1.944 2.433 3.419 4.296 5.337 6.311 8.486 10.028 11.344 13.503
1.722 1.548 1.410 1.715 1.859 1.723 1.226 1.105 1.220 1.108 1.005 0.870 0.852 0.802 0.726 0.819 0.896 1.003 1.061 1.136 1.371 1.503 1.335 1.143 0.992 0.901 0.764 0.907 0.985 1.119 1.306 1.336 1.478 1.728 1.750 1.478 1.376 1.330 1.542 1.594 1.572 1.628 1.566 1.344 1.418 1.357 1.276 1.186 1.025 0.891 0.974 0.940 0.851 1.036 1.198 1.010 0.970 0.789 0.939 0.905 0.659 0.604 0.528 0.526 0.512 0.487 0.000 0.490 0.518 0.539 0.567 0.692 0.816 1.087 1.181 1.256 1.069 1.149 1.033 1.134 1.166 1.304 1.491 1.883 2.339 3.296 4.161 5.186 6.329 8.325 9.999 11.403 13.414
1.882 1.745 1.557 1.961 2.115 1.970 1.402 1.324 1.450 1.368 1.177 1.051 1.048 1.018 0.933 1.081 1.052 1.137 1.267 1.352 1.675 1.844 1.675 1.562 1.261 1.214 1.058 1.213 1.270 1.341 1.543 1.636 1.807 2.062 2.133 1.807 1.708 1.616 1.894 1.990 1.947 2.075 1.920 1.690 1.804 1.681 1.604 1.563 1.319 1.176 1.204 1.098 0.931 1.047 1.192 0.987 1.087 0.951 1.177 1.188 0.875 0.765 0.632 0.566 0.567 0.538 0.490 0.000 0.491 0.555 0.605 0.678 0.790 1.099 1.270 1.305 1.137 1.252 1.195 1.344 1.453 1.682 1.903 2.278 2.818 3.697 4.541 5.526 6.567 8.712 10.127 11.649 13.657
1.452 1.357 1.235 1.631 1.861 1.707 1.203 1.000 1.159 1.081 1.037 0.918 0.995 0.974 0.867 0.987 1.049 1.150 1.240 1.303 1.591 1.753 1.557 1.351 1.150 1.041 0.906 1.018 1.015 1.153 1.274 1.260 1.420 1.662 1.668 1.396 1.248 1.176 1.421 1.449 1.351 1.510 1.387 1.197 1.344 1.341 1.327 1.164 1.079 0.879 0.947 0.837 0.688 0.895 1.034 0.853 0.918 0.793 0.991 1.015 0.787 0.715 0.671 0.591 0.531 0.518 0.504 0.488 0.000 0.488 0.531 0.623 0.623 0.971 1.087 1.055 0.878 0.946 0.877 1.025 1.083 1.295 1.480 1.932 2.356 3.331 4.247 5.201 6.261 8.520 9.876 11.363 13.466
1.468 1.397 1.404 1.514 1.757 1.591 1.143 0.935 1.062 1.014 1.007 0.896 1.000 1.005 0.921 1.035 1.146 1.253 1.265 1.386 1.627 1.802 1.620 1.370 1.145 1.044 0.897 1.010 0.970 1.145 1.244 1.205 1.380 1.551 1.571 1.330 1.187 1.125 1.328 1.419 1.372 1.486 1.410 1.216 1.336 1.316 1.312 1.169 1.041 0.865 0.945 0.860 0.712 0.883 1.046 0.861 0.879 0.796 0.985 1.028 0.805 0.779 0.730 0.685 0.591 0.537 0.539 0.515 0.489 0.000 0.492 0.606 0.623 0.990 1.044 1.063 0.909 0.976 0.876 1.007 1.063 1.279 1.486 1.951 2.381 3.427 4.284 5.398 6.432 8.398 10.060 11.387 13.374
1.753 1.678 1.528 1.804 2.021 1.923 1.362 1.207 1.408 1.303 1.273 1.109 1.252 1.250 1.156 1.366 1.445 1.531 1.558 1.610 1.826 2.021 1.913 1.622 1.411 1.241 1.060 1.234 1.229 1.498 1.684 1.654 1.854 2.118 2.132 1.790 1.595 1.564 1.900 1.968 1.870 2.004 1.881 1.630 1.699 1.668 1.585 1.481 1.267 1.061 1.185 1.117 0.945 1.153 1.384 1.167 1.256 1.014 1.253 1.326 1.085 1.048 0.966 0.906 0.825 0.659 0.622 0.592 0.564 0.493 0.000 0.516 0.654 1.046 1.196 1.317 1.122 1.271 1.130 1.325 1.362 1.567 1.771 2.170 2.658 3.559 4.424 5.429 6.490 8.412 10.008 11.446 13.292
2.353 2.323 1.934 2.444 2.611 2.472 1.826 1.778 2.102 2.044 1.748 1.683 1.792 1.840 1.809 2.193 2.033 2.119 2.352 2.437 2.767 3.040 2.960 2.721 2.409 2.208 1.901 2.069 2.030 2.216 2.398 2.495 2.622 3.107 3.155 2.613 2.428 2.366 2.855 2.991 2.893 3.269 3.044 2.620 2.943 2.694 2.716 2.586 2.325 2.023 2.155 1.880 1.439 1.450 1.761 1.676 1.955 1.753 2.206 2.298 1.831 1.614 1.388 1.249 1.318 1.130 0.847 0.840 0.899 0.755 0.543 0.000 0.629 1.113 1.439 1.549 1.423 1.741 1.854 2.262 2.467 2.785 3.123 3.549 4.188 5.000 5.876 6.813 7.866 9.752 11.126 12.799 14.592
2.111 1.942 1.898 2.698 3.018 2.826 2.119 1.805 2.326 2.362 2.478 2.291 2.626 2.742 2.527 2.899 2.804 2.931 3.352 3.322 3.619 4.060 3.927 3.634 3.066 2.746 2.345 2.606 2.467 2.871 2.969 2.785 3.088 3.384 3.405 2.769 2.382 2.349 2.847 2.859 2.477 3.006 2.607 2.537 2.972 3.085 3.176 2.657 2.599 2.151 2.325 1.885 1.446 1.406 1.856 1.826 2.083 1.976 2.595 2.759 2.340 2.372 2.344 1.842 1.820 1.723 1.511 1.226 1.120 1.040 0.897 0.550 0.000 0.927 1.285 1.327 1.184 1.513 1.750 2.050 2.420 2.890 3.191 3.677 4.156 5.026 6.083 6.849 7.961 9.783 11.190 12.709 14.339
2.109 1.523 1.450 2.152 2.631 2.824 2.173 2.098 2.618 2.873 3.198 3.151 3.511 3.625 3.173 3.177 3.637 4.064 4.006 4.397 4.586 4.938 4.540 4.254 3.417 3.286 2.938 3.395 3.251 3.856 3.895 3.541 3.561 3.867 3.677 2.990 2.384 2.631 3.248 2.892 2.710 3.514 3.301 3.183 3.719 4.156 4.199 3.602 3.191 2.712 2.630 2.279 1.656 1.730 2.228 1.876 2.222 2.170 2.752 2.903 2.348 2.610 2.851 2.543 2.014 2.124 2.205 1.677 1.356 1.485 1.431 1.027 0.677 0.000 0.544 0.937 1.339 1.821 2.197 2.612 3.004 3.587 4.148 4.624 5.155 6.192 7.121 7.837 8.842 10.651 11.756 13.271 15.770
1.509 1.278 1.284 1.926 2.383 2.460 1.847 1.787 2.211 2.386 2.784 3.055 3.289 3.543 3.490 3.923 3.988 4.069 4.033 4.057 4.312 4.696 4.667 4.323 3.885 3.420 3.231 3.207 3.057 3.325 3.200 2.945 2.913 3.029 2.858 2.383 1.828 2.026 2.358 2.201 1.956 2.355 2.326 2.484 2.959 3.240 3.534 3.183 3.024 2.642 2.759 2.435 1.865 1.736 2.355 2.316 2.719 2.674 3.213 3.530 3.223 3.223 3.018 2.858 2.654 2.501 2.419 2.072 1.784 1.659 1.682 1.349 1.025 0.537 0.000 0.585 1.036 1.513 1.891 2.393 2.747 3.274 3.502 3.978 4.418 5.306 6.145 7.023 7.952 9.678 11.166 12.343 14.685
1.180 0.989 1.206 1.664 1.978 2.044 1.509 1.336 1.660 1.819 2.136 2.223 2.537 2.709 2.674 2.884 3.186 3.213 3.151 3.144 3.325 3.585 3.526 3.125 2.831 2.432 2.214 2.364 2.152 2.489 2.447 2.131 2.264 2.411 2.295 1.863 1.482 1.561 1.942 1.857 1.656 2.002 1.884 1.857 2.234 2.453 2.548 2.101 2.052 1.731 1.676 1.456 1.186 1.111 1.463 1.628 1.812 1.866 2.155 2.503 2.356 2.606 2.463 2.405 2.203 1.962 1.990 1.915 1.602 1.382 1.543 1.499 1.074 0.881 0.528 0.000 0.548 0.818 1.022 1.405 1.726 2.040 2.394 2.866 3.332 4.215 5.178 6.303 7.090 9.045 10.327 11.570 13.513
1.038 0.994 1.133 1.512 1.828 1.824 1.379 1.129 1.383 1.454 1.692 1.753 2.036 2.068 2.067 2.263 2.469 2.527 2.419 2.436 2.560 2.696 2.616 2.291 2.104 1.786 1.645 1.686 1.585 1.870 1.902 1.650 1.825 2.020 1.966 1.572 1.278 1.290 1.556 1.564 1.386 1.586 1.488 1.376 1.619 1.829 1.800 1.511 1.467 1.208 1.194 1.027 0.872 0.857 1.177 1.258 1.348 1.437 1.657 1.904 1.867 2.041 1.964 2.005 1.764 1.500 1.534 1.525 1.286 1.120 1.256 1.239 0.955 0.927 0.747 0.522 0.000 0.515 0.700 0.936 1.140 1.398 1.652 2.126 2.637 3.652 4.572 5.477 6.541 8.546 10.149 11.480 13.269
1.371 1.255 1.354 1.787 2.099 2.056 1.558 1.285 1.499 1.470 1.617 1.534 1.721 1.700 1.661 1.818 2.071 2.140 2.022 2.051 2.097 2.342 2.199 1.826 1.672 1.396 1.303 1.382 1.346 1.670 1.797 1.590 1.850 2.005 1.952 1.706 1.398 1.295 1.568 1.575 1.355 1.519 1.320 1.264 1.447 1.641 1.513 1.255 1.115 0.925 0.907 0.803 0.670 0.690 0.985 1.015 1.104 1.111 1.283 1.531 1.511 1.687 1.700 1.734 1.544 1.336 1.437 1.449 1.171 1.112 1.308 1.292 1.010 1.106 1.029 0.793 0.506 0.000 0.516 0.721 0.898 1.101 1.374 1.863 2.412 3.379 4.413 5.452 6.383 8.598 9.889 11.068 12.674
1.203 1.472 1.412 1.718 2.031 1.917 1.358 1.080 1.221 1.166 1.212 1.144 1.322 1.332 1.292 1.391 1.586 1.678 1.599 1.649 1.795 1.980 1.812 1.512 1.330 1.128 1.011 1.095 1.074 1.282 1.361 1.280 1.475 1.696 1.737 1.443 1.231 1.109 1.315 1.387 1.221 1.293 1.111 1.003 1.162 1.264 1.263 0.977 0.904 0.683 0.724 0.621 0.597 0.696 0.953 0.874 0.876 0.906 1.023 1.207 1.171 1.245 1.277 1.318 1.189 1.026 1.126 1.171 1.000 0.908 1.105 1.203 1.023 1.183 1.158 0.945 0.693 0.502 0.000 0.505 0.645 0.902 1.137 1.659 2.162 3.123 4.088 5.069 6.110 8.400 9.950 11.083 12.859
1.433 1.526 1.553 1.998 2.248 2.128 1.658 1.359 1.484 1.343 1.409 1.224 1.390 1.344 1.319 1.505 1.679 1.724 1.664 1.672 1.762 1.970 1.843 1.493 1.362 1.116 1.015 1.072 1.081 1.408 1.521 1.483 1.768 1.971 1.999 1.756 1.503 1.309 1.550 1.618 1.361 1.452 1.165 1.054 1.200 1.331 1.202 0.898 0.751 0.613 0.616 0.624 0.658 0.842 1.023 0.954 0.918 0.905 1.028 1.246 1.212 1.386 1.374 1.449 1.335 1.112 1.268 1.292 1.084 1.057 1.287 1.349 1.146 1.387 1.413 1.220 0.914 0.721 0.505 0.000 0.508 0.681 0.957 1.495 2.041 3.099 4.040 5.038 6.204 8.516 9.653 11.095 12.725
1.597 1.761 1.803 2.276 2.595 2.394 1.871 1.481 1.614 1.533 1.548 1.323 1.499 1.414 1.475 1.630 1.902 1.871 1.685 1.636 1.717 1.924 1.861 1.506 1.450 1.158 1.070 1.077 1.106 1.422 1.579 1.666 1.909 2.169 2.198 1.943 1.657 1.460 1.695 1.784 1.534 1.566 1.229 1.051 1.174 1.273 1.114 0.854 0.735 0.666 0.715 0.807 0.888 1.003 1.227 1.173 1.125 1.127 1.197 1.465 1.477 1.584 1.552 1.778 1.562 1.300 1.502 1.605 1.332 1.306 1.562 1.639 1.378 1.635 1.648 1.404 1.134 0.930 0.678 0.515 0.000 0.509 0.833 1.321 1.893 2.956 3.767 4.619 5.858 7.907 9.826 11.056 12.939
2.230 2.422 2.403 2.870 3.057 2.876 2.235 1.920 2.042 1.777 1.812 1.595 1.810 1.765 1.845 2.188 2.432 2.386 2.245 2.141 2.187 2.478 2.485 1.898 1.850 1.414 1.231 1.213 1.287 1.657 1.863 1.838 2.336 2.621 2.713 2.473 2.272 1.860 2.225 2.352 2.029 1.969 1.580 1.281 1.293 1.415 1.206 0.851 0.751 0.783 0.906 1.105 1.217 1.416 1.611 1.543 1.468 1.365 1.453 1.836 1.826 2.056 1.913 2.089 1.975 1.632 1.799 1.906 1.664 1.614 1.911 1.971 1.805 2.165 2.180 2.035 1.617 1.485 1.079 0.902 0.527 0.000 0.525 1.030 1.687 2.865 3.876 4.716 5.867 7.980 9.673 11.052 12.802
3.561 4.161 4.279 4.764 5.177 4.590 3.945 3.340 3.328 2.680 2.830 2.441 2.825 2.759 2.983 3.330 3.822 3.545 3.355 2.958 2.930 3.481 3.471 2.861 2.807 2.111 2.061 1.835 1.844 2.355 2.550 2.581 3.440 3.601 3.819 3.695 3.574 2.790 2.995 3.505 2.896 2.711 2.099 1.786 1.509 1.797 1.519 1.079 1.161 1.484 1.465 1.794 2.241 2.536 2.563 2.590 2.188 2.290 2.134 2.696 2.976 3.307 3.283 3.594 3.324 2.820 3.214 3.549 3.147 3.003 3.695 3.774 3.449 4.047 4.137 3.736 2.999 2.538 1.904 1.509 1.086 0.552 0.000 0.635 1.381 2.500 3.414 4.484 5.735 7.408 9.586 10.904 12.902
5.010 5.605 5.578 6.633 7.207 6.872 5.715 4.764 5.433 4.642 4.796 4.347 5.069 5.095 5.446 6.223 7.361 6.685 5.934 5.267 5.074 5.658 5.977 4.995 5.189 3.800 3.682 3.198 3.020 4.128 4.780 4.803 5.819 6.471 6.948 6.155 5.246 4.592 5.298 5.850 4.758 4.420 3.508 2.666 2.856 3.140 2.608 1.866 2.173 2.660 3.050 3.618 3.638 4.172 4.804 4.640 4.673 4.341 4.359 5.166 5.516 6.290 5.745 6.523 6.278 4.995 5.458 5.824 5.164 4.751 5.627 5.862 5.092 5.865 5.649 5.239 4.248 4.072 2.901 2.788 1.914 1.367 0.654 0.000 0.693 1.683 2.725 3.711 5.048 7.070 8.901 10.389 12.238
9.175 10.380 10.527 11.914 12.372 11.841 10.409 9.088 9.867 8.063 8.257 6.774 7.150 6.832 6.711 7.069 8.747 8.701 7.620 7.094 6.476 7.558 7.681 6.043 5.906 4.490 4.850 4.967 5.384 6.629 7.935 7.969 10.017 10.498 11.460 10.954 9.870 8.496 9.449 10.298 8.516 8.195 6.995 5.721 5.145 5.564 4.469 3.576 3.293 4.019 3.949 4.902 5.959 6.714 7.234 6.310 5.486 5.224 4.745 5.588 5.777 7.085 7.584 8.444 7.304 6.542 7.961 8.194 7.274 7.608 9.180 9.202 8.833 10.180 10.556 10.100 8.339 7.692 6.026 4.738 3.626 2.510 1.798 0.721 0.000 0.720 1.587 2.515 4.181 6.065 7.899 9.148 11.202
9.569 11.130 11.480 13.088 13.857 13.397 11.931 10.395 11.135 9.692 9.919 8.842 8.950 8.932 9.388 10.220 11.417 10.776 9.556 8.920 8.265 9.311 9.597 7.977 8.418 6.898 7.047 6.468 7.048 8.612 9.705 9.768 11.443 11.950 12.996 12.065 11.033 9.630 10.434 11.350 9.426 8.854 7.197 6.215 5.697 6.551 4.911 4.201 4.471 5.346 5.854 6.772 7.525 8.054 8.623 8.500 7.834 7.873 6.976 8.269 9.206 10.464 10.066 11.215 10.418 9.327 10.397 10.513 9.733 9.416 11.023 10.965 10.161 11.283 11.366 10.635 9.085 8.182 6.775 5.551 4.084 3.466 2.558 1.491 0.648 0.000 0.650 1.555 2.858 4.654 6.855 8.056 9.896
10.981 12.153 12.338 13.520 14.351 13.460 12.358 11.151 11.344 9.983 10.071 9.105 9.585 9.453 10.243 11.300 12.385 11.805 10.236 9.941 8.666 10.174 10.731 8.983 9.258 7.508 7.693 6.851 7.575 8.538 9.410 9.791 11.229 11.820 13.036 12.070 11.474 9.967 10.504 11.836 10.196 9.569 8.050 7.102 6.348 6.653 5.194 5.068 5.258 6.902 7.278 8.330 9.262 9.859 10.467 10.082 9.336 9.123 8.312 9.547 10.554 11.599 10.993 12.196 11.641 10.283 11.184 11.551 11.119 10.665 11.872 12.046 11.562 12.523 12.351 11.959 10.407 9.804 8.040 7.164 5.528 4.634 3.575 2.491 1.379 0.636 0.000 0.904 2.012 3.728 5.474 7.239 8.924
15.396 16.131 16.349 17.212 17.775 17.200 16.022 14.790 14.851 13.185 13.264 12.051 11.930 11.537 11.972 12.744 13.810 13.437 11.796 11.282 9.939 11.010 11.845 9.986 11.016 9.555 10.263 9.728 10.237 11.250 12.594 12.777 14.637 14.898 16.166 15.791 15.158 13.583 14.216 15.197 14.000 13.144 11.736 10.528 9.698 9.720 7.916 8.445 8.211 9.647 10.208 11.766 12.959 13.650 14.121 13.734 12.438 11.808 11.096 11.593 12.454 13.403 13.349 14.296 14.081 12.942 14.266 14.806 14.148 14.169 15.594 15.806 15.238 16.258 16.267 15.758 14.479 13.948 12.032 11.305 9.153 7.600 6.084 4.136 3.401 2.256 0.919 0.000 1.237 2.978 4.286 5.748 7.228
17.003 18.427 18.539 19.606 20.603 19.953 19.128 17.840 17.917 16.483 17.237 16.420 16.590 16.717 17.120 17.886 18.905 18.269 17.202 16.169 14.807 16.169 16.979 15.033 16.142 14.644 14.743 13.724 14.185 15.462 16.700 16.280 17.846 18.644 19.004 18.413 17.762 16.141 16.713 17.516 15.893 14.991 13.638 13.102 12.158 13.064 11.298 11.475 11.945 13.263 13.928 14.696 15.708 16.291 16.891 16.785 16.099 15.670 15.785 16.503 17.209 18.259 18.084 19.233 18.683 17.503 18.219 19.194 17.871 17.429 18.898 19.322 17.775 19.118 18.854 17.695 16.569 15.707 14.250 13.006 11.258 9.584 8.097 6.601 4.708 3.799 2.720 0.971 0.001 1.051 2.555 3.672 5.318
20.332 21.550 21.915 22.656 23.118 22.636 21.552 20.438 20.324 18.789 19.265 18.074 18.098 17.888 18.812 19.554 20.214 19.421 18.076 17.163 15.372 16.249 17.845 16.361 17.732 16.275 17.032 15.952 16.080 16.893 18.235 18.117 20.135 20.377 21.368 21.045 20.782 19.041 19.182 20.426 19.217 17.967 16.881 15.758 14.660 14.943 12.909 13.930 14.601 16.207 16.647 18.139 19.117 19.783 20.210 20.432 19.108 18.596 17.961 18.777 19.568 20.511 20.020 21.247 21.085 19.749 20.795 21.464 20.766 20.363 21.837 22.086 21.170 22.049 22.160 21.337 20.331 19.324 17.791 16.873 14.995 13.827 11.268 9.556 6.836 5.586 3.877 2.531 1.004 0.001 0.975 2.064 3.639
20.936 22.511 23.028 23.666 24.006 23.671 23.039 21.704 21.467 20.271 20.874 20.046 19.845 19.763 20.740 21.263 22.091 21.361 20.049 19.272 17.699 18.795 19.704 18.106 19.284 18.024 18.694 17.429 17.730 18.771 20.267 19.731 21.662 22.007 22.152 22.317 21.900 19.973 20.684 21.533 19.903 18.924 17.776 16.982 16.112 16.707 15.282 15.395 16.071 17.320 17.837 19.022 19.938 20.708 21.339 21.346 20.165 19.959 19.323 20.065 21.249 21.908 21.822 22.763 22.543 21.190 22.212 22.928 22.000 21.381 22.949 23.018 21.965 22.928 22.815 22.072 21.229 20.148 18.475 17.811 16.565 14.720 13.340 11.257 8.917 7.543 5.628 3.905 2.468 0.934 0.002 0.883 2.532
21.779 23.056 22.772 23.747 24.214 23.567 22.946 21.794 21.864 20.461 21.327 20.600 20.531 20.558 21.698 22.222 23.110 22.285 20.613 19.197 18.552 19.378 20.270 19.138 20.485 19.097 19.824 18.580 18.589 19.302 20.010 19.888 21.684 21.735 22.715 22.215 22.096 20.467 20.413 21.832 20.438 19.655 18.498 18.037 17.203 17.040 16.045 16.383 17.401 18.903 19.632 20.599 21.165 21.875 22.383 22.740 21.511 21.276 20.390 21.194 22.447 23.056 22.312 23.573 23.288 22.097 22.808 23.597 22.956 22.122 23.554 23.696 22.763 23.552 23.433 23.016 21.866 21.512 19.725 19.301 17.453 16.140 14.007 12.194 9.771 8.184 6.631 5.015 3.442 2.333 0.954 0.002 1.470
25.168 26.166 26.306 26.756 26.975 26.695 26.260 25.390 25.176 24.107 24.524 23.802 23.447 23.216 23.719 23.939 24.510 24.320 23.104 22.185 21.387 21.646 22.289 21.185 22.324 21.261 22.487 21.584 22.102 23.141 23.774 23.559 25.140 25.152 25.840 25.744 25.476 24.301 24.845 25.176 24.214 23.287 22.091 21.812 21.091 21.368 20.148 19.918 20.454 21.554 21.815 22.849 23.802 24.534 24.554 24.417 23.605 23.254 22.241 23.194 23.647 24.489 24.230 25.412 25.082 24.293 24.889 25.626 25.101 24.697 25.944 25.914 25.399 26.237 26.131 25.602 25.017 24.004 22.611 21.957 20.570 20.101 17.405 15.745 12.680 11.316 8.945 7.614 6.091 3.944 2.998 1.293 0.056
