0.003 1.615 4.581 7.392 11.140 13.559 11.140 13.767 13.448 16.037 16.644 17.912 17.492 19.701 19.840 19.555 19.659 18.343 20.385 21.263 21.341 22.152 22.339 21.969 21.276 21.252 22.086 21.163 20.849 21.367 21.801 20.952 20.785 20.263 18.508 15.491 13.920 11.199 11.323 9.955 11.897 11.839 14.674 15.859 18.501 20.267 21.911 23.142 23.879 24.663 25.120 25.468 26.181 26.286 27.080 27.056 27.024 27.046 26.901 26.493 26.701 25.325 25.814 25.186 24.989 24.420 23.910 23.469 24.419 24.181 23.465 23.548 22.782 22.636 22.501 21.919 22.791 23.071 23.441 24.347 25.008 25.389 26.026 25.873 26.688 27.036 27.043 27.082 26.160 25.230 26.524 26.262 26.596
0.876 0.000 1.190 3.015 3.735 3.769 2.527 2.809 4.033 6.750 8.771 9.782 10.036 11.535 10.835 10.300 8.692 7.625 8.920 9.509 11.058 10.083 12.398 12.147 10.992 11.891 13.246 12.408 11.282 12.765 13.526 11.894 12.729 11.741 11.129 9.023 8.290 6.982 6.482 4.206 4.774 4.415 5.834 8.540 9.523 10.844 12.156 14.627 15.866 16.637 17.033 17.557 18.215 19.379 20.245 20.600 20.796 20.090 19.197 18.007 18.256 16.446 16.181 15.035 14.243 12.917 12.532 12.285 13.456 12.802 11.220 12.451 11.359 10.935 10.281 9.817 10.739 11.225 12.855 13.297 14.710 15.431 17.152 17.456 18.838 20.341 20.908 19.909 18.905 18.372 18.870 19.341 19.511
2.491 0.662 0.000 0.585 0.919 1.371 1.138 1.660 1.760 2.201 2.237 2.175 2.421 2.840 2.857 2.809 2.664 2.748 3.151 3.229 3.462 3.350 3.662 3.528 2.858 3.026 3.426 2.960 2.577 3.212 3.307 2.915 3.382 3.055 2.491 2.257 1.987 1.821 1.900 1.663 1.843 1.846 2.502 2.994 3.684 4.578 5.248 6.503 7.426 7.959 9.106 9.993 10.557 11.499 11.601 13.182 13.858 12.804 12.280 11.026 11.480 10.106 9.738 9.256 8.967 8.598 8.132 8.134 9.228 8.810 8.172 8.276 7.411 7.606 7.244 6.415 6.699 6.690 7.351 7.490 8.560 9.070 10.278 10.724 11.074 12.192 13.003 11.819 11.184 10.506 10.943 11.490 12.417
2.372 1.167 0.556 0.000 0.526 0.826 0.863 1.320 1.610 1.954 2.143 2.188 2.368 2.928 2.929 2.827 2.605 2.571 2.883 2.996 3.012 3.018 3.230 3.341 2.761 3.047 3.405 3.064 2.648 3.150 3.346 2.934 3.382 3.009 2.469 2.254 2.027 1.803 1.898 1.663 1.629 1.563 2.379 2.720 3.305 4.105 4.835 5.848 6.708 7.614 8.223 9.198 9.749 10.677 11.200 11.965 12.634 11.707 11.439 10.174 10.207 9.265 9.195 8.217 7.950 7.416 7.273 7.486 8.828 7.984 7.488 7.608 6.784 7.091 6.895 6.164 6.253 5.987 6.635 6.796 7.715 8.178 9.135 9.584 10.245 11.326 11.900 11.020 10.302 9.895 10.021 10.669 11.994
2.779 1.485 0.864 0.526 0.000 0.636 0.750 1.138 1.401 1.693 1.952 2.061 2.409 2.797 2.755 2.481 2.299 2.214 2.449 2.428 2.693 2.537 2.804 2.914 2.305 2.420 2.984 2.682 2.341 2.783 3.035 2.673 3.197 2.950 2.542 2.370 2.316 1.886 1.793 1.559 1.582 1.627 2.230 2.655 3.405 4.293 4.962 6.194 6.862 7.552 9.021 9.906 10.650 11.430 11.755 12.876 13.574 12.409 12.080 11.037 10.772 10.226 9.405 8.803 8.166 7.497 7.341 7.752 8.696 8.179 7.565 7.379 6.841 7.056 6.898 6.099 6.481 6.264 6.943 7.170 8.194 8.578 8.734 10.087 10.732 11.751 12.418 11.378 10.687 10.502 10.578 11.283 11.961
3.342 1.790 1.133 0.839 0.577 0.000 0.565 0.823 1.152 1.355 1.714 1.903 2.268 2.562 2.446 2.112 1.882 1.748 2.097 2.209 2.356 2.300 2.669 2.664 2.318 2.453 2.850 2.680 2.619 2.880 3.097 2.905 3.421 3.285 2.892 2.449 2.210 1.788 1.573 1.185 1.125 1.313 2.017 2.572 3.340 4.333 5.090 6.441 7.322 7.981 8.734 9.944 10.004 11.451 12.150 12.934 13.428 12.750 12.453 10.623 11.266 10.087 9.819 8.976 8.563 7.814 7.562 7.624 8.691 8.289 7.453 7.459 6.886 6.906 6.720 5.935 6.420 6.305 7.122 7.409 8.364 8.457 9.808 10.943 11.007 11.692 12.611 11.872 11.236 10.009 10.844 11.110 11.580
2.918 1.494 0.991 0.771 0.712 0.523 0.000 0.516 0.718 0.940 1.197 1.346 1.697 1.846 1.690 1.422 1.287 1.235 1.539 1.611 1.704 1.650 1.849 1.856 1.584 1.722 1.953 1.829 1.733 2.062 2.278 2.204 2.601 2.495 2.156 1.851 1.618 1.279 1.171 0.898 0.975 1.051 1.888 2.466 3.198 4.080 4.681 5.887 6.641 7.327 8.337 9.081 9.747 10.728 10.601 11.843 12.308 11.708 11.305 10.229 10.275 9.225 9.107 8.520 7.895 7.244 7.132 7.363 8.458 8.133 7.341 7.439 6.617 6.818 6.374 5.617 6.300 5.914 6.768 7.032 7.537 8.375 9.523 10.299 10.521 11.270 11.894 11.324 10.569 9.992 10.529 10.857 11.363
3.319 1.818 1.146 1.056 1.044 0.792 0.516 0.000 0.520 0.662 0.845 1.016 1.322 1.460 1.310 1.130 1.056 1.156 1.498 1.536 1.635 1.552 1.789 1.704 1.394 1.577 1.856 1.587 1.578 1.938 2.051 1.979 2.404 2.335 2.081 1.649 1.404 1.040 0.893 0.744 0.796 1.020 1.725 2.274 3.099 3.850 4.476 5.463 6.018 6.844 7.702 8.487 9.228 10.617 10.955 11.805 12.368 11.917 11.318 9.923 10.067 9.256 9.044 8.275 8.010 7.475 7.320 7.400 8.351 8.112 7.031 7.365 6.788 6.500 6.378 5.772 6.242 6.001 6.591 6.549 7.320 8.274 9.165 9.472 10.278 11.156 11.594 10.940 10.038 9.394 10.031 10.365 10.747
3.267 1.675 1.152 1.161 1.154 1.036 0.689 0.499 0.000 0.500 0.577 0.746 0.974 1.084 0.951 0.763 0.767 0.877 1.146 1.215 1.321 1.342 1.495 1.386 1.154 1.324 1.438 1.250 1.249 1.530 1.651 1.570 1.975 1.927 1.640 1.257 1.027 0.783 0.694 0.658 0.742 1.085 1.827 2.242 2.930 3.830 4.296 5.343 6.058 6.775 7.679 8.061 8.799 9.465 9.936 11.051 11.995 10.848 10.596 9.489 9.610 8.715 8.629 8.187 7.512 7.069 6.810 7.017 7.953 7.582 6.826 6.914 6.255 6.521 6.138 5.344 5.862 5.547 6.436 6.596 6.703 7.809 8.876 8.866 9.680 10.447 10.825 9.989 9.420 8.903 9.229 9.804 10.303
3.314 1.667 1.155 1.211 1.265 1.076 0.840 0.646 0.494 0.000 0.497 0.639 0.887 0.984 0.783 0.648 0.715 0.860 1.112 1.171 1.330 1.369 1.414 1.321 1.117 1.291 1.371 1.136 1.217 1.419 1.510 1.476 1.839 1.795 1.573 1.189 0.996 0.739 0.627 0.658 0.827 1.177 1.878 2.364 3.158 3.941 4.465 5.573 6.568 7.036 8.277 8.579 9.456 10.238 11.004 11.862 12.358 11.728 10.994 10.315 10.053 9.493 9.144 8.672 8.001 7.688 7.435 7.718 8.788 8.075 7.304 7.230 6.430 6.790 6.392 5.920 6.141 5.993 6.763 6.710 7.381 8.115 9.277 9.846 10.641 11.161 11.489 11.010 10.355 9.611 10.121 10.541 10.958
3.437 1.789 1.330 1.364 1.460 1.284 1.013 0.799 0.596 0.495 0.000 0.491 0.619 0.800 0.665 0.587 0.675 0.823 1.038 1.046 1.182 1.240 1.305 1.126 0.982 1.096 1.143 0.889 0.945 1.128 1.192 1.153 1.517 1.416 1.229 0.861 0.799 0.621 0.673 0.785 0.923 1.250 1.954 2.466 3.262 3.969 4.633 5.604 6.361 6.803 7.817 8.331 8.853 9.850 10.233 11.020 11.711 10.857 10.314 9.366 9.240 8.517 8.357 7.874 7.311 6.762 7.069 7.279 8.092 7.746 7.004 6.726 6.225 6.494 6.249 5.650 6.078 5.657 6.435 6.242 6.826 7.307 8.567 8.872 9.882 10.438 10.397 10.224 9.732 8.771 9.191 9.802 10.239
3.331 1.807 1.383 1.465 1.601 1.522 1.162 1.034 0.749 0.635 0.499 0.000 0.515 0.765 0.607 0.624 0.706 0.891 1.128 1.115 1.253 1.317 1.338 1.196 0.983 1.093 1.153 0.904 0.836 1.101 1.163 1.095 1.521 1.456 1.193 0.910 0.852 0.649 0.738 0.905 1.167 1.521 2.249 2.550 3.363 4.116 4.710 5.736 6.457 7.160 8.027 8.727 9.597 10.232 10.957 11.748 12.471 11.197 11.196 9.870 10.007 8.830 8.842 8.224 7.577 7.165 6.955 7.211 8.476 7.824 6.989 6.928 6.357 6.806 6.354 5.652 6.098 6.028 6.512 6.689 7.141 8.063 8.840 9.295 10.231 10.837 11.496 10.570 10.277 9.126 9.770 10.487 11.101
3.728 2.321 1.813 1.984 2.130 2.086 1.673 1.559 1.168 1.235 0.890 0.543 0.000 1.170 0.756 1.029 1.162 1.556 1.875 1.653 1.923 1.797 2.041 1.688 1.431 1.588 1.636 1.269 1.243 1.637 1.590 1.393 1.877 1.824 1.461 1.029 0.948 0.824 1.141 1.430 1.788 2.156 2.780 3.348 4.009 4.751 5.320 6.331 7.163 7.756 8.536 9.452 10.295 11.123 11.410 12.656 12.959 12.100 11.790 10.190 10.833 9.506 9.608 9.045 8.433 7.634 7.584 7.634 8.578 8.273 7.618 7.534 7.008 7.209 6.689 6.128 6.740 6.542 7.102 7.292 7.900 8.643 9.827 10.087 10.728 12.001 12.032 11.349 10.778 9.964 10.585 11.255 11.977
4.232 2.968 2.719 3.018 3.449 3.217 2.746 2.463 1.871 1.579 1.125 0.816 0.581 0.000 0.574 0.936 1.295 1.652 1.781 1.798 2.355 2.671 2.661 2.077 1.926 2.343 2.137 1.540 1.773 2.214 1.979 1.659 2.067 2.032 1.612 1.236 1.162 1.369 1.698 2.118 2.532 2.964 3.770 4.496 5.234 5.970 6.628 7.708 8.457 9.236 9.954 11.163 11.446 12.875 13.127 13.970 14.645 13.346 13.067 11.828 12.331 10.889 10.862 9.842 9.448 8.724 8.679 8.828 9.787 9.536 8.273 8.204 7.229 7.452 7.248 6.997 7.634 7.481 8.309 8.495 9.013 9.317 10.880 11.558 12.420 12.993 13.692 13.005 12.465 11.658 12.330 13.036 13.294
3.933 2.528 1.948 2.150 2.143 1.970 1.560 1.410 1.056 0.868 0.660 0.636 0.675 0.537 0.000 0.504 0.624 0.807 1.084 1.137 1.378 1.490 1.618 1.318 1.224 1.391 1.441 1.069 1.213 1.487 1.509 1.386 1.801 1.847 1.584 1.178 1.058 0.995 1.110 1.310 1.587 1.960 2.614 3.125 3.904 4.628 5.257 6.482 7.150 7.987 8.715 9.541 10.197 10.901 11.428 12.383 13.056 11.916 11.623 10.090 10.661 9.273 9.425 8.235 8.275 7.381 7.517 7.390 8.721 8.518 7.344 7.272 6.505 6.664 6.411 5.899 6.541 6.375 6.943 6.826 7.494 8.354 9.514 9.790 10.838 11.360 11.911 11.327 10.580 9.894 10.406 10.772 11.863
3.761 2.290 1.737 1.833 1.858 1.569 1.341 1.166 0.913 0.754 0.673 0.720 0.922 0.779 0.503 0.000 0.510 0.616 0.974 0.976 1.193 1.284 1.418 1.231 1.089 1.303 1.382 1.105 1.235 1.497 1.609 1.507 1.941 1.971 1.763 1.334 1.276 1.042 1.108 1.180 1.390 1.710 2.331 2.727 3.534 4.354 4.876 5.752 6.818 7.145 8.414 9.148 9.945 11.120 11.209 12.630 13.227 12.213 11.729 10.048 10.521 9.213 9.316 8.281 8.065 7.257 7.019 7.496 8.639 8.074 7.330 7.375 6.529 6.840 6.616 5.998 6.353 6.204 6.610 6.735 7.461 8.223 9.775 9.929 10.902 11.541 12.183 11.151 10.212 9.626 10.488 10.976 11.755
3.843 2.420 1.839 1.930 1.937 1.734 1.440 1.200 0.935 0.775 0.687 0.812 1.064 0.957 0.649 0.505 0.000 0.530 0.834 0.862 1.062 1.235 1.314 1.139 0.979 1.330 1.345 1.044 1.310 1.589 1.602 1.600 2.115 2.198 1.909 1.482 1.297 1.134 1.122 1.192 1.386 1.784 2.390 2.822 3.559 4.338 4.876 6.249 6.678 7.513 8.290 9.293 10.024 10.626 11.197 11.656 12.793 11.837 11.202 10.539 10.369 9.343 9.242 8.492 7.820 7.707 7.614 7.591 8.893 8.121 7.404 7.430 6.745 6.543 6.326 5.657 6.311 6.139 6.826 7.008 7.424 8.237 9.068 9.825 10.620 11.279 11.186 11.012 10.402 9.670 10.173 10.412 10.883
4.360 2.951 2.406 2.497 2.451 2.213 1.922 1.443 1.178 0.972 0.953 1.060 1.401 1.389 0.980 0.708 0.521 0.000 0.709 0.978 1.262 1.493 1.603 1.372 1.240 1.568 1.548 1.327 1.498 1.742 1.790 1.878 2.240 2.371 2.157 1.778 1.773 1.439 1.485 1.572 1.690 2.216 2.861 3.184 3.999 4.760 5.378 6.413 7.399 8.159 9.023 9.847 10.555 11.547 11.737 12.748 13.406 12.665 11.862 10.732 10.961 9.923 9.831 8.956 8.385 7.800 7.903 8.124 9.192 8.440 7.728 7.734 6.946 7.249 7.016 6.379 6.676 6.687 7.284 7.295 7.910 8.658 10.198 10.544 11.204 12.057 12.426 11.961 11.244 10.419 11.238 11.689 12.251
5.033 3.806 3.122 3.212 3.386 2.936 2.563 1.983 1.797 1.264 1.497 1.951 2.348 2.322 1.872 1.264 1.036 0.626 0.000 0.774 1.149 1.863 1.881 1.667 1.732 2.378 2.360 2.220 2.576 3.200 3.281 3.281 4.154 4.271 3.695 3.074 2.619 2.189 1.870 1.959 2.024 2.549 3.423 3.840 4.709 5.560 6.166 7.315 8.547 9.341 10.653 11.503 12.352 12.990 13.906 15.920 15.281 14.452 13.602 12.750 12.607 11.752 11.168 10.471 9.553 9.054 8.829 8.976 10.327 9.367 8.252 8.413 7.730 7.499 7.294 7.041 7.438 7.460 8.311 8.568 9.204 9.783 11.656 12.383 12.784 13.900 14.218 13.592 12.700 11.959 12.550 12.886 13.316
4.390 3.224 2.588 2.735 2.614 2.399 2.152 1.825 1.532 1.342 1.442 1.667 1.921 1.936 1.428 1.162 0.894 0.900 0.564 0.000 0.535 0.815 1.000 0.937 0.909 1.363 1.487 1.513 1.674 1.956 2.154 2.332 2.767 3.003 2.769 2.362 2.250 1.901 1.901 1.951 2.131 2.460 3.150 3.631 4.347 5.176 5.609 7.011 7.433 8.302 9.118 10.057 11.301 11.666 12.354 13.041 13.620 13.184 12.143 11.289 11.313 9.957 10.128 9.028 8.494 7.987 7.826 8.113 9.228 8.671 7.588 7.355 7.108 6.801 6.445 5.962 6.597 6.353 7.219 7.259 7.779 8.758 9.841 10.156 11.536 12.243 12.068 12.139 11.312 10.751 11.003 11.415 12.354
3.929 2.725 2.061 2.159 2.110 1.982 1.709 1.568 1.349 1.308 1.408 1.433 1.666 1.809 1.425 1.186 0.963 0.976 0.849 0.510 0.000 0.515 0.633 0.704 0.683 0.799 1.054 1.130 1.218 1.417 1.639 1.727 2.245 2.363 2.283 1.901 2.003 1.693 1.833 1.793 1.933 2.172 2.826 3.186 3.905 4.648 5.220 6.451 6.714 8.000 8.511 9.649 10.428 11.611 12.113 13.287 13.484 12.710 11.865 10.705 10.853 9.645 9.693 8.777 7.991 7.625 7.432 7.655 8.940 7.711 7.031 7.015 6.339 6.764 6.517 5.822 6.405 6.255 6.985 6.807 7.434 8.364 9.706 10.079 11.189 11.969 12.300 11.739 10.927 10.359 10.582 11.051 12.103
3.881 2.609 1.930 2.122 2.047 1.922 1.703 1.550 1.299 1.357 1.342 1.344 1.463 1.674 1.366 1.248 1.022 1.141 1.080 0.709 0.496 0.000 0.500 0.589 0.593 0.594 0.767 0.886 0.899 1.016 1.251 1.407 1.873 2.000 1.895 1.598 1.705 1.529 1.643 1.625 1.852 2.143 2.669 3.245 3.889 4.570 5.226 6.177 6.917 7.810 8.572 9.657 10.292 11.142 11.763 12.609 13.171 12.338 11.856 10.396 10.967 9.358 9.618 8.449 7.937 7.000 7.042 7.509 8.595 7.626 6.960 7.110 6.510 6.700 6.764 6.209 6.244 6.299 6.631 6.970 7.605 8.121 9.333 9.771 11.189 11.818 12.215 11.648 11.089 10.099 10.622 11.286 12.143
4.153 2.873 2.254 2.341 2.230 2.078 1.892 1.687 1.511 1.451 1.417 1.316 1.502 1.667 1.327 1.404 1.092 1.317 1.266 0.885 0.584 0.496 0.000 0.498 0.608 0.653 0.644 0.770 0.953 0.995 1.168 1.401 1.899 2.055 2.031 1.678 1.873 1.661 1.891 1.909 2.104 2.363 2.918 3.320 4.080 4.797 5.281 6.459 6.849 8.025 8.301 9.724 10.082 11.529 11.397 12.906 13.207 12.279 11.247 9.968 10.368 9.200 9.103 8.139 7.798 7.362 7.221 7.181 8.429 7.811 7.024 6.910 6.482 6.805 6.412 5.869 6.183 5.877 6.841 6.573 7.225 7.953 8.969 9.737 10.712 11.723 12.228 11.183 10.658 10.076 10.589 11.144 12.470
3.733 2.409 1.860 2.013 1.981 1.861 1.632 1.494 1.245 1.197 1.084 0.993 1.186 1.397 1.096 1.102 0.911 1.090 1.059 0.778 0.587 0.548 0.491 0.000 0.491 0.547 0.583 0.578 0.715 0.820 1.049 1.163 1.683 1.773 1.641 1.295 1.354 1.232 1.414 1.436 1.735 1.963 2.606 3.045 3.740 4.541 5.098 6.347 6.997 7.821 8.450 9.338 10.158 10.960 11.704 12.690 13.267 12.254 11.558 10.350 10.703 9.475 9.355 8.275 7.796 7.392 7.471 7.615 9.101 7.813 7.163 6.947 6.514 6.796 6.508 5.916 6.471 6.035 6.906 6.689 7.328 8.288 9.474 9.933 11.031 11.760 11.940 11.248 10.515 9.924 10.584 10.934 12.097
3.679 2.223 1.764 1.906 1.944 1.769 1.609 1.408 1.148 1.110 1.047 0.995 1.223 1.416 1.163 1.057 0.889 1.077 1.020 0.750 0.610 0.541 0.523 0.489 0.000 0.492 0.540 0.573 0.585 0.704 0.942 1.077 1.622 1.627 1.510 1.205 1.329 1.173 1.370 1.430 1.755 1.923 2.544 3.077 3.708 4.456 5.161 6.071 7.025 7.662 8.507 9.442 10.201 11.177 11.626 12.516 13.225 12.353 11.559 10.707 10.900 9.567 9.385 8.280 7.987 7.519 7.367 7.679 8.974 8.273 7.379 7.432 6.661 6.909 6.303 5.981 6.476 6.252 6.809 6.962 7.636 8.131 9.093 9.846 10.717 11.666 12.006 11.389 10.667 10.221 10.510 11.051 11.678
3.728 2.252 1.754 1.898 1.993 1.781 1.549 1.372 1.131 1.163 1.092 1.008 1.239 1.412 1.152 1.099 0.893 1.073 1.031 0.784 0.674 0.584 0.568 0.535 0.490 0.000 0.495 0.545 0.582 0.610 0.783 1.000 1.522 1.601 1.521 1.261 1.349 1.241 1.388 1.433 1.658 1.896 2.499 2.977 3.675 4.388 4.960 6.098 6.563 7.667 8.243 9.380 9.902 11.045 11.467 12.395 13.071 12.061 11.660 10.151 10.269 9.064 9.096 8.274 7.918 7.561 7.119 7.211 8.667 7.985 7.251 7.039 6.563 6.795 6.440 5.833 6.206 5.892 6.896 6.493 7.236 7.929 8.826 9.520 10.552 11.283 11.904 11.113 10.576 9.629 10.214 10.961 11.940
4.025 2.596 2.043 2.215 2.148 1.982 1.856 1.651 1.388 1.390 1.276 1.047 1.251 1.448 1.163 1.271 1.085 1.357 1.395 1.028 0.860 0.735 0.633 0.624 0.575 0.494 0.000 0.496 0.589 0.649 0.750 0.972 1.526 1.660 1.591 1.295 1.460 1.365 1.612 1.702 1.996 2.287 2.899 3.340 3.970 4.683 5.159 6.340 6.895 7.827 8.321 9.647 10.070 11.280 11.652 12.417 12.922 12.003 11.644 10.134 10.111 9.187 9.407 8.336 7.944 7.217 7.162 7.108 8.620 7.829 6.883 6.929 6.539 6.968 6.358 5.792 6.300 5.914 6.829 6.730 7.492 8.276 9.367 9.894 10.900 11.536 11.978 11.134 10.463 9.953 10.530 11.078 12.290
3.456 2.053 1.590 1.803 1.822 1.722 1.472 1.389 1.116 1.123 0.978 0.814 1.070 1.248 0.994 1.076 0.952 1.141 1.227 0.953 0.827 0.773 0.652 0.568 0.541 0.513 0.490 0.000 0.491 0.535 0.665 0.753 1.356 1.378 1.249 1.016 1.128 1.063 1.247 1.345 1.599 1.868 2.426 2.864 3.551 4.263 4.754 5.748 6.591 7.326 8.176 9.146 9.734 10.740 11.344 12.230 13.070 11.791 11.453 10.335 10.084 9.010 9.012 8.011 7.750 7.120 7.009 7.144 8.572 7.809 6.898 6.620 6.198 6.622 6.339 5.626 6.215 5.831 6.608 6.285 7.078 7.779 8.769 9.381 10.304 11.192 11.632 10.767 10.207 9.456 9.935 10.532 11.249
3.578 2.215 1.735 1.996 1.992 1.852 1.638 1.436 1.157 1.117 1.008 0.856 1.101 1.235 1.022 1.021 0.980 1.186 1.243 0.980 0.915 0.859 0.803 0.663 0.574 0.567 0.543 0.490 0.000 0.497 0.647 0.774 1.391 1.376 1.332 1.082 1.168 1.096 1.256 1.374 1.620 1.918 2.499 3.009 3.708 4.372 5.023 5.853 6.578 7.483 8.241 9.291 9.599 10.876 11.378 12.523 13.168 11.907 11.503 9.911 10.278 8.870 8.563 8.117 7.685 7.225 7.197 7.292 8.747 7.907 6.915 6.818 6.448 6.801 6.270 5.614 6.167 6.014 6.687 6.822 7.484 8.046 9.023 9.677 10.572 11.256 12.187 11.114 10.801 9.893 10.107 10.801 11.684
3.842 2.498 1.931 2.137 2.225 2.001 1.785 1.624 1.353 1.403 1.309 1.110 1.378 1.654 1.366 1.461 1.226 1.511 1.661 1.403 1.316 1.153 1.072 0.999 0.768 0.671 0.658 0.620 0.500 0.000 0.535 0.816 1.508 1.598 1.605 1.303 1.478 1.312 1.546 1.604 1.881 2.195 2.732 3.224 3.907 4.549 5.183 5.997 6.885 7.677 8.394 9.477 9.948 11.143 11.569 12.869 13.263 12.246 11.593 9.966 10.157 9.193 9.209 8.428 8.076 7.481 7.504 7.764 9.004 8.221 7.620 7.197 6.728 7.148 6.851 6.092 6.729 6.305 7.183 6.864 7.567 8.232 9.115 9.713 10.719 11.649 12.072 11.481 10.776 9.835 10.357 10.943 12.238
4.817 3.596 2.913 3.359 3.250 3.177 2.978 2.845 2.371 2.503 2.194 1.645 1.749 2.086 1.950 2.315 2.106 2.707 2.833 2.326 2.136 1.804 1.602 1.571 1.355 0.988 0.956 0.966 0.807 0.545 0.000 0.669 1.534 1.821 1.860 1.576 2.027 2.062 2.631 2.768 3.199 3.562 4.150 4.846 5.190 5.849 6.550 7.709 8.401 9.365 10.233 11.503 11.930 13.336 13.517 14.605 15.199 14.041 13.521 12.225 12.095 10.914 11.076 10.047 9.606 8.547 8.244 8.411 9.583 9.108 8.238 8.539 7.821 7.824 7.231 6.782 7.404 7.233 8.320 8.344 9.433 9.815 11.224 11.822 12.897 13.524 13.908 13.256 12.652 11.835 12.557 13.011 13.728
4.797 3.729 3.506 4.005 4.443 4.352 3.615 3.799 2.935 3.318 2.640 2.052 1.899 2.580 2.509 3.010 2.913 3.670 3.816 3.342 3.442 3.258 2.671 2.632 2.458 2.211 1.615 1.504 1.261 1.126 0.578 0.000 1.214 1.658 1.847 1.621 2.069 2.414 2.936 3.165 4.003 4.012 4.856 5.429 5.813 6.572 7.288 8.265 9.039 9.920 10.688 12.015 13.031 14.775 14.814 16.338 16.761 15.614 14.624 13.479 13.748 12.176 12.235 11.217 10.946 10.065 10.203 9.758 10.850 10.482 9.767 9.706 8.957 9.189 8.634 8.244 8.932 8.615 9.539 9.457 10.348 10.953 12.320 12.668 13.873 14.587 15.453 14.661 13.991 12.859 13.312 14.045 14.237
5.831 4.686 4.406 5.249 5.503 5.600 5.024 4.822 3.729 3.732 3.116 2.307 2.305 3.111 2.609 3.237 3.105 4.024 4.302 3.578 4.103 4.474 3.911 2.996 2.955 3.138 2.375 1.813 1.854 1.884 1.300 0.855 0.000 0.699 1.191 1.766 2.519 2.859 3.551 4.007 4.889 5.454 6.497 7.235 7.813 8.708 9.333 10.648 11.360 12.462 12.947 14.281 15.001 16.372 16.386 17.637 18.040 17.364 16.465 15.182 15.215 14.088 13.902 13.154 12.347 11.633 11.599 11.449 12.206 12.016 11.133 10.832 10.297 10.157 9.853 9.650 10.063 10.111 11.142 11.382 12.140 12.523 14.101 14.501 15.674 16.213 16.752 16.253 15.752 14.655 15.540 15.930 16.091
4.943 3.647 3.434 4.281 4.804 4.946 4.261 4.215 3.590 3.786 3.276 2.539 2.253 3.246 3.201 3.861 3.820 4.499 5.085 4.658 4.658 4.540 4.353 3.914 3.482 3.308 2.933 2.445 2.187 2.220 1.682 1.346 0.606 0.000 0.699 1.321 1.893 2.398 3.072 3.477 4.304 4.592 5.301 5.876 6.279 6.986 7.806 8.617 9.873 10.552 11.415 12.188 12.723 14.089 15.593 16.971 17.134 16.654 15.582 13.318 14.165 12.903 12.890 12.077 11.719 11.433 11.295 11.253 11.851 11.790 10.993 10.803 9.980 10.210 9.922 9.502 10.048 9.635 10.468 10.545 11.448 12.051 13.309 13.475 14.713 15.396 15.716 15.406 13.946 13.373 13.921 14.097 14.537
4.258 3.064 2.521 3.219 3.647 3.651 2.930 2.933 2.348 2.238 1.931 1.515 1.500 2.156 2.293 2.522 2.566 2.839 3.473 3.277 3.673 3.511 3.456 3.064 2.670 2.658 2.598 2.127 1.858 2.061 1.970 1.435 1.105 0.565 0.000 0.576 1.060 1.288 1.787 2.183 2.717 3.168 3.921 4.556 5.071 5.752 6.502 7.603 8.420 9.200 9.854 11.289 11.743 12.566 13.179 14.457 14.689 14.231 13.455 11.552 12.309 10.677 10.835 10.096 9.652 9.011 9.155 9.373 10.176 9.875 8.858 8.568 8.043 8.244 7.976 7.414 7.917 7.783 8.343 8.423 9.195 9.594 11.061 11.232 12.471 13.031 13.872 13.081 12.548 11.178 11.690 12.304 12.966
3.809 2.368 1.989 2.579 2.840 2.755 2.223 2.122 1.693 1.635 1.391 1.139 1.171 1.662 1.801 1.919 2.055 2.372 2.760 2.675 3.031 2.886 2.890 2.501 2.192 2.239 2.225 1.781 1.514 1.717 1.726 1.348 1.350 0.974 0.581 0.000 0.553 0.871 1.158 1.452 1.803 2.156 2.918 3.253 4.036 4.791 5.363 6.497 7.236 7.884 9.000 9.961 10.706 11.281 11.728 13.027 13.919 12.865 12.968 10.444 11.127 9.645 9.844 8.350 8.881 8.345 8.309 8.339 9.596 9.030 8.245 8.012 7.038 7.325 7.182 6.554 7.033 6.826 7.339 7.498 7.868 8.935 9.986 10.053 11.352 12.089 13.049 12.484 10.919 10.130 10.708 11.232 12.237
3.444 1.982 1.594 1.745 2.014 1.807 1.501 1.289 1.062 1.044 0.897 0.785 0.821 1.196 1.185 1.277 1.308 1.528 1.822 1.809 2.020 2.129 2.088 1.848 1.634 1.725 1.745 1.367 1.279 1.542 1.523 1.275 1.467 1.264 0.923 0.535 0.000 0.532 0.794 0.975 1.225 1.619 2.280 2.812 3.627 4.338 5.124 6.011 7.058 8.153 8.714 9.293 9.954 10.549 11.054 12.350 12.887 11.812 11.445 10.052 10.374 8.978 9.061 8.448 8.099 7.629 7.603 7.904 8.562 8.269 7.714 7.447 6.931 7.257 6.922 6.285 6.682 6.338 6.884 7.127 7.467 8.440 9.449 9.522 10.536 11.252 12.210 11.090 10.385 9.237 9.903 10.816 11.545
3.161 1.764 1.345 1.509 1.604 1.481 1.178 1.051 0.762 0.801 0.684 0.663 0.778 1.125 0.981 0.977 1.087 1.165 1.423 1.407 1.492 1.501 1.604 1.458 1.224 1.332 1.413 1.173 1.073 1.331 1.434 1.290 1.570 1.463 1.117 0.769 0.508 0.000 0.510 0.736 0.988 1.332 1.987 2.414 3.141 3.969 4.448 5.515 6.468 6.953 8.368 9.091 9.879 10.781 11.026 12.197 12.749 11.674 11.156 9.952 9.956 9.288 8.917 8.154 7.634 7.253 6.986 7.232 8.325 7.685 6.979 6.814 6.252 6.530 6.283 5.608 5.932 5.971 6.221 6.540 7.055 8.119 9.209 9.290 10.191 11.471 11.961 10.802 9.968 9.516 9.875 10.635 11.513
3.557 1.765 1.310 1.440 1.543 1.402 1.043 0.867 0.656 0.677 0.667 0.747 0.962 1.164 1.112 1.049 1.095 1.201 1.481 1.512 1.663 1.609 1.706 1.631 1.348 1.456 1.544 1.271 1.246 1.486 1.610 1.487 1.824 1.781 1.474 1.023 0.767 0.515 0.000 0.522 0.754 1.169 1.923 2.332 3.216 3.984 4.694 5.675 6.830 7.184 8.066 8.634 9.230 10.196 10.612 11.946 12.223 11.849 11.127 9.599 9.807 9.046 8.746 8.050 7.813 7.335 7.155 7.466 8.342 8.228 7.387 7.304 6.492 6.745 6.224 5.993 6.279 5.886 6.268 6.669 7.297 8.036 9.199 9.564 10.524 10.940 11.664 10.808 10.052 9.209 9.701 10.356 10.980
3.606 1.995 1.436 1.616 1.694 1.466 1.015 0.888 0.795 0.855 0.913 1.065 1.150 1.442 1.393 1.350 1.380 1.456 1.882 1.891 2.072 1.977 2.231 2.058 1.709 1.913 2.085 1.652 1.631 1.992 2.042 1.763 2.262 2.267 1.740 1.314 1.041 0.760 0.529 0.000 0.525 1.019 1.653 2.223 2.962 3.675 4.152 5.073 5.711 6.591 7.756 8.141 9.254 9.832 10.249 11.414 12.056 11.548 10.822 9.716 9.955 9.122 8.726 8.193 7.614 7.295 7.026 7.273 8.440 7.912 7.185 7.239 6.587 6.739 6.407 5.688 6.018 5.801 6.271 6.739 6.908 7.834 9.003 9.401 10.243 11.026 11.408 10.491 10.018 9.307 10.009 10.446 11.031
3.928 2.279 1.628 1.583 1.677 1.420 0.979 0.815 0.881 0.991 1.234 1.356 1.634 1.876 1.854 1.680 1.643 1.667 2.086 2.222 2.378 2.175 2.488 2.398 1.941 2.178 2.354 2.079 1.956 2.336 2.501 2.264 2.779 2.774 2.438 1.878 1.648 1.211 0.976 0.556 0.000 0.582 1.279 1.938 2.869 3.581 4.061 4.989 5.989 6.900 8.099 8.916 9.325 10.439 10.831 11.891 12.560 11.909 11.217 10.063 10.083 9.356 9.346 8.321 8.221 7.598 7.671 7.696 8.946 8.453 7.673 7.746 6.872 7.108 6.614 6.063 6.251 6.198 6.600 6.848 7.570 8.234 9.202 9.550 10.705 10.972 11.307 10.826 10.529 9.348 9.883 10.486 10.642
4.661 3.234 2.622 2.166 2.410 2.014 1.484 1.386 1.813 1.755 2.191 2.752 3.206 3.035 3.235 2.710 2.834 2.657 3.446 3.827 4.253 4.351 4.656 4.377 3.885 4.522 4.672 4.048 4.031 5.045 4.990 4.457 5.403 5.775 4.804 3.852 3.026 2.340 1.757 1.296 0.610 0.000 0.738 1.475 2.364 2.879 3.474 4.340 5.196 6.202 7.156 8.366 9.156 10.413 10.618 11.818 12.537 12.109 11.380 10.015 10.191 9.123 9.285 8.360 8.424 7.635 7.623 7.867 9.121 8.741 7.752 7.726 7.097 7.272 7.008 6.014 6.539 5.823 6.415 6.565 7.453 8.043 9.218 9.518 10.600 11.353 11.752 11.146 10.488 9.329 10.242 10.702 11.241
6.342 4.584 3.562 3.353 3.542 2.977 2.224 2.392 2.874 3.165 3.622 4.031 4.426 4.813 5.043 4.897 4.983 4.689 5.634 6.278 6.980 6.792 7.512 6.884 5.952 6.539 6.733 5.738 6.014 6.656 6.388 5.671 6.715 6.853 5.667 5.062 4.251 3.237 2.776 2.009 1.432 0.714 0.000 0.681 1.407 2.239 2.748 3.637 4.471 5.380 6.653 7.939 8.681 10.038 10.535 11.603 12.370 11.737 11.227 9.656 9.880 9.038 9.272 8.274 8.214 7.590 7.836 8.058 9.234 8.925 7.924 7.983 7.152 7.478 7.286 6.413 6.660 5.958 6.688 6.704 7.447 8.168 9.112 9.294 10.374 10.930 11.646 10.742 9.967 8.833 9.651 10.078 10.333
7.616 5.915 4.888 4.224 4.427 3.625 3.242 3.158 3.719 3.939 4.506 5.198 5.952 6.180 6.045 5.346 5.500 5.099 6.003 6.519 7.605 7.447 8.466 7.836 6.664 7.892 8.141 7.138 7.053 8.301 8.286 7.584 8.792 9.009 7.914 6.623 5.761 4.817 3.924 3.076 2.333 1.525 0.631 0.000 0.588 1.148 1.958 2.658 3.582 4.145 5.268 6.261 7.146 8.367 8.756 10.072 10.885 10.244 9.441 7.993 8.445 7.510 7.491 6.401 6.752 6.241 6.429 6.668 7.775 7.666 6.773 6.367 5.793 6.168 6.262 5.124 5.389 4.656 5.124 5.168 5.918 6.695 7.800 7.864 8.912 9.573 10.361 9.438 8.826 7.854 8.449 8.882 9.469
8.186 6.341 5.135 4.337 4.856 3.964 3.613 3.835 4.571 5.067 5.610 5.938 6.698 7.315 6.936 6.509 6.428 6.055 6.918 7.404 8.466 8.133 9.556 8.646 7.739 8.543 9.298 8.001 7.904 9.301 9.305 8.327 9.797 9.697 8.393 7.280 6.478 5.496 4.607 3.524 2.838 2.129 1.205 0.561 0.000 0.555 1.102 1.788 2.557 3.246 3.761 4.631 5.599 6.335 7.022 8.337 8.953 8.626 7.881 6.594 7.124 6.574 6.678 5.794 6.279 5.954 6.134 6.375 7.411 7.106 6.377 6.223 5.813 6.192 6.100 5.013 5.274 4.440 4.754 4.812 5.402 5.898 6.669 6.802 7.427 8.284 8.699 7.563 6.711 6.087 6.794 7.109 7.633
8.674 6.944 5.767 4.819 5.000 4.029 4.144 4.160 5.314 5.532 6.227 6.594 7.218 7.847 7.574 7.295 6.952 6.554 7.476 7.965 8.778 8.360 9.692 9.003 7.833 8.882 9.286 8.146 7.994 9.214 9.310 8.581 9.831 9.919 8.903 7.839 7.065 5.965 5.150 4.238 3.368 2.678 1.917 1.097 0.549 0.000 0.603 1.183 1.857 2.529 3.173 4.157 5.017 5.925 6.472 7.417 8.214 7.890 7.442 6.174 6.585 6.011 6.352 5.377 5.784 5.261 5.269 5.406 6.556 6.355 5.459 5.374 5.022 5.249 5.221 4.282 4.537 3.906 4.304 4.299 4.815 5.549 6.373 6.195 7.019 7.824 7.824 7.071 6.474 5.889 6.658 6.995 7.282
8.826 7.202 6.376 5.348 5.551 4.744 4.629 4.837 5.596 6.184 6.811 7.089 7.645 8.318 8.059 7.655 7.183 6.889 7.450 7.961 8.578 8.720 9.394 9.130 8.359 9.116 9.703 8.790 8.699 9.839 10.018 9.345 10.554 10.466 9.273 8.254 7.628 6.701 5.969 4.986 4.210 3.240 2.558 1.948 1.308 0.622 0.000 0.660 1.236 1.576 2.061 2.575 2.948 3.588 3.911 4.701 5.600 5.297 4.490 3.756 4.143 3.700 4.012 3.539 4.069 4.086 4.190 4.592 5.137 5.083 4.511 4.291 4.111 4.439 4.525 3.602 3.763 2.939 2.979 2.938 3.076 3.608 4.136 4.089 4.626 5.196 5.390 4.555 4.125 3.782 4.426 4.797 5.617
9.017 7.504 6.406 5.375 5.559 4.788 4.932 5.076 5.667 6.245 6.913 7.165 7.733 8.682 8.210 7.957 7.389 7.355 7.990 8.400 9.166 8.865 9.742 9.431 8.398 9.100 9.778 9.038 8.797 9.849 10.104 9.191 10.379 10.256 9.228 8.432 7.615 6.678 6.180 5.121 4.388 3.647 2.694 2.159 1.728 1.199 0.575 0.000 0.611 1.094 1.453 1.872 2.264 2.733 3.148 3.714 4.311 3.947 3.426 2.933 3.184 2.858 3.084 2.783 3.144 2.918 3.047 3.393 3.954 3.742 3.348 3.353 3.570 3.808 3.747 3.053 3.027 2.458 2.418 2.421 2.493 3.046 3.319 3.298 3.535 3.885 3.972 3.407 3.032 2.821 3.465 3.728 4.628
9.251 7.833 6.427 5.748 5.807 5.006 4.925 5.041 5.704 6.457 7.009 7.400 7.885 8.785 8.235 8.056 7.227 7.317 7.773 8.062 8.716 8.840 9.231 9.202 8.387 9.049 9.721 9.012 8.587 9.972 10.348 9.532 10.746 10.880 9.638 8.668 8.165 7.136 6.686 5.525 4.765 3.816 3.178 2.608 2.135 1.595 1.012 0.553 0.000 0.559 0.895 1.173 1.480 1.847 2.123 2.656 3.203 3.134 2.600 2.055 2.472 2.309 2.621 2.459 2.828 2.866 2.955 3.320 3.673 3.537 3.265 3.068 3.215 3.623 3.510 2.854 2.845 2.258 2.112 2.141 2.107 2.662 2.832 2.631 2.967 3.207 3.181 2.589 2.288 2.147 2.678 3.021 4.191
8.982 7.875 6.667 5.772 5.776 5.206 5.137 5.353 6.130 6.773 7.223 7.629 8.277 8.888 8.282 8.112 7.390 7.591 7.672 8.269 8.902 8.783 9.496 9.266 8.505 9.136 9.867 9.025 8.815 9.861 10.134 9.619 10.675 10.757 9.601 9.069 8.524 7.209 6.753 5.741 5.073 4.420 3.801 3.102 2.586 1.993 1.424 0.937 0.543 0.001 0.530 0.822 0.989 1.413 1.729 2.255 2.651 2.517 2.100 1.622 1.864 1.814 2.116 2.025 2.398 2.381 2.468 2.796 3.147 3.027 2.848 2.846 3.021 3.419 3.296 2.682 2.491 2.108 1.848 1.926 1.891 2.224 2.312 2.100 2.425 2.510 2.524 1.997 1.648 1.691 2.151 2.528 3.796
9.598 8.113 6.919 6.093 5.990 5.253 5.423 5.656 6.584 7.231 7.840 8.444 8.908 9.503 9.062 8.584 7.894 7.753 8.076 8.395 9.019 8.739 9.154 9.331 8.394 9.248 9.724 9.248 9.026 10.043 10.367 9.977 10.794 11.198 10.247 9.230 8.639 7.799 7.429 6.128 5.333 4.655 3.912 3.318 2.836 2.162 1.655 1.163 0.826 0.523 0.000 0.529 0.754 1.078 1.442 1.889 2.244 2.253 1.796 1.441 1.690 1.675 1.978 1.928 2.410 2.474 2.509 2.860 3.196 3.072 2.858 2.721 3.002 3.336 3.323 2.654 2.616 2.152 1.952 1.942 1.802 2.179 2.181 1.994 2.165 2.336 2.311 1.776 1.513 1.485 1.940 2.330 3.646
9.558 8.212 6.943 6.155 6.172 5.480 5.482 5.712 6.454 6.949 7.363 7.902 8.215 8.904 8.506 8.293 7.781 7.687 8.103 8.193 8.901 8.723 9.355 9.259 8.564 8.985 10.075 9.271 8.832 10.206 10.357 10.230 10.747 11.312 10.032 8.699 8.097 7.101 6.930 6.060 5.544 4.742 4.117 3.479 2.998 2.383 1.814 1.410 1.036 0.800 0.512 0.000 0.506 0.795 1.083 1.522 1.872 1.815 1.428 1.149 1.375 1.485 1.776 1.857 2.216 2.359 2.471 2.838 3.123 3.005 2.790 2.717 2.954 3.352 3.253 2.695 2.589 2.187 1.919 1.883 1.715 1.979 1.982 1.751 1.864 2.005 1.889 1.474 1.193 1.265 1.636 2.038 3.495
9.993 8.480 7.508 6.453 6.319 5.613 5.798 6.042 7.044 7.507 8.141 8.722 9.239 9.574 9.255 8.750 8.264 7.955 8.240 8.864 9.144 8.615 9.482 9.604 8.517 9.475 10.194 9.538 9.597 10.583 10.736 10.347 11.291 11.518 10.437 9.391 8.882 8.241 7.579 6.532 5.889 5.029 4.472 3.750 3.339 2.650 2.168 1.729 1.385 1.016 0.772 0.514 0.000 0.549 0.968 1.487 1.782 1.681 1.448 1.122 1.338 1.431 1.775 1.868 2.384 2.554 2.695 3.224 3.457 3.205 3.079 2.934 3.196 3.419 3.475 2.958 2.983 2.425 2.128 2.025 1.696 2.017 1.885 1.603 1.719 1.882 1.849 1.427 1.114 1.182 1.602 2.212 3.619
10.455 9.257 7.870 7.351 7.435 6.509 6.652 6.793 7.651 8.184 8.829 9.114 9.878 10.447 9.958 9.718 9.023 8.788 9.522 9.884 10.383 10.151 11.076 10.948 9.876 10.474 11.604 10.448 10.256 11.464 12.017 11.400 12.049 12.426 10.595 10.040 9.709 8.567 8.265 7.293 6.571 5.725 5.108 4.416 3.942 3.237 2.742 2.339 1.842 1.615 1.150 0.912 0.543 0.000 0.589 1.076 1.560 1.773 1.441 1.352 1.683 1.914 2.458 2.597 3.240 3.558 3.622 4.172 4.655 4.562 4.285 3.968 4.223 4.710 4.575 3.937 3.801 3.099 2.821 2.674 2.225 2.784 2.743 2.198 2.360 2.451 2.267 1.680 1.273 1.515 1.960 2.418 3.962
12.726 11.488 10.559 9.540 9.513 8.899 9.691 9.682 10.955 11.459 11.593 12.114 13.225 13.629 13.638 12.703 12.033 11.673 11.872 12.922 13.262 12.703 13.687 13.833 12.623 13.655 14.644 13.920 13.717 14.532 15.413 15.024 14.911 15.445 14.590 13.579 12.991 11.317 11.183 10.167 9.158 8.530 7.610 6.716 6.218 5.296 4.749 3.967 3.365 2.684 2.174 1.599 1.182 0.618 0.000 0.800 1.383 1.777 1.597 1.611 2.276 2.741 3.402 3.751 4.725 5.066 5.487 6.754 6.875 6.167 6.481 5.839 6.008 6.881 7.319 6.300 6.336 5.149 4.519 4.583 3.783 4.287 4.099 3.179 3.108 3.354 2.830 2.050 1.812 2.401 2.861 3.183 4.760
13.822 12.479 11.399 10.475 10.285 9.779 10.306 10.218 12.033 12.052 13.472 13.733 15.150 15.187 15.107 13.927 13.290 12.295 12.851 13.877 14.134 14.036 15.072 15.169 13.707 14.751 16.104 15.115 14.934 16.171 16.835 16.200 17.434 17.642 16.089 14.684 13.915 12.984 12.574 11.287 10.301 9.445 8.514 7.851 7.273 6.188 6.034 4.821 4.554 3.812 3.112 2.466 1.877 1.365 0.803 0.000 0.733 1.251 1.586 1.884 2.699 3.263 4.140 4.511 5.548 6.171 6.130 7.288 7.627 7.476 7.234 6.825 7.314 7.985 8.180 7.259 6.732 5.808 4.978 5.249 4.571 5.295 5.024 3.995 3.777 4.149 3.469 2.616 2.232 3.028 3.622 4.095 5.275
14.582 13.454 12.280 11.075 11.206 10.731 10.860 10.869 12.466 12.344 13.605 14.237 14.966 15.161 14.984 13.846 13.477 12.305 12.854 13.645 13.967 14.041 15.205 14.984 13.944 15.216 15.965 15.248 15.206 16.258 16.654 16.554 17.292 17.225 16.221 15.205 14.891 13.578 13.141 11.747 10.563 9.951 9.257 8.285 8.061 7.300 6.759 5.850 5.273 4.498 3.912 3.292 2.453 1.844 1.354 0.614 0.000 0.733 1.472 2.053 2.329 2.961 3.645 4.219 5.044 5.832 6.270 7.133 7.336 7.127 6.737 6.594 6.939 7.890 8.122 7.291 6.788 6.068 5.207 5.315 4.476 4.665 4.198 3.741 3.045 3.326 2.760 2.305 2.302 3.036 3.585 3.936 5.470
13.005 11.512 10.256 9.676 9.523 8.529 8.917 8.875 10.156 10.434 11.358 11.364 12.806 12.803 12.434 11.504 10.663 10.522 10.972 11.184 11.833 11.867 12.806 12.489 11.839 12.380 13.781 12.830 12.404 13.794 14.625 13.983 14.927 14.935 14.114 12.827 12.542 10.951 10.995 9.645 9.012 8.072 7.417 6.790 6.495 5.562 5.321 4.862 4.460 4.122 3.519 3.192 2.562 2.325 1.832 1.204 0.618 0.000 0.711 1.251 1.639 1.898 2.393 2.870 3.545 4.218 4.505 5.331 5.358 5.008 4.900 4.609 5.090 5.406 5.819 5.075 4.930 4.242 3.611 3.436 2.924 3.320 2.927 2.541 2.292 2.531 2.437 1.836 1.959 2.348 2.917 3.428 4.738
11.247 9.628 8.696 7.977 7.998 7.444 7.517 8.074 8.881 9.345 9.822 10.306 11.012 11.705 11.300 10.549 10.275 9.871 10.178 11.045 11.647 11.684 12.649 11.975 10.989 12.105 12.781 11.867 11.529 12.484 13.147 12.342 13.515 13.600 12.059 11.390 10.609 9.583 9.135 8.346 7.376 6.555 5.905 5.031 4.758 3.982 3.344 3.049 2.501 2.446 2.036 2.038 1.470 1.752 1.419 1.616 1.196 0.762 0.000 0.583 1.121 1.450 2.332 2.690 3.549 3.863 4.287 4.933 5.300 4.837 4.589 4.193 4.374 4.923 5.218 4.362 4.520 3.530 3.138 2.868 2.245 2.910 2.621 1.916 1.955 2.179 2.101 1.385 1.178 1.432 2.010 2.703 4.021
10.251 9.056 7.894 7.245 7.063 6.250 6.444 6.669 7.677 7.853 8.354 9.008 9.950 10.253 9.751 9.138 8.770 8.216 8.555 9.178 9.591 9.081 10.320 10.067 9.430 9.978 10.855 10.139 9.895 11.258 11.494 10.813 12.016 12.513 10.841 9.989 9.474 8.610 8.039 7.255 6.451 5.869 5.172 4.377 4.167 3.311 2.995 2.539 2.315 2.082 1.704 1.668 1.321 1.493 1.315 1.598 1.558 1.157 0.528 0.000 0.568 0.787 1.203 1.533 2.139 2.411 2.580 3.324 3.536 3.164 3.015 2.787 2.984 3.427 3.700 3.012 2.991 2.497 2.095 1.925 1.424 1.560 1.323 1.051 1.246 1.520 1.594 1.149 1.111 1.215 1.461 2.220 3.719
10.081 8.835 7.890 6.972 7.000 6.311 6.191 6.256 7.416 7.616 8.380 8.759 9.320 9.763 9.351 8.782 8.362 8.017 8.294 8.902 9.405 9.420 10.129 10.203 9.445 10.360 10.572 10.227 10.163 11.168 10.933 10.914 11.726 12.027 11.060 9.916 9.299 8.388 7.897 6.840 6.079 5.437 4.923 4.513 4.210 3.534 3.097 2.751 2.578 2.345 2.043 1.965 1.406 1.587 1.377 1.729 1.729 1.478 0.877 0.554 0.000 0.596 0.947 1.451 1.919 2.400 2.736 3.239 3.386 3.109 2.906 2.446 2.698 3.122 3.450 2.989 2.958 2.504 2.072 1.705 1.248 1.209 0.984 0.831 1.086 1.523 1.625 1.234 1.244 1.218 1.521 2.149 3.650
9.354 7.688 6.445 5.866 5.594 5.031 5.197 5.240 5.939 6.406 6.797 7.298 7.867 8.502 7.906 7.599 6.815 6.720 6.990 7.313 7.597 7.773 8.315 8.167 7.791 8.317 8.651 8.227 8.522 9.626 9.360 9.004 9.823 10.157 9.262 8.576 7.899 7.087 6.451 5.569 5.004 4.388 3.901 3.373 3.049 2.412 2.157 1.895 1.785 1.669 1.442 1.484 1.250 1.410 1.418 1.677 1.767 1.395 1.063 0.729 0.514 0.000 0.502 0.646 0.857 1.090 1.343 1.656 1.786 1.560 1.489 1.371 1.625 1.957 1.955 1.692 1.622 1.372 1.101 0.982 0.739 0.726 0.699 0.712 0.856 1.199 1.331 1.011 1.210 0.979 1.286 1.941 3.110
8.989 7.437 6.627 5.868 5.776 4.979 4.975 5.026 5.842 6.308 7.021 7.262 8.012 8.396 8.060 7.737 6.855 6.668 6.838 7.362 7.581 7.933 8.267 8.206 7.603 8.167 8.837 8.446 8.189 9.237 9.433 9.200 10.046 10.119 9.219 8.329 7.897 7.027 6.732 5.644 4.988 4.482 3.975 3.471 3.214 2.633 2.276 2.073 1.940 1.936 1.655 1.782 1.560 1.767 1.762 2.081 2.090 1.744 1.397 1.080 0.714 0.505 0.000 0.504 0.650 0.930 1.113 1.388 1.595 1.395 1.314 1.213 1.490 1.843 1.713 1.408 1.318 1.153 0.904 0.778 0.632 0.666 0.684 0.715 0.885 1.255 1.405 1.199 1.317 1.117 1.304 1.901 3.421
9.111 7.455 6.595 5.793 5.465 4.743 4.973 4.845 5.910 6.031 6.641 7.265 7.894 8.696 7.884 7.641 6.728 6.579 6.798 7.345 7.346 7.715 8.449 8.310 7.774 8.436 8.986 8.242 8.299 9.409 9.539 9.062 10.046 9.948 9.273 8.436 7.901 6.875 6.631 5.529 4.793 4.174 3.611 3.201 2.867 2.279 2.017 1.785 1.797 1.747 1.586 1.768 1.560 1.870 1.835 2.122 2.166 1.820 1.437 1.172 0.945 0.685 0.510 0.001 0.502 0.681 0.958 1.196 1.352 1.198 1.043 1.026 1.283 1.574 1.507 1.212 1.167 0.972 0.791 0.683 0.621 0.712 0.818 0.862 1.089 1.382 1.581 1.339 1.405 1.235 1.408 2.003 3.347
8.825 7.405 6.320 5.718 5.620 5.061 4.979 4.906 5.511 5.867 6.650 7.334 7.738 8.029 7.714 7.454 6.532 6.292 6.547 7.087 7.434 7.438 8.179 7.927 7.239 8.167 8.630 8.097 7.755 8.768 9.075 8.738 9.682 9.600 8.780 8.257 7.754 6.950 6.570 5.514 4.735 4.288 3.857 3.315 3.032 2.443 2.191 2.007 1.949 2.016 1.778 1.952 1.744 2.025 2.002 2.333 2.343 2.029 1.713 1.369 1.154 0.901 0.680 0.502 0.000 0.497 0.778 1.033 1.227 1.009 0.924 0.915 1.219 1.485 1.407 1.112 1.019 0.881 0.720 0.713 0.684 0.784 0.920 1.066 1.310 1.678 1.890 1.606 1.655 1.487 1.716 2.275 3.528
9.472 7.844 6.591 6.009 5.830 5.136 5.424 5.094 5.962 6.356 7.205 7.733 8.499 8.892 8.429 7.915 7.021 7.000 7.027 7.597 8.149 8.166 9.100 8.718 7.492 8.771 9.355 8.572 8.517 9.616 9.906 9.299 10.656 10.722 9.762 8.732 8.385 7.296 6.966 5.932 5.284 4.669 4.069 3.564 3.234 2.724 2.661 2.451 2.636 2.701 2.509 2.799 2.665 3.074 2.917 3.317 3.323 2.906 2.492 2.205 1.983 1.582 1.156 0.895 0.555 0.000 0.579 0.828 1.129 1.105 1.031 1.091 1.479 1.748 1.594 1.312 1.016 0.992 0.836 1.019 1.172 1.136 1.312 1.725 1.938 2.311 2.727 2.472 2.772 2.400 2.655 3.367 4.441
9.759 8.125 7.172 6.411 6.342 5.644 5.632 5.786 6.724 6.878 7.415 8.190 8.638 8.876 8.876 8.443 7.625 7.090 7.615 7.939 8.537 8.432 9.208 9.007 8.266 9.442 9.986 9.340 9.220 10.205 10.171 9.786 10.977 11.204 10.114 9.325 8.406 7.984 7.234 6.470 5.492 4.983 4.533 3.988 3.748 3.098 2.884 2.757 2.872 2.908 2.776 3.115 2.961 3.407 3.226 3.726 3.771 3.322 2.840 2.502 2.270 1.806 1.532 1.147 0.762 0.550 0.000 0.534 0.849 0.897 0.925 1.084 1.454 1.755 1.563 1.255 1.012 1.018 0.932 1.072 1.339 1.379 1.717 2.039 2.425 2.842 3.207 2.901 3.051 2.626 2.984 3.604 4.547
10.382 8.701 7.418 6.531 6.297 5.780 5.829 5.849 6.585 7.244 7.719 8.482 9.140 9.560 9.310 8.493 7.880 7.601 7.647 8.386 8.494 8.454 9.280 9.346 8.478 9.107 10.238 9.752 9.319 10.511 10.866 10.472 11.469 11.837 10.799 10.338 9.456 8.296 7.733 6.480 5.901 5.231 4.723 4.288 3.945 3.230 3.180 2.822 2.932 2.894 2.820 3.070 2.970 3.617 3.474 3.963 4.334 3.845 3.099 2.786 2.632 2.159 1.994 1.459 1.245 0.922 0.528 0.000 0.612 0.957 1.032 1.300 1.610 1.836 1.589 1.413 1.092 1.118 1.111 1.334 1.627 1.889 2.309 2.576 2.968 3.434 3.690 3.250 3.193 2.827 3.322 3.813 4.785
10.876 8.844 8.077 7.176 6.981 6.026 6.456 6.318 7.734 7.966 8.721 9.804 10.256 10.319 10.312 9.535 8.697 8.350 8.339 8.784 9.021 9.425 10.138 10.072 9.196 10.631 11.302 10.454 10.600 12.016 11.786 11.406 12.607 13.059 11.458 10.893 9.833 9.229 8.113 7.398 6.510 5.881 5.245 4.901 4.437 3.753 4.016 3.556 4.102 4.015 4.285 4.668 4.802 5.576 5.245 6.128 6.826 6.052 5.040 4.572 4.437 3.638 3.111 2.368 1.839 1.409 0.849 0.558 0.000 0.681 1.132 1.612 1.996 2.088 1.911 1.764 1.330 1.517 1.653 2.083 2.615 2.885 3.741 4.238 5.017 5.322 5.946 5.515 5.459 4.715 5.370 5.993 6.881
10.630 8.983 7.961 7.253 7.005 6.109 6.287 6.321 7.111 7.313 8.176 9.141 9.259 9.577 9.435 8.829 8.439 7.582 7.799 8.616 9.051 9.479 10.242 9.950 9.011 10.281 10.632 10.154 9.805 11.018 11.059 10.938 11.794 11.923 10.955 10.338 9.324 8.577 7.947 6.997 6.186 5.583 5.092 4.575 4.477 3.736 3.803 3.618 4.048 4.087 4.128 4.461 4.305 4.910 4.984 5.329 5.853 4.995 4.452 3.677 3.507 2.803 2.362 1.776 1.306 1.038 0.994 0.971 0.638 0.000 0.551 0.857 1.219 1.633 1.612 1.481 1.365 1.448 1.397 1.435 1.914 1.986 2.551 3.115 3.504 4.103 4.909 4.439 4.251 3.789 4.173 4.780 5.688
10.051 8.529 7.480 6.608 6.423 5.539 5.730 5.456 6.467 6.601 7.603 8.226 9.014 9.383 8.672 8.231 7.537 7.111 7.538 8.154 8.624 8.792 9.596 9.303 8.376 9.516 9.884 9.283 9.333 10.344 10.556 10.216 11.191 11.208 10.178 9.429 9.073 8.064 7.369 6.183 5.302 4.921 4.315 3.902 3.841 3.148 3.173 2.926 3.193 3.357 3.311 3.667 3.568 3.964 3.965 4.336 4.497 4.069 3.514 3.105 2.945 2.292 2.070 1.530 1.147 0.856 0.932 0.998 0.900 0.524 0.000 0.525 0.930 1.315 1.291 1.155 1.059 1.152 1.224 1.245 1.655 1.626 2.053 2.474 2.936 3.381 3.832 3.659 3.716 3.165 3.559 4.143 4.955
9.792 8.496 7.186 6.578 6.365 5.365 5.904 5.614 6.566 6.578 7.542 8.232 9.005 9.211 8.662 8.281 7.649 6.765 7.188 7.786 8.187 8.804 9.257 8.956 8.149 9.213 9.934 9.343 9.302 10.091 10.716 10.108 11.067 10.960 10.415 9.211 8.969 7.863 7.600 6.226 5.408 4.870 4.168 3.971 3.617 3.124 3.118 2.811 3.234 3.291 3.159 3.564 3.345 3.978 3.820 4.284 4.522 3.918 3.463 3.085 2.822 2.354 1.989 1.525 1.243 0.984 1.001 1.108 1.256 0.938 0.534 0.000 0.587 1.082 1.250 1.026 0.961 1.097 1.185 1.236 1.575 1.544 1.980 2.329 2.883 3.169 3.628 3.297 3.385 3.155 3.324 3.904 4.863
10.359 8.929 7.734 6.791 6.560 5.955 6.239 6.008 7.056 6.958 7.782 9.053 9.569 9.466 9.335 8.533 8.238 7.246 7.789 8.601 8.928 9.053 9.832 9.909 9.230 9.845 10.722 10.069 9.858 10.846 11.359 10.857 11.765 11.830 11.079 10.076 9.574 8.372 7.562 6.686 5.637 5.264 4.720 4.171 4.080 3.459 3.640 3.646 3.947 4.072 4.012 4.373 4.285 4.712 4.152 4.695 4.589 4.172 3.652 3.366 3.203 2.654 2.190 1.612 1.351 1.145 1.440 1.732 1.880 1.446 0.957 0.564 0.000 0.581 1.027 1.107 1.245 1.300 1.407 1.488 2.109 1.906 2.337 2.915 3.251 3.835 4.319 3.902 4.132 3.747 4.182 4.942 5.802
11.027 9.737 8.160 7.653 7.112 6.510 6.637 6.788 7.253 7.859 8.954 9.395 10.638 11.244 10.253 9.470 8.645 8.375 8.534 8.734 9.184 9.014 9.929 9.774 9.025 9.927 10.848 10.189 9.956 11.614 12.032 11.605 12.877 12.920 12.174 10.777 10.470 9.181 8.683 7.416 6.911 6.262 5.543 5.335 4.998 4.408 4.828 4.632 5.242 5.385 5.507 5.848 6.073 6.404 6.500 6.718 6.572 6.319 6.081 5.354 4.878 4.086 3.809 3.038 2.330 2.126 2.233 1.999 2.569 2.040 1.385 1.301 0.700 0.000 0.689 1.227 1.643 2.113 2.398 2.398 2.711 2.679 3.083 3.870 4.307 4.806 5.752 5.691 5.683 5.210 5.088 5.962 6.859
10.583 9.144 7.593 6.866 6.415 5.558 5.885 5.890 6.693 7.555 8.315 8.865 10.191 10.746 9.852 9.118 8.109 7.919 8.132 8.757 9.223 9.203 10.030 9.851 8.675 10.170 10.907 10.010 10.137 11.801 12.101 11.421 13.078 12.819 11.690 10.729 10.353 8.715 8.133 6.803 5.897 5.241 4.637 4.297 3.832 3.287 3.629 3.218 3.792 3.527 4.132 4.430 4.755 5.287 5.457 6.070 6.241 5.852 5.342 4.872 4.716 3.949 3.459 2.698 2.172 1.655 1.531 1.453 1.829 1.669 1.269 1.450 0.970 0.588 0.000 0.575 0.843 1.084 1.684 2.071 2.832 2.922 3.690 4.371 5.011 5.693 5.961 5.616 5.526 4.713 5.487 6.013 6.629
9.280 7.825 6.634 6.011 5.630 5.115 5.286 5.064 5.941 6.318 7.303 7.752 8.351 8.558 8.363 8.033 7.318 6.722 7.092 7.675 7.995 8.107 8.875 8.717 7.883 8.806 9.309 8.861 8.821 9.939 10.110 9.654 10.609 10.916 10.032 8.806 8.575 7.365 6.812 5.692 4.957 4.421 3.970 3.429 3.118 2.588 2.511 2.314 2.471 2.561 2.493 2.719 2.696 3.168 3.040 3.513 3.677 3.352 2.863 2.440 2.514 1.992 1.803 1.361 1.213 0.995 0.987 1.116 1.405 1.259 0.922 1.017 0.999 0.771 0.545 0.000 0.505 0.625 0.916 1.132 1.434 1.521 2.024 2.290 2.589 3.084 3.464 3.093 3.054 2.721 3.084 3.566 4.594
9.381 7.838 6.598 5.795 5.653 4.988 5.184 4.967 5.743 6.107 6.488 7.159 7.827 8.328 7.928 7.390 6.746 6.391 6.787 7.001 7.823 7.893 8.456 8.596 7.867 8.375 9.023 8.385 8.433 9.325 9.628 8.953 10.403 10.675 9.326 8.734 8.038 7.311 6.635 5.634 4.774 4.367 3.812 3.423 3.127 2.525 2.466 2.162 2.324 2.316 2.311 2.418 2.457 2.679 2.780 3.265 3.409 3.113 2.677 2.261 2.303 1.929 1.767 1.309 1.236 0.940 0.884 1.029 1.302 1.205 0.981 1.179 1.119 1.052 0.750 0.494 0.000 0.520 0.728 1.014 1.428 1.616 2.055 2.304 2.698 3.052 3.195 2.820 2.667 2.513 2.980 3.423 4.452
9.242 7.726 6.498 5.786 5.514 4.933 5.032 4.873 5.557 5.679 6.693 7.359 7.825 8.297 7.755 7.449 6.536 6.244 6.536 7.072 7.459 7.601 8.157 7.989 7.175 7.844 8.689 8.098 7.733 8.845 9.300 8.837 10.061 10.162 9.390 8.350 8.181 7.071 6.494 5.540 4.785 4.349 3.894 3.386 3.176 2.491 2.366 2.134 2.162 2.103 1.993 2.181 2.028 2.298 2.306 2.602 2.754 2.409 2.029 1.686 1.565 1.307 1.122 0.852 0.855 0.722 0.832 1.053 1.350 1.188 0.966 1.030 1.097 1.159 0.906 0.601 0.507 0.000 0.502 0.699 0.944 1.143 1.367 1.566 1.789 2.143 2.357 2.090 2.125 1.899 2.222 2.747 3.864
8.758 7.157 6.251 5.326 5.358 4.696 4.910 4.878 5.554 5.525 6.179 6.984 7.244 8.013 7.570 7.137 6.458 5.964 6.485 6.770 7.361 7.311 8.264 7.882 7.269 8.252 8.593 8.037 7.984 8.886 9.289 8.391 9.297 9.559 8.615 7.997 7.454 6.808 6.028 5.280 4.430 4.024 3.443 3.041 2.713 2.132 1.871 1.587 1.623 1.638 1.643 1.807 1.781 2.122 2.177 2.577 2.724 2.373 1.951 1.537 1.427 1.118 0.950 0.719 0.715 0.668 0.761 1.066 1.250 1.079 0.987 1.037 1.193 1.390 1.300 0.889 0.715 0.503 0.000 0.502 0.656 0.880 1.037 1.207 1.568 1.880 2.174 1.861 1.830 1.640 1.850 2.424 3.702
8.527 7.339 6.189 5.603 5.062 4.898 4.984 4.662 5.680 6.027 6.566 7.140 7.648 8.210 7.763 7.531 6.801 6.584 6.585 7.137 7.465 7.845 7.805 7.948 7.268 7.928 8.307 7.901 7.927 8.690 8.944 8.611 9.329 9.791 8.765 8.016 7.889 6.911 6.480 5.632 4.857 4.268 3.592 3.075 2.761 2.132 1.877 1.638 1.603 1.660 1.556 1.723 1.659 1.901 1.971 2.243 2.380 2.050 1.726 1.356 1.152 0.858 0.746 0.615 0.634 0.670 0.819 1.061 1.255 1.128 0.994 0.975 1.219 1.481 1.329 1.027 0.862 0.648 0.499 0.000 0.499 0.640 0.810 0.957 1.196 1.465 1.728 1.551 1.518 1.315 1.485 2.025 3.398
9.014 7.034 6.322 5.578 5.385 4.885 4.753 5.024 5.602 6.137 6.537 6.839 7.378 8.263 7.756 7.507 6.740 6.714 6.938 7.236 7.794 7.762 8.187 7.965 7.548 7.987 8.619 8.114 8.169 8.729 9.169 8.488 9.488 9.780 8.961 8.033 7.720 6.871 6.210 5.339 4.587 3.976 3.577 3.020 2.693 2.160 1.857 1.606 1.550 1.598 1.480 1.653 1.490 1.777 1.759 2.089 2.214 1.803 1.490 1.166 0.958 0.689 0.621 0.585 0.645 0.824 0.998 1.294 1.484 1.303 1.173 1.050 1.286 1.612 1.556 1.199 1.123 0.862 0.637 0.493 0.000 0.498 0.594 0.762 1.018 1.342 1.562 1.343 1.360 1.200 1.372 1.884 3.258
9.385 7.784 6.806 5.719 5.871 5.335 5.343 5.493 6.349 6.850 7.695 8.016 8.680 9.169 8.726 8.112 7.990 7.188 7.493 8.442 8.463 8.844 9.235 9.365 8.774 9.055 9.584 9.200 8.994 9.605 10.115 9.759 10.488 10.634 9.687 8.912 8.738 7.579 7.411 6.039 5.265 4.599 4.086 3.416 3.084 2.469 2.170 1.859 1.850 1.803 1.693 1.841 1.750 2.099 2.087 2.463 2.584 2.193 1.794 1.367 1.149 0.811 0.660 0.644 0.842 1.154 1.375 1.731 2.049 1.796 1.668 1.371 1.673 2.192 2.170 1.709 1.505 1.190 0.872 0.661 0.501 0.000 0.523 0.820 1.209 1.539 1.881 1.710 1.777 1.495 1.697 2.375 3.816
9.492 7.998 6.995 6.252 6.101 5.547 5.465 5.431 6.181 6.479 7.348 8.041 8.835 9.166 8.628 8.067 7.472 7.294 7.667 7.771 8.363 8.092 8.916 8.810 8.214 8.586 9.519 9.171 9.138 9.787 10.329 10.122 10.900 10.932 10.178 9.404 8.772 7.728 7.233 6.052 5.422 4.973 4.452 4.011 3.647 3.127 2.813 2.530 2.501 2.434 2.059 2.182 1.821 2.056 2.033 2.263 2.468 1.984 1.665 1.352 0.999 0.778 0.774 0.874 1.016 1.330 1.752 2.072 2.267 1.903 1.651 1.455 1.670 2.026 2.103 1.848 1.832 1.620 1.291 0.978 0.766 0.530 0.000 0.513 0.816 1.175 1.492 1.300 1.437 1.291 1.257 1.869 3.413
9.692 8.089 7.379 6.297 6.310 5.524 5.835 5.466 6.354 6.736 7.579 7.969 8.660 9.051 8.959 8.237 7.660 7.066 7.513 8.008 8.368 8.117 9.026 9.105 8.389 8.865 10.071 9.241 8.937 10.100 10.491 9.482 10.692 11.035 9.679 9.119 8.655 7.739 7.392 6.179 5.186 4.757 4.189 3.722 3.493 2.873 2.563 2.201 2.058 1.982 1.675 1.705 1.402 1.674 1.636 1.993 2.093 1.706 1.413 1.031 0.777 0.659 0.804 1.052 1.337 1.675 1.938 2.414 2.608 2.294 2.031 1.728 1.948 2.410 2.497 2.119 2.180 1.828 1.466 1.170 0.873 0.767 0.513 0.000 0.524 0.834 1.166 1.079 1.170 0.977 1.079 1.751 3.164
10.249 8.559 7.439 6.703 6.700 5.972 6.004 6.150 6.927 7.398 7.992 8.501 9.200 9.617 9.304 8.776 8.156 7.909 8.382 8.769 9.303 8.987 10.121 9.955 9.003 9.588 10.628 9.905 9.516 10.828 11.248 10.489 11.404 11.545 10.558 9.614 9.230 8.107 7.604 6.668 5.817 5.330 4.683 4.218 3.855 3.144 2.938 2.622 2.601 2.493 2.072 2.213 1.750 2.075 2.001 2.240 2.336 1.882 1.671 1.208 0.933 0.864 1.167 1.397 1.832 2.196 2.692 3.132 3.524 3.036 2.682 2.424 2.694 3.028 3.223 2.675 2.732 2.190 1.886 1.529 1.125 1.212 0.853 0.544 0.000 0.540 0.883 1.039 1.233 1.174 1.192 1.785 3.421
11.432 9.925 8.663 8.070 7.660 7.200 7.185 7.171 8.078 8.383 9.499 9.898 11.113 10.959 10.811 9.997 9.125 8.803 8.935 9.647 10.120 10.067 11.006 10.990 10.040 10.593 11.875 11.226 10.866 11.903 12.546 12.144 12.790 13.066 11.939 11.036 10.724 9.443 9.304 7.794 7.248 6.658 5.955 5.559 5.157 4.427 4.270 3.841 3.581 3.463 2.921 2.968 2.338 2.633 2.571 2.668 2.878 2.111 2.119 1.726 1.226 1.222 1.599 2.126 2.621 3.132 3.715 4.174 4.474 3.970 3.580 3.220 3.506 4.129 4.394 3.836 3.847 3.258 2.825 2.523 1.773 1.774 1.322 1.009 0.517 0.000 0.655 1.059 1.501 1.484 1.307 1.974 3.707
13.295 11.741 10.634 9.929 9.315 9.043 9.191 8.998 10.122 10.266 11.302 11.749 12.840 12.779 12.227 11.654 10.922 10.362 10.638 11.378 11.839 11.889 12.873 12.688 11.887 12.730 13.744 13.116 12.634 13.901 14.624 14.362 15.114 15.301 14.454 13.153 12.646 11.311 10.928 9.557 9.029 7.847 7.582 7.017 6.529 5.851 5.409 4.927 4.334 4.100 3.321 3.022 2.208 2.305 2.223 2.346 2.563 2.038 2.022 1.585 1.474 2.058 2.435 2.962 3.751 4.448 5.055 5.530 5.792 5.667 5.214 4.636 4.964 5.705 5.940 5.679 5.239 4.686 3.999 3.525 2.820 2.748 2.172 1.678 1.200 0.694 0.000 0.740 1.222 1.580 1.409 2.071 3.831
11.124 9.758 8.785 8.152 7.727 7.211 7.323 7.532 8.288 8.781 9.595 9.568 10.697 11.177 10.740 10.183 9.524 9.278 9.458 9.916 10.617 10.137 11.380 10.987 9.915 10.785 12.042 10.981 10.537 11.998 12.458 11.817 12.648 12.877 11.800 10.985 10.272 9.274 9.032 8.087 7.286 6.756 6.031 5.348 5.062 4.068 3.526 3.115 2.666 2.439 1.986 1.821 1.341 1.603 1.788 2.086 2.265 1.845 1.706 1.216 1.181 1.534 1.996 2.445 2.993 3.583 3.941 4.440 4.658 4.331 4.039 3.679 3.997 4.498 4.746 4.175 4.026 3.424 3.120 2.707 2.246 2.256 2.015 1.515 1.355 1.008 0.709 0.000 0.542 0.790 1.042 1.500 3.105
10.162 8.778 7.547 6.833 6.513 6.058 5.997 6.373 7.047 7.628 8.214 8.467 9.334 9.798 9.289 8.858 8.279 8.212 8.240 8.741 9.227 9.381 10.077 9.589 8.787 9.567 10.453 9.582 9.228 10.558 10.834 10.149 11.135 11.552 10.581 9.714 9.223 8.202 7.975 6.880 6.277 5.418 4.958 4.336 4.014 3.304 2.735 2.422 2.159 1.904 1.669 1.515 1.123 1.442 1.540 1.848 2.004 1.626 1.365 0.909 1.005 1.189 1.670 1.779 2.242 2.648 2.772 3.345 3.476 3.269 3.277 2.847 3.211 3.532 3.662 3.402 3.162 2.584 2.182 2.017 1.721 1.723 1.613 1.229 1.197 1.276 1.055 0.519 0.000 0.507 0.756 1.399 2.931
10.800 8.943 7.784 7.298 6.705 6.184 6.267 6.470 7.207 7.720 8.446 8.720 9.514 10.038 9.383 9.031 8.268 7.954 8.069 8.740 9.137 9.138 9.768 9.703 8.985 9.659 10.387 9.637 9.624 10.557 10.846 10.491 11.602 11.594 10.872 9.817 9.601 8.300 8.233 7.077 6.364 5.601 5.029 4.438 4.233 3.250 2.907 2.574 2.409 2.122 1.824 1.695 1.257 1.634 1.517 1.888 2.063 1.711 1.466 1.000 1.062 1.126 1.574 1.853 2.205 2.477 2.864 3.377 3.588 3.215 3.023 2.847 2.943 3.474 3.534 2.874 2.945 2.514 2.183 2.020 1.643 1.742 1.447 1.050 1.229 1.362 1.211 0.724 0.498 0.000 0.521 1.139 2.563
11.237 9.963 9.177 8.257 7.738 7.348 7.670 7.767 8.969 9.417 10.436 10.838 11.930 12.422 12.026 11.057 10.409 9.830 10.159 10.571 10.834 10.866 11.595 11.557 10.876 11.582 12.501 11.784 11.232 12.452 13.104 12.483 13.714 13.643 12.747 11.587 11.119 10.037 9.878 8.798 7.822 7.170 6.461 5.824 5.529 4.593 4.008 3.592 3.132 3.018 2.346 2.396 1.743 2.323 2.336 2.783 3.196 2.774 2.213 1.411 1.370 1.662 2.376 2.600 3.445 3.725 4.077 4.776 5.194 4.719 4.510 4.305 4.536 5.224 5.390 4.584 4.371 3.575 3.201 3.049 2.405 2.672 2.141 1.600 1.654 1.714 1.556 1.194 0.860 0.556 0.000 0.859 2.544
18.213 17.347 16.090 15.078 14.302 14.045 14.424 14.008 15.403 15.699 16.828 17.126 18.341 18.538 17.946 16.882 16.096 15.443 15.607 16.167 16.776 16.283 17.262 17.417 16.542 17.778 18.328 18.084 17.674 18.806 19.315 19.271 19.913 20.169 19.637 18.488 18.309 16.577 16.883 15.280 14.616 13.663 12.480 12.007 11.675 10.958 10.404 10.244 8.918 8.630 6.282 6.634 4.686 5.425 5.743 5.970 6.660 5.419 5.013 3.783 2.904 3.096 3.836 5.296 5.791 7.374 8.391 9.138 9.163 8.703 8.548 8.141 8.528 10.006 10.158 9.426 9.186 8.682 7.277 6.954 4.896 4.650 4.028 2.772 2.853 2.812 2.950 2.556 2.395 1.757 0.701 0.000 1.403
26.129 26.340 26.025 25.267 25.183 25.172 25.577 25.295 26.303 26.307 26.598 26.862 27.291 27.187 27.250 27.162 26.531 26.257 26.570 26.778 27.069 26.587 27.227 27.231 27.040 27.069 27.148 27.347 27.248 27.218 27.367 27.743 27.359 27.258 27.273 26.972 26.576 26.489 26.336 25.908 25.144 24.714 23.847 23.253 23.026 22.271 21.030 20.292 17.730 17.379 13.759 14.369 10.781 12.018 12.237 10.221 10.567 7.961 10.091 10.499 9.194 11.858 15.756 18.338 20.349 21.716 22.618 23.089 23.543 22.669 22.519 22.055 23.086 24.244 24.195 23.276 22.803 21.939 21.195 20.246 18.161 18.009 15.015 10.457 9.149 7.013 5.026 5.889 6.393 6.721 3.973 1.329 0.013
