35.872
49.567
57.803
81.663
90.902
91.469
93.534
94.301
95.376
95.050
94.842
95.290
95.466
95.660
94.848
92.591
90.666
86.789
85.214
90.249
91.351
93.594
93.710
95.047
93.685
94.385
93.742
94.030
93.691
92.596
91.348
89.739
90.062
90.676
92.609
92.868
92.659
92.258
92.256
92.671
92.367
91.106
91.376
89.529
91.556
92.401
94.715
94.156
94.945
94.777
93.183
91.987
94.578
95.427
95.504
94.306
94.509
96.267
96.252
95.731
95.580
95.810
95.781
94.613
94.326
94.443
93.897
91.164
90.545
89.817
84.992
86.440
89.393
91.455
93.484
94.290
93.078
91.975
89.429
85.253
68.427
54.696
50.939
59.040
64.349
74.727
81.234
80.987
84.901
86.951
87.103
87.118
80.315
