0.004 1.997 4.545 7.580 9.689 10.563 13.481 15.249 17.822 17.946 20.404 21.870 22.976 22.322 21.751 19.045 20.602 22.666 21.623 20.563 18.953 16.679 15.548 15.517 12.807 11.721 9.512 11.308 11.024 15.511 17.132 20.343 21.296 18.635 15.354 12.941 9.377 10.880 14.238 17.244 16.838 20.246 19.217 16.401 19.594 21.896 19.971 19.794 22.929 23.867 23.281 24.479 24.935 24.130 22.071 20.831 17.231 16.078 12.678 11.529 13.252 12.825 15.975 18.110 16.706 18.202 19.654 20.811 22.055 22.186 23.815 23.694 24.899 24.454 25.168 25.088 24.163 23.028 21.996 20.881 19.198 18.674 15.256 15.665 13.574 13.740 14.668 17.996 16.989 15.159 15.852 16.458 17.723
1.139 0.002 1.140 3.182 4.485 7.379 9.706 11.652 14.507 15.512 16.799 18.798 19.723 18.448 18.092 16.930 18.928 20.076 19.943 19.370 18.145 15.103 15.369 14.071 11.666 10.910 7.427 7.556 8.537 11.142 11.602 14.646 14.821 12.216 10.355 6.600 6.234 6.442 6.556 7.781 6.514 9.133 9.511 7.125 8.216 10.744 10.865 10.350 12.099 13.671 13.952 15.716 17.164 17.672 15.984 16.182 13.562 13.114 11.437 11.169 12.885 12.023 15.052 17.365 16.355 17.553 19.258 20.159 21.704 21.030 22.233 20.874 21.836 20.255 19.854 18.601 17.782 16.881 17.456 16.724 14.332 12.496 9.316 9.064 8.173 7.666 10.390 12.152 11.116 10.608 12.016 13.675 15.339
3.135 0.867 0.001 0.827 2.877 4.987 7.268 8.213 10.249 11.646 12.052 13.876 15.062 13.688 13.286 13.119 13.232 14.710 14.280 13.981 14.460 12.877 11.650 10.324 8.538 8.462 5.783 6.723 7.623 10.275 10.681 11.879 12.969 10.358 9.701 6.440 5.081 6.014 6.117 7.064 6.019 9.071 9.371 7.559 8.131 10.469 9.950 9.957 11.682 12.981 12.537 13.969 14.333 14.519 13.158 13.487 12.958 11.563 10.898 9.784 10.314 9.954 12.044 13.398 13.736 13.986 16.438 16.519 17.751 18.079 19.200 18.852 19.162 17.243 17.447 16.768 15.557 14.470 15.211 14.299 12.023 10.907 9.363 7.361 6.733 7.508 10.683 10.401 8.923 8.665 10.103 11.868 14.121
4.291 2.649 0.697 0.000 0.999 2.915 4.056 4.702 5.758 7.879 6.482 9.183 9.950 9.599 10.493 9.854 10.761 11.356 12.554 12.256 11.477 10.184 8.969 7.476 6.818 6.156 4.964 5.363 6.452 7.985 8.254 10.458 10.891 8.822 7.563 5.083 3.700 3.977 5.124 4.870 4.460 6.583 6.740 5.502 5.365 8.086 7.927 7.708 9.408 10.302 10.504 10.800 11.738 12.199 11.868 11.256 9.667 9.556 7.807 8.810 9.260 10.573 12.754 13.983 14.716 15.724 18.063 18.406 20.762 19.144 20.506 19.216 18.796 18.184 16.337 14.458 13.030 12.443 15.078 10.255 11.825 5.678 6.289 4.488 7.503 5.940 11.987 8.265 8.044 8.558 9.657 10.883 13.226
5.115 3.084 2.351 0.625 0.000 0.534 0.822 1.170 1.478 1.690 2.218 2.413 2.825 2.423 2.384 2.012 2.134 2.587 2.350 2.203 2.169 1.621 1.448 1.253 1.222 1.043 0.899 1.036 1.233 1.456 1.652 2.045 2.179 1.833 1.521 1.377 1.263 1.284 1.407 1.425 1.402 1.703 1.837 1.393 1.605 2.088 2.009 2.016 2.324 2.487 2.523 2.841 2.941 2.702 2.542 2.207 2.085 1.672 1.543 1.455 1.797 2.475 3.432 4.805 7.190 8.452 13.271 13.018 13.640 12.937 14.691 14.641 12.430 14.620 12.412 11.623 10.680 10.931 10.854 10.076 10.367 8.461 10.728 7.229 8.728 5.871 6.177 5.759 6.108 7.060 7.789 8.777 11.511
5.097 3.109 2.388 1.020 0.516 0.000 0.518 0.832 0.978 1.124 1.428 1.663 2.016 1.817 2.013 1.638 1.592 2.035 2.056 1.879 1.807 1.410 1.334 1.037 1.047 1.032 0.960 1.196 1.441 1.811 1.999 2.525 2.658 2.216 1.838 1.546 1.355 1.335 1.443 1.490 1.649 1.889 1.817 1.657 1.829 2.143 2.145 2.158 2.387 2.835 2.767 3.225 3.297 3.043 2.675 2.463 2.191 1.981 1.703 1.569 1.882 2.702 3.553 5.298 7.550 9.696 13.667 13.509 14.685 13.613 13.870 14.728 13.675 15.402 13.345 12.629 11.761 11.575 11.437 9.820 12.070 7.555 12.027 8.724 9.975 5.565 9.491 8.062 7.079 7.697 9.852 9.499 11.902
5.204 3.093 2.451 1.266 0.679 0.505 0.000 0.501 0.584 0.756 1.030 1.285 1.495 1.333 1.363 1.104 1.217 1.417 1.377 1.339 1.143 0.964 0.794 0.647 0.697 0.666 0.689 0.786 0.975 1.148 1.180 1.471 1.655 1.454 1.311 1.160 1.226 1.328 1.374 1.394 1.342 1.445 1.432 1.201 1.231 1.467 1.415 1.264 1.505 1.721 1.739 1.999 1.917 1.918 1.714 1.579 1.266 1.200 1.065 1.086 1.279 2.060 2.820 4.177 5.932 7.620 12.284 11.981 10.339 9.865 9.431 12.439 15.037 14.760 13.273 13.552 12.251 11.506 9.900 7.488 12.519 11.065 12.161 7.024 6.954 6.611 7.886 8.585 6.876 7.284 8.171 9.081 11.539
5.403 3.389 2.661 1.529 0.954 0.693 0.503 0.000 0.531 0.877 1.248 1.564 1.858 1.705 1.756 1.490 1.618 1.974 1.837 1.875 1.620 1.200 1.116 0.783 0.882 0.897 0.969 0.997 1.201 1.278 1.383 1.651 1.856 1.622 1.498 1.376 1.395 1.632 1.598 1.711 1.549 1.740 1.661 1.364 1.521 1.738 1.560 1.588 1.803 2.030 1.962 2.433 2.410 2.293 1.892 1.712 1.491 1.373 1.269 1.358 1.544 2.417 3.232 4.420 5.587 6.816 10.174 10.468 11.731 11.452 11.273 13.255 13.722 14.674 13.014 11.746 10.829 10.629 11.344 8.965 7.017 7.314 9.881 5.416 7.176 6.843 8.536 8.880 7.078 7.491 7.603 8.678 11.150
5.569 3.669 2.979 1.820 1.355 1.008 0.749 0.525 0.000 0.500 0.749 1.024 1.289 1.044 1.150 1.011 0.940 1.175 1.310 1.337 1.423 1.155 1.088 0.830 1.111 1.222 1.420 1.552 1.937 2.102 2.023 2.337 2.829 2.515 2.454 2.061 2.143 2.256 2.181 2.014 1.807 2.052 2.267 1.899 1.814 2.228 2.274 1.952 2.215 2.523 2.465 2.662 2.444 2.379 2.344 2.203 2.013 1.992 1.748 1.833 1.875 2.524 3.332 4.813 6.368 7.868 12.391 11.198 11.790 11.383 12.414 13.192 14.750 13.532 12.728 12.817 10.527 9.587 10.963 7.257 9.224 5.210 7.519 5.540 8.813 6.515 7.560 6.775 5.873 6.354 7.256 8.671 11.243
5.751 3.685 3.278 1.933 1.368 1.124 0.824 0.740 0.503 0.000 0.510 0.697 0.980 0.824 0.900 0.784 0.729 0.989 1.007 1.046 1.051 0.907 0.961 0.836 1.085 1.099 1.295 1.309 1.597 1.687 1.530 1.762 2.085 2.079 1.985 1.808 1.938 2.136 2.057 2.096 1.831 2.025 2.078 1.714 1.713 1.967 1.866 1.608 1.768 2.088 1.919 2.081 1.847 1.757 1.729 1.630 1.530 1.515 1.420 1.544 1.592 2.423 3.183 4.752 5.979 8.078 12.724 11.586 12.459 11.672 11.517 12.717 11.840 11.173 11.518 12.053 10.212 11.657 9.585 9.325 9.504 9.864 6.772 6.920 6.993 6.582 7.346 7.940 6.775 7.161 7.516 8.777 11.379
5.796 4.049 3.442 2.309 1.684 1.434 1.046 1.102 0.796 0.515 0.000 0.514 0.689 0.749 0.944 0.884 0.819 1.056 1.225 1.329 1.355 1.144 1.233 1.165 1.449 1.403 1.562 1.696 1.939 2.024 1.948 2.203 2.584 2.484 2.366 2.181 2.251 2.452 2.483 2.489 2.226 2.519 2.484 2.042 2.071 2.402 2.241 1.987 2.140 2.462 2.391 2.527 2.226 2.335 2.190 2.030 1.998 1.961 1.847 1.885 2.006 2.703 3.411 4.801 6.154 8.097 13.321 12.486 12.503 13.458 17.286 14.882 15.575 15.814 13.827 14.021 10.131 11.935 11.710 6.493 9.487 6.005 8.306 6.527 6.720 7.032 7.583 7.309 6.270 7.092 7.706 8.849 11.485
6.360 4.692 4.044 2.910 2.273 2.094 1.508 1.489 1.110 0.810 0.504 0.000 0.617 0.746 1.073 1.137 0.884 1.181 1.493 1.543 1.818 1.543 1.698 1.611 2.049 2.002 2.314 2.274 2.780 2.831 2.537 2.908 3.383 3.260 3.226 2.973 3.091 3.362 3.224 3.120 2.761 2.961 3.034 2.661 2.557 2.890 2.842 2.396 2.696 3.014 2.860 3.010 2.731 2.686 2.728 2.654 2.525 2.704 2.564 2.732 2.756 3.442 4.187 5.578 6.368 8.137 13.325 11.636 13.395 12.772 13.373 12.708 14.436 13.452 11.747 11.107 9.605 10.786 11.858 7.205 9.315 8.075 6.377 6.191 7.213 7.169 8.057 7.030 6.619 7.008 7.848 9.130 11.436
7.152 5.595 4.919 3.799 3.191 2.800 2.203 2.113 1.697 1.250 0.777 0.568 0.000 0.589 0.902 1.200 1.015 1.181 1.568 1.800 2.035 1.923 2.070 2.015 2.582 2.599 2.949 2.924 3.371 3.267 2.961 3.004 3.658 3.696 3.916 3.759 4.011 4.287 4.243 4.148 3.707 3.762 3.735 3.344 3.093 3.204 3.182 2.645 2.894 3.048 2.850 2.791 2.351 2.526 2.673 2.728 2.850 3.069 3.090 3.315 3.350 4.065 4.954 6.429 7.678 9.157 13.415 11.885 12.967 12.756 13.302 12.644 12.547 12.145 10.979 10.092 9.116 7.967 11.589 5.145 10.114 6.917 8.689 6.951 7.821 8.583 9.454 8.710 7.637 7.867 8.486 9.490 12.163
6.306 4.612 4.244 2.995 2.278 2.032 1.708 1.684 1.447 1.053 0.910 0.700 0.575 0.000 0.506 0.642 0.738 0.805 0.846 1.280 1.400 1.346 1.571 1.714 2.087 1.921 2.153 1.976 2.243 2.111 1.838 1.894 2.272 2.340 2.538 2.521 2.753 2.998 2.920 2.910 2.671 2.775 2.702 2.374 2.164 2.424 2.298 1.922 2.091 2.337 2.113 2.180 1.809 1.686 1.617 1.591 1.746 1.904 2.032 2.310 2.497 3.352 4.216 5.715 6.808 8.102 13.000 11.398 12.692 10.339 11.191 9.868 12.691 10.892 9.879 11.873 8.389 8.414 10.945 3.787 6.960 6.266 6.238 6.458 6.985 7.712 7.872 7.859 7.221 7.213 8.081 9.198 11.871
5.901 3.951 3.474 2.351 1.791 1.521 1.331 1.357 1.169 0.897 0.893 0.904 0.771 0.498 0.000 0.492 0.559 0.615 0.605 0.776 0.862 0.899 1.137 1.277 1.491 1.398 1.510 1.512 1.636 1.607 1.539 1.671 1.965 1.946 2.005 1.909 2.096 2.315 2.213 2.289 2.119 2.146 2.142 1.802 1.735 1.925 1.800 1.558 1.670 1.857 1.768 1.833 1.593 1.497 1.448 1.454 1.364 1.464 1.519 1.630 1.813 2.544 3.199 4.351 5.798 6.725 11.756 10.600 7.767 10.492 9.214 11.629 9.681 10.919 8.062 11.483 8.634 8.795 15.442 5.971 4.707 7.950 6.438 6.834 6.932 7.928 8.147 7.442 6.909 7.235 8.096 8.943 11.516
5.860 3.823 3.361 2.185 1.593 1.457 1.093 1.225 0.983 0.727 0.823 0.857 0.817 0.573 0.490 0.000 0.493 0.560 0.619 0.657 0.816 0.841 1.005 1.117 1.352 1.260 1.450 1.354 1.619 1.613 1.451 1.614 1.986 1.894 1.979 1.783 1.981 2.185 2.092 2.091 1.992 2.051 1.999 1.659 1.613 1.796 1.685 1.365 1.539 1.739 1.605 1.686 1.504 1.503 1.430 1.518 1.335 1.521 1.412 1.556 1.723 2.484 3.267 4.834 6.674 7.661 12.695 13.320 9.826 14.364 12.121 15.049 13.541 12.141 11.890 11.423 10.473 8.190 15.612 6.087 7.334 8.359 6.831 6.494 6.386 6.176 7.648 7.687 6.465 7.198 7.993 9.118 11.410
5.766 3.855 3.232 2.126 1.558 1.386 1.117 1.196 0.985 0.731 0.820 0.803 0.805 0.587 0.539 0.488 0.000 0.495 0.568 0.703 0.838 0.871 1.075 1.139 1.369 1.232 1.440 1.413 1.590 1.623 1.500 1.631 1.935 1.899 1.878 1.801 1.934 2.181 2.009 2.045 1.850 1.967 1.936 1.674 1.615 1.832 1.704 1.472 1.595 1.845 1.692 1.818 1.622 1.588 1.484 1.543 1.417 1.497 1.465 1.609 1.721 2.509 3.270 4.806 5.970 6.935 12.449 11.767 11.827 12.575 10.683 13.473 14.677 12.674 13.523 11.614 10.840 12.343 8.904 6.375 6.711 7.607 6.194 6.605 7.735 7.567 8.535 7.708 6.798 7.131 7.771 8.993 11.079
6.125 4.277 3.761 2.549 2.024 1.806 1.408 1.349 1.116 0.885 0.890 0.942 0.898 0.682 0.623 0.563 0.494 0.000 0.506 0.658 0.900 1.003 1.276 1.355 1.644 1.619 1.859 1.768 2.049 2.060 1.823 1.934 2.364 2.280 2.430 2.215 2.444 2.718 2.545 2.537 2.212 2.361 2.400 2.054 1.899 2.186 2.105 1.765 1.945 2.257 2.036 2.106 1.829 1.782 1.668 1.694 1.633 1.859 1.783 1.949 2.096 2.805 3.581 5.074 6.312 7.884 13.456 12.720 10.598 11.150 9.635 11.381 11.467 12.532 8.844 12.621 11.371 10.899 8.874 5.937 6.987 6.828 7.812 7.156 7.331 7.283 8.072 7.683 7.102 7.245 7.946 8.983 11.636
6.233 4.173 3.437 2.519 1.882 1.726 1.444 1.466 1.304 1.073 1.072 1.091 1.034 0.761 0.669 0.622 0.597 0.505 0.000 0.560 0.639 0.823 1.173 1.345 1.546 1.408 1.580 1.544 1.746 1.685 1.590 1.734 2.126 2.077 2.134 2.051 2.206 2.464 2.398 2.425 2.288 2.376 2.272 2.006 1.938 2.174 1.996 1.713 1.852 2.111 1.863 2.042 1.703 1.537 1.502 1.384 1.404 1.437 1.529 1.614 1.826 2.609 3.329 4.678 6.329 7.605 12.537 10.677 9.949 17.371 10.413 15.550 9.306 12.437 9.368 8.957 8.678 9.209 10.125 7.977 9.265 7.611 7.339 6.592 7.587 8.107 8.958 7.819 7.057 7.256 7.996 8.808 11.308
6.368 4.558 4.112 3.197 2.467 2.237 1.902 2.060 1.862 1.453 1.592 1.549 1.444 1.180 0.955 0.856 0.829 0.697 0.553 0.000 0.553 0.736 1.226 1.591 1.816 1.621 2.035 2.113 2.405 2.459 2.226 2.388 2.890 2.915 3.059 2.932 2.927 3.547 3.417 3.624 3.357 3.538 3.440 2.874 2.790 3.165 2.856 2.455 2.715 2.931 2.576 2.664 2.176 2.093 2.034 2.118 2.045 2.058 1.934 1.947 1.950 2.596 3.423 4.624 6.215 8.164 12.531 13.687 11.960 11.454 12.050 14.191 12.153 12.917 12.582 11.572 11.408 9.703 12.219 10.114 11.819 7.936 8.417 6.910 7.913 8.689 9.892 9.060 7.987 8.106 8.646 9.483 11.831
5.777 3.828 3.314 2.174 1.607 1.288 1.146 1.373 1.365 1.137 1.377 1.460 1.405 1.268 1.134 0.853 0.860 0.873 0.613 0.520 0.000 0.532 0.803 1.103 1.186 0.959 1.155 1.281 1.481 1.574 1.628 1.834 2.112 2.054 1.972 1.863 1.833 2.137 2.230 2.331 2.176 2.389 2.298 1.918 2.053 2.278 2.058 1.877 2.157 2.397 2.110 2.332 2.128 1.896 1.781 1.614 1.484 1.294 1.153 1.250 1.500 2.204 3.024 4.696 6.354 8.283 12.261 13.771 12.324 18.068 11.787 12.174 10.562 12.831 12.866 11.861 10.152 8.277 9.319 9.301 9.844 8.176 6.980 6.476 7.024 7.797 9.215 8.395 7.307 7.399 7.750 8.677 11.418
5.686 3.634 3.139 1.900 1.383 1.129 0.908 1.060 0.991 0.879 1.183 1.328 1.425 1.213 1.096 0.861 0.934 1.042 0.793 0.720 0.509 0.000 0.511 0.676 0.907 0.773 1.040 1.131 1.341 1.447 1.415 1.665 1.909 1.824 1.789 1.639 1.725 1.953 1.980 1.977 1.875 2.043 2.043 1.639 1.719 1.971 1.782 1.586 1.798 2.006 1.813 2.069 1.893 1.750 1.535 1.402 1.283 1.260 1.118 1.192 1.319 2.135 2.817 4.207 6.383 8.292 13.011 14.445 11.658 19.364 11.195 14.581 13.622 14.094 11.975 12.274 10.294 9.969 8.894 7.139 11.291 7.120 6.169 6.669 7.610 7.456 8.151 8.165 6.688 7.272 7.862 8.721 11.252
5.894 3.932 3.325 1.965 1.418 1.093 0.818 0.886 0.955 1.047 1.457 1.676 1.895 1.705 1.520 1.205 1.251 1.431 1.159 1.015 0.757 0.522 0.000 0.501 0.695 0.693 1.032 1.240 1.539 1.634 1.660 1.898 2.240 2.201 2.120 1.911 1.958 2.197 2.234 2.202 2.089 2.255 2.393 1.891 2.037 2.316 2.207 1.949 2.262 2.526 2.279 2.540 2.326 2.049 1.869 1.634 1.490 1.446 1.234 1.241 1.322 2.240 3.035 4.638 6.482 8.289 10.264 11.187 13.030 15.707 14.436 13.791 15.124 13.450 11.134 11.511 9.760 9.183 9.537 7.046 9.628 7.315 7.229 6.985 7.143 8.414 8.911 8.462 6.930 7.508 7.663 8.939 11.553
5.795 3.708 2.875 1.748 1.177 0.964 0.714 0.761 0.811 0.926 1.270 1.504 1.759 1.535 1.483 1.207 1.246 1.445 1.334 1.220 1.019 0.747 0.514 0.000 0.539 0.617 0.903 1.099 1.383 1.606 1.658 1.917 2.158 2.076 1.933 1.724 1.763 1.840 1.926 1.890 1.821 1.942 2.038 1.719 1.835 2.097 2.048 1.871 2.102 2.317 2.218 2.421 2.289 2.173 2.026 1.937 1.629 1.478 1.223 1.224 1.302 2.122 2.923 4.359 5.925 8.443 12.362 12.991 12.954 13.268 13.520 12.003 12.887 15.368 13.062 11.972 11.449 10.965 10.257 7.731 8.916 6.158 6.616 6.556 7.575 7.106 10.111 8.351 6.611 7.178 7.835 8.621 11.238
5.533 3.541 2.811 1.873 1.316 0.955 0.797 0.853 0.914 1.075 1.418 1.652 2.017 1.792 1.874 1.509 1.562 1.929 1.758 1.726 1.391 0.982 0.730 0.526 0.000 0.545 0.718 1.021 1.283 1.669 1.898 2.168 2.441 2.320 2.025 1.866 1.618 1.920 2.123 2.244 2.229 2.497 2.538 2.073 2.251 2.671 2.493 2.360 2.573 2.930 2.706 3.207 3.067 2.806 2.420 2.146 1.770 1.573 1.126 0.981 1.185 2.022 3.024 4.409 6.402 7.697 11.738 12.157 12.608 12.111 12.427 12.517 14.015 13.063 13.419 12.114 10.063 11.803 10.928 8.187 8.682 7.650 7.435 6.397 7.275 7.039 9.063 8.661 7.331 7.346 8.466 8.911 11.222
5.847 3.464 2.688 1.578 0.895 0.750 0.839 0.856 0.976 1.062 1.344 1.566 1.807 1.593 1.545 1.315 1.332 1.565 1.400 1.368 1.137 0.873 0.695 0.639 0.517 0.000 0.508 0.653 0.875 1.100 1.240 1.521 1.627 1.609 1.271 1.156 1.123 1.326 1.398 1.480 1.532 1.592 1.607 1.384 1.491 1.725 1.619 1.518 1.831 2.037 1.950 2.279 2.285 2.098 1.758 1.628 1.239 1.118 0.853 0.895 1.046 1.957 2.771 4.139 6.347 7.538 11.692 10.763 9.053 11.093 9.763 12.602 14.520 13.528 12.695 11.762 10.952 10.244 10.648 7.560 10.130 8.456 7.666 7.582 8.715 7.596 9.095 8.712 7.785 7.345 8.455 9.036 11.937
5.694 3.542 2.651 1.630 0.986 0.801 0.860 1.123 1.264 1.361 1.788 1.938 2.222 1.842 1.774 1.518 1.688 1.847 1.654 1.655 1.350 1.051 0.924 0.886 0.723 0.509 0.000 0.511 0.638 0.789 0.939 1.173 1.317 1.157 1.043 0.944 1.047 1.311 1.394 1.450 1.451 1.513 1.421 1.196 1.363 1.483 1.335 1.355 1.601 1.695 1.647 2.021 2.049 1.815 1.596 1.280 1.013 0.898 0.737 0.747 0.937 1.816 2.758 4.537 6.692 8.358 11.846 13.154 13.489 13.288 13.241 13.759 13.165 13.403 12.328 11.675 10.893 10.244 11.113 9.109 10.287 8.543 8.040 7.298 7.792 7.005 8.299 9.055 8.118 8.589 9.383 9.192 11.872
5.741 3.326 2.684 1.484 0.759 0.795 0.735 0.962 1.062 1.086 1.401 1.531 1.784 1.483 1.366 1.172 1.296 1.449 1.339 1.368 1.124 0.917 0.929 0.896 0.835 0.612 0.497 0.000 0.496 0.555 0.678 0.880 0.988 0.871 0.715 0.679 0.792 0.978 1.006 1.101 1.203 1.217 1.141 0.949 1.080 1.141 1.037 1.029 1.229 1.327 1.283 1.518 1.484 1.368 1.114 1.012 0.735 0.733 0.697 0.751 1.078 1.980 2.656 4.305 6.944 7.134 12.119 11.576 10.617 12.043 7.460 14.198 14.595 14.157 11.623 11.588 10.889 10.559 10.630 8.975 8.826 8.023 7.441 7.490 8.648 5.324 7.476 7.597 7.383 7.178 7.856 8.958 11.901
5.336 3.297 2.392 1.550 0.988 0.900 0.892 1.095 1.160 1.197 1.457 1.669 1.898 1.539 1.454 1.310 1.320 1.521 1.367 1.398 1.196 0.945 1.024 1.019 0.944 0.765 0.614 0.493 0.000 0.497 0.615 0.833 0.922 0.731 0.622 0.690 0.794 0.962 1.065 1.222 1.330 1.276 1.206 1.020 1.161 1.239 1.109 1.109 1.295 1.366 1.358 1.650 1.651 1.489 1.342 1.024 0.736 0.629 0.644 0.752 1.083 1.920 2.736 4.283 6.844 7.761 13.342 11.332 10.513 13.266 10.380 13.921 12.736 13.585 12.097 12.477 11.680 10.990 11.243 9.568 7.658 8.139 8.797 7.621 8.439 8.893 9.666 8.651 7.676 7.408 8.174 9.008 11.538
5.507 3.212 2.378 1.456 0.997 1.020 1.047 1.295 1.364 1.375 1.593 1.772 1.830 1.514 1.335 1.216 1.407 1.496 1.312 1.454 1.228 1.079 1.203 1.231 1.170 0.934 0.759 0.577 0.494 0.000 0.490 0.575 0.729 0.617 0.584 0.640 0.764 0.939 0.959 1.093 1.154 1.182 1.027 0.877 1.000 1.036 0.820 0.868 1.026 1.078 0.951 1.213 1.163 1.053 0.849 0.699 0.603 0.662 0.814 0.822 1.172 1.906 2.670 4.062 6.841 8.192 14.658 11.586 11.117 12.160 7.875 13.053 12.681 11.732 9.626 10.654 9.574 9.369 8.853 8.625 7.416 7.319 6.786 6.361 7.551 6.089 8.380 8.019 7.271 7.023 7.606 8.954 11.495
5.783 3.395 2.729 1.565 1.046 1.066 1.039 1.282 1.328 1.258 1.459 1.645 1.728 1.414 1.270 1.158 1.343 1.403 1.280 1.382 1.241 1.089 1.242 1.286 1.240 1.023 0.889 0.673 0.596 0.494 0.000 0.503 0.715 0.575 0.589 0.635 0.814 0.981 0.975 1.135 1.178 1.219 1.058 0.871 0.989 1.021 0.828 0.732 0.969 1.038 0.858 1.202 1.148 1.007 0.743 0.738 0.620 0.725 0.849 0.998 1.384 2.190 2.908 4.278 6.518 7.365 13.365 10.491 12.845 10.540 9.216 11.904 9.254 13.508 8.671 10.024 9.337 9.135 10.901 8.539 10.140 6.590 5.726 6.051 7.256 6.801 8.662 7.865 7.282 7.363 8.174 9.287 11.582
5.875 3.775 3.059 2.120 1.510 1.473 1.581 1.757 1.902 1.824 2.069 2.243 2.364 1.957 1.791 1.671 1.901 1.996 1.833 2.058 1.840 1.669 1.850 1.893 1.870 1.570 1.407 1.098 1.147 0.791 0.531 0.000 0.766 0.684 0.905 1.063 1.411 1.604 1.511 1.774 1.728 1.863 1.554 1.330 1.498 1.508 1.191 1.200 1.509 1.476 1.190 1.612 1.532 1.331 1.024 0.886 0.863 1.088 1.369 1.618 2.051 2.791 3.655 4.914 6.809 7.664 13.651 11.313 10.984 12.673 10.165 13.574 10.823 14.129 10.173 11.848 9.736 8.611 10.805 7.156 7.385 7.370 6.178 5.934 6.808 7.694 8.292 7.304 7.003 7.369 8.113 9.191 11.801
6.002 4.436 3.519 2.851 2.339 2.642 2.617 3.083 3.298 2.920 3.155 3.519 3.275 2.728 2.289 2.306 2.836 2.659 2.329 2.810 2.498 2.369 2.862 3.113 3.014 2.532 2.300 1.815 1.505 1.018 0.747 0.559 0.000 0.565 0.836 1.200 1.581 1.647 1.708 2.250 2.493 2.484 1.965 1.775 2.195 2.008 1.440 1.666 2.098 1.861 1.469 1.810 1.829 1.463 1.310 1.091 1.361 1.578 2.013 2.344 2.895 3.672 4.836 5.951 7.089 8.679 13.000 10.570 12.365 10.531 12.282 12.368 13.251 11.721 11.840 12.240 10.518 9.646 9.173 8.577 7.996 7.647 6.986 6.808 6.979 7.235 8.406 7.073 7.061 7.495 8.379 9.301 11.940
5.548 3.413 2.566 1.671 1.267 1.398 1.501 1.832 2.028 2.112 2.258 2.554 2.658 2.235 2.044 1.833 2.143 2.248 2.091 2.249 2.005 1.662 1.948 1.904 1.782 1.457 1.244 0.950 0.819 0.624 0.622 0.626 0.522 0.000 0.501 0.584 0.745 0.961 1.028 1.281 1.429 1.484 1.202 1.056 1.322 1.330 0.998 1.096 1.395 1.411 1.266 1.572 1.605 1.420 1.202 1.036 1.010 1.095 1.271 1.441 1.882 2.618 3.480 5.047 6.977 8.299 13.982 12.016 13.503 10.568 12.495 12.694 14.137 12.266 11.424 11.075 10.865 10.109 10.259 9.637 8.153 7.949 6.707 6.800 7.732 6.987 8.539 8.366 6.981 7.384 8.113 9.144 11.262
5.355 3.350 2.373 1.628 1.174 1.274 1.336 1.557 1.849 1.842 2.134 2.428 2.606 2.148 1.914 1.701 2.050 2.136 1.913 2.113 1.796 1.553 1.689 1.673 1.447 1.200 1.063 0.846 0.687 0.635 0.693 0.849 0.721 0.499 0.000 0.502 0.581 0.863 0.878 1.119 1.220 1.330 1.135 1.001 1.220 1.249 1.034 1.132 1.402 1.449 1.319 1.734 1.808 1.628 1.349 1.184 1.090 1.104 1.124 1.203 1.564 2.257 3.202 4.565 6.357 7.084 12.197 10.941 13.563 12.108 13.559 11.756 12.787 12.652 11.925 11.952 10.965 10.014 8.630 7.539 7.695 6.077 6.209 5.985 6.945 7.309 8.838 8.367 6.717 6.621 7.700 8.708 11.582
5.202 3.143 2.251 1.675 1.003 1.245 1.371 1.589 1.703 1.827 2.108 2.327 2.579 2.157 2.019 1.849 2.046 2.182 2.023 2.270 1.876 1.619 1.734 1.623 1.460 1.292 1.067 0.904 0.727 0.656 0.777 0.982 0.924 0.625 0.502 0.000 0.527 0.710 0.773 0.930 1.102 1.218 1.035 0.886 1.194 1.233 0.976 1.183 1.450 1.470 1.411 1.805 1.870 1.656 1.402 1.227 1.189 1.113 1.146 1.272 1.686 2.396 3.160 4.563 6.263 7.120 13.703 11.574 13.969 12.187 16.356 13.531 13.819 14.083 11.082 10.809 10.237 10.118 11.179 9.189 9.258 7.285 6.810 5.853 7.634 6.454 7.549 8.684 8.514 6.922 7.500 8.590 11.360
5.383 3.562 2.530 1.582 1.248 1.496 1.749 2.060 2.206 2.320 2.579 2.832 3.127 2.543 2.401 2.211 2.600 2.669 2.442 2.679 2.286 2.037 2.140 2.144 1.891 1.658 1.289 1.049 0.876 0.869 0.990 1.269 1.233 0.910 0.654 0.508 0.000 0.573 0.799 1.096 1.327 1.483 1.253 1.099 1.418 1.417 1.199 1.317 1.561 1.585 1.629 2.003 2.040 1.952 1.653 1.588 1.354 1.381 1.401 1.483 2.017 2.591 3.508 5.140 6.947 8.917 14.073 10.888 14.296 12.446 16.619 14.091 14.843 14.540 13.297 12.191 11.187 11.513 10.915 8.308 6.752 8.211 7.719 6.599 8.286 7.526 8.177 8.604 7.330 7.689 8.186 9.171 11.927
5.722 3.541 2.675 1.805 1.718 1.980 2.367 2.817 3.253 3.340 3.766 4.170 4.492 3.904 3.565 3.287 3.651 3.861 3.263 3.451 2.818 2.637 2.681 2.722 2.459 2.150 1.692 1.528 1.158 1.367 1.731 2.100 2.025 1.643 1.170 0.948 0.556 0.000 0.692 1.061 1.658 1.682 1.571 1.542 2.095 2.102 1.952 2.149 2.653 2.720 2.697 3.587 3.575 3.184 2.723 2.312 1.923 1.658 1.708 1.711 2.242 3.159 4.074 5.042 6.467 8.003 14.915 12.448 14.728 11.754 15.369 14.066 14.212 14.105 13.203 12.900 11.051 10.920 11.266 9.014 8.931 8.199 7.736 7.911 8.733 7.305 8.527 8.454 7.782 7.171 8.200 8.865 11.637
5.091 3.087 2.411 1.552 1.253 1.713 1.853 2.024 2.326 2.440 2.611 2.936 3.133 2.748 2.499 2.426 2.646 2.827 2.689 2.849 2.553 2.342 2.397 2.250 2.064 1.878 1.560 1.376 1.189 1.242 1.452 1.759 1.716 1.267 1.022 0.836 0.783 0.534 0.000 0.513 0.715 0.891 0.824 0.803 1.148 1.271 1.227 1.448 1.681 1.851 1.910 2.356 2.492 2.430 2.178 2.070 1.874 1.727 1.776 1.836 2.238 2.925 3.773 4.910 6.469 8.016 14.431 10.951 14.726 13.317 13.801 14.283 13.548 14.205 11.950 11.247 10.667 11.075 12.273 8.078 9.516 8.133 6.272 5.944 6.542 7.087 4.035 6.690 6.592 5.788 6.957 8.146 11.026
5.577 3.129 2.444 1.417 1.185 1.325 1.370 1.516 1.621 1.716 1.913 2.193 2.436 2.055 1.957 1.829 2.009 2.214 2.150 2.255 2.065 1.742 1.851 1.683 1.656 1.516 1.428 1.238 1.173 1.217 1.265 1.489 1.538 1.241 1.045 0.884 0.874 0.719 0.500 0.000 0.495 0.576 0.605 0.591 0.715 0.891 0.969 1.085 1.184 1.391 1.450 1.912 2.077 1.998 1.665 1.686 1.530 1.593 1.577 1.684 1.923 2.679 3.421 4.414 6.044 7.858 13.771 12.661 13.891 11.728 12.970 12.287 13.433 11.926 12.421 12.800 11.646 9.278 10.383 7.513 7.790 6.572 6.449 6.153 8.536 5.711 8.713 7.088 7.108 5.971 7.031 7.930 10.418
5.376 3.154 2.617 1.442 1.067 1.314 1.381 1.462 1.554 1.746 1.878 2.207 2.860 1.922 1.855 1.696 1.914 2.158 2.015 2.246 1.997 1.700 1.776 1.575 1.494 1.491 1.310 1.292 1.201 1.224 1.281 1.420 1.498 1.217 1.143 0.949 1.057 0.924 0.614 0.491 0.000 0.493 0.538 0.547 0.549 0.687 0.798 0.848 0.930 1.148 1.224 1.552 1.680 1.721 1.513 1.558 1.544 1.573 1.532 1.657 1.887 2.493 3.337 4.579 5.907 7.386 12.231 11.419 14.234 11.817 14.151 13.166 14.236 13.486 12.386 11.203 10.650 9.603 10.541 6.944 7.438 7.076 7.634 6.245 7.885 3.897 6.571 11.973 5.982 6.562 7.181 8.036 10.760
5.746 3.415 2.864 1.743 1.377 1.587 1.640 1.688 1.909 2.049 2.259 2.555 2.836 2.327 2.211 2.152 2.326 2.502 2.399 2.475 2.352 2.062 2.125 1.924 1.855 1.771 1.605 1.450 1.483 1.385 1.279 1.430 1.533 1.257 1.348 1.094 1.256 1.168 0.810 0.555 0.491 0.000 0.496 0.583 0.620 0.612 0.722 0.905 0.916 1.073 1.222 1.584 1.766 1.828 1.644 1.717 1.637 1.779 1.825 1.934 2.190 2.781 3.558 4.635 6.591 7.427 13.827 11.904 14.955 12.514 13.737 13.122 14.001 12.776 12.453 11.549 11.205 9.224 10.102 8.049 8.318 8.153 8.904 6.010 6.858 6.118 6.409 7.836 6.967 6.356 7.230 8.386 10.916
5.488 3.438 2.821 1.737 1.308 1.461 1.496 1.609 1.785 1.831 1.983 2.324 2.391 2.034 1.789 1.703 1.989 2.070 1.942 2.058 1.833 1.672 1.785 1.722 1.643 1.547 1.409 1.162 1.110 0.996 0.934 1.103 1.252 0.985 1.001 0.837 1.012 0.952 0.690 0.556 0.523 0.490 0.000 0.489 0.530 0.557 0.545 0.657 0.759 0.950 1.004 1.373 1.521 1.443 1.237 1.223 1.211 1.324 1.385 1.589 1.880 2.595 3.374 4.522 6.258 7.724 12.675 11.306 12.902 10.734 12.229 13.307 14.130 10.897 11.234 10.481 10.264 8.896 8.910 8.040 7.261 8.282 6.583 6.764 7.139 6.717 6.379 9.163 8.825 7.299 7.798 8.754 11.123
5.536 3.288 2.583 1.667 1.030 1.176 1.245 1.411 1.492 1.468 1.697 1.974 2.097 1.686 1.503 1.388 1.665 1.776 1.660 1.856 1.657 1.480 1.563 1.488 1.449 1.407 1.236 1.055 1.022 0.970 0.916 1.162 1.314 1.086 0.990 0.846 0.986 0.918 0.668 0.575 0.527 0.514 0.488 0.000 0.489 0.526 0.548 0.553 0.653 0.855 0.929 1.306 1.364 1.371 1.193 1.313 1.153 1.401 1.354 1.505 1.766 2.420 3.382 4.773 6.498 7.611 12.871 10.711 11.808 10.563 12.467 12.020 12.912 13.881 11.079 9.986 10.446 8.976 9.353 8.499 7.851 7.578 10.417 6.196 9.174 9.288 6.145 7.510 7.331 7.281 8.266 8.322 11.487
5.662 3.334 2.818 1.659 1.144 1.203 1.324 1.410 1.578 1.625 1.741 2.082 2.263 1.756 1.677 1.615 1.837 1.954 1.883 1.964 1.825 1.602 1.667 1.593 1.493 1.445 1.244 1.136 1.115 1.045 1.054 1.177 1.315 1.127 1.065 0.917 1.063 0.998 0.747 0.654 0.547 0.542 0.525 0.489 0.000 0.493 0.532 0.564 0.584 0.732 0.899 1.254 1.326 1.422 1.335 1.300 1.344 1.308 1.434 1.481 1.780 2.449 3.211 4.361 6.186 7.307 13.494 11.034 12.243 10.317 12.450 11.663 14.819 13.318 10.885 12.511 12.968 10.700 11.547 8.248 8.441 7.382 9.573 6.059 6.465 6.625 6.596 8.624 8.391 7.174 8.225 8.827 11.302
5.747 3.559 2.828 1.906 1.399 1.476 1.588 1.628 1.801 1.962 2.170 2.446 2.616 2.119 2.026 1.965 2.218 2.325 2.267 2.416 2.225 1.987 2.090 1.901 1.796 1.762 1.551 1.407 1.353 1.248 1.099 1.224 1.341 1.114 1.216 1.079 1.317 1.306 0.990 0.826 0.669 0.590 0.596 0.546 0.491 0.000 0.496 0.576 0.623 0.693 0.871 1.257 1.393 1.462 1.441 1.470 1.431 1.595 1.690 1.872 2.212 2.821 3.555 4.674 6.460 7.942 13.769 12.012 13.168 12.366 13.573 13.269 14.174 11.689 11.306 10.921 10.887 10.301 11.700 9.651 8.854 8.690 6.635 7.741 7.275 7.029 6.808 8.975 8.646 6.879 7.776 8.846 11.416
5.471 3.386 2.769 1.886 1.313 1.346 1.361 1.454 1.563 1.591 1.755 2.024 2.063 1.729 1.528 1.408 1.712 1.758 1.620 1.818 1.619 1.401 1.656 1.589 1.593 1.402 1.338 1.032 1.065 0.921 0.757 1.043 1.163 0.923 1.018 0.890 1.111 1.131 0.885 0.784 0.740 0.620 0.554 0.523 0.506 0.489 0.000 0.489 0.538 0.641 0.673 1.123 1.190 1.166 1.094 1.123 1.102 1.230 1.354 1.453 1.830 2.531 3.341 4.621 6.321 7.074 13.091 10.441 11.016 9.634 10.819 12.113 13.131 11.056 10.449 9.783 10.057 9.114 10.124 11.143 7.368 8.470 6.462 6.558 7.732 7.110 8.122 7.368 8.268 7.328 7.835 9.034 11.225
5.726 3.412 2.718 1.659 1.225 1.250 1.186 1.377 1.504 1.435 1.719 1.878 1.958 1.625 1.459 1.384 1.593 1.690 1.625 1.793 1.637 1.461 1.582 1.529 1.496 1.390 1.235 1.031 1.059 0.938 0.826 1.017 1.164 0.982 0.971 0.912 1.119 1.128 0.898 0.844 0.794 0.738 0.634 0.549 0.550 0.521 0.490 0.000 0.495 0.627 0.683 1.151 1.160 1.197 1.024 1.105 1.164 1.192 1.247 1.460 1.779 2.565 3.345 4.942 6.825 7.986 13.064 11.676 11.610 12.695 10.894 13.223 12.090 11.655 10.895 11.939 12.184 9.964 10.638 9.582 8.501 8.497 7.175 6.744 8.876 7.141 8.112 8.261 7.953 7.411 7.990 8.994 11.626
5.659 3.577 2.972 1.860 1.309 1.432 1.480 1.687 1.827 1.928 2.130 2.445 2.577 2.099 1.980 1.911 2.218 2.315 2.261 2.383 2.113 1.869 1.935 1.848 1.792 1.690 1.447 1.218 1.332 1.225 1.064 1.301 1.515 1.273 1.390 1.128 1.393 1.514 1.211 1.155 1.068 0.968 0.895 0.683 0.636 0.611 0.586 0.497 0.000 0.524 0.719 1.214 1.358 1.428 1.341 1.390 1.303 1.474 1.550 1.688 2.021 2.603 3.355 4.604 6.525 8.364 13.736 12.443 14.425 12.570 15.610 14.804 15.100 13.440 11.978 13.842 12.512 11.030 13.901 9.360 9.005 8.819 7.084 6.479 7.481 7.047 8.723 7.297 6.486 7.050 7.749 9.110 11.540
6.450 4.633 4.037 2.925 2.378 2.381 2.386 2.561 2.698 2.916 3.059 3.541 3.705 3.084 2.967 2.839 3.392 3.596 3.595 3.897 3.527 2.977 3.413 3.056 3.107 2.977 2.738 2.405 2.436 2.160 1.611 1.675 1.999 1.854 2.198 2.017 2.505 2.596 2.142 1.863 1.592 1.408 1.456 1.210 0.902 0.895 0.937 0.789 0.549 0.000 0.642 1.271 1.639 1.747 1.591 1.991 2.213 2.657 2.848 3.162 3.563 4.180 5.125 6.191 7.823 9.395 13.746 12.092 14.255 13.369 14.739 15.108 14.090 13.456 11.083 11.949 9.756 10.119 11.111 9.874 7.941 7.937 6.289 7.336 7.399 7.952 8.475 7.852 7.121 7.227 8.199 9.193 11.819
7.085 5.349 4.618 3.646 3.023 3.245 3.153 3.503 3.608 3.437 3.877 4.021 4.137 3.355 3.008 3.036 3.487 3.482 3.055 3.613 3.217 3.092 3.547 3.591 3.580 3.125 3.103 2.630 2.783 2.239 1.727 1.604 2.158 2.123 2.431 2.402 2.963 3.101 2.699 2.755 2.679 2.117 2.110 1.963 1.780 1.400 1.265 1.121 0.969 0.558 0.000 1.029 1.509 1.575 1.383 1.805 2.336 2.558 2.925 3.306 3.810 4.611 5.502 6.836 8.479 9.254 12.232 12.183 12.008 11.980 11.989 12.208 13.137 15.736 11.186 12.972 11.746 12.319 11.223 10.723 9.978 8.959 8.144 8.471 8.641 8.656 9.025 8.295 7.779 8.231 9.083 10.008 12.361
7.464 6.311 5.534 4.676 3.963 4.361 4.517 5.077 5.130 4.980 4.769 4.899 4.874 3.994 3.210 3.517 4.251 3.925 3.826 4.636 4.639 4.326 4.854 5.339 5.341 4.724 4.133 3.447 3.204 2.766 2.098 2.095 2.726 2.207 2.677 2.631 3.442 3.588 2.854 3.323 3.747 3.197 2.393 2.450 2.644 1.978 1.552 1.718 1.734 1.178 0.797 0.000 0.585 1.075 1.586 2.198 2.817 3.356 3.877 4.470 5.318 6.020 7.149 8.345 9.763 11.566 13.012 12.924 14.258 12.595 14.098 12.625 12.433 16.083 10.579 12.231 9.478 9.613 13.620 9.867 9.904 8.996 9.084 8.183 8.480 9.743 9.005 9.179 8.718 8.784 9.688 10.652 13.010
7.540 6.093 5.444 4.655 3.920 3.907 3.651 4.120 3.882 3.558 3.380 3.613 3.348 2.687 2.186 2.423 2.773 2.641 2.393 2.770 2.795 2.783 3.432 3.826 4.110 3.693 3.548 3.067 3.165 2.713 2.071 1.889 2.578 2.547 3.102 3.024 3.620 4.143 3.749 3.784 3.555 3.280 3.097 2.747 2.661 2.257 1.971 1.781 1.819 1.445 1.124 0.559 0.000 0.612 1.093 1.571 1.982 2.629 2.973 3.644 4.006 4.769 5.577 6.645 8.242 9.682 14.433 12.645 12.057 11.232 14.746 11.087 11.317 11.593 9.542 13.066 10.091 9.970 11.807 8.691 8.186 8.699 9.051 8.453 9.424 9.938 10.557 10.309 8.575 8.552 9.081 10.188 12.194
6.337 4.703 4.002 3.096 2.433 2.376 2.445 2.680 2.632 2.404 2.561 2.701 2.517 2.009 1.759 1.793 2.179 2.041 1.916 2.179 2.035 1.906 2.301 2.565 2.618 2.148 2.058 1.777 1.719 1.495 1.202 1.172 1.616 1.700 1.902 1.943 2.219 2.635 2.473 2.687 2.544 2.504 2.340 1.971 2.023 1.944 1.618 1.422 1.604 1.562 1.136 0.914 0.535 0.000 0.553 0.818 1.024 1.436 1.701 2.036 2.496 3.104 3.976 5.383 7.083 8.338 13.688 11.957 12.924 13.221 15.303 17.525 9.673 9.354 11.296 10.332 9.351 8.930 12.502 7.980 7.617 8.046 8.560 7.643 8.071 8.949 9.875 9.917 8.087 8.099 8.642 9.470 11.937
6.021 4.116 3.444 2.333 1.775 1.734 1.687 1.986 1.996 1.677 1.930 2.116 2.101 1.631 1.419 1.363 1.587 1.600 1.460 1.622 1.551 1.387 1.590 1.799 1.762 1.493 1.408 1.198 1.179 1.011 0.845 0.900 1.273 1.304 1.374 1.485 1.671 1.917 1.826 2.013 1.939 1.912 1.719 1.487 1.523 1.495 1.303 1.074 1.242 1.237 0.968 0.949 0.740 0.513 0.000 0.516 0.658 0.911 1.088 1.340 1.706 2.406 3.253 4.362 7.082 8.229 13.850 12.453 12.947 13.480 13.175 19.444 14.257 12.939 10.167 10.950 9.581 8.826 15.080 7.081 8.288 6.630 6.331 7.634 8.097 7.927 7.979 8.184 7.325 7.729 8.605 9.600 11.852
5.749 3.776 2.995 1.913 1.310 1.309 1.295 1.584 1.669 1.487 1.774 1.967 1.956 1.593 1.417 1.268 1.495 1.510 1.354 1.480 1.322 1.222 1.353 1.517 1.405 1.181 1.026 0.892 0.852 0.737 0.636 0.660 0.963 0.934 1.031 1.049 1.223 1.442 1.394 1.572 1.598 1.623 1.424 1.217 1.310 1.312 1.122 1.052 1.251 1.231 1.000 1.111 0.979 0.744 0.501 0.000 0.508 0.659 0.835 1.046 1.402 2.133 2.934 4.375 6.582 8.568 14.485 13.126 14.440 18.544 13.232 15.162 10.343 10.720 8.584 13.389 11.498 6.297 11.419 8.475 8.642 8.388 6.504 6.950 6.841 6.917 8.571 8.531 7.385 7.487 8.127 9.224 11.971
5.812 3.686 2.818 1.801 1.222 1.189 1.218 1.377 1.397 1.318 1.582 1.762 1.876 1.491 1.312 1.138 1.352 1.418 1.309 1.368 1.243 1.037 1.196 1.239 1.226 1.031 0.912 0.693 0.716 0.611 0.624 0.694 0.991 0.889 0.888 0.979 1.106 1.213 1.256 1.254 1.331 1.347 1.236 1.062 1.129 1.187 1.034 0.939 1.138 1.202 1.059 1.224 1.111 0.896 0.633 0.499 0.000 0.505 0.618 0.874 1.235 2.028 2.742 4.090 7.929 8.324 14.573 15.776 17.977 20.038 18.026 14.277 16.154 15.290 12.454 14.578 11.573 10.646 11.616 10.016 7.562 8.473 6.536 7.202 7.966 8.006 8.999 8.695 7.618 7.634 8.554 9.428 11.832
5.755 3.584 2.673 1.754 1.249 1.273 1.177 1.462 1.540 1.552 1.821 2.078 2.147 1.768 1.592 1.374 1.615 1.671 1.445 1.499 1.229 1.108 1.272 1.362 1.250 0.966 0.811 0.631 0.658 0.638 0.676 0.851 1.067 0.989 0.957 0.992 1.124 1.287 1.306 1.447 1.435 1.508 1.411 1.159 1.251 1.312 1.139 1.080 1.289 1.377 1.211 1.465 1.435 1.204 0.892 0.673 0.506 0.000 0.517 0.696 1.084 1.920 2.807 4.453 8.169 9.278 18.561 14.218 14.924 15.375 12.271 17.126 13.378 13.970 13.016 12.814 11.414 11.431 10.022 11.341 8.900 8.558 6.506 7.897 7.433 8.082 9.982 8.515 7.583 7.722 8.126 9.097 11.639
5.763 3.661 2.841 1.887 1.331 1.276 1.302 1.651 1.768 1.947 2.158 2.457 2.556 2.132 1.901 1.655 1.914 2.022 1.792 1.896 1.436 1.142 1.400 1.474 1.282 0.910 0.767 0.786 0.773 0.841 0.929 1.054 1.278 1.232 1.188 1.207 1.302 1.587 1.612 1.749 1.770 1.871 1.737 1.423 1.629 1.724 1.437 1.399 1.683 1.717 1.445 1.758 1.742 1.378 1.144 0.871 0.680 0.519 0.000 0.510 0.890 1.684 2.620 3.682 6.040 7.202 16.724 16.880 16.425 16.683 13.374 12.673 13.497 15.331 13.710 13.098 11.652 10.888 11.848 8.996 10.828 7.857 8.154 6.912 7.523 7.649 9.034 8.681 7.464 7.730 8.315 9.216 11.531
6.078 3.886 2.873 2.310 1.622 1.627 1.733 2.184 2.401 2.346 2.872 3.233 3.400 2.874 2.702 2.260 2.749 2.850 2.495 2.597 1.969 1.564 1.542 1.773 1.521 0.992 0.807 0.856 0.939 1.194 1.355 1.591 1.801 1.711 1.584 1.594 1.662 1.978 2.103 2.244 2.266 2.369 2.252 1.880 2.027 2.154 1.902 1.860 2.188 2.211 1.982 2.450 2.391 2.214 1.760 1.611 1.133 0.953 0.543 0.000 0.559 1.342 2.353 4.235 7.413 7.155 20.139 11.821 12.734 14.775 15.001 16.720 15.181 14.567 14.676 13.869 12.228 12.212 10.702 10.557 9.148 9.565 7.841 8.123 8.061 8.895 11.067 10.105 7.942 8.391 8.891 9.708 12.223
7.403 5.345 4.526 4.210 3.476 3.359 3.545 4.296 4.475 4.562 5.814 6.078 6.955 6.255 5.953 4.914 5.265 5.784 5.135 4.809 3.500 3.403 2.437 2.854 2.558 1.518 1.951 2.501 2.384 2.741 3.559 3.920 3.790 4.048 3.237 3.637 3.486 4.340 5.023 5.460 5.620 5.926 5.399 4.612 5.651 5.775 5.107 5.023 6.168 6.172 5.513 6.486 6.777 5.754 4.961 3.881 2.890 2.238 1.558 0.620 0.000 0.970 2.172 3.767 5.031 7.221 12.995 12.367 16.146 15.134 18.251 17.844 17.260 17.041 15.689 15.219 13.320 13.157 14.399 11.153 12.742 10.914 9.759 9.310 9.865 10.698 11.574 11.745 9.935 9.452 9.877 10.907 13.282
10.143 8.846 8.520 8.431 7.270 6.040 5.813 7.552 8.351 7.967 10.144 10.760 11.426 10.389 8.200 7.519 8.953 9.793 8.197 8.281 6.383 4.486 5.164 5.850 4.672 3.344 4.156 5.108 6.913 7.780 6.972 8.128 10.239 10.349 10.573 9.269 9.383 10.792 11.413 12.206 11.474 12.188 11.511 9.638 9.971 11.066 9.653 8.303 10.220 10.722 9.006 9.969 9.661 8.923 7.365 6.906 5.004 5.369 3.442 2.416 0.894 0.000 1.775 4.140 6.720 7.613 13.739 15.086 17.772 16.938 19.643 17.847 17.702 17.605 16.015 15.406 14.630 14.484 14.513 12.328 12.219 11.512 11.617 10.933 11.550 12.616 13.668 14.285 13.514 13.385 13.282 13.654 14.815
10.954 9.185 7.789 8.213 7.328 6.846 8.188 10.485 13.548 14.505 17.302 18.725 19.298 18.265 17.626 16.362 17.791 18.072 16.987 16.526 13.226 11.572 8.881 9.213 6.145 5.787 5.276 7.301 9.164 10.938 12.438 15.219 14.768 14.098 12.599 10.588 10.389 11.145 10.968 11.456 10.557 12.899 12.677 11.046 12.252 13.735 13.496 13.426 15.321 16.134 15.927 17.726 18.571 17.789 16.271 14.801 12.590 10.764 7.521 5.543 3.501 1.350 0.000 1.479 5.043 6.777 11.804 12.538 16.159 17.217 19.569 19.403 20.626 20.554 20.906 21.261 20.546 19.197 18.960 17.923 16.050 14.702 12.180 11.541 10.767 11.871 13.050 13.815 13.155 12.452 12.832 13.998 15.434
12.545 11.119 10.644 11.135 11.364 10.314 10.986 11.015 13.274 14.150 16.546 17.534 18.506 17.711 17.219 16.404 16.661 17.608 17.266 15.768 14.306 11.920 9.605 9.599 7.736 8.036 8.395 12.801 14.172 16.650 16.768 16.839 16.543 15.840 15.701 15.296 15.553 14.795 14.577 14.343 14.099 15.362 15.190 14.811 14.957 15.968 15.602 15.394 16.180 17.007 16.369 17.765 17.666 17.850 18.163 17.879 16.676 13.996 11.210 7.837 4.852 3.249 1.742 0.000 0.949 2.982 4.599 6.663 9.456 11.501 13.823 15.312 16.587 16.268 17.748 18.211 18.158 16.439 15.963 15.928 14.891 14.105 12.537 12.116 12.096 12.301 12.950 13.715 13.705 13.189 13.234 14.382 15.758
14.805 13.691 12.245 13.516 14.389 13.104 14.120 12.504 14.250 14.542 16.702 17.353 18.523 17.527 17.530 16.543 16.858 18.239 17.649 16.910 16.016 14.513 14.239 11.520 11.273 12.161 12.435 14.499 15.844 18.539 18.666 18.255 18.762 18.789 19.931 17.377 18.145 17.800 17.632 16.625 15.772 17.500 17.701 16.039 16.597 18.751 17.416 17.483 18.307 19.677 17.408 19.264 18.959 20.342 19.438 22.171 17.759 17.173 14.690 10.715 6.224 3.811 3.273 0.867 0.000 0.921 1.998 3.769 5.034 7.537 9.465 11.578 12.361 13.187 13.963 14.515 15.356 14.274 13.450 13.632 13.147 12.824 12.385 11.853 11.807 11.888 12.285 13.120 12.958 13.053 13.532 14.014 15.262
13.885 13.230 12.051 13.682 13.969 12.419 12.628 12.751 13.104 13.463 14.338 15.429 16.522 15.350 16.215 14.599 15.891 16.636 15.644 14.756 13.206 13.435 12.329 11.763 11.004 12.640 12.874 13.763 13.735 15.384 18.046 19.193 19.254 19.204 19.448 16.940 15.908 17.134 16.721 15.642 15.756 15.636 16.947 15.653 14.873 16.038 16.712 17.110 15.812 17.895 17.664 17.763 18.058 18.554 20.065 16.259 15.661 13.554 16.581 12.145 7.477 3.873 3.743 2.625 0.668 0.000 0.711 1.372 2.294 3.312 4.028 5.681 6.535 7.326 8.613 9.293 10.126 8.900 8.408 9.669 9.693 9.423 10.199 10.441 10.947 10.716 11.400 10.534 11.391 12.272 12.125 12.873 14.452
12.924 12.682 13.270 12.831 13.323 11.891 12.404 10.378 11.892 11.481 12.572 13.900 14.688 14.099 15.470 11.389 13.994 15.521 12.951 14.398 15.978 15.348 13.473 10.018 10.029 14.808 14.149 16.898 17.483 16.805 15.981 18.949 20.308 19.530 20.882 15.981 15.890 15.959 16.399 14.664 12.091 13.842 15.998 13.513 12.268 17.090 16.044 16.131 16.335 17.841 18.040 17.082 18.382 18.589 16.612 15.754 18.079 16.763 20.340 13.165 6.785 5.022 3.847 2.679 1.458 0.570 0.000 0.597 0.918 1.291 1.642 2.081 2.427 2.940 3.767 4.339 5.156 4.081 3.879 4.973 5.553 4.861 4.875 5.711 6.610 6.882 6.049 7.189 8.194 9.339 9.300 10.262 12.512
12.894 11.920 11.102 12.320 12.335 11.476 10.757 10.090 10.629 9.457 11.683 12.514 14.595 13.082 13.091 11.332 11.905 13.655 13.537 14.089 14.287 12.992 11.914 9.887 10.286 13.542 12.324 15.485 15.695 16.303 15.849 15.764 16.560 19.244 16.227 13.424 14.210 16.037 15.984 14.409 13.649 14.468 15.208 14.046 14.515 15.969 16.674 15.782 16.054 17.191 17.406 16.926 18.327 14.439 16.886 17.936 21.864 17.983 20.324 8.116 7.473 5.774 4.764 3.030 1.681 0.991 0.535 0.000 0.535 0.830 1.150 1.527 1.811 2.096 2.944 3.879 4.281 3.261 2.555 3.044 3.505 4.044 4.156 5.710 6.036 6.753 6.365 6.834 8.277 9.074 9.505 10.437 13.292
13.070 11.828 11.363 13.421 14.268 12.390 11.381 9.631 10.061 9.729 10.865 10.586 13.239 12.517 10.909 10.316 11.957 13.757 14.580 13.378 11.047 12.502 11.587 9.285 10.516 11.947 11.105 14.841 14.712 14.887 21.256 20.599 19.545 18.793 17.670 14.639 12.948 14.369 15.783 13.102 12.125 13.452 15.615 13.318 13.024 17.567 16.422 13.474 15.182 18.612 15.986 15.922 18.175 15.398 20.088 20.042 24.369 17.372 16.976 11.594 8.677 6.392 4.608 3.470 2.263 1.445 0.882 0.533 0.000 0.529 0.747 0.972 1.324 1.643 2.184 2.832 3.130 2.170 1.637 1.801 2.008 2.224 2.352 3.125 4.744 4.889 5.073 5.694 6.892 8.197 8.408 9.455 12.632
13.205 11.098 11.509 12.917 12.479 11.315 11.794 9.056 9.635 11.342 10.112 12.192 13.755 11.931 13.117 12.768 12.910 14.743 12.557 11.357 13.139 14.887 10.388 9.529 9.903 11.891 12.326 14.217 13.484 16.501 17.801 19.779 17.156 17.106 17.118 13.403 12.871 14.447 15.893 12.665 10.748 12.268 14.960 11.137 13.485 18.121 15.368 12.949 19.732 17.884 15.342 15.025 15.639 19.441 15.280 13.724 20.161 16.602 17.303 9.949 8.193 6.491 4.576 3.351 2.248 1.362 0.991 0.692 0.508 0.000 0.518 0.666 0.944 1.167 1.684 2.377 2.587 1.806 1.585 1.560 2.057 1.771 2.193 3.396 4.325 4.603 5.147 6.564 6.710 7.814 8.391 9.411 12.155
12.239 10.984 11.181 12.773 13.196 11.589 11.664 8.433 8.613 10.283 9.091 10.156 11.158 9.544 14.349 11.580 11.126 12.861 9.613 13.583 9.808 11.181 9.904 8.699 8.435 11.682 13.571 13.630 11.157 14.427 19.578 17.907 18.042 15.107 15.495 11.903 13.636 11.778 13.330 11.411 11.916 11.723 13.949 12.024 13.183 17.027 12.701 12.935 14.662 15.887 18.085 16.032 16.892 17.960 24.626 15.843 18.692 10.979 14.510 10.640 7.838 5.935 4.169 3.685 2.535 1.651 1.212 0.950 0.710 0.506 0.000 0.510 0.709 0.989 1.480 2.201 2.362 1.502 1.330 1.257 1.519 1.609 1.732 2.243 3.272 3.758 3.858 4.840 6.023 7.117 7.675 9.298 12.263
13.106 11.852 12.103 12.127 13.117 11.216 12.304 9.367 9.061 10.257 8.607 9.247 10.901 9.533 9.610 11.066 11.164 12.117 11.077 11.409 10.239 9.407 10.586 9.452 9.526 11.634 12.544 15.600 13.020 15.253 16.744 18.252 15.996 15.632 17.009 14.799 14.270 13.838 13.246 11.303 11.453 10.979 13.960 10.978 11.215 15.451 12.486 12.449 13.516 13.447 13.137 16.050 12.919 17.871 22.401 18.168 17.575 17.884 15.460 12.414 9.380 6.904 5.011 4.162 2.894 1.880 1.482 1.188 0.880 0.710 0.507 0.000 0.525 0.819 1.393 2.076 2.306 1.689 1.278 1.555 1.921 1.790 2.123 3.029 3.391 4.045 4.533 6.598 7.017 8.450 9.048 10.031 12.175
13.085 11.647 11.078 12.095 11.962 11.616 11.310 8.405 9.254 10.035 8.758 11.709 12.402 11.119 8.485 10.981 12.117 12.128 8.289 11.896 12.338 10.938 10.339 8.988 8.923 10.994 11.464 12.346 13.253 16.202 15.810 18.329 16.958 16.140 15.932 15.532 15.317 13.515 15.231 13.289 12.912 12.836 14.488 13.693 12.859 15.896 14.125 12.522 12.402 14.299 15.686 14.849 15.599 17.174 18.567 17.977 17.467 13.739 14.883 10.805 9.085 7.356 5.498 4.609 3.716 2.765 2.151 1.767 1.443 1.133 0.868 0.542 0.000 0.547 1.030 1.803 2.152 1.513 1.528 1.623 2.021 2.355 2.564 3.497 4.363 5.415 5.298 6.479 7.431 8.445 8.984 10.156 12.533
14.481 13.320 13.334 13.307 14.230 11.998 11.984 9.888 10.464 10.318 10.592 11.777 13.520 11.296 11.056 10.614 12.088 15.090 13.966 14.074 14.039 12.255 12.045 10.643 10.237 12.552 12.581 14.506 16.293 16.334 20.141 17.879 21.092 20.765 18.629 17.328 17.020 16.119 15.952 14.304 14.130 13.501 16.391 14.572 14.116 17.102 19.500 13.493 14.724 18.977 15.375 13.870 17.226 16.962 19.005 16.352 17.385 15.997 14.207 12.588 10.915 9.980 8.604 7.358 6.103 4.698 3.649 3.099 2.356 1.874 1.349 0.945 0.553 0.000 0.650 1.463 2.022 1.632 1.582 2.502 3.153 3.378 4.409 5.392 6.433 7.290 8.219 9.698 8.872 10.044 10.175 11.354 12.960
15.996 14.240 13.737 13.450 14.190 11.785 12.501 10.348 11.400 11.362 12.773 12.626 13.016 11.196 10.819 13.715 13.228 12.398 13.687 12.755 13.637 12.997 11.901 11.333 12.063 12.616 12.885 15.979 15.835 17.379 17.887 18.383 19.435 18.363 18.234 16.718 16.392 16.215 16.373 14.960 14.406 14.296 15.900 16.113 14.100 15.956 17.773 14.771 14.868 16.616 15.363 18.533 14.269 15.645 16.810 16.021 17.010 16.374 16.267 13.600 12.449 12.254 11.818 11.803 10.130 9.255 7.033 6.578 4.606 3.905 2.834 2.141 1.583 0.806 0.000 0.783 1.484 2.012 2.392 3.848 4.383 5.462 6.416 7.663 9.170 9.950 9.912 11.112 11.363 11.906 12.196 12.985 14.717
16.551 14.874 13.936 13.232 13.694 12.375 11.968 10.693 11.303 11.359 10.319 12.588 12.413 11.758 14.022 12.854 13.321 14.119 14.608 13.617 14.027 13.409 12.442 11.477 12.575 12.893 13.104 15.205 15.329 17.319 19.091 17.352 17.351 16.939 16.897 16.303 16.388 16.134 15.843 15.022 14.041 15.262 15.142 16.034 13.898 15.337 16.362 15.575 15.479 16.677 15.759 15.192 17.050 17.106 17.973 19.767 18.848 17.092 16.386 14.160 13.497 13.576 13.428 13.595 12.069 10.944 9.711 8.809 7.429 6.314 4.669 3.495 2.548 1.637 0.643 0.000 0.891 1.885 2.935 3.704 4.556 5.701 6.705 7.788 9.778 10.908 11.423 11.813 11.896 12.897 12.846 13.593 15.662
14.415 12.895 12.494 11.989 12.529 10.972 10.236 9.150 9.551 10.117 9.953 11.506 11.901 10.665 11.318 12.702 12.148 14.305 14.031 12.812 13.222 12.501 11.890 10.424 11.838 11.702 12.464 13.618 14.837 15.978 16.255 17.327 16.851 16.101 16.652 14.891 14.960 15.188 14.896 13.806 12.485 12.509 14.122 13.725 11.484 13.233 15.529 12.962 13.530 15.803 16.124 17.836 17.410 17.184 17.739 18.068 15.506 15.546 14.973 13.789 12.907 12.829 12.688 13.056 12.154 11.497 10.627 10.221 9.697 8.645 7.579 5.190 4.044 2.715 1.578 0.717 0.000 1.018 2.198 3.212 3.837 4.600 5.576 6.621 8.188 9.139 10.047 10.217 9.862 10.520 11.137 12.102 13.804
13.318 11.481 11.227 11.168 11.008 9.750 10.359 9.179 9.221 8.879 8.476 10.838 12.661 8.139 11.349 8.434 12.822 14.064 13.231 11.891 11.930 11.031 9.991 9.646 9.460 11.625 9.839 13.037 12.201 14.838 14.345 14.141 16.346 15.208 13.684 13.884 13.306 12.627 12.873 11.696 11.554 11.881 12.986 12.722 10.982 13.107 13.972 11.577 12.312 14.369 13.909 13.645 15.564 14.643 13.829 14.567 16.233 14.618 14.536 10.675 9.355 9.533 9.222 8.678 8.290 6.151 6.055 4.942 5.265 4.801 3.981 3.214 2.818 2.098 2.284 1.977 1.068 0.000 0.724 1.922 2.987 4.229 5.246 6.963 7.225 8.003 8.659 9.424 9.215 10.268 10.831 11.783 13.687
11.739 9.945 9.443 10.299 9.862 9.176 9.097 7.763 7.036 7.686 5.585 9.240 10.915 6.811 9.781 15.981 9.205 10.873 10.092 11.147 10.203 9.095 8.046 8.136 8.444 9.406 9.007 12.573 11.410 11.904 14.785 15.620 16.801 15.356 13.461 12.940 12.488 11.673 11.900 11.713 9.865 10.734 12.295 10.425 11.242 11.783 14.896 10.536 13.288 13.917 12.006 14.417 14.520 10.880 13.301 11.187 16.374 10.388 11.341 10.806 8.893 7.447 6.838 6.291 5.227 4.064 3.803 3.681 2.919 3.584 2.607 2.719 1.993 1.750 1.948 2.070 1.584 0.556 0.000 0.548 0.857 1.571 2.158 2.564 3.175 3.698 4.612 5.543 5.791 7.507 7.974 9.578 11.405
10.874 8.672 9.474 8.601 9.881 8.477 7.154 6.053 5.245 5.670 5.561 7.266 10.989 5.049 8.265 6.938 8.041 9.792 10.617 9.229 8.017 8.646 6.638 6.096 6.948 8.667 9.674 10.377 11.009 12.093 9.657 15.153 11.922 12.263 11.465 11.787 11.120 10.555 9.409 10.029 9.025 10.031 10.202 8.834 9.527 11.893 10.649 9.623 11.202 12.402 10.584 12.502 13.538 10.781 13.479 9.965 12.803 10.518 11.950 8.823 8.225 6.136 5.441 5.749 4.835 4.382 4.103 4.562 3.687 4.772 3.992 3.444 2.552 2.475 2.242 2.463 2.463 1.036 0.581 0.000 0.569 1.034 1.755 2.168 2.943 4.048 4.264 5.254 5.727 6.521 7.049 8.653 11.373
9.172 6.501 7.987 11.286 10.566 9.201 16.141 7.461 9.965 10.404 5.758 8.579 15.981 7.385 10.930 8.577 9.568 15.181 10.397 12.454 10.854 14.165 8.576 9.265 7.545 9.003 8.854 12.951 9.567 10.136 12.281 13.943 14.258 13.564 12.335 10.546 10.852 10.865 10.391 10.842 9.929 9.684 12.110 9.815 10.944 10.602 10.894 12.943 12.346 12.381 11.651 13.346 14.877 14.653 14.821 10.091 13.481 8.983 11.119 8.242 7.057 5.731 4.328 4.394 3.271 2.718 3.126 2.549 2.633 3.664 2.129 2.585 1.843 1.552 1.878 2.304 2.184 1.368 0.867 0.531 0.000 0.508 0.708 0.955 1.197 1.448 1.882 2.379 3.121 4.985 6.129 8.007 10.654
8.449 6.753 7.375 8.861 11.519 6.757 10.294 8.664 8.045 12.061 8.161 9.673 12.499 10.633 11.200 11.735 12.002 12.312 10.192 11.526 9.321 11.329 7.281 7.745 5.925 8.362 8.862 10.866 10.122 12.263 11.015 13.799 11.312 13.374 11.833 10.868 11.089 7.416 8.180 9.357 8.307 9.717 10.363 9.281 10.028 11.266 10.350 10.955 10.862 12.456 11.539 10.808 12.113 13.122 11.846 12.219 13.395 11.573 11.120 9.711 7.466 6.180 5.315 4.740 4.013 3.021 3.364 2.826 2.571 2.672 2.104 2.351 1.913 1.781 2.077 2.533 2.385 1.491 1.490 0.758 0.506 0.000 0.503 0.693 1.104 1.260 1.482 2.239 3.116 5.161 6.434 8.218 10.835
8.118 6.781 6.334 10.528 9.355 9.558 10.625 4.169 7.917 8.777 9.809 8.669 11.268 10.705 12.106 10.419 11.994 13.000 12.921 12.141 12.732 11.417 8.405 8.740 6.853 8.563 9.380 13.372 9.840 10.976 16.056 16.681 15.597 16.177 13.725 12.439 10.087 9.484 8.692 8.051 11.097 9.069 10.705 9.764 9.055 10.834 13.408 12.392 15.039 15.075 13.754 15.078 15.193 16.123 16.769 14.087 16.374 9.980 12.938 7.367 7.423 5.148 4.409 4.052 3.166 2.986 3.185 3.548 3.243 3.590 3.155 2.872 2.454 1.954 2.139 2.517 2.324 1.594 1.601 1.080 0.750 0.514 0.000 0.510 0.751 1.280 1.413 1.919 2.825 4.780 5.699 7.609 10.135
8.706 7.249 6.923 8.121 14.783 7.880 10.161 4.489 5.702 7.500 7.564 7.770 7.966 7.907 8.638 8.587 11.066 8.669 8.225 9.238 9.144 9.566 7.883 6.737 6.162 7.652 9.225 13.749 10.975 11.988 12.503 13.979 13.208 13.038 12.855 12.379 9.282 9.666 9.864 10.801 8.580 10.869 10.442 9.790 8.888 10.738 11.747 11.463 11.388 13.304 12.841 11.775 12.202 12.403 12.470 11.351 12.464 11.275 11.177 8.515 7.413 6.044 5.508 5.676 4.983 4.489 4.470 4.528 4.590 4.173 3.734 2.615 2.989 2.475 2.816 3.148 2.850 2.023 1.718 1.389 1.127 0.790 0.522 0.000 0.560 1.153 1.517 2.160 2.904 5.184 6.279 8.054 10.833
8.600 7.126 6.427 9.397 9.481 6.823 7.948 5.233 7.079 9.017 7.141 7.250 9.014 9.956 8.778 11.373 10.685 10.189 11.847 10.691 10.028 11.510 9.777 7.821 7.396 8.768 8.828 12.787 9.813 12.147 13.106 14.607 15.019 14.636 12.643 9.904 8.374 8.567 7.018 8.257 10.069 10.219 10.291 8.000 10.009 10.648 11.473 10.368 11.966 13.969 14.325 11.967 12.301 13.072 15.641 12.747 15.040 11.690 11.160 9.404 8.703 7.412 6.836 6.743 5.671 5.427 6.076 6.482 6.000 6.825 5.770 5.963 5.429 5.095 4.713 4.942 4.265 3.333 3.233 2.687 2.537 1.671 1.290 0.609 0.000 0.834 1.228 1.969 3.037 5.022 6.462 7.926 10.737
10.289 8.515 7.561 6.330 8.269 8.129 7.163 5.900 7.074 8.244 7.095 8.414 10.241 9.276 9.289 9.129 9.834 10.707 11.955 10.205 10.870 10.111 9.209 7.271 6.970 7.722 10.000 11.010 11.438 11.682 15.215 15.198 15.766 14.324 13.728 11.395 12.270 9.282 10.883 9.649 7.526 8.296 11.662 12.077 10.868 12.131 13.385 12.835 11.295 14.698 14.439 14.340 13.640 14.466 16.826 14.701 15.386 11.222 11.799 8.949 8.801 7.990 7.264 7.213 6.396 5.810 5.911 6.251 5.759 6.324 5.447 5.934 5.742 5.646 5.577 6.143 5.690 4.757 4.254 3.582 2.856 2.576 2.050 1.151 0.712 0.000 0.567 1.263 2.356 4.187 5.395 7.480 9.979
9.364 8.478 7.915 7.740 8.528 7.956 9.081 7.301 7.853 8.281 7.282 8.927 10.041 9.129 9.199 9.617 9.965 11.443 11.700 11.688 11.137 11.143 9.049 7.887 7.067 8.623 9.167 11.295 11.816 12.215 12.802 14.116 15.183 14.069 14.756 11.663 10.060 9.130 18.313 11.876 6.176 10.428 10.125 11.767 10.391 11.990 13.526 11.564 12.057 14.106 13.914 13.668 13.813 14.137 14.554 14.570 14.986 12.072 12.288 8.922 8.178 7.582 7.934 8.002 6.566 6.418 6.225 6.228 6.167 6.332 5.276 4.871 4.885 4.734 4.589 5.089 4.848 4.498 3.888 3.260 3.051 2.874 1.817 1.533 1.041 0.543 0.000 0.656 1.614 3.542 4.784 6.779 9.520
8.913 7.352 7.738 9.939 9.528 9.039 9.430 9.066 9.247 10.447 10.670 11.733 13.158 11.711 11.483 11.523 11.945 13.842 13.140 13.273 12.289 11.613 10.366 9.257 8.773 8.871 9.955 11.563 11.675 12.351 14.196 12.855 14.212 14.207 13.745 11.056 12.071 9.846 8.970 9.600 7.983 9.704 12.413 10.980 10.636 12.700 12.843 12.701 13.953 14.653 13.822 13.907 13.566 14.566 14.258 14.642 13.811 12.702 13.056 9.827 9.356 9.436 9.887 10.127 9.392 9.508 10.184 10.806 10.688 10.652 11.086 10.707 11.323 10.530 11.233 11.077 10.643 9.801 9.063 8.143 8.104 7.886 5.407 4.113 3.148 1.697 0.639 0.000 1.097 3.308 4.445 6.493 8.899
12.858 11.544 10.516 8.997 10.787 11.309 12.115 11.310 13.208 14.908 15.008 16.534 17.637 17.073 17.062 16.871 16.794 17.882 17.738 17.338 16.836 16.541 14.993 13.266 12.869 13.687 13.422 14.811 14.926 16.230 16.523 16.767 17.484 16.411 15.744 13.826 12.928 10.758 9.683 7.918 6.630 10.161 12.014 12.908 12.711 13.926 14.432 15.204 15.615 16.767 16.707 17.686 18.319 18.506 18.027 20.428 18.027 17.489 16.571 15.837 14.826 14.843 15.238 16.483 16.191 16.547 16.997 17.477 17.976 17.612 18.152 17.826 18.026 17.339 17.808 17.440 16.959 16.155 16.064 15.341 13.553 11.384 9.947 6.760 4.814 3.206 2.057 0.918 0.000 1.162 2.987 5.140 7.272
15.473 13.366 12.818 10.839 11.787 12.554 14.697 14.016 17.081 18.350 19.264 20.717 21.709 21.253 20.934 20.373 20.564 21.962 21.247 21.036 20.014 19.632 17.764 16.369 14.567 16.297 15.608 16.071 17.969 19.239 18.835 20.008 20.299 19.249 18.971 14.802 15.187 13.285 10.913 9.167 8.823 11.185 12.581 12.708 14.236 15.789 16.747 17.582 18.936 19.291 19.983 20.623 21.756 21.835 21.151 21.141 20.025 19.748 18.852 18.773 17.503 16.478 17.153 18.797 18.912 19.827 20.423 20.965 21.678 21.240 22.181 21.355 22.446 21.189 21.571 21.319 20.701 20.254 19.904 19.265 18.230 16.003 12.221 9.378 6.394 5.583 5.387 3.078 0.928 0.000 2.017 4.719 5.905
17.662 15.453 15.111 12.374 14.898 15.884 19.046 17.265 21.597 23.958 25.151 26.499 27.129 26.796 26.780 25.917 26.385 27.117 27.048 26.318 25.901 24.590 22.975 21.087 18.155 20.567 19.136 20.284 21.404 23.038 23.305 24.948 24.818 22.883 22.023 18.465 18.131 15.150 13.783 11.737 11.983 15.948 16.969 18.009 19.724 21.309 22.125 22.760 23.836 24.951 24.934 26.263 26.899 27.108 25.745 25.932 24.910 24.361 23.284 22.842 22.560 21.498 22.289 24.199 24.420 25.510 25.608 26.507 26.931 26.703 27.595 27.199 27.744 27.441 27.661 27.734 27.016 26.315 25.581 25.473 23.579 21.640 17.468 12.952 8.503 7.313 6.712 5.258 4.346 1.404 0.000 1.948 4.482
18.672 16.328 15.606 12.964 15.037 15.103 18.949 16.786 21.478 24.027 25.338 26.797 27.629 27.114 27.127 25.812 26.907 27.676 27.497 27.105 26.439 24.630 23.662 21.028 17.715 20.975 19.126 21.264 22.708 24.193 24.193 25.891 26.272 24.393 23.821 20.094 19.966 17.914 17.241 14.880 12.769 17.078 18.958 18.855 19.593 21.870 23.162 23.299 24.523 25.499 25.753 26.921 27.588 27.463 26.541 26.514 25.220 25.177 23.857 23.694 22.912 20.722 22.424 24.313 24.743 25.593 26.288 26.586 27.543 26.853 28.092 27.399 28.186 27.638 27.892 27.717 26.986 26.395 25.864 25.395 23.063 20.157 16.403 11.808 8.911 9.057 9.972 8.803 5.361 3.894 1.757 0.000 1.753
19.947 17.481 16.604 14.355 15.801 15.763 19.102 16.273 21.161 24.080 25.773 26.726 27.826 27.413 27.547 26.449 27.194 27.929 27.913 27.045 26.492 25.394 23.661 20.895 17.004 20.792 19.122 21.587 23.420 24.880 25.152 26.838 26.872 25.310 24.611 21.333 21.262 19.319 18.752 16.794 14.644 18.766 20.726 19.597 20.442 23.176 23.650 24.357 25.270 26.286 26.498 27.540 28.159 27.887 27.144 27.183 26.257 25.743 24.464 23.555 23.032 20.404 22.356 24.964 25.381 26.310 26.676 27.143 27.797 27.612 28.191 27.838 28.321 27.921 28.030 27.922 27.339 26.533 26.210 25.551 23.224 20.079 16.184 12.328 10.074 10.791 12.707 11.232 7.701 6.461 4.331 1.703 0.002
