0.006 1.056 2.265 3.897 4.612 7.269 7.076 9.087 8.463 10.165 10.248 10.812 12.061 11.829 10.702 9.157 9.273 8.688 10.069 10.353 11.943 12.869 13.872 14.152 14.908 14.768 13.997 12.852 12.487 13.260 13.663 13.142 12.567 10.791 10.344 9.076 8.385 9.410 9.591 8.882 9.979 10.371 10.694 9.625 8.715 7.397 8.180 8.999 7.952 7.614 6.363 5.473 6.568 7.316 7.247 5.372 6.508 7.379 8.636 10.074 9.921 11.608 12.563 12.628 12.218 11.409 11.458 12.994 14.089 14.702 14.647 14.964 14.602 12.793 13.353 13.974 13.176 10.945 12.985 13.268 12.427 12.490 11.468 11.745 9.856 9.375 7.600 7.225 5.010 4.058 3.077 4.633 5.188
0.687 0.000 0.666 1.309 1.962 2.788 3.758 4.597 5.790 6.615 7.741 8.487 9.454 9.513 8.544 7.330 7.941 6.903 7.612 6.596 6.921 6.286 6.581 6.587 7.770 7.662 6.396 6.218 5.636 5.753 5.983 5.010 5.596 5.001 5.681 5.474 5.835 6.482 7.080 7.087 7.899 8.443 8.513 8.252 7.373 6.348 6.965 6.995 5.659 5.642 4.191 4.368 4.787 5.217 4.679 3.856 3.879 4.449 4.175 4.739 5.286 5.616 5.846 6.022 5.652 5.793 4.843 5.709 6.723 7.637 7.824 8.506 7.982 7.131 8.135 8.101 7.412 7.124 8.208 8.115 7.159 7.900 7.443 6.424 5.860 4.611 4.407 3.388 2.879 1.967 1.974 2.518 3.959
1.416 0.600 0.000 0.570 0.898 1.190 1.630 2.002 2.437 2.941 3.259 3.931 4.446 4.325 3.609 3.123 3.371 3.187 3.153 3.000 3.258 3.177 3.325 3.723 4.189 4.154 3.750 3.538 3.421 3.735 3.835 3.223 3.145 2.549 2.435 2.379 2.477 3.075 3.347 3.422 3.792 4.211 4.344 3.952 3.372 3.038 3.469 3.665 3.055 2.986 2.301 2.088 2.297 2.548 2.245 1.695 1.593 1.649 1.578 1.700 1.799 1.842 2.107 2.221 2.267 2.304 2.452 3.018 3.171 3.583 3.522 3.658 3.328 2.877 3.272 3.144 2.721 2.679 3.162 3.031 2.663 2.983 2.920 2.640 2.118 1.752 1.451 1.176 0.960 0.853 1.032 1.830 3.078
1.669 0.955 0.522 0.000 0.521 0.716 0.921 1.128 1.340 1.592 1.780 2.145 2.476 2.378 1.979 1.690 1.853 1.630 1.711 1.509 1.731 1.678 1.710 1.933 2.125 2.109 1.978 1.943 2.087 2.341 2.179 1.773 1.673 1.346 1.290 1.302 1.359 1.649 1.830 1.813 2.062 2.245 2.239 2.045 1.783 1.554 1.862 1.892 1.565 1.628 1.263 1.228 1.405 1.519 1.395 1.091 0.934 0.953 0.936 1.075 1.190 1.338 1.511 1.482 1.377 1.351 1.353 1.701 1.740 1.867 1.822 1.958 1.867 1.590 1.765 1.871 1.664 1.573 1.817 1.876 1.686 1.868 1.733 1.551 1.322 1.107 0.957 0.791 0.663 0.627 0.967 1.657 2.889
1.835 1.164 0.803 0.505 0.000 0.501 0.675 0.874 1.143 1.372 1.605 1.940 2.208 2.319 1.882 1.597 1.855 1.793 1.930 1.810 2.080 2.072 2.185 2.418 2.658 2.585 2.438 2.343 2.359 2.600 2.504 2.019 2.063 1.657 1.551 1.543 1.571 1.909 2.073 1.970 2.185 2.467 2.391 2.054 1.720 1.597 1.899 1.928 1.532 1.764 1.300 1.225 1.521 1.782 1.592 1.205 1.126 1.070 1.067 1.150 1.139 1.180 1.530 1.562 1.570 1.536 1.653 1.998 2.124 2.281 2.233 2.310 2.166 1.761 1.969 2.034 1.743 1.529 1.811 1.882 1.551 1.622 1.442 1.263 1.071 0.899 0.798 0.666 0.665 0.709 1.066 1.705 2.828
2.269 1.498 1.108 0.726 0.506 0.000 0.507 0.679 0.859 1.152 1.356 1.716 1.988 2.099 1.645 1.333 1.542 1.474 1.687 1.537 1.808 1.822 1.753 1.974 2.188 2.270 2.178 2.129 2.281 2.538 2.311 1.963 1.809 1.511 1.387 1.418 1.395 1.740 1.851 1.636 1.905 2.041 1.973 1.686 1.387 1.243 1.553 1.526 1.220 1.407 1.090 1.119 1.415 1.665 1.589 1.252 1.163 0.990 0.992 0.984 0.983 1.080 1.329 1.385 1.339 1.295 1.447 1.706 1.697 1.875 1.892 1.881 1.780 1.484 1.644 1.660 1.430 1.309 1.576 1.587 1.358 1.497 1.387 1.178 0.934 0.773 0.671 0.642 0.730 0.961 1.297 1.996 3.152
2.285 1.548 1.134 0.817 0.623 0.500 0.000 0.503 0.606 0.834 1.003 1.321 1.653 1.672 1.311 1.056 1.250 1.240 1.367 1.382 1.614 1.667 1.694 1.900 2.051 2.123 2.019 1.973 2.131 2.261 2.146 1.777 1.707 1.432 1.302 1.300 1.268 1.473 1.461 1.359 1.514 1.681 1.600 1.370 1.101 0.990 1.235 1.248 0.998 1.110 0.953 0.941 1.177 1.395 1.382 1.090 1.093 0.982 0.932 0.940 0.882 0.976 1.290 1.238 1.236 1.217 1.373 1.593 1.581 1.768 1.711 1.756 1.619 1.382 1.468 1.506 1.268 1.169 1.351 1.383 1.162 1.190 1.019 0.823 0.687 0.609 0.586 0.621 0.746 0.932 1.249 1.892 3.050
2.367 1.705 1.336 1.026 0.819 0.641 0.497 0.000 0.497 0.619 0.805 1.099 1.464 1.499 1.114 0.924 1.093 1.155 1.377 1.364 1.621 1.724 1.719 1.868 2.021 2.075 2.032 1.982 2.194 2.458 2.301 1.955 1.785 1.558 1.341 1.410 1.299 1.507 1.498 1.300 1.417 1.549 1.437 1.203 0.938 0.933 1.129 1.132 0.941 1.075 0.977 0.990 1.271 1.424 1.512 1.256 1.214 1.059 1.074 0.988 0.867 0.881 1.152 1.178 1.213 1.238 1.420 1.655 1.551 1.717 1.661 1.623 1.505 1.297 1.345 1.337 1.151 1.034 1.155 1.195 0.973 0.991 0.846 0.649 0.580 0.587 0.657 0.784 0.929 1.128 1.427 2.014 3.147
2.592 1.854 1.446 1.151 0.984 0.772 0.599 0.496 0.000 0.500 0.664 0.946 1.307 1.349 0.991 0.782 0.978 1.023 1.192 1.273 1.529 1.656 1.670 1.850 1.969 1.996 1.957 1.928 2.085 2.292 2.178 1.841 1.728 1.486 1.313 1.335 1.175 1.349 1.303 1.158 1.267 1.401 1.327 1.102 0.816 0.829 1.026 1.077 0.908 1.076 1.011 0.983 1.194 1.334 1.432 1.176 1.221 1.031 1.090 0.967 0.844 0.889 1.168 1.173 1.226 1.238 1.424 1.630 1.606 1.663 1.568 1.573 1.473 1.282 1.256 1.272 1.105 0.974 1.109 1.142 0.928 0.929 0.761 0.603 0.562 0.583 0.675 0.822 0.969 1.195 1.470 2.120 3.284
3.021 2.297 1.848 1.536 1.335 1.123 0.880 0.687 0.501 0.000 0.504 0.728 1.146 1.281 0.952 0.866 1.108 1.293 1.527 1.697 2.020 2.200 2.274 2.482 2.635 2.638 2.611 2.532 2.743 3.049 2.885 2.574 2.397 2.107 1.886 1.863 1.591 1.805 1.711 1.432 1.477 1.643 1.494 1.190 0.883 0.994 1.211 1.219 1.103 1.290 1.266 1.288 1.582 1.786 1.912 1.634 1.703 1.442 1.577 1.388 1.237 1.218 1.521 1.556 1.730 1.725 2.001 2.177 2.183 2.257 2.116 2.046 1.974 1.697 1.645 1.660 1.405 1.233 1.270 1.316 1.115 0.960 0.698 0.649 0.746 0.896 1.029 1.220 1.351 1.649 1.889 2.454 3.492
3.915 3.049 2.602 2.270 1.896 1.551 1.317 0.991 0.724 0.510 0.000 0.528 0.885 1.111 0.888 0.863 1.236 1.393 1.677 1.969 2.350 2.504 2.696 3.078 3.156 2.990 3.060 2.911 3.092 3.530 3.535 3.126 2.986 2.682 2.318 2.316 1.912 2.152 1.993 1.734 1.711 1.902 1.691 1.299 1.062 1.271 1.529 1.469 1.401 1.725 1.711 1.770 2.099 2.239 2.498 2.268 2.322 1.957 2.226 1.871 1.615 1.560 1.929 2.072 2.345 2.236 2.675 2.873 2.754 2.738 2.350 2.305 2.369 2.079 1.908 2.007 1.883 1.470 1.425 1.561 1.307 1.094 0.779 0.804 0.974 1.211 1.417 1.707 1.911 2.446 2.565 3.134 4.222
5.205 4.289 4.110 3.288 2.972 2.275 1.986 1.573 1.241 0.929 0.648 0.000 0.588 0.936 1.000 1.187 1.680 2.018 2.516 2.978 3.375 3.795 3.862 4.275 4.424 4.321 4.372 4.226 4.628 5.018 5.092 4.444 4.129 3.644 3.248 3.167 2.971 3.243 3.252 2.497 2.486 2.786 2.497 1.841 1.365 1.917 2.294 2.316 2.252 2.903 2.737 2.584 3.182 3.360 3.888 3.150 3.202 2.771 2.881 2.443 2.147 2.062 2.705 2.802 3.129 3.043 3.500 3.859 3.862 3.825 3.586 3.321 3.310 2.867 2.830 2.787 2.466 2.060 2.046 2.278 1.919 1.752 1.252 1.296 1.353 1.648 1.952 2.253 2.661 3.337 3.668 4.246 5.416
6.887 6.146 5.668 5.156 4.736 3.864 3.236 2.652 1.960 1.510 1.061 0.566 0.000 0.652 1.247 1.767 2.040 2.653 3.297 3.931 4.530 5.058 5.373 5.786 5.943 5.930 5.764 5.657 6.254 6.825 6.887 6.372 5.816 5.313 4.720 4.660 4.158 4.341 3.968 3.435 2.975 3.287 2.785 2.290 1.815 2.494 3.031 2.723 2.734 3.613 3.765 3.614 4.445 4.532 5.237 4.757 4.764 4.257 4.605 4.200 3.585 3.544 4.319 4.399 4.907 4.687 5.226 5.540 5.365 5.210 4.804 4.373 4.487 4.046 3.633 3.825 3.651 2.898 2.798 3.119 2.787 2.612 1.891 2.079 2.394 3.001 3.211 4.192 4.338 5.026 5.333 6.092 6.914
6.430 5.539 5.515 4.972 4.758 4.400 3.560 3.429 2.452 2.178 1.535 1.057 0.594 0.000 0.722 1.283 1.786 2.018 2.235 2.628 3.090 3.522 3.728 4.190 4.221 4.081 4.017 3.995 4.433 4.743 4.911 4.420 4.117 3.747 3.349 3.265 2.955 3.165 2.955 2.697 2.492 2.862 2.754 2.183 2.058 2.407 2.836 2.927 2.959 3.540 3.744 3.252 3.764 3.560 4.035 3.670 3.804 3.327 3.938 3.799 3.236 3.687 4.528 4.058 4.274 3.735 4.105 4.262 4.020 3.890 3.384 3.492 3.609 3.109 2.777 3.230 3.159 2.357 2.519 3.187 2.789 2.844 2.364 2.808 2.576 3.293 3.132 4.068 3.865 4.494 4.720 5.136 6.054
4.156 3.299 2.675 2.340 2.027 1.853 1.586 1.533 1.123 1.274 0.990 1.069 0.944 0.635 0.000 0.535 1.022 1.292 1.828 2.276 2.866 3.243 3.428 3.857 4.074 3.774 3.739 3.593 3.750 4.334 4.406 3.785 3.788 3.194 2.692 2.626 2.083 2.433 2.100 1.671 1.655 1.946 1.846 1.302 1.061 1.166 1.648 1.690 1.619 1.871 1.876 1.721 2.123 2.363 2.638 2.417 2.460 2.088 2.414 2.278 1.936 2.018 2.571 2.744 2.942 2.869 3.130 3.554 3.571 3.510 3.193 3.183 3.196 2.593 2.373 2.621 2.368 1.767 1.788 2.189 1.811 1.783 1.495 1.522 1.404 1.600 1.605 1.922 2.135 2.497 2.714 3.287 4.309
3.160 2.321 1.980 1.764 1.620 1.504 1.212 1.150 0.928 0.953 0.833 0.932 1.105 0.940 0.508 0.000 0.506 0.600 0.884 1.100 1.397 1.640 1.744 2.006 2.126 2.083 2.073 1.988 2.136 2.509 2.455 2.101 1.950 1.672 1.385 1.321 1.023 1.151 0.976 0.777 0.878 1.037 1.078 0.814 0.734 0.687 0.826 1.067 1.146 1.185 1.236 1.053 1.177 1.189 1.403 1.301 1.373 1.247 1.489 1.408 1.215 1.355 1.734 1.555 1.646 1.514 1.761 1.955 1.813 1.772 1.583 1.647 1.606 1.352 1.214 1.358 1.266 1.007 1.096 1.250 1.089 1.127 1.056 1.092 1.010 1.160 1.111 1.367 1.344 1.577 1.766 2.376 3.480
3.262 2.442 2.163 2.000 1.831 1.744 1.443 1.409 1.058 1.103 0.884 1.136 1.313 1.194 0.666 0.508 0.000 0.510 0.707 1.070 1.334 1.728 1.946 2.171 2.224 2.149 2.126 1.871 2.120 2.391 2.457 2.188 2.087 1.811 1.516 1.284 0.934 0.920 0.758 0.636 0.743 0.979 1.093 0.835 0.819 0.756 0.875 1.085 1.163 1.223 1.305 1.046 1.084 1.013 1.259 1.335 1.413 1.398 1.736 1.673 1.416 1.536 1.910 1.792 1.982 1.814 2.104 2.226 2.066 1.970 1.793 1.784 1.793 1.591 1.347 1.532 1.480 1.162 1.176 1.403 1.251 1.218 1.117 1.252 1.125 1.442 1.328 1.563 1.556 1.680 1.793 2.363 3.359
2.589 1.838 1.567 1.420 1.327 1.307 1.105 1.125 0.944 1.039 0.976 1.137 1.360 1.238 0.821 0.597 0.500 0.000 0.492 0.590 0.731 0.924 1.065 1.303 1.315 1.275 1.241 1.173 1.429 1.614 1.541 1.347 1.233 1.060 0.895 0.804 0.626 0.625 0.590 0.589 0.657 0.910 0.964 0.747 0.761 0.686 0.757 0.927 0.973 1.040 1.063 0.878 0.969 0.844 0.966 0.948 0.979 0.922 1.133 1.170 1.064 1.261 1.531 1.393 1.323 1.146 1.292 1.364 1.285 1.219 1.068 1.195 1.230 1.019 0.992 1.174 1.073 0.953 1.073 1.316 1.189 1.300 1.222 1.203 1.031 1.150 1.004 1.138 1.082 1.188 1.362 1.975 3.129
2.939 2.087 1.843 1.690 1.652 1.656 1.493 1.529 1.381 1.445 1.362 1.437 1.671 1.491 1.121 0.933 0.646 0.495 0.000 0.493 0.590 0.779 0.921 1.097 1.200 1.150 1.117 1.059 1.375 1.602 1.404 1.205 1.053 0.958 0.774 0.689 0.596 0.598 0.650 0.644 0.763 0.993 1.084 0.906 1.016 0.878 0.931 1.141 1.219 1.261 1.299 1.073 1.063 0.913 1.009 1.031 0.974 1.022 1.265 1.445 1.396 1.682 1.885 1.650 1.555 1.252 1.300 1.268 1.228 1.120 0.954 1.167 1.272 1.031 1.037 1.355 1.324 1.177 1.325 1.651 1.611 1.760 1.644 1.691 1.492 1.554 1.329 1.456 1.252 1.366 1.521 2.140 3.326
2.471 1.759 1.536 1.372 1.365 1.332 1.217 1.279 1.176 1.312 1.244 1.402 1.569 1.422 1.094 0.944 0.775 0.595 0.502 0.000 0.493 0.587 0.796 0.984 1.045 0.986 0.918 0.895 1.173 1.413 1.262 1.018 0.949 0.832 0.658 0.595 0.570 0.597 0.706 0.734 0.880 1.105 1.202 1.010 1.045 0.905 1.003 1.192 1.162 1.241 1.166 0.965 0.978 0.857 0.883 0.870 0.831 0.835 1.046 1.147 1.131 1.368 1.589 1.335 1.286 1.090 1.131 1.168 1.068 0.990 0.827 0.989 1.046 0.880 0.885 1.100 1.125 0.982 1.122 1.370 1.342 1.498 1.450 1.433 1.240 1.286 1.095 1.150 1.035 1.116 1.280 1.969 3.161
2.843 2.069 1.776 1.628 1.575 1.568 1.424 1.521 1.427 1.523 1.490 1.658 1.776 1.635 1.331 1.103 0.981 0.796 0.623 0.494 0.000 0.495 0.666 0.822 0.936 0.839 0.812 0.810 1.116 1.317 1.161 0.984 0.820 0.783 0.625 0.620 0.624 0.670 0.790 0.884 1.050 1.282 1.403 1.226 1.287 1.100 1.210 1.401 1.398 1.432 1.357 1.114 1.125 0.961 0.978 0.976 0.946 0.976 1.167 1.293 1.311 1.558 1.740 1.509 1.395 1.143 1.148 1.098 1.015 0.930 0.823 1.058 1.159 1.012 1.044 1.317 1.263 1.196 1.359 1.623 1.552 1.756 1.694 1.665 1.488 1.521 1.273 1.355 1.178 1.327 1.460 2.089 3.330
3.225 2.416 2.267 2.140 2.103 2.174 2.059 2.229 2.219 2.340 2.239 2.425 2.556 2.246 1.898 1.720 1.634 1.287 0.982 0.791 0.521 0.000 0.510 0.646 0.838 0.898 0.908 0.989 1.322 1.510 1.290 1.106 0.858 0.899 0.776 0.859 0.994 0.915 1.063 1.323 1.499 1.724 2.034 1.889 2.096 1.795 1.827 2.141 2.233 2.118 2.051 1.721 1.614 1.266 1.239 1.388 1.164 1.202 1.402 1.580 1.623 1.944 2.089 1.688 1.492 1.195 1.153 0.996 0.892 0.809 0.781 1.083 1.131 1.038 1.193 1.456 1.464 1.502 1.739 1.976 1.973 2.290 2.422 2.372 2.031 2.047 1.790 1.777 1.641 1.755 1.906 2.448 3.651
3.102 2.339 2.161 2.030 2.113 2.111 2.009 2.144 2.096 2.330 2.166 2.430 2.564 2.321 1.969 1.768 1.677 1.391 1.171 0.953 0.668 0.537 0.000 0.503 0.670 0.763 0.848 0.946 1.258 1.463 1.250 1.032 0.818 0.870 0.825 0.887 1.081 1.064 1.317 1.476 1.722 1.960 2.170 2.022 2.038 1.767 1.921 2.193 2.172 2.080 2.005 1.629 1.625 1.370 1.295 1.321 1.163 1.166 1.373 1.568 1.651 1.977 2.071 1.710 1.547 1.177 1.171 0.986 0.885 0.743 0.761 1.019 1.116 1.033 1.171 1.447 1.489 1.515 1.696 1.913 1.973 2.260 2.348 2.311 2.014 2.040 1.762 1.736 1.537 1.617 1.833 2.374 3.491
3.128 2.276 2.100 1.873 1.871 1.754 1.726 1.783 1.777 1.966 1.910 2.165 2.414 2.250 1.859 1.647 1.674 1.445 1.334 1.047 0.922 0.691 0.500 0.000 0.518 0.770 0.879 1.044 1.323 1.387 1.165 1.029 0.817 0.869 0.840 1.009 1.186 1.330 1.523 1.699 1.867 2.175 2.245 2.030 1.886 1.745 1.977 2.085 1.984 2.032 1.899 1.659 1.729 1.576 1.451 1.379 1.176 1.061 1.180 1.292 1.289 1.543 1.658 1.406 1.279 0.964 1.039 0.856 0.693 0.641 0.778 0.974 0.988 0.910 1.095 1.288 1.265 1.284 1.475 1.670 1.599 1.889 1.964 1.879 1.651 1.631 1.431 1.450 1.417 1.540 1.805 2.420 3.569
3.589 2.739 2.715 2.422 2.592 2.494 2.623 2.801 2.862 3.170 3.084 3.407 3.764 3.336 2.981 2.624 2.615 2.322 1.980 1.709 1.337 1.008 0.674 0.530 0.000 0.564 0.974 1.284 1.594 1.663 1.381 1.312 0.962 1.146 1.261 1.579 1.852 1.941 2.378 2.785 2.946 3.239 3.567 3.257 3.041 2.851 3.142 3.503 3.119 3.273 3.051 2.739 2.782 2.470 2.214 2.091 1.699 1.644 1.565 1.722 1.849 2.257 2.242 1.876 1.539 1.315 1.164 1.024 0.937 0.802 1.009 1.388 1.455 1.411 1.795 1.999 1.986 1.990 2.341 2.535 2.622 3.101 3.236 3.011 2.642 2.501 2.231 2.080 2.084 2.071 2.475 3.039 4.139
4.081 3.163 3.138 3.140 3.336 3.408 3.664 3.771 3.829 4.051 4.025 4.198 4.582 4.159 3.746 3.253 3.121 2.591 2.030 1.751 1.158 0.918 0.887 0.799 0.560 0.000 0.537 0.806 1.163 1.492 1.330 1.297 1.132 1.299 1.496 1.317 1.740 1.615 2.109 2.614 2.991 3.269 3.783 3.656 3.564 3.255 3.309 3.662 3.591 3.375 3.199 2.785 2.461 1.996 1.751 2.003 1.871 2.099 2.297 2.731 2.929 3.289 3.379 2.957 2.532 2.085 1.883 1.589 1.457 1.103 1.229 1.581 1.779 2.002 2.201 2.471 2.631 2.750 3.223 3.386 3.458 4.045 4.198 4.119 3.752 3.509 3.147 2.992 2.647 2.524 2.622 2.955 4.025
3.638 2.846 2.719 2.797 2.982 3.118 3.173 3.345 3.301 3.604 3.496 3.685 3.774 3.496 3.143 2.849 2.825 2.232 2.000 1.543 1.151 0.885 0.915 0.927 0.769 0.513 0.000 0.534 0.960 1.236 1.155 1.120 1.017 1.237 1.361 1.305 1.694 1.630 2.073 2.412 2.753 3.050 3.441 3.365 3.282 2.912 3.077 3.455 3.281 3.208 2.934 2.584 2.232 1.921 1.679 1.842 1.683 1.927 2.045 2.465 2.526 2.936 3.024 2.663 2.406 1.877 1.814 1.573 1.506 1.194 1.244 1.555 1.792 1.746 2.023 2.226 2.344 2.431 2.720 2.954 3.114 3.382 3.666 3.607 3.212 3.204 2.771 2.629 2.310 2.204 2.306 2.729 3.779
4.017 3.197 3.100 3.121 3.264 3.420 3.439 3.675 3.471 4.028 3.792 3.971 4.243 3.819 3.355 3.152 2.961 2.449 2.017 1.740 1.260 0.943 1.084 1.124 1.202 0.931 0.556 0.000 0.660 1.159 1.124 0.996 0.958 1.169 1.320 1.345 1.670 1.560 2.156 2.547 3.027 3.302 3.665 3.413 3.411 3.195 3.282 3.662 3.609 3.378 3.132 2.768 2.500 2.042 1.738 1.915 1.838 1.977 2.222 2.695 2.790 3.275 3.655 3.003 2.654 2.129 1.927 1.649 1.760 1.466 1.528 2.183 2.142 2.081 2.420 2.818 2.724 2.747 3.331 3.494 3.390 3.992 4.134 4.071 3.515 3.396 3.049 2.917 2.474 2.395 2.687 2.897 4.027
4.380 3.618 3.764 3.647 3.867 3.919 4.037 4.134 3.989 4.345 3.910 4.286 4.246 3.745 3.356 3.334 3.197 2.745 2.175 1.773 1.393 1.229 1.534 1.762 1.838 1.480 1.029 0.582 0.000 0.550 0.975 1.208 1.451 1.540 1.681 1.560 2.197 2.072 2.501 2.962 3.223 3.886 4.255 3.789 3.812 3.587 3.941 4.405 4.275 4.259 3.941 3.426 3.306 2.699 2.332 2.591 2.184 2.545 2.670 3.176 3.330 3.729 4.093 3.498 3.129 2.531 2.405 2.220 2.200 2.155 1.793 2.325 2.602 2.314 2.417 2.894 3.080 2.936 3.229 3.713 3.640 4.285 4.261 4.339 3.872 3.954 3.592 3.533 3.063 2.960 3.272 3.332 4.529
4.987 4.193 4.189 4.238 4.584 4.922 5.079 5.329 5.534 5.895 5.844 5.996 6.058 5.874 5.447 4.998 4.778 4.030 3.516 2.924 2.394 2.171 2.431 1.997 2.562 2.148 1.300 1.304 0.694 0.000 0.638 1.181 1.710 2.211 2.500 2.418 2.713 2.760 3.117 3.701 4.193 4.533 5.432 5.360 5.057 4.955 4.754 5.390 5.259 5.122 4.784 4.160 3.726 2.952 2.740 2.943 2.694 3.158 3.424 3.938 4.472 4.670 5.004 4.558 3.992 3.241 3.024 2.670 2.790 3.063 3.364 3.847 3.718 3.601 4.228 4.636 4.426 4.708 5.272 5.339 5.544 5.784 5.908 6.008 5.594 5.068 4.532 4.116 3.758 3.323 3.620 3.764 5.135
4.129 3.149 3.278 2.955 3.295 3.054 3.478 3.681 3.941 4.471 4.344 4.899 5.116 4.692 4.256 3.958 3.946 3.444 2.979 2.454 2.005 1.458 1.398 1.329 1.602 1.517 1.202 1.278 0.980 0.567 0.000 0.575 0.816 1.050 1.580 1.938 2.551 2.651 3.350 3.815 4.254 4.924 5.186 4.797 4.476 4.046 4.588 4.917 4.561 4.600 4.125 3.559 3.530 3.142 2.543 2.572 1.970 2.074 1.837 2.126 2.533 2.837 2.710 2.351 1.988 1.832 1.465 1.438 1.712 1.875 2.031 2.487 2.380 2.204 2.754 3.049 2.676 2.951 3.606 3.590 3.508 4.077 4.320 4.046 3.571 3.161 2.912 2.512 2.594 2.414 2.885 3.296 4.493
3.141 2.297 2.231 2.073 2.156 2.184 2.243 2.349 2.397 2.590 2.530 2.798 2.997 2.806 2.367 2.214 2.243 1.900 1.698 1.352 1.170 0.875 0.872 0.953 1.187 1.128 0.840 1.022 1.008 0.753 0.536 0.000 0.499 0.641 0.899 1.104 1.416 1.511 1.971 2.189 2.470 2.843 3.001 2.763 2.581 2.385 2.650 2.830 2.697 2.701 2.379 2.140 2.013 1.821 1.523 1.488 1.220 1.250 1.379 1.594 1.663 1.984 2.013 1.708 1.523 1.204 1.150 1.095 1.149 1.149 1.226 1.386 1.383 1.233 1.473 1.580 1.595 1.714 1.889 2.050 2.104 2.337 2.420 2.439 2.194 2.114 1.876 1.832 1.643 1.710 1.975 2.449 3.550
3.131 2.251 2.090 1.895 1.944 1.879 1.846 1.882 1.909 2.022 1.999 2.357 2.569 2.461 2.029 1.798 1.948 1.703 1.564 1.220 1.128 0.834 0.778 0.846 1.074 1.100 0.905 1.091 1.110 1.003 0.714 0.493 0.000 0.518 0.652 0.940 1.282 1.468 1.826 1.975 2.259 2.554 2.612 2.287 2.059 1.989 2.347 2.401 2.181 2.466 2.116 1.836 1.915 1.750 1.470 1.444 1.037 1.002 1.129 1.278 1.350 1.573 1.733 1.472 1.348 1.015 1.022 0.976 0.990 1.024 1.056 1.311 1.227 1.050 1.321 1.497 1.368 1.421 1.601 1.762 1.680 2.033 2.026 1.919 1.697 1.674 1.472 1.483 1.417 1.425 1.778 2.342 3.486
2.788 1.983 1.786 1.587 1.615 1.523 1.464 1.567 1.473 1.627 1.585 1.796 1.954 1.846 1.492 1.258 1.268 1.069 0.954 0.732 0.727 0.626 0.685 0.840 1.026 1.001 0.850 0.987 1.094 1.105 0.871 0.591 0.500 0.000 0.492 0.611 0.794 0.951 1.153 1.292 1.426 1.729 1.829 1.593 1.562 1.360 1.635 1.771 1.739 1.800 1.623 1.338 1.364 1.220 1.092 1.001 0.812 0.721 0.937 1.071 1.136 1.389 1.572 1.342 1.195 0.915 0.948 0.925 0.911 0.944 0.903 1.121 1.105 0.936 1.039 1.260 1.186 1.118 1.309 1.529 1.425 1.675 1.627 1.621 1.387 1.364 1.167 1.207 1.076 1.184 1.498 1.991 3.161
2.377 1.543 1.246 1.052 1.069 1.031 0.994 1.084 1.096 1.250 1.256 1.518 1.726 1.568 1.246 0.986 0.989 0.794 0.719 0.575 0.566 0.545 0.592 0.753 0.887 0.856 0.804 0.849 1.044 1.230 1.080 0.760 0.598 0.495 0.000 0.495 0.540 0.687 0.802 0.866 1.074 1.210 1.384 1.189 1.140 0.972 1.084 1.238 1.161 1.175 1.077 0.873 0.892 0.787 0.771 0.646 0.574 0.560 0.682 0.787 0.831 1.023 1.162 0.994 0.885 0.700 0.779 0.809 0.780 0.754 0.714 0.862 0.841 0.707 0.819 0.956 0.907 0.867 1.061 1.241 1.137 1.321 1.338 1.232 1.058 1.006 0.846 0.843 0.736 0.819 1.061 1.712 2.914
2.271 1.458 1.201 1.034 1.059 1.041 1.018 1.126 1.104 1.235 1.235 1.445 1.628 1.526 1.187 0.957 0.876 0.680 0.618 0.543 0.547 0.565 0.642 0.802 0.926 0.920 0.857 0.851 1.123 1.288 1.116 0.868 0.711 0.556 0.490 0.000 0.490 0.538 0.647 0.717 0.892 1.056 1.194 1.062 1.062 0.889 0.954 1.125 1.075 1.047 0.959 0.794 0.773 0.643 0.632 0.574 0.558 0.595 0.736 0.849 0.905 1.105 1.226 1.058 0.944 0.804 0.836 0.869 0.816 0.818 0.759 0.913 0.903 0.781 0.856 1.014 0.975 0.955 1.092 1.269 1.195 1.375 1.335 1.288 1.110 1.061 0.896 0.870 0.750 0.799 0.999 1.615 2.873
2.303 1.466 1.196 1.058 1.050 1.098 1.029 1.155 1.094 1.237 1.196 1.386 1.588 1.416 1.094 0.872 0.782 0.602 0.551 0.531 0.573 0.692 0.824 1.012 1.129 1.122 1.046 0.950 1.177 1.451 1.314 1.027 0.911 0.711 0.547 0.489 0.000 0.491 0.530 0.627 0.818 1.007 1.176 0.996 1.019 0.846 0.948 1.133 1.088 1.044 0.949 0.766 0.658 0.557 0.589 0.568 0.574 0.613 0.782 0.882 0.919 1.127 1.280 1.104 1.001 0.884 0.940 1.040 0.987 0.990 0.880 1.011 1.023 0.860 0.873 1.066 1.005 0.917 1.086 1.242 1.201 1.343 1.318 1.288 1.072 1.090 0.879 0.875 0.764 0.807 0.967 1.644 2.862
2.655 1.823 1.515 1.344 1.325 1.339 1.322 1.410 1.428 1.633 1.541 1.819 2.016 1.803 1.444 1.154 1.021 0.716 0.587 0.605 0.729 0.950 1.151 1.375 1.556 1.463 1.385 1.184 1.462 1.808 1.697 1.391 1.222 0.976 0.748 0.583 0.494 0.000 0.502 0.749 0.981 1.213 1.480 1.331 1.373 1.152 1.290 1.565 1.462 1.467 1.251 0.980 0.921 0.659 0.753 0.758 0.780 0.797 1.011 1.036 1.110 1.283 1.456 1.301 1.218 1.078 1.150 1.291 1.265 1.315 1.192 1.351 1.286 1.067 1.146 1.336 1.208 1.133 1.355 1.526 1.431 1.658 1.685 1.601 1.331 1.259 1.079 1.071 0.966 1.085 1.238 1.971 3.166
3.058 2.286 2.040 1.958 1.880 1.900 1.622 1.666 1.430 1.514 1.475 1.556 1.795 1.650 1.268 1.054 0.772 0.651 0.648 0.767 0.828 1.072 1.358 1.571 1.637 1.493 1.316 1.175 1.434 1.680 1.587 1.427 1.415 1.280 1.073 0.818 0.617 0.502 0.000 0.495 0.660 0.854 1.066 0.889 1.002 0.865 0.829 1.038 1.163 1.165 1.253 1.034 0.969 0.736 0.960 1.062 1.163 1.286 1.644 1.816 1.660 1.963 2.315 2.083 2.022 1.664 1.758 1.763 1.751 1.609 1.420 1.663 1.786 1.510 1.463 1.815 1.779 1.502 1.712 2.014 1.942 2.045 1.833 1.852 1.691 1.816 1.601 1.731 1.496 1.575 1.588 2.200 3.364
2.664 1.911 1.610 1.468 1.349 1.328 1.133 1.176 1.015 1.173 1.111 1.277 1.507 1.344 1.003 0.793 0.619 0.549 0.650 0.814 0.988 1.199 1.373 1.621 1.689 1.603 1.494 1.353 1.583 1.863 1.801 1.548 1.487 1.261 1.053 0.879 0.677 0.637 0.494 0.000 0.497 0.608 0.805 0.697 0.771 0.652 0.621 0.849 0.885 0.892 0.923 0.782 0.839 0.702 0.907 0.908 1.030 1.035 1.258 1.330 1.206 1.387 1.641 1.568 1.535 1.353 1.479 1.642 1.526 1.605 1.380 1.491 1.559 1.300 1.260 1.486 1.362 1.158 1.308 1.539 1.389 1.486 1.340 1.301 1.183 1.234 1.100 1.212 1.102 1.259 1.320 1.984 3.093
2.951 2.144 1.885 1.713 1.624 1.568 1.364 1.395 1.198 1.357 1.239 1.403 1.607 1.474 1.077 0.854 0.646 0.628 0.851 1.039 1.270 1.457 1.666 1.875 1.944 1.907 1.774 1.676 1.899 2.195 2.138 1.814 1.731 1.490 1.279 1.091 0.862 0.900 0.676 0.501 0.000 0.498 0.600 0.626 0.785 0.729 0.688 0.870 1.011 1.072 1.107 0.957 1.010 0.955 1.166 1.127 1.218 1.252 1.444 1.524 1.468 1.613 1.901 1.817 1.724 1.591 1.685 1.813 1.806 1.818 1.618 1.802 1.801 1.531 1.505 1.723 1.608 1.393 1.512 1.756 1.670 1.776 1.572 1.540 1.419 1.455 1.341 1.426 1.350 1.460 1.577 2.187 3.215
3.694 2.948 2.632 2.522 2.297 2.220 1.862 1.876 1.566 1.636 1.563 1.657 1.882 1.692 1.414 1.179 0.859 0.881 1.062 1.379 1.574 1.904 2.192 2.460 2.491 2.348 2.257 2.124 2.305 2.639 2.756 2.395 2.333 2.068 1.801 1.632 1.231 1.191 0.908 0.711 0.495 0.000 0.538 0.661 0.918 0.938 0.759 0.982 1.235 1.279 1.523 1.320 1.414 1.322 1.657 1.620 1.829 1.786 2.167 2.227 2.031 2.266 2.685 2.515 2.534 2.253 2.422 2.559 2.452 2.382 2.068 2.231 2.334 2.036 1.885 2.221 2.202 1.886 1.999 2.309 2.161 2.267 1.972 1.975 1.916 2.010 1.908 2.090 1.977 2.174 2.216 2.798 3.828
4.367 3.549 3.172 2.985 2.632 2.477 2.037 1.905 1.491 1.445 1.351 1.398 1.694 1.612 1.325 1.186 0.969 1.256 1.523 1.941 2.329 2.705 3.060 3.363 3.404 3.288 3.116 2.874 3.072 3.501 3.711 3.331 3.231 2.866 2.527 2.288 1.782 1.672 1.331 0.992 0.672 0.526 0.000 0.555 0.748 1.009 0.853 1.006 1.295 1.470 1.665 1.630 1.685 1.620 2.094 2.138 2.394 2.390 2.688 2.618 2.337 2.354 2.847 2.766 3.014 2.923 3.086 3.321 3.190 3.122 2.808 2.841 2.856 2.597 2.321 2.441 2.405 2.004 2.049 2.248 2.129 1.982 1.679 1.819 1.796 2.080 2.169 2.441 2.473 2.710 2.622 3.174 4.128
3.369 2.617 2.168 1.950 1.686 1.479 1.236 1.135 0.909 1.004 1.041 1.163 1.546 1.442 1.064 0.799 0.770 0.891 1.176 1.468 1.746 2.031 2.217 2.343 2.490 2.467 2.349 2.259 2.445 2.790 2.820 2.459 2.329 2.093 1.771 1.604 1.337 1.357 1.143 0.864 0.734 0.610 0.526 0.000 0.496 0.580 0.640 0.681 0.737 1.026 1.154 1.129 1.293 1.423 1.689 1.538 1.700 1.564 1.796 1.676 1.455 1.496 1.821 1.840 1.978 1.967 2.154 2.324 2.261 2.243 2.053 2.116 2.067 1.846 1.710 1.878 1.719 1.445 1.551 1.736 1.547 1.544 1.326 1.247 1.178 1.259 1.309 1.514 1.603 1.874 1.962 2.582 3.578
2.732 2.014 1.591 1.416 1.252 1.213 0.970 0.998 0.808 0.946 0.936 1.075 1.342 1.264 0.961 0.676 0.652 0.758 0.991 1.188 1.411 1.642 1.785 1.974 2.076 2.026 2.003 1.876 2.076 2.372 2.341 2.043 1.901 1.668 1.428 1.265 1.092 1.120 0.995 0.773 0.753 0.765 0.668 0.492 0.000 0.488 0.530 0.566 0.563 0.673 0.765 0.787 0.992 1.113 1.289 1.198 1.305 1.253 1.399 1.390 1.292 1.412 1.701 1.654 1.675 1.595 1.724 1.921 1.848 1.867 1.677 1.718 1.754 1.465 1.407 1.581 1.468 1.221 1.310 1.521 1.391 1.444 1.256 1.192 1.086 1.150 1.089 1.244 1.230 1.366 1.518 2.117 3.129
2.766 1.968 1.575 1.428 1.273 1.260 0.997 1.012 0.835 0.934 0.892 1.021 1.344 1.301 0.870 0.643 0.628 0.694 0.898 1.026 1.267 1.475 1.634 1.808 1.864 1.865 1.793 1.734 1.917 2.164 2.119 1.823 1.723 1.481 1.277 1.172 0.924 1.008 0.847 0.642 0.714 0.744 0.723 0.534 0.487 0.000 0.488 0.533 0.567 0.589 0.734 0.750 0.878 0.963 1.158 1.086 1.197 1.127 1.357 1.332 1.183 1.324 1.643 1.513 1.598 1.471 1.620 1.769 1.674 1.671 1.526 1.574 1.578 1.336 1.269 1.397 1.314 1.080 1.207 1.375 1.225 1.252 1.143 1.105 1.015 1.119 1.062 1.225 1.145 1.306 1.415 2.049 3.168
2.646 1.976 1.593 1.463 1.294 1.239 1.019 1.038 0.881 1.008 0.981 1.167 1.443 1.329 0.953 0.687 0.634 0.681 0.880 0.993 1.232 1.391 1.490 1.705 1.758 1.741 1.735 1.663 1.840 2.090 2.057 1.755 1.648 1.465 1.243 1.135 0.945 0.988 0.858 0.640 0.684 0.670 0.684 0.545 0.520 0.486 0.000 0.490 0.537 0.620 0.766 0.769 0.936 0.997 1.184 1.061 1.202 1.139 1.312 1.333 1.196 1.310 1.577 1.519 1.537 1.413 1.575 1.706 1.570 1.580 1.400 1.491 1.508 1.288 1.243 1.423 1.312 1.121 1.241 1.425 1.252 1.313 1.208 1.155 1.039 1.127 1.057 1.207 1.177 1.349 1.450 2.071 3.198
3.088 2.345 1.947 1.756 1.566 1.482 1.177 1.161 0.988 1.158 1.158 1.262 1.569 1.446 1.143 0.846 0.777 0.836 1.026 1.254 1.497 1.817 1.964 2.238 2.252 2.131 2.133 1.982 2.197 2.544 2.531 2.251 2.166 1.926 1.670 1.487 1.199 1.168 0.991 0.782 0.787 0.811 0.778 0.608 0.582 0.544 0.491 0.000 0.502 0.614 0.823 0.923 1.131 1.212 1.446 1.443 1.640 1.494 1.775 1.773 1.550 1.668 2.004 1.953 2.071 1.865 2.106 2.284 2.089 2.065 1.776 1.849 1.968 1.725 1.521 1.795 1.736 1.426 1.510 1.804 1.613 1.646 1.459 1.397 1.286 1.384 1.353 1.566 1.522 1.742 1.809 2.384 3.459
2.771 1.987 1.566 1.409 1.219 1.208 0.938 1.035 0.929 1.111 1.121 1.290 1.594 1.565 1.226 0.958 0.871 1.022 1.155 1.332 1.573 1.804 1.904 2.096 2.152 2.165 2.108 2.031 2.207 2.482 2.401 2.117 1.964 1.775 1.517 1.380 1.179 1.211 1.115 0.939 0.937 0.945 0.910 0.689 0.613 0.577 0.563 0.499 0.000 0.540 0.611 0.760 1.022 1.151 1.300 1.202 1.330 1.303 1.486 1.462 1.353 1.473 1.827 1.772 1.805 1.707 1.841 2.013 1.990 1.978 1.849 1.892 1.867 1.674 1.564 1.752 1.622 1.411 1.498 1.693 1.525 1.583 1.373 1.257 1.187 1.180 1.162 1.232 1.260 1.385 1.538 2.118 3.313
2.765 2.015 1.638 1.600 1.330 1.450 1.168 1.289 1.133 1.244 1.357 1.450 1.741 1.806 1.453 1.241 1.201 1.358 1.604 1.873 2.142 2.357 2.612 2.815 2.971 2.785 2.690 2.494 2.520 2.874 2.970 2.535 2.563 2.253 2.033 1.850 1.540 1.651 1.466 1.174 1.274 1.245 1.139 0.990 0.812 0.724 0.687 0.625 0.521 0.000 0.527 0.676 1.032 1.329 1.512 1.361 1.675 1.728 1.982 1.997 1.815 1.924 2.408 2.378 2.449 2.356 2.388 2.732 2.725 2.776 2.622 2.669 2.715 2.297 2.217 2.409 2.248 1.912 2.024 2.255 1.983 1.950 1.611 1.580 1.512 1.619 1.539 1.630 1.529 1.578 1.556 2.131 3.171
2.451 1.658 1.344 1.173 1.049 1.071 0.860 1.095 1.074 1.259 1.375 1.621 1.930 1.836 1.522 1.196 1.159 1.106 1.284 1.311 1.440 1.562 1.720 1.875 2.062 1.984 1.834 1.715 1.850 2.118 2.052 1.685 1.637 1.371 1.301 1.155 0.990 1.190 1.168 0.978 1.170 1.222 1.183 1.089 0.968 0.733 0.751 0.770 0.568 0.504 0.000 0.515 0.722 0.976 1.038 0.839 1.002 1.070 1.195 1.299 1.323 1.503 1.731 1.693 1.618 1.497 1.498 1.725 1.811 1.882 1.756 1.893 1.844 1.586 1.671 1.830 1.660 1.489 1.737 1.864 1.641 1.800 1.648 1.463 1.289 1.259 1.081 1.058 0.947 1.041 1.200 1.826 2.997
2.466 1.696 1.374 1.188 1.104 1.098 0.922 1.054 1.049 1.252 1.307 1.518 1.854 1.725 1.370 1.057 0.972 0.855 1.017 1.066 1.259 1.415 1.536 1.716 1.879 1.811 1.664 1.582 1.693 1.943 1.901 1.638 1.564 1.313 1.162 0.982 0.795 0.938 0.901 0.779 1.035 1.160 1.230 1.068 0.966 0.740 0.814 0.926 0.673 0.630 0.500 0.000 0.503 0.636 0.822 0.690 0.925 0.972 1.154 1.235 1.234 1.416 1.652 1.550 1.511 1.394 1.473 1.665 1.666 1.708 1.581 1.716 1.719 1.407 1.451 1.686 1.487 1.303 1.522 1.695 1.492 1.649 1.539 1.385 1.210 1.164 1.005 1.046 0.933 1.034 1.121 1.795 2.887
2.664 1.885 1.510 1.380 1.258 1.210 1.078 1.218 1.342 1.546 1.748 1.975 2.253 2.176 1.853 1.455 1.348 1.109 1.135 1.147 1.194 1.358 1.703 1.941 2.024 1.830 1.677 1.449 1.614 1.901 1.958 1.669 1.682 1.422 1.215 0.896 0.721 0.778 0.866 0.939 1.299 1.477 1.659 1.515 1.368 1.063 1.121 1.289 1.045 0.896 0.690 0.509 0.000 0.494 0.658 0.642 0.949 1.125 1.358 1.479 1.485 1.679 1.965 1.943 1.861 1.704 1.765 1.941 1.942 1.998 1.788 1.996 2.098 1.695 1.787 2.055 1.923 1.696 2.012 2.187 1.923 2.101 1.934 1.675 1.529 1.374 1.240 1.215 1.012 1.104 1.165 1.907 2.931
2.626 1.729 1.428 1.308 1.302 1.358 1.287 1.419 1.475 1.626 1.647 1.836 2.028 1.910 1.555 1.300 1.173 0.939 0.908 0.908 0.979 1.151 1.357 1.544 1.646 1.575 1.452 1.305 1.508 1.771 1.689 1.404 1.372 1.154 0.984 0.780 0.627 0.657 0.739 0.807 1.074 1.246 1.466 1.351 1.334 1.050 1.082 1.291 1.188 1.077 0.922 0.675 0.501 0.000 0.530 0.584 0.805 0.967 1.206 1.339 1.353 1.579 1.788 1.697 1.624 1.382 1.468 1.557 1.599 1.597 1.418 1.580 1.652 1.390 1.429 1.702 1.611 1.478 1.675 1.836 1.731 1.841 1.789 1.670 1.494 1.468 1.239 1.209 0.995 1.027 1.120 1.809 2.967
2.471 1.659 1.410 1.297 1.392 1.590 1.606 1.912 1.923 2.262 2.218 2.478 2.623 2.360 2.087 1.760 1.526 1.201 1.158 1.178 1.298 1.471 1.756 1.997 2.198 2.125 1.951 1.713 1.850 2.161 2.064 1.674 1.644 1.275 1.156 0.844 0.700 0.750 0.819 0.957 1.248 1.443 1.767 1.673 1.794 1.421 1.421 1.772 1.691 1.531 1.302 0.937 0.723 0.522 0.000 0.523 0.685 0.957 1.176 1.547 1.756 2.015 2.228 2.056 1.800 1.688 1.472 1.741 1.974 2.065 1.987 2.225 2.280 1.886 2.000 2.332 2.202 2.019 2.299 2.600 2.368 2.652 2.550 2.433 2.046 1.900 1.525 1.354 1.002 0.884 1.078 1.831 2.967
2.324 1.489 1.164 1.042 1.079 1.159 1.117 1.283 1.305 1.538 1.585 1.911 2.138 1.949 1.552 1.270 1.162 0.976 0.931 0.880 0.927 0.987 1.104 1.295 1.470 1.459 1.382 1.247 1.474 1.689 1.555 1.255 1.134 0.870 0.734 0.602 0.641 0.746 0.847 0.904 1.145 1.323 1.547 1.367 1.314 1.098 1.155 1.370 1.207 1.141 0.994 0.742 0.628 0.590 0.505 0.000 0.502 0.607 0.783 0.993 1.111 1.334 1.456 1.378 1.136 1.017 0.992 1.171 1.197 1.277 1.259 1.358 1.335 1.157 1.259 1.422 1.342 1.270 1.504 1.645 1.580 1.775 1.746 1.630 1.365 1.273 0.995 0.936 0.736 0.721 0.939 1.739 2.935
2.364 1.462 1.166 1.004 1.114 1.152 1.188 1.373 1.472 1.770 1.806 2.142 2.342 2.237 1.790 1.517 1.539 1.276 1.205 0.987 1.082 1.122 1.209 1.483 1.653 1.659 1.556 1.355 1.531 1.844 1.804 1.376 1.270 0.933 0.763 0.676 0.743 0.977 1.176 1.270 1.602 1.836 2.037 1.788 1.721 1.420 1.627 1.829 1.621 1.594 1.278 0.990 0.875 0.831 0.677 0.507 0.000 0.507 0.622 0.750 0.878 1.116 1.221 1.082 0.991 0.861 0.988 1.241 1.242 1.382 1.304 1.429 1.322 1.060 1.258 1.392 1.177 1.197 1.468 1.529 1.438 1.686 1.779 1.667 1.330 1.158 0.899 0.801 0.634 0.673 0.841 1.592 2.864
2.249 1.339 1.022 0.787 0.796 0.756 0.788 0.877 0.931 1.105 1.151 1.441 1.708 1.593 1.219 0.970 1.001 0.860 0.834 0.708 0.766 0.766 0.787 0.920 1.069 1.118 1.033 1.052 1.234 1.417 1.268 1.002 0.877 0.664 0.556 0.552 0.610 0.768 0.876 0.896 1.103 1.274 1.388 1.218 1.118 0.945 1.089 1.202 1.091 1.103 0.947 0.785 0.814 0.778 0.733 0.564 0.494 0.000 0.491 0.522 0.592 0.743 0.845 0.736 0.629 0.577 0.674 0.843 0.787 0.881 0.878 0.957 0.885 0.745 0.867 0.931 0.808 0.785 0.986 1.084 0.974 1.151 1.158 1.042 0.850 0.760 0.602 0.560 0.531 0.608 0.914 1.635 2.872
2.143 1.355 1.015 0.861 0.804 0.781 0.803 0.910 0.992 1.172 1.250 1.558 1.773 1.670 1.328 1.123 1.128 0.969 0.958 0.851 0.918 0.913 0.909 1.022 1.198 1.222 1.202 1.191 1.417 1.587 1.422 1.113 0.978 0.794 0.677 0.704 0.734 0.909 0.982 1.006 1.187 1.354 1.454 1.275 1.202 1.050 1.127 1.263 1.137 1.120 1.007 0.822 0.900 0.897 0.843 0.682 0.565 0.488 0.000 0.490 0.562 0.712 0.799 0.638 0.556 0.581 0.684 0.838 0.848 0.970 0.977 1.039 0.943 0.822 0.943 1.026 0.867 0.883 1.061 1.130 1.021 1.197 1.206 1.101 0.888 0.776 0.601 0.543 0.543 0.653 0.968 1.625 2.942
2.140 1.380 1.041 0.826 0.811 0.762 0.764 0.794 0.830 0.967 1.030 1.309 1.556 1.510 1.163 0.967 1.084 1.021 1.062 0.940 1.015 0.981 0.937 1.036 1.187 1.266 1.215 1.257 1.413 1.594 1.379 1.117 0.985 0.828 0.755 0.822 0.851 1.079 1.131 1.125 1.276 1.446 1.457 1.247 1.106 1.001 1.180 1.239 1.113 1.186 1.063 0.914 1.056 1.059 1.018 0.814 0.671 0.527 0.489 0.000 0.487 0.531 0.640 0.550 0.531 0.552 0.655 0.822 0.800 0.938 0.964 1.010 0.859 0.749 0.860 0.883 0.690 0.712 0.868 0.919 0.737 0.924 0.948 0.864 0.652 0.613 0.536 0.546 0.606 0.710 1.032 1.668 2.868
2.378 1.573 1.230 0.981 0.929 0.808 0.756 0.751 0.789 0.938 0.991 1.280 1.510 1.468 1.103 0.913 1.028 1.004 1.015 0.932 1.056 1.027 0.966 1.082 1.235 1.343 1.295 1.363 1.571 1.728 1.530 1.253 1.073 0.903 0.804 0.883 0.872 1.078 1.129 1.070 1.233 1.389 1.397 1.197 1.072 0.965 1.136 1.217 1.087 1.166 1.063 0.933 1.094 1.112 1.102 0.914 0.790 0.589 0.550 0.490 0.000 0.494 0.625 0.533 0.542 0.572 0.727 0.883 0.827 0.967 0.979 1.034 0.877 0.762 0.846 0.861 0.706 0.642 0.824 0.859 0.672 0.860 0.910 0.820 0.625 0.575 0.542 0.597 0.681 0.852 1.196 1.872 3.071
2.967 2.165 1.796 1.494 1.339 1.109 1.067 1.004 1.099 1.212 1.333 1.643 1.979 1.903 1.444 1.258 1.375 1.354 1.391 1.333 1.470 1.506 1.463 1.641 1.878 1.923 1.915 1.894 2.098 2.383 2.182 1.830 1.643 1.395 1.203 1.256 1.281 1.451 1.579 1.487 1.636 1.811 1.878 1.612 1.411 1.349 1.566 1.655 1.534 1.680 1.525 1.363 1.567 1.623 1.577 1.341 1.214 0.936 0.966 0.684 0.508 0.000 0.640 0.604 0.799 0.911 1.188 1.383 1.270 1.449 1.423 1.510 1.273 1.075 1.219 1.247 0.966 0.940 1.196 1.197 0.878 1.117 1.175 1.004 0.752 0.697 0.671 0.883 1.106 1.353 1.687 2.326 3.464
3.897 2.950 2.591 2.164 1.975 1.589 1.448 1.256 1.392 1.442 1.630 2.125 2.473 2.552 2.019 1.782 2.164 2.081 2.363 2.217 2.467 2.401 2.114 2.021 2.433 2.796 2.723 2.910 2.980 3.288 2.845 2.513 2.200 2.015 1.935 2.256 2.168 2.631 2.683 2.467 2.669 2.885 2.675 2.353 1.936 1.905 2.399 2.245 1.992 2.366 2.162 2.031 2.470 2.695 2.591 2.262 2.008 1.612 1.338 0.895 0.671 0.528 0.000 0.534 0.759 1.076 1.388 1.491 1.482 1.875 2.094 2.103 1.669 1.559 1.905 1.698 1.248 1.448 1.763 1.573 1.190 1.390 1.402 1.182 1.024 0.899 1.099 1.349 1.682 2.060 2.491 3.154 4.265
2.761 1.965 1.645 1.357 1.314 1.160 1.142 1.097 1.175 1.319 1.408 1.768 2.011 1.987 1.544 1.365 1.547 1.420 1.416 1.253 1.286 1.224 1.078 1.144 1.342 1.456 1.430 1.545 1.728 1.813 1.587 1.331 1.120 1.025 0.958 1.149 1.200 1.455 1.608 1.630 1.801 2.005 2.012 1.812 1.611 1.416 1.728 1.812 1.675 1.790 1.606 1.352 1.600 1.581 1.467 1.240 1.039 0.797 0.711 0.573 0.564 0.565 0.510 0.000 0.494 0.546 0.683 0.866 0.870 1.073 1.135 1.222 0.986 0.870 1.086 1.087 0.844 0.905 1.141 1.159 0.973 1.159 1.246 1.093 0.883 0.827 0.789 0.882 0.989 1.184 1.562 2.192 3.368
2.501 1.707 1.425 1.162 1.154 1.110 1.100 1.172 1.216 1.451 1.484 1.861 2.073 2.005 1.568 1.369 1.493 1.321 1.312 1.099 1.132 1.020 0.915 1.002 1.204 1.283 1.285 1.351 1.547 1.682 1.498 1.189 1.017 0.879 0.831 0.998 1.065 1.277 1.517 1.481 1.721 1.948 2.000 1.788 1.597 1.348 1.706 1.776 1.596 1.669 1.408 1.258 1.371 1.404 1.255 1.031 0.888 0.695 0.587 0.570 0.600 0.726 0.648 0.492 0.000 0.495 0.546 0.758 0.732 0.921 0.991 1.101 0.913 0.837 1.030 1.047 0.866 0.943 1.184 1.231 1.064 1.333 1.411 1.291 1.056 0.942 0.815 0.837 0.879 0.994 1.306 1.933 3.105
2.698 1.902 1.618 1.341 1.329 1.220 1.264 1.290 1.408 1.614 1.651 2.025 2.211 2.117 1.709 1.512 1.606 1.444 1.316 1.107 1.090 0.965 0.830 0.927 1.141 1.245 1.187 1.321 1.499 1.612 1.393 1.148 0.909 0.820 0.766 0.984 1.127 1.310 1.480 1.602 1.809 2.026 2.171 1.931 1.747 1.573 1.798 1.910 1.774 1.891 1.642 1.408 1.509 1.454 1.297 1.161 0.908 0.767 0.638 0.605 0.703 0.884 0.846 0.578 0.496 0.000 0.517 0.695 0.685 0.829 0.927 1.050 0.904 0.787 1.036 1.075 0.855 1.010 1.253 1.285 1.189 1.433 1.590 1.409 1.177 1.028 0.949 0.919 0.967 1.109 1.453 2.092 3.259
3.113 2.309 2.166 1.832 1.936 1.752 1.861 1.827 1.915 2.078 2.057 2.443 2.646 2.574 2.129 1.953 2.213 2.042 1.986 1.650 1.667 1.442 1.105 1.127 1.440 1.659 1.638 1.884 2.071 2.091 1.689 1.429 1.043 1.064 1.066 1.514 1.715 2.078 2.230 2.312 2.529 2.818 2.969 2.542 2.319 2.146 2.654 2.643 2.458 2.633 2.319 2.107 2.227 2.226 2.001 1.809 1.318 1.042 0.859 0.856 0.984 1.188 1.235 0.872 0.654 0.504 0.000 0.593 0.818 1.126 1.396 1.517 1.271 1.109 1.421 1.451 1.187 1.328 1.548 1.560 1.517 1.770 1.908 1.881 1.569 1.529 1.355 1.370 1.417 1.517 2.047 2.590 3.724
3.092 2.235 1.995 1.712 1.872 1.839 2.125 2.363 2.623 2.961 3.117 3.413 3.655 3.426 3.004 2.678 2.937 2.492 2.351 1.917 1.833 1.498 1.055 0.976 1.239 1.648 1.658 1.991 2.190 2.288 1.914 1.537 1.139 1.188 1.295 1.660 1.933 2.312 2.721 2.839 3.114 3.480 3.679 3.336 3.143 2.840 3.168 3.351 2.955 3.044 2.571 2.361 2.397 2.412 2.152 1.897 1.452 1.353 1.028 1.221 1.572 1.873 1.816 1.444 1.031 0.820 0.541 0.000 0.632 0.879 1.375 1.465 1.309 1.330 1.809 1.807 1.703 1.896 2.297 2.381 2.304 2.986 2.983 2.723 2.341 2.086 1.739 1.447 1.568 1.524 2.010 2.674 3.672
2.700 2.033 1.820 1.532 1.626 1.557 1.645 1.687 1.782 1.907 1.903 2.182 2.324 2.176 1.789 1.635 1.782 1.570 1.364 1.149 1.063 0.889 0.615 0.649 0.795 0.978 1.083 1.290 1.567 1.638 1.418 1.139 0.861 0.874 0.864 1.168 1.300 1.459 1.701 1.833 1.986 2.200 2.361 2.093 1.955 1.827 2.070 2.181 2.087 2.174 1.937 1.717 1.833 1.695 1.578 1.421 1.155 1.024 0.919 0.953 1.075 1.296 1.336 0.997 0.829 0.690 0.689 0.513 0.000 0.495 0.618 0.731 0.678 0.678 0.890 0.972 0.955 1.106 1.281 1.403 1.422 1.687 1.804 1.744 1.516 1.455 1.275 1.225 1.257 1.370 1.700 2.313 3.424
2.580 1.887 1.732 1.498 1.576 1.511 1.491 1.519 1.463 1.555 1.446 1.678 1.786 1.689 1.372 1.229 1.269 1.099 0.961 0.824 0.752 0.683 0.563 0.602 0.663 0.773 0.889 0.999 1.253 1.386 1.226 0.990 0.798 0.822 0.760 0.904 0.980 1.045 1.142 1.263 1.355 1.548 1.686 1.509 1.460 1.373 1.522 1.652 1.643 1.679 1.599 1.357 1.428 1.260 1.237 1.178 1.033 0.949 0.936 0.987 1.001 1.201 1.262 0.997 0.876 0.722 0.768 0.668 0.491 0.000 0.488 0.526 0.532 0.536 0.603 0.730 0.782 0.861 0.949 1.123 1.146 1.402 1.487 1.486 1.274 1.314 1.178 1.217 1.183 1.302 1.531 2.099 3.123
2.667 1.881 1.698 1.525 1.516 1.439 1.406 1.401 1.343 1.436 1.316 1.568 1.729 1.612 1.281 1.128 1.178 1.017 0.923 0.782 0.727 0.622 0.596 0.627 0.653 0.814 0.849 0.962 1.239 1.336 1.169 1.000 0.808 0.824 0.722 0.851 0.955 0.998 1.131 1.245 1.338 1.572 1.691 1.441 1.392 1.281 1.472 1.616 1.569 1.586 1.528 1.313 1.404 1.248 1.192 1.130 0.995 0.909 0.965 0.982 0.952 1.144 1.235 1.006 0.938 0.787 0.883 0.801 0.558 0.488 0.000 0.488 0.512 0.517 0.522 0.614 0.702 0.708 0.800 0.991 1.022 1.225 1.307 1.335 1.154 1.230 1.105 1.176 1.141 1.267 1.495 2.084 3.180
3.210 2.383 2.147 1.978 1.968 1.830 1.801 1.703 1.706 1.656 1.560 1.857 2.007 1.973 1.563 1.481 1.595 1.456 1.188 1.034 0.896 0.835 0.713 0.779 0.804 0.877 0.987 1.103 1.380 1.494 1.342 1.214 1.010 1.054 0.952 1.131 1.253 1.309 1.515 1.689 1.858 2.069 2.156 1.926 1.843 1.781 1.986 2.081 2.074 2.090 2.066 1.759 1.824 1.652 1.544 1.562 1.320 1.185 1.272 1.191 1.092 1.204 1.324 1.087 1.162 0.953 1.105 1.007 0.703 0.530 0.489 0.000 0.490 0.552 0.578 0.571 0.654 0.809 0.825 0.932 1.036 1.257 1.392 1.472 1.315 1.447 1.385 1.517 1.551 1.721 1.945 2.483 3.462
2.620 1.907 1.631 1.395 1.364 1.229 1.201 1.166 1.192 1.269 1.260 1.578 1.754 1.719 1.305 1.146 1.271 1.145 1.047 0.878 0.881 0.786 0.693 0.765 0.786 0.904 1.034 1.138 1.381 1.499 1.360 1.120 0.927 0.918 0.798 0.943 1.015 1.124 1.278 1.361 1.492 1.757 1.786 1.558 1.405 1.311 1.550 1.605 1.503 1.605 1.456 1.301 1.414 1.359 1.293 1.183 1.031 0.855 0.897 0.829 0.770 0.919 1.066 0.825 0.843 0.710 0.855 0.817 0.593 0.524 0.507 0.488 0.000 0.487 0.512 0.529 0.519 0.591 0.692 0.821 0.835 1.072 1.179 1.142 0.961 1.000 0.934 1.039 1.059 1.225 1.502 2.098 3.170
2.696 1.961 1.711 1.441 1.396 1.251 1.185 1.149 1.089 1.191 1.107 1.375 1.620 1.513 1.137 0.975 1.072 0.985 0.902 0.798 0.828 0.784 0.686 0.758 0.814 0.913 1.004 1.085 1.397 1.534 1.355 1.160 0.938 0.909 0.753 0.889 0.911 1.040 1.148 1.165 1.294 1.528 1.531 1.302 1.208 1.124 1.343 1.417 1.364 1.481 1.388 1.192 1.285 1.246 1.235 1.128 1.010 0.842 0.891 0.851 0.776 0.957 1.121 0.902 0.854 0.736 0.857 0.808 0.597 0.542 0.512 0.504 0.487 0.000 0.487 0.514 0.524 0.530 0.608 0.775 0.796 1.049 1.121 1.131 0.929 1.009 0.919 1.032 1.062 1.253 1.488 2.102 3.247
2.722 1.919 1.694 1.495 1.488 1.356 1.273 1.259 1.207 1.252 1.181 1.446 1.631 1.557 1.171 1.072 1.195 1.083 0.982 0.837 0.829 0.774 0.699 0.793 0.864 0.962 1.033 1.104 1.360 1.484 1.310 1.108 0.957 0.876 0.739 0.881 0.966 1.098 1.278 1.320 1.449 1.691 1.709 1.442 1.351 1.309 1.524 1.587 1.556 1.597 1.521 1.330 1.420 1.348 1.264 1.168 1.001 0.864 0.945 0.906 0.827 1.002 1.172 0.960 0.934 0.759 0.905 0.876 0.640 0.591 0.521 0.519 0.507 0.487 0.000 0.489 0.512 0.530 0.553 0.660 0.774 0.983 1.079 1.161 0.993 1.079 0.996 1.091 1.120 1.246 1.516 2.076 3.158
3.145 2.333 2.085 1.853 1.805 1.566 1.531 1.389 1.389 1.422 1.351 1.705 1.868 1.804 1.350 1.291 1.410 1.327 1.140 1.011 1.006 0.976 0.889 1.034 1.012 1.082 1.221 1.309 1.653 1.796 1.624 1.493 1.209 1.178 1.020 1.174 1.230 1.293 1.484 1.594 1.730 1.988 2.051 1.753 1.670 1.590 1.855 1.956 1.912 2.015 1.914 1.668 1.773 1.652 1.570 1.529 1.293 1.133 1.162 1.046 0.892 1.003 1.144 0.929 1.032 0.906 1.125 1.136 0.836 0.737 0.613 0.553 0.552 0.527 0.489 0.000 0.490 0.545 0.586 0.655 0.744 0.993 1.161 1.188 1.061 1.159 1.161 1.311 1.400 1.637 1.901 2.434 3.498
2.633 1.941 1.592 1.370 1.276 1.155 1.060 1.007 0.980 1.062 1.032 1.344 1.618 1.537 1.125 0.959 1.108 1.022 0.989 0.873 0.951 0.927 0.830 0.945 1.000 1.096 1.191 1.259 1.552 1.693 1.503 1.299 1.106 1.000 0.863 0.976 0.979 1.105 1.222 1.212 1.353 1.585 1.585 1.327 1.191 1.118 1.364 1.400 1.297 1.444 1.336 1.153 1.322 1.302 1.285 1.120 1.036 0.841 0.908 0.799 0.658 0.844 0.986 0.805 0.871 0.755 0.948 0.979 0.757 0.694 0.649 0.576 0.523 0.510 0.499 0.488 0.000 0.487 0.523 0.598 0.589 0.867 0.970 0.950 0.784 0.852 0.827 0.960 1.023 1.219 1.489 2.097 3.195
2.667 1.930 1.644 1.357 1.290 1.163 1.067 1.021 0.966 1.052 1.035 1.243 1.508 1.418 1.054 0.896 1.005 0.960 0.958 0.846 0.949 0.954 0.879 0.994 1.098 1.190 1.206 1.325 1.575 1.732 1.551 1.290 1.096 0.996 0.848 0.962 0.938 1.092 1.181 1.152 1.296 1.483 1.486 1.248 1.121 1.077 1.273 1.366 1.299 1.413 1.316 1.152 1.290 1.259 1.256 1.110 0.996 0.816 0.897 0.808 0.673 0.834 0.990 0.799 0.829 0.753 0.930 0.985 0.776 0.752 0.709 0.664 0.575 0.527 0.527 0.509 0.488 0.000 0.490 0.585 0.591 0.865 0.932 0.952 0.816 0.892 0.822 0.953 0.999 1.197 1.475 2.072 3.151
3.020 2.200 2.001 1.753 1.726 1.550 1.420 1.387 1.302 1.381 1.303 1.572 1.783 1.769 1.304 1.176 1.378 1.257 1.219 1.055 1.183 1.179 1.097 1.294 1.372 1.447 1.486 1.538 1.783 1.943 1.820 1.541 1.348 1.187 1.009 1.180 1.183 1.419 1.597 1.595 1.778 2.044 2.046 1.729 1.557 1.521 1.854 1.930 1.834 1.950 1.805 1.573 1.653 1.617 1.525 1.417 1.224 1.016 1.138 1.060 0.899 1.106 1.341 1.099 1.192 0.971 1.192 1.260 1.032 0.990 0.924 0.857 0.786 0.633 0.596 0.574 0.551 0.491 0.000 0.509 0.626 0.926 1.078 1.186 1.031 1.170 1.074 1.267 1.292 1.468 1.757 2.281 3.331
4.458 3.573 3.268 3.003 2.767 2.401 2.200 1.950 1.842 1.840 1.644 2.118 2.292 2.230 1.715 1.690 1.948 1.878 1.595 1.556 1.651 1.708 1.670 2.020 1.884 1.954 2.201 2.277 2.608 2.880 2.756 2.530 2.242 2.059 1.754 1.923 1.890 2.027 2.185 2.293 2.401 2.884 2.903 2.420 2.275 2.181 2.703 2.832 2.725 3.044 2.812 2.441 2.750 2.547 2.534 2.447 2.200 1.908 1.985 1.725 1.323 1.323 1.646 1.548 1.812 1.642 2.044 2.156 1.699 1.488 1.267 1.149 1.218 1.051 0.789 0.784 0.832 0.701 0.528 0.000 0.588 0.953 1.271 1.349 1.283 1.555 1.717 2.073 2.237 2.570 2.942 3.440 4.506
4.079 3.255 2.831 2.478 2.241 1.868 1.709 1.338 1.410 1.371 1.399 2.060 2.397 2.319 1.781 1.506 1.929 1.955 2.016 1.895 2.183 2.281 2.116 2.418 2.314 2.428 2.784 2.799 3.073 3.436 3.244 2.983 2.548 2.320 1.934 2.173 2.033 2.361 2.432 2.265 2.534 2.796 2.765 2.276 2.007 1.936 2.365 2.428 2.113 2.484 2.249 2.135 2.495 2.548 2.602 2.249 2.191 1.788 1.957 1.576 1.233 1.199 1.579 1.524 1.751 1.658 2.192 2.312 1.922 1.945 1.943 1.537 1.504 1.417 1.224 1.035 0.931 0.866 0.775 0.530 0.000 0.745 1.065 1.061 0.979 1.229 1.443 1.730 2.023 2.407 2.703 3.286 4.349
4.692 3.959 3.454 3.036 2.719 2.250 1.945 1.686 1.432 1.044 1.013 1.587 1.959 2.174 1.732 1.626 2.094 2.241 2.497 2.438 2.752 2.836 2.549 2.621 2.913 3.202 3.252 3.498 3.717 4.061 3.721 3.388 2.804 2.697 2.332 2.694 2.545 2.963 3.025 2.772 2.788 3.036 2.824 2.298 1.920 2.114 2.527 2.303 2.234 2.745 2.727 2.533 2.975 3.285 3.322 2.893 2.635 2.189 2.155 1.804 1.352 1.382 1.772 1.505 1.833 1.793 2.293 2.417 1.954 2.158 2.269 2.012 1.671 1.701 1.749 1.369 1.115 1.196 1.153 0.870 0.596 0.000 0.516 0.781 1.033 1.452 1.727 2.088 2.377 2.917 3.402 3.859 4.957
4.335 3.438 2.981 2.618 2.160 1.833 1.443 1.069 1.017 0.782 0.899 1.363 1.817 1.958 1.506 1.434 1.835 2.010 2.321 2.487 2.711 2.909 2.887 3.229 3.292 3.356 3.382 3.397 3.697 4.090 4.016 3.659 3.243 2.898 2.643 2.690 2.493 2.747 2.624 2.341 2.378 2.491 2.310 1.941 1.473 1.674 1.931 1.792 1.597 1.938 1.970 2.046 2.457 2.744 2.972 2.662 2.570 2.193 2.308 2.029 1.540 1.440 1.922 1.895 2.268 2.225 2.687 2.888 2.641 2.682 2.488 2.332 2.167 2.081 1.976 1.714 1.503 1.396 1.388 1.126 0.872 0.515 0.000 0.523 0.861 1.231 1.535 1.970 2.228 2.733 2.937 3.527 4.526
2.922 2.191 1.853 1.490 1.289 1.082 0.889 0.667 0.653 0.639 0.799 1.147 1.515 1.589 1.221 1.036 1.278 1.394 1.636 1.703 1.909 2.038 2.003 2.196 2.415 2.429 2.389 2.404 2.566 2.789 2.689 2.338 2.144 1.842 1.678 1.754 1.631 1.865 1.844 1.598 1.709 1.866 1.778 1.431 1.152 1.168 1.453 1.423 1.285 1.475 1.401 1.325 1.661 1.851 1.889 1.570 1.541 1.328 1.303 1.146 0.945 0.906 1.225 1.284 1.456 1.480 1.708 1.948 1.820 1.990 1.890 1.873 1.720 1.532 1.550 1.530 1.275 1.117 1.242 1.215 0.877 0.722 0.509 0.000 0.515 0.680 0.816 1.055 1.228 1.504 1.834 2.365 3.486
2.486 1.720 1.365 1.085 0.955 0.780 0.662 0.565 0.558 0.602 0.775 1.062 1.357 1.375 1.040 0.844 1.054 1.074 1.221 1.253 1.469 1.497 1.497 1.649 1.821 1.866 1.818 1.829 1.993 2.120 1.984 1.688 1.574 1.312 1.195 1.233 1.154 1.333 1.336 1.197 1.364 1.496 1.466 1.197 0.988 0.953 1.145 1.203 1.057 1.170 1.104 1.012 1.203 1.317 1.359 1.129 1.073 0.893 0.902 0.788 0.664 0.682 0.968 0.964 1.027 1.066 1.229 1.415 1.369 1.493 1.406 1.444 1.301 1.114 1.150 1.141 0.979 0.859 0.976 0.979 0.756 0.721 0.627 0.497 0.000 0.497 0.564 0.726 0.833 1.056 1.346 1.975 3.170
2.278 1.581 1.231 0.994 0.854 0.707 0.603 0.582 0.643 0.799 0.953 1.279 1.551 1.606 1.254 0.993 1.174 1.148 1.273 1.208 1.366 1.353 1.309 1.437 1.616 1.703 1.643 1.669 1.782 1.984 1.807 1.516 1.362 1.165 1.058 1.123 1.076 1.327 1.418 1.262 1.451 1.601 1.578 1.325 1.112 1.028 1.232 1.271 1.096 1.204 1.092 1.013 1.183 1.323 1.243 1.028 0.925 0.765 0.742 0.666 0.567 0.576 0.834 0.803 0.900 0.899 1.059 1.254 1.215 1.317 1.336 1.356 1.210 1.060 1.140 1.153 0.938 0.884 1.042 1.054 0.799 0.858 0.822 0.644 0.493 0.000 0.499 0.598 0.710 0.900 1.214 1.829 2.924
2.152 1.389 1.020 0.754 0.660 0.556 0.538 0.556 0.648 0.831 0.944 1.227 1.512 1.496 1.099 0.883 1.000 0.960 1.003 0.944 1.082 1.091 1.055 1.141 1.307 1.385 1.335 1.371 1.557 1.719 1.538 1.258 1.114 0.934 0.843 0.899 0.880 1.056 1.113 1.036 1.204 1.396 1.409 1.157 1.010 0.891 1.066 1.133 0.974 1.039 0.885 0.820 0.975 1.043 1.038 0.825 0.750 0.581 0.602 0.545 0.534 0.581 0.812 0.727 0.725 0.751 0.851 1.010 0.963 1.032 1.064 1.087 0.986 0.857 0.934 0.980 0.836 0.761 0.925 0.998 0.818 0.932 0.914 0.729 0.561 0.493 0.000 0.495 0.542 0.728 1.055 1.703 2.823
2.046 1.244 0.857 0.617 0.590 0.558 0.631 0.749 0.872 1.075 1.139 1.458 1.711 1.670 1.297 1.062 1.175 1.060 1.110 0.968 1.092 1.076 1.066 1.199 1.321 1.377 1.332 1.339 1.506 1.683 1.527 1.236 1.128 0.922 0.839 0.888 0.892 1.103 1.207 1.181 1.373 1.581 1.651 1.374 1.199 1.051 1.247 1.323 1.128 1.179 0.973 0.884 1.015 1.070 1.005 0.770 0.653 0.541 0.547 0.545 0.569 0.696 0.870 0.778 0.761 0.737 0.872 1.036 0.982 1.088 1.078 1.142 1.063 0.899 1.005 1.037 0.886 0.857 1.039 1.091 0.927 1.094 1.110 0.959 0.732 0.594 0.493 0.000 0.495 0.577 0.933 1.621 2.815
1.944 1.122 0.832 0.630 0.647 0.650 0.758 0.882 1.023 1.258 1.337 1.738 1.969 1.941 1.534 1.238 1.366 1.261 1.280 1.122 1.232 1.182 1.216 1.347 1.561 1.523 1.414 1.395 1.528 1.678 1.585 1.302 1.217 0.982 0.878 0.904 0.936 1.198 1.315 1.420 1.599 1.841 1.856 1.617 1.395 1.228 1.459 1.545 1.327 1.358 1.099 0.932 1.038 1.096 0.962 0.740 0.634 0.574 0.612 0.675 0.735 0.842 1.046 0.948 0.919 0.909 0.992 1.212 1.203 1.300 1.286 1.414 1.259 1.074 1.228 1.281 1.091 1.071 1.272 1.326 1.117 1.298 1.336 1.126 0.921 0.717 0.591 0.499 0.000 0.494 0.775 1.423 2.682
1.915 1.119 0.796 0.731 0.928 1.103 1.279 1.570 1.643 1.956 1.964 2.372 2.546 2.459 2.004 1.701 1.843 1.594 1.604 1.415 1.629 1.581 1.641 1.907 2.144 2.093 2.021 1.956 2.021 2.263 2.186 1.722 1.635 1.273 1.125 1.150 1.202 1.555 1.693 1.709 2.071 2.396 2.500 2.211 2.023 1.704 2.026 2.197 1.897 1.914 1.483 1.230 1.240 1.378 1.181 0.775 0.689 0.705 0.825 1.009 1.141 1.352 1.569 1.454 1.333 1.235 1.310 1.611 1.649 1.808 1.703 1.833 1.751 1.465 1.589 1.692 1.518 1.465 1.693 1.778 1.622 1.956 1.969 1.808 1.470 1.371 0.980 0.809 0.511 0.000 0.538 1.191 2.401
2.853 1.712 1.201 1.195 1.768 2.319 2.881 3.835 4.545 5.638 5.914 6.520 7.323 6.615 5.874 4.978 4.837 4.233 4.166 3.657 4.019 3.955 4.097 4.531 5.474 5.153 4.762 4.354 4.295 4.955 4.967 4.076 3.873 2.942 2.989 2.773 2.873 3.603 3.889 3.980 4.988 5.313 5.856 5.498 5.166 4.146 4.363 5.191 4.299 3.675 2.890 2.655 2.120 2.641 2.230 1.457 1.586 2.079 1.860 2.307 3.177 3.493 3.445 3.447 2.791 3.060 2.754 3.687 4.144 4.632 4.518 5.251 4.620 3.972 4.739 5.102 4.427 4.513 5.641 5.573 4.771 5.769 5.950 5.274 4.319 3.519 2.622 1.821 1.431 0.598 0.000 0.780 2.159
4.676 2.838 2.879 3.033 3.524 4.180 4.425 5.371 5.970 7.046 7.742 9.123 9.920 9.882 8.634 6.833 7.932 6.842 7.330 6.736 7.652 7.984 8.944 10.358 11.658 10.805 9.332 8.331 7.660 8.662 9.454 7.834 8.419 6.062 6.017 4.768 4.435 6.286 7.229 7.268 8.690 9.719 10.106 8.747 7.276 6.366 7.578 8.454 6.892 6.773 4.928 3.519 3.948 4.605 3.757 2.621 3.254 3.736 4.538 5.604 5.480 6.036 7.921 7.847 7.761 6.980 7.140 8.827 9.381 10.648 9.832 10.957 10.463 8.261 9.248 9.735 8.535 7.388 8.827 9.080 7.295 8.089 7.554 6.953 5.801 5.272 3.994 3.738 2.449 1.824 0.784 0.000 1.072
7.370 4.289 5.738 6.345 8.415 10.090 12.302 14.358 15.412 17.247 17.614 18.803 19.449 18.896 17.554 16.399 16.332 14.691 13.799 12.177 12.573 12.039 12.230 12.704 14.507 14.395 12.913 12.634 11.748 13.290 13.287 10.729 10.817 8.326 9.269 8.358 9.855 12.068 14.249 14.726 16.830 18.011 18.280 17.887 16.982 15.083 16.516 17.574 15.938 14.516 11.881 10.301 9.158 9.848 7.354 6.039 5.420 7.439 6.818 9.197 10.874 12.969 12.897 11.507 9.891 9.732 8.693 10.594 10.978 13.121 13.802 15.117 13.759 12.227 14.647 14.954 13.067 14.188 15.602 15.819 15.100 16.906 17.367 16.830 14.843 13.109 11.219 8.048 6.085 3.798 2.673 0.970 0.002
