0.000 0.517 0.742 0.993 1.312 1.806 2.244 2.129 1.683 1.360 1.497 1.538 1.599 1.715 1.901 2.027 2.114 2.324 2.506 2.507 2.420 2.354 2.503 2.735 2.604 2.168 2.094 1.795 1.639 1.581 1.507 1.678 1.704 1.606 1.788 2.043 2.044 1.742 1.371 1.190 1.449 1.526 1.120 1.289 1.062 1.057 1.290 1.570 1.604 1.214 1.297 1.230 1.186 1.169 1.108 1.205 1.505 1.506 1.515 1.576 1.714 1.977 2.065 2.118 2.126 2.110 2.035 1.796 1.751 1.828 1.595 1.439 1.623 1.685 1.341 1.376 1.233 0.985 0.861 0.703 0.696 0.803 0.972 1.079 1.361 2.044 2.747 4.328 6.010 7.264 9.179 11.052 12.828
0.502 0.001 0.499 0.634 0.835 1.138 1.556 1.590 1.150 0.940 1.100 1.170 1.400 1.374 1.645 1.753 1.753 1.917 2.093 2.114 2.057 2.029 2.228 2.519 2.374 1.981 1.838 1.585 1.388 1.440 1.311 1.534 1.522 1.314 1.422 1.553 1.463 1.213 0.951 0.940 1.135 1.128 0.950 1.087 1.008 1.000 1.267 1.455 1.559 1.261 1.235 1.071 1.100 1.001 0.885 0.906 1.173 1.213 1.231 1.261 1.442 1.696 1.585 1.762 1.697 1.656 1.545 1.328 1.361 1.372 1.178 1.052 1.176 1.225 0.989 1.031 0.880 0.669 0.592 0.595 0.682 0.863 1.003 1.205 1.431 2.013 2.717 4.090 5.745 7.008 8.950 11.202 12.901
0.623 0.497 0.000 0.502 0.684 0.992 1.380 1.442 1.032 0.804 1.002 1.042 1.217 1.310 1.564 1.697 1.720 1.897 2.028 2.051 1.997 1.972 2.116 2.330 2.221 1.878 1.762 1.507 1.350 1.359 1.190 1.373 1.327 1.170 1.294 1.402 1.354 1.110 0.830 0.834 1.028 1.075 0.910 1.088 0.997 1.000 1.186 1.336 1.446 1.187 1.236 1.057 1.109 0.989 0.864 0.912 1.192 1.208 1.252 1.272 1.457 1.663 1.645 1.709 1.612 1.627 1.514 1.313 1.288 1.305 1.143 1.008 1.139 1.171 0.952 0.961 0.782 0.611 0.574 0.592 0.690 0.850 1.013 1.244 1.462 2.069 2.735 4.237 5.865 7.096 9.129 11.226 12.997
0.914 0.701 0.505 0.000 0.508 0.775 1.217 1.401 1.011 0.903 1.155 1.343 1.597 1.761 2.100 2.282 2.358 2.575 2.728 2.741 2.696 2.609 2.832 3.124 2.975 2.669 2.466 2.167 1.963 1.934 1.651 1.884 1.795 1.487 1.542 1.693 1.558 1.236 0.918 1.025 1.248 1.246 1.131 1.330 1.290 1.319 1.601 1.842 1.980 1.683 1.746 1.502 1.642 1.437 1.282 1.261 1.577 1.627 1.788 1.791 2.056 2.242 2.252 2.345 2.196 2.132 2.058 1.771 1.725 1.735 1.461 1.281 1.328 1.368 1.142 1.010 0.729 0.676 0.780 0.938 1.064 1.276 1.435 1.697 1.883 2.479 3.044 4.408 5.852 7.288 8.908 11.478 13.437
1.442 1.067 0.766 0.517 0.000 0.541 0.951 1.227 0.976 0.947 1.344 1.543 1.831 2.209 2.616 2.770 2.995 3.431 3.509 3.316 3.363 3.206 3.378 3.895 3.956 3.498 3.326 2.994 2.562 2.558 2.134 2.416 2.239 1.946 1.895 2.085 1.874 1.419 1.164 1.411 1.710 1.610 1.525 1.901 1.868 1.968 2.290 2.473 2.750 2.478 2.540 2.198 2.445 2.039 1.779 1.695 2.110 2.271 2.592 2.443 2.972 3.202 3.021 3.029 2.605 2.547 2.608 2.284 2.085 2.197 2.063 1.610 1.555 1.708 1.411 1.203 0.840 0.859 1.070 1.313 1.548 1.863 2.121 2.670 2.721 3.367 3.965 5.314 6.936 7.967 9.540 12.093 13.972
2.223 1.756 1.361 1.035 0.689 0.000 0.636 1.049 1.132 1.357 1.897 2.303 2.889 3.328 3.874 4.300 4.342 4.769 4.943 4.900 4.907 4.758 5.195 5.602 5.697 5.059 4.622 4.119 3.663 3.615 3.368 3.747 3.778 2.837 2.829 3.154 2.846 2.086 1.580 2.188 2.639 2.684 2.523 3.303 3.107 2.910 3.612 3.857 4.401 3.580 3.584 3.112 3.235 2.705 2.366 2.275 3.049 3.174 3.467 3.392 3.919 4.308 4.360 4.303 4.019 3.752 3.725 3.174 3.217 3.119 2.741 2.267 2.289 2.539 2.120 1.933 1.381 1.427 1.488 1.831 2.154 2.519 2.977 3.790 4.323 4.849 5.751 6.880 8.274 9.223 10.918 13.125 14.923
3.571 2.930 2.100 1.640 1.125 0.584 0.000 0.704 1.337 1.918 2.221 2.867 3.566 4.242 4.858 5.473 5.797 6.289 6.482 6.419 6.259 6.115 6.743 7.372 7.503 6.963 6.303 5.757 5.099 5.039 4.504 4.736 4.346 3.746 3.250 3.616 3.091 2.521 1.985 2.730 3.325 3.020 2.998 3.956 4.157 3.957 4.817 4.915 5.631 5.117 5.092 4.572 4.969 4.505 3.856 3.845 4.682 4.790 5.287 5.045 5.658 6.035 5.800 5.613 5.171 4.764 4.884 4.391 3.958 4.163 3.944 3.162 3.062 3.388 3.013 2.834 2.049 2.301 2.598 3.284 3.434 4.480 4.712 5.391 5.807 6.635 7.204 8.226 9.423 10.238 11.715 13.651 15.588
3.891 3.748 2.707 2.403 1.680 1.163 0.621 0.000 0.779 1.420 2.010 2.253 2.529 2.919 3.482 3.948 4.112 4.691 4.773 4.625 4.512 4.485 4.969 5.314 5.509 4.951 4.560 4.113 3.720 3.587 3.281 3.548 3.367 3.015 2.808 3.233 3.136 2.439 2.335 2.738 3.197 3.363 3.327 4.013 4.166 3.552 4.201 4.002 4.519 4.059 4.101 3.624 4.269 4.098 3.546 4.007 4.935 4.457 4.669 4.107 4.467 4.698 4.432 4.362 3.816 3.965 4.057 3.474 3.145 3.623 3.513 2.633 2.842 3.550 3.097 3.199 2.639 3.117 2.839 3.646 3.404 4.462 4.208 4.986 5.192 5.862 6.626 7.605 8.859 9.865 11.426 13.576 15.415
1.804 1.748 1.245 1.437 1.098 1.216 1.065 0.688 0.000 0.563 1.173 1.502 2.101 2.600 3.305 3.707 3.896 4.424 4.644 4.308 4.220 4.075 4.214 4.927 4.997 4.321 4.296 3.694 3.085 3.054 2.447 2.815 2.445 1.914 1.889 2.185 2.111 1.485 1.199 1.330 1.881 1.904 1.806 2.116 2.150 1.980 2.413 2.753 3.094 2.804 2.862 2.422 2.824 2.666 2.260 2.335 3.002 3.177 3.408 3.288 3.599 4.060 4.047 3.987 3.682 3.647 3.646 2.981 2.704 3.017 2.702 2.022 2.034 2.513 2.063 2.017 1.690 1.738 1.614 1.840 1.883 2.213 2.460 2.891 3.094 3.733 4.265 5.557 7.188 7.956 9.820 12.120 13.980
1.319 1.228 0.982 1.007 0.894 1.025 1.193 1.032 0.518 0.000 0.512 0.624 0.947 1.185 1.518 1.781 1.894 2.178 2.309 2.254 2.240 2.152 2.295 2.697 2.658 2.286 2.108 1.813 1.511 1.430 1.094 1.248 1.040 0.818 0.928 1.093 1.145 0.867 0.789 0.729 0.875 1.142 1.234 1.279 1.318 1.136 1.249 1.268 1.503 1.406 1.468 1.348 1.614 1.528 1.306 1.441 1.845 1.676 1.779 1.658 1.904 2.114 1.968 1.922 1.713 1.786 1.739 1.467 1.304 1.454 1.350 1.078 1.166 1.329 1.151 1.216 1.120 1.150 1.080 1.235 1.190 1.479 1.475 1.717 1.849 2.441 3.118 4.425 6.079 7.200 9.044 11.387 13.043
1.486 1.450 1.096 1.138 0.928 1.231 1.416 1.289 0.702 0.513 0.000 0.515 0.731 1.120 1.397 1.798 2.040 2.277 2.330 2.259 2.208 1.947 2.194 2.463 2.564 2.299 2.184 1.900 1.576 1.349 0.969 0.951 0.780 0.647 0.774 1.015 1.148 0.870 0.848 0.781 0.904 1.120 1.208 1.275 1.337 1.082 1.108 1.033 1.284 1.375 1.441 1.468 1.824 1.742 1.475 1.592 1.989 1.877 2.059 1.892 2.191 2.333 2.171 2.075 1.877 1.875 1.892 1.671 1.412 1.610 1.556 1.221 1.223 1.477 1.307 1.284 1.166 1.305 1.178 1.510 1.383 1.654 1.634 1.785 1.818 2.343 2.983 4.193 5.869 7.120 8.841 11.026 12.823
1.123 1.140 0.968 1.070 1.022 1.223 1.455 1.347 0.864 0.613 0.501 0.000 0.493 0.601 0.753 0.949 1.097 1.330 1.349 1.309 1.268 1.199 1.450 1.638 1.572 1.378 1.262 1.086 0.922 0.826 0.640 0.639 0.600 0.596 0.681 0.932 0.995 0.773 0.785 0.702 0.773 0.944 0.989 1.068 1.076 0.900 0.984 0.853 0.979 0.971 0.995 0.952 1.164 1.203 1.096 1.286 1.561 1.435 1.357 1.184 1.328 1.392 1.321 1.250 1.093 1.224 1.261 1.054 1.018 1.204 1.104 0.983 1.104 1.356 1.225 1.347 1.269 1.225 1.055 1.175 1.028 1.175 1.136 1.259 1.370 1.946 2.581 3.774 5.515 6.783 8.634 11.041 12.861
1.573 1.576 1.421 1.492 1.403 1.515 1.776 1.606 1.174 0.969 0.664 0.497 0.000 0.495 0.603 0.802 0.946 1.132 1.233 1.187 1.144 1.085 1.399 1.640 1.436 1.237 1.079 0.983 0.797 0.711 0.610 0.616 0.669 0.660 0.787 1.022 1.123 0.937 1.051 0.914 0.959 1.169 1.253 1.308 1.346 1.106 1.089 0.946 1.040 1.058 1.002 1.065 1.315 1.500 1.423 1.717 1.934 1.695 1.601 1.295 1.349 1.307 1.263 1.152 0.974 1.205 1.304 1.061 1.066 1.394 1.371 1.215 1.370 1.706 1.665 1.827 1.699 1.727 1.527 1.605 1.360 1.496 1.303 1.425 1.541 2.120 2.851 4.199 5.821 6.877 8.621 10.799 12.710
1.261 1.300 1.191 1.337 1.277 1.465 1.649 1.517 1.138 0.961 0.784 0.601 0.503 0.000 0.494 0.594 0.808 0.990 1.058 1.002 0.928 0.904 1.178 1.419 1.268 1.027 0.955 0.840 0.666 0.598 0.571 0.606 0.716 0.747 0.899 1.122 1.221 1.032 1.062 0.918 1.014 1.195 1.162 1.246 1.165 0.964 0.974 0.863 0.889 0.868 0.828 0.844 1.060 1.164 1.152 1.378 1.607 1.363 1.294 1.107 1.144 1.177 1.077 1.000 0.829 1.002 1.061 0.894 0.892 1.109 1.138 1.003 1.138 1.390 1.371 1.534 1.482 1.451 1.268 1.307 1.111 1.182 1.057 1.144 1.272 1.919 2.570 3.849 5.529 6.761 8.383 10.685 12.343
1.483 1.538 1.444 1.565 1.525 1.725 1.870 1.733 1.368 1.127 1.000 0.816 0.635 0.496 0.000 0.496 0.676 0.839 0.958 0.864 0.829 0.837 1.138 1.350 1.190 1.003 0.832 0.799 0.635 0.633 0.636 0.688 0.808 0.901 1.074 1.309 1.443 1.260 1.311 1.117 1.229 1.418 1.418 1.452 1.376 1.122 1.124 0.976 0.986 0.991 0.954 0.990 1.196 1.315 1.320 1.579 1.759 1.532 1.419 1.164 1.174 1.114 1.034 0.952 0.843 1.080 1.180 1.034 1.059 1.337 1.283 1.217 1.386 1.659 1.579 1.797 1.733 1.686 1.502 1.541 1.268 1.364 1.207 1.367 1.479 2.021 2.816 4.087 5.713 6.712 8.449 10.587 12.357
2.123 2.282 2.270 2.402 2.297 2.520 2.669 2.357 1.964 1.767 1.681 1.323 1.016 0.810 0.526 0.000 0.514 0.654 0.860 0.920 0.928 1.009 1.340 1.529 1.318 1.130 0.873 0.919 0.798 0.882 1.018 0.941 1.096 1.360 1.542 1.771 2.107 1.943 2.158 1.843 1.874 2.208 2.295 2.175 2.129 1.743 1.637 1.294 1.259 1.406 1.177 1.219 1.429 1.617 1.654 1.995 2.156 1.725 1.523 1.224 1.183 1.012 0.911 0.827 0.804 1.107 1.160 1.065 1.216 1.489 1.492 1.543 1.779 2.040 2.041 2.367 2.500 2.424 2.090 2.118 1.811 1.825 1.694 1.770 1.928 2.375 3.228 4.574 6.152 7.550 9.047 11.335 13.401
2.076 2.182 2.146 2.394 2.223 2.525 2.676 2.434 2.026 1.815 1.729 1.425 1.199 0.970 0.673 0.538 0.000 0.504 0.683 0.776 0.857 0.962 1.275 1.484 1.274 1.052 0.836 0.891 0.842 0.904 1.098 1.086 1.342 1.510 1.766 2.010 2.239 2.080 2.086 1.812 1.964 2.251 2.217 2.129 2.041 1.651 1.639 1.384 1.307 1.334 1.173 1.183 1.386 1.586 1.677 2.012 2.101 1.739 1.565 1.202 1.192 1.004 0.902 0.757 0.776 1.030 1.127 1.049 1.182 1.454 1.506 1.536 1.720 1.936 2.006 2.318 2.422 2.362 2.062 2.076 1.782 1.754 1.567 1.638 1.813 2.296 3.023 4.308 5.897 7.110 8.713 10.899 12.616
1.776 1.837 1.829 2.043 1.976 2.259 2.536 2.366 1.919 1.699 1.717 1.487 1.363 1.068 0.940 0.700 0.501 0.000 0.523 0.786 0.888 1.057 1.336 1.402 1.181 1.048 0.834 0.880 0.856 1.032 1.203 1.356 1.564 1.726 1.913 2.222 2.310 2.078 1.939 1.790 2.017 2.135 2.015 2.075 1.929 1.682 1.755 1.597 1.465 1.397 1.196 1.086 1.214 1.320 1.314 1.580 1.696 1.439 1.314 0.987 1.063 0.875 0.706 0.654 0.792 0.994 1.010 0.934 1.118 1.311 1.286 1.310 1.508 1.708 1.649 1.955 2.054 1.940 1.703 1.675 1.467 1.492 1.451 1.594 1.808 2.354 3.135 4.456 6.052 7.268 8.999 11.136 13.056
2.790 2.932 2.992 3.350 3.235 3.600 3.980 3.517 3.131 2.747 2.733 2.463 2.086 1.770 1.389 1.057 0.695 0.537 0.000 0.579 1.012 1.340 1.655 1.719 1.426 1.373 0.998 1.188 1.304 1.638 1.938 2.060 2.529 2.925 3.112 3.402 3.768 3.435 3.186 2.992 3.331 3.676 3.251 3.422 3.247 2.846 2.924 2.590 2.296 2.157 1.763 1.705 1.627 1.793 1.926 2.356 2.305 1.945 1.597 1.368 1.214 1.049 0.972 0.839 1.058 1.449 1.524 1.469 1.874 2.070 2.051 2.076 2.438 2.662 2.744 3.243 3.429 3.182 2.763 2.613 2.323 2.165 2.166 2.205 2.588 2.988 3.767 5.113 6.595 7.632 9.460 11.618 13.448
3.840 3.841 3.926 4.154 4.132 4.311 4.754 4.321 3.855 3.361 3.211 2.669 2.131 1.811 1.215 0.952 0.914 0.827 0.567 0.000 0.545 0.833 1.201 1.544 1.377 1.356 1.178 1.350 1.545 1.368 1.799 1.686 2.194 2.715 3.127 3.365 3.873 3.763 3.668 3.384 3.402 3.771 3.676 3.494 3.354 2.866 2.549 2.052 1.779 2.040 1.929 2.173 2.420 2.844 3.040 3.361 3.521 3.057 2.624 2.155 1.943 1.645 1.504 1.148 1.270 1.642 1.847 2.079 2.265 2.548 2.708 2.846 3.354 3.522 3.575 4.151 4.311 4.243 3.877 3.652 3.229 3.069 2.760 2.623 2.664 3.002 3.737 4.981 6.483 7.685 9.300 11.426 13.291
3.081 3.308 3.280 3.555 3.469 3.705 3.801 3.513 3.125 2.830 2.824 2.226 2.003 1.552 1.153 0.894 0.920 0.937 0.778 0.513 0.000 0.537 0.966 1.243 1.176 1.137 1.020 1.235 1.356 1.308 1.673 1.632 2.075 2.405 2.775 3.067 3.455 3.352 3.271 2.902 3.083 3.438 3.251 3.206 2.926 2.524 2.229 1.923 1.675 1.800 1.652 1.890 2.060 2.433 2.488 2.911 2.998 2.626 2.381 1.882 1.826 1.570 1.495 1.213 1.253 1.561 1.792 1.743 2.011 2.209 2.343 2.420 2.705 2.946 3.109 3.384 3.648 3.585 3.179 3.173 2.705 2.571 2.302 2.243 2.292 2.675 3.341 4.657 6.249 7.494 9.145 11.183 13.050
3.397 3.623 3.488 4.030 3.800 4.042 4.333 3.913 3.379 3.154 2.971 2.458 2.043 1.743 1.282 0.966 1.088 1.134 1.213 0.941 0.558 0.000 0.659 1.152 1.146 1.018 0.973 1.189 1.326 1.342 1.685 1.582 2.170 2.550 3.036 3.322 3.742 3.467 3.464 3.224 3.303 3.710 3.590 3.390 3.143 2.766 2.524 2.068 1.746 1.889 1.813 1.998 2.266 2.694 2.797 3.294 3.697 3.010 2.653 2.146 1.922 1.657 1.739 1.483 1.537 2.176 2.159 2.102 2.423 2.814 2.758 2.742 3.337 3.520 3.431 4.050 4.172 4.129 3.538 3.407 3.033 2.950 2.533 2.421 2.675 2.802 3.528 4.767 6.184 7.567 9.030 11.086 12.773
3.972 4.078 3.981 4.317 3.910 4.346 4.319 3.807 3.343 3.363 3.228 2.740 2.176 1.785 1.406 1.234 1.545 1.787 1.880 1.500 1.036 0.585 0.000 0.544 0.995 1.199 1.442 1.516 1.672 1.557 2.208 2.057 2.501 2.969 3.222 3.889 4.329 3.811 3.847 3.547 3.913 4.436 4.237 4.246 3.912 3.350 3.238 2.651 2.299 2.542 2.147 2.527 2.697 3.181 3.298 3.748 4.128 3.494 3.119 2.539 2.418 2.191 2.220 2.163 1.813 2.314 2.600 2.339 2.387 2.869 3.106 2.939 3.234 3.690 3.676 4.296 4.313 4.391 3.895 3.976 3.521 3.483 3.033 2.931 3.230 3.240 3.967 5.181 6.577 7.887 9.418 11.379 13.404
4.916 5.261 5.585 5.945 5.891 6.133 6.246 6.000 5.510 5.083 4.854 4.079 3.562 2.948 2.408 2.201 2.484 2.062 2.630 2.183 1.342 1.326 0.706 0.000 0.652 1.206 1.751 2.209 2.514 2.424 2.721 2.776 3.122 3.736 4.240 4.575 5.477 5.381 5.114 4.971 4.755 5.412 5.257 5.142 4.727 4.091 3.688 2.962 2.719 2.891 2.686 3.150 3.602 3.971 4.531 4.732 5.117 4.637 4.094 3.311 3.070 2.708 2.836 3.133 3.425 3.943 3.826 3.720 4.286 4.742 4.557 4.792 5.427 5.450 5.642 5.893 6.041 6.088 5.627 5.022 4.548 4.090 3.804 3.304 3.536 3.621 4.606 5.763 7.168 8.335 9.922 11.804 14.063
3.508 3.677 4.002 4.529 4.421 4.977 5.206 4.763 4.309 4.033 3.987 3.481 3.043 2.483 2.042 1.488 1.423 1.369 1.646 1.550 1.222 1.293 0.979 0.570 0.000 0.578 0.830 1.070 1.604 1.953 2.564 2.683 3.402 3.855 4.309 4.931 5.239 4.839 4.511 4.089 4.625 4.934 4.540 4.629 4.140 3.579 3.533 3.148 2.545 2.564 1.999 2.093 1.905 2.160 2.588 2.887 2.736 2.414 2.041 1.867 1.504 1.459 1.742 1.929 2.091 2.555 2.453 2.263 2.810 3.108 2.753 3.015 3.703 3.663 3.573 4.138 4.398 4.091 3.632 3.201 2.962 2.515 2.610 2.469 2.827 3.177 4.036 5.214 6.659 7.891 9.710 11.587 13.361
2.276 2.373 2.429 2.635 2.572 2.860 3.082 2.886 2.416 2.244 2.292 1.915 1.714 1.373 1.179 0.887 0.883 0.964 1.199 1.139 0.847 1.025 0.990 0.752 0.540 0.000 0.500 0.647 0.905 1.106 1.420 1.514 1.989 2.195 2.510 2.859 3.057 2.809 2.615 2.408 2.669 2.849 2.698 2.730 2.395 2.113 2.008 1.814 1.513 1.476 1.213 1.250 1.380 1.597 1.667 2.001 2.036 1.722 1.530 1.213 1.161 1.094 1.144 1.159 1.236 1.403 1.395 1.237 1.481 1.595 1.612 1.735 1.911 2.085 2.130 2.392 2.478 2.481 2.210 2.140 1.890 1.821 1.630 1.704 1.943 2.347 3.079 4.282 5.977 7.288 9.033 11.012 13.349
1.890 1.902 1.936 2.056 2.041 2.418 2.665 2.547 2.069 1.827 1.982 1.716 1.578 1.227 1.136 0.845 0.787 0.857 1.084 1.111 0.909 1.106 1.115 1.016 0.725 0.494 0.000 0.519 0.659 0.951 1.291 1.472 1.858 1.991 2.300 2.580 2.654 2.323 2.096 2.008 2.375 2.423 2.201 2.492 2.147 1.846 1.906 1.749 1.472 1.436 1.053 1.013 1.146 1.297 1.354 1.585 1.748 1.485 1.357 1.017 1.041 0.979 0.996 1.038 1.068 1.324 1.232 1.058 1.319 1.499 1.371 1.427 1.623 1.780 1.702 2.052 2.059 1.954 1.715 1.706 1.490 1.500 1.423 1.441 1.757 2.229 3.051 4.415 5.949 7.257 8.889 10.865 12.541
1.470 1.565 1.482 1.644 1.599 1.845 2.026 1.934 1.533 1.276 1.285 1.081 0.962 0.740 0.737 0.634 0.690 0.845 1.030 1.007 0.854 0.998 1.103 1.114 0.881 0.595 0.500 0.000 0.493 0.616 0.802 0.952 1.151 1.285 1.433 1.729 1.840 1.607 1.572 1.366 1.635 1.767 1.722 1.777 1.607 1.333 1.343 1.215 1.090 1.001 0.814 0.735 0.952 1.083 1.135 1.379 1.557 1.341 1.200 0.919 0.949 0.919 0.916 0.950 0.913 1.123 1.110 0.948 1.042 1.267 1.194 1.133 1.322 1.543 1.442 1.700 1.658 1.625 1.398 1.376 1.182 1.215 1.093 1.211 1.480 1.964 2.782 4.050 5.630 6.859 8.527 10.414 12.529
1.047 1.129 1.137 1.302 1.317 1.604 1.835 1.685 1.315 1.021 1.015 0.816 0.736 0.584 0.574 0.550 0.603 0.766 0.900 0.873 0.817 0.868 1.059 1.249 1.095 0.776 0.604 0.496 0.000 0.496 0.545 0.698 0.814 0.881 1.100 1.236 1.427 1.232 1.172 1.003 1.108 1.265 1.179 1.201 1.082 0.889 0.891 0.792 0.777 0.655 0.584 0.578 0.711 0.818 0.864 1.052 1.198 1.025 0.910 0.719 0.799 0.820 0.794 0.770 0.733 0.879 0.866 0.727 0.845 0.982 0.936 0.901 1.095 1.285 1.180 1.384 1.396 1.275 1.102 1.052 0.881 0.871 0.771 0.862 1.054 1.669 2.471 3.777 5.330 6.351 8.033 10.085 11.554
1.073 1.163 1.127 1.273 1.277 1.520 1.729 1.637 1.232 0.982 0.894 0.695 0.633 0.553 0.557 0.578 0.659 0.816 0.943 0.941 0.871 0.875 1.143 1.314 1.136 0.885 0.722 0.560 0.491 0.000 0.490 0.544 0.657 0.727 0.911 1.070 1.223 1.087 1.082 0.907 0.967 1.140 1.084 1.062 0.971 0.811 0.769 0.645 0.632 0.583 0.562 0.611 0.767 0.873 0.928 1.126 1.252 1.086 0.968 0.825 0.858 0.881 0.830 0.834 0.775 0.933 0.921 0.802 0.875 1.036 0.992 0.976 1.115 1.314 1.229 1.426 1.378 1.311 1.131 1.094 0.919 0.905 0.783 0.837 1.002 1.558 2.366 3.749 5.586 6.882 8.783 10.725 12.477
1.087 1.200 1.134 1.278 1.245 1.469 1.681 1.524 1.144 0.899 0.801 0.615 0.559 0.538 0.585 0.713 0.843 1.031 1.160 1.152 1.063 0.974 1.195 1.469 1.339 1.042 0.925 0.726 0.556 0.490 0.000 0.492 0.535 0.636 0.836 1.020 1.203 1.027 1.046 0.874 0.965 1.152 1.107 1.075 0.960 0.786 0.666 0.561 0.598 0.578 0.585 0.633 0.817 0.915 0.949 1.162 1.319 1.140 1.038 0.907 0.963 1.059 1.008 1.014 0.901 1.037 1.048 0.880 0.890 1.092 1.031 0.943 1.106 1.279 1.240 1.400 1.364 1.329 1.108 1.136 0.917 0.918 0.818 0.862 0.984 1.614 2.306 3.719 5.315 6.499 8.565 10.445 12.018
1.385 1.465 1.463 1.699 1.607 1.922 2.132 1.934 1.512 1.199 1.062 0.740 0.606 0.619 0.755 0.977 1.179 1.406 1.592 1.502 1.419 1.206 1.487 1.839 1.734 1.423 1.242 0.995 0.766 0.595 0.495 0.000 0.504 0.763 1.010 1.243 1.538 1.389 1.429 1.193 1.322 1.599 1.489 1.508 1.294 1.006 0.932 0.670 0.760 0.768 0.794 0.828 1.039 1.073 1.141 1.320 1.497 1.339 1.250 1.103 1.173 1.315 1.290 1.349 1.221 1.385 1.318 1.093 1.172 1.372 1.234 1.167 1.397 1.585 1.479 1.729 1.760 1.655 1.379 1.323 1.104 1.126 1.003 1.151 1.258 1.921 2.640 4.005 5.646 6.778 8.698 10.701 12.078
1.665 1.698 1.453 1.556 1.527 1.648 1.906 1.761 1.328 1.091 0.793 0.670 0.667 0.789 0.853 1.111 1.401 1.619 1.681 1.533 1.355 1.213 1.469 1.717 1.632 1.473 1.456 1.313 1.109 0.839 0.629 0.506 0.000 0.495 0.674 0.873 1.096 0.916 1.030 0.885 0.842 1.053 1.179 1.192 1.282 1.041 0.973 0.747 0.972 1.077 1.169 1.307 1.675 1.835 1.693 1.989 2.350 2.128 2.069 1.705 1.802 1.803 1.801 1.666 1.457 1.709 1.847 1.563 1.506 1.860 1.826 1.551 1.764 2.079 2.008 2.118 1.899 1.896 1.723 1.864 1.596 1.747 1.502 1.617 1.602 2.118 2.921 4.176 5.762 6.944 8.573 10.974 12.651
1.192 1.221 1.042 1.211 1.152 1.366 1.597 1.457 1.067 0.824 0.638 0.561 0.676 0.850 1.033 1.255 1.443 1.679 1.759 1.655 1.542 1.395 1.617 1.905 1.854 1.607 1.536 1.310 1.097 0.916 0.701 0.659 0.495 0.000 0.499 0.620 0.828 0.719 0.793 0.669 0.636 0.859 0.906 0.912 0.946 0.808 0.849 0.717 0.928 0.939 1.057 1.075 1.323 1.400 1.248 1.434 1.698 1.643 1.595 1.414 1.544 1.699 1.586 1.666 1.433 1.551 1.618 1.361 1.308 1.548 1.420 1.214 1.355 1.605 1.443 1.549 1.389 1.331 1.216 1.268 1.135 1.275 1.173 1.338 1.337 1.963 2.581 3.918 5.586 6.866 8.713 10.984 12.835
1.421 1.444 1.231 1.413 1.304 1.506 1.721 1.609 1.155 0.884 0.671 0.649 0.895 1.083 1.320 1.519 1.737 1.955 2.032 1.982 1.836 1.738 1.944 2.251 2.213 1.880 1.793 1.536 1.326 1.123 0.886 0.931 0.694 0.502 0.000 0.499 0.615 0.651 0.818 0.752 0.702 0.892 1.038 1.111 1.147 0.985 1.024 0.976 1.191 1.153 1.237 1.300 1.514 1.579 1.525 1.659 1.982 1.886 1.798 1.663 1.752 1.876 1.879 1.905 1.691 1.906 1.885 1.609 1.570 1.810 1.683 1.470 1.596 1.845 1.762 1.868 1.644 1.598 1.482 1.521 1.372 1.492 1.404 1.546 1.594 2.195 2.896 4.235 5.950 7.180 8.990 11.247 13.114
1.855 1.877 1.583 1.673 1.610 1.764 2.005 1.833 1.488 1.216 0.882 0.913 1.103 1.429 1.632 1.979 2.266 2.554 2.589 2.423 2.326 2.186 2.353 2.709 2.858 2.472 2.403 2.136 1.860 1.671 1.261 1.228 0.930 0.715 0.496 0.000 0.542 0.678 0.949 0.959 0.769 0.993 1.246 1.289 1.545 1.328 1.418 1.341 1.668 1.641 1.849 1.819 2.213 2.251 2.052 2.288 2.734 2.566 2.591 2.308 2.481 2.638 2.531 2.475 2.125 2.317 2.417 2.110 1.948 2.283 2.257 1.934 2.046 2.371 2.212 2.324 2.017 1.998 1.950 2.034 1.903 2.138 2.020 2.247 2.242 2.788 3.452 4.717 6.304 7.585 9.253 11.679 13.399
2.052 1.940 1.531 1.489 1.423 1.517 1.825 1.763 1.416 1.245 1.018 1.329 1.602 2.009 2.446 2.820 3.217 3.531 3.592 3.465 3.251 2.992 3.171 3.662 3.895 3.503 3.380 2.981 2.631 2.368 1.847 1.740 1.395 1.027 0.701 0.536 0.000 0.566 0.773 1.048 0.887 1.033 1.332 1.505 1.695 1.650 1.713 1.666 2.140 2.192 2.425 2.438 2.778 2.665 2.398 2.404 2.936 2.864 3.140 3.035 3.220 3.464 3.357 3.284 2.961 2.992 2.994 2.731 2.446 2.542 2.510 2.120 2.170 2.342 2.228 2.078 1.756 1.872 1.863 2.135 2.204 2.478 2.532 2.827 2.694 3.219 3.798 4.917 6.308 7.498 9.143 11.288 13.093
1.254 1.146 0.917 1.026 1.093 1.265 1.668 1.583 1.155 0.833 0.802 0.930 1.229 1.525 1.828 2.129 2.319 2.441 2.601 2.594 2.437 2.359 2.535 2.896 2.912 2.562 2.420 2.181 1.850 1.665 1.385 1.411 1.189 0.892 0.762 0.624 0.533 0.000 0.498 0.589 0.656 0.696 0.752 1.060 1.192 1.162 1.314 1.466 1.733 1.562 1.749 1.611 1.853 1.735 1.496 1.534 1.869 1.898 2.041 2.060 2.234 2.406 2.347 2.341 2.148 2.228 2.163 1.927 1.781 1.954 1.787 1.520 1.614 1.801 1.607 1.613 1.377 1.271 1.211 1.278 1.342 1.561 1.650 1.923 1.979 2.612 3.223 4.480 6.217 7.205 8.988 11.308 13.216
0.976 0.992 0.813 0.970 0.983 1.170 1.457 1.378 1.024 0.702 0.671 0.774 1.017 1.224 1.448 1.684 1.823 2.014 2.125 2.074 2.041 1.915 2.109 2.425 2.387 2.086 1.928 1.704 1.452 1.288 1.109 1.144 1.016 0.784 0.769 0.776 0.681 0.493 0.000 0.488 0.532 0.570 0.567 0.684 0.768 0.799 0.983 1.114 1.292 1.197 1.307 1.274 1.423 1.416 1.318 1.420 1.712 1.681 1.702 1.631 1.759 1.943 1.889 1.914 1.717 1.771 1.800 1.511 1.444 1.623 1.509 1.270 1.354 1.565 1.428 1.491 1.299 1.211 1.109 1.160 1.106 1.246 1.255 1.385 1.466 2.059 2.693 3.960 5.606 6.684 8.648 10.874 12.689
1.005 1.003 0.830 0.936 0.922 1.098 1.447 1.425 0.921 0.662 0.643 0.704 0.916 1.046 1.288 1.484 1.655 1.823 1.891 1.897 1.806 1.745 1.918 2.174 2.131 1.839 1.732 1.483 1.294 1.184 0.930 1.021 0.860 0.645 0.724 0.748 0.735 0.541 0.487 0.000 0.489 0.535 0.570 0.598 0.736 0.760 0.866 0.957 1.155 1.076 1.196 1.140 1.368 1.339 1.192 1.319 1.642 1.523 1.613 1.493 1.627 1.778 1.691 1.691 1.543 1.600 1.594 1.361 1.283 1.415 1.327 1.103 1.225 1.394 1.239 1.281 1.163 1.105 1.022 1.122 1.055 1.237 1.155 1.320 1.375 1.983 2.609 3.877 5.569 6.559 8.486 10.744 12.680
1.001 1.020 0.874 1.007 1.005 1.235 1.523 1.433 0.996 0.702 0.647 0.688 0.887 0.995 1.235 1.406 1.494 1.714 1.776 1.757 1.738 1.671 1.834 2.088 2.066 1.758 1.644 1.459 1.242 1.132 0.938 0.992 0.865 0.641 0.693 0.674 0.697 0.550 0.523 0.486 0.000 0.490 0.539 0.619 0.759 0.767 0.914 0.980 1.164 1.046 1.179 1.132 1.313 1.328 1.185 1.291 1.563 1.515 1.530 1.421 1.571 1.702 1.580 1.596 1.404 1.507 1.514 1.301 1.249 1.424 1.319 1.130 1.253 1.438 1.259 1.329 1.219 1.150 1.031 1.109 1.040 1.201 1.170 1.352 1.404 1.987 2.632 3.949 5.674 6.819 8.665 10.975 12.695
1.148 1.130 0.970 1.150 1.162 1.323 1.648 1.536 1.181 0.856 0.783 0.844 1.029 1.256 1.497 1.809 1.955 2.212 2.242 2.130 2.114 1.964 2.164 2.529 2.518 2.235 2.142 1.900 1.662 1.481 1.178 1.166 0.985 0.777 0.787 0.811 0.785 0.612 0.582 0.542 0.490 0.000 0.503 0.611 0.809 0.909 1.088 1.183 1.407 1.393 1.599 1.469 1.728 1.726 1.522 1.621 1.951 1.899 2.014 1.838 2.059 2.251 2.059 2.052 1.764 1.855 1.946 1.716 1.523 1.778 1.719 1.424 1.518 1.788 1.601 1.635 1.463 1.370 1.260 1.342 1.317 1.528 1.493 1.687 1.732 2.270 2.902 4.192 5.716 7.115 8.849 10.912 12.860
0.932 1.014 0.913 1.102 1.132 1.341 1.657 1.649 1.255 0.972 0.887 1.027 1.173 1.336 1.599 1.809 1.901 2.092 2.170 2.173 2.098 2.026 2.188 2.524 2.426 2.106 1.948 1.764 1.517 1.368 1.171 1.218 1.123 0.935 0.941 0.939 0.915 0.699 0.615 0.576 0.562 0.499 0.000 0.543 0.602 0.768 0.998 1.138 1.282 1.175 1.324 1.295 1.485 1.445 1.346 1.454 1.795 1.753 1.779 1.704 1.823 2.006 1.968 1.983 1.852 1.909 1.870 1.680 1.576 1.759 1.618 1.420 1.508 1.709 1.520 1.595 1.382 1.245 1.179 1.160 1.134 1.205 1.253 1.397 1.469 2.043 2.674 4.156 5.796 6.906 8.981 11.118 12.803
1.140 1.258 1.144 1.253 1.383 1.531 1.838 1.922 1.512 1.263 1.219 1.362 1.628 1.871 2.180 2.368 2.614 2.849 3.016 2.824 2.703 2.524 2.536 2.930 3.015 2.568 2.588 2.262 2.025 1.828 1.529 1.674 1.500 1.183 1.276 1.249 1.149 1.009 0.814 0.738 0.692 0.630 0.528 0.000 0.528 0.682 1.013 1.316 1.491 1.327 1.627 1.702 1.961 2.029 1.816 1.943 2.411 2.401 2.470 2.378 2.401 2.744 2.744 2.809 2.647 2.692 2.740 2.327 2.256 2.433 2.294 1.938 2.087 2.307 2.028 2.015 1.643 1.602 1.540 1.592 1.526 1.608 1.502 1.571 1.491 2.067 2.593 3.970 5.535 6.491 8.373 10.235 11.932
0.864 1.075 1.076 1.276 1.399 1.682 2.015 1.917 1.534 1.194 1.168 1.114 1.275 1.312 1.442 1.567 1.717 1.856 2.070 1.974 1.825 1.714 1.853 2.120 2.054 1.684 1.612 1.357 1.285 1.139 0.980 1.178 1.161 0.972 1.166 1.211 1.194 1.094 0.968 0.738 0.746 0.770 0.568 0.505 0.000 0.515 0.710 0.944 1.018 0.829 0.989 1.070 1.204 1.298 1.314 1.479 1.700 1.669 1.598 1.473 1.486 1.702 1.779 1.874 1.748 1.880 1.829 1.591 1.675 1.810 1.658 1.485 1.734 1.854 1.647 1.795 1.661 1.461 1.286 1.241 1.057 1.046 0.988 1.068 1.178 1.789 2.543 4.010 5.615 6.661 8.615 10.724 12.597
0.919 1.052 1.054 1.269 1.358 1.598 1.960 1.845 1.435 1.073 0.988 0.872 1.044 1.088 1.287 1.437 1.562 1.753 1.920 1.852 1.698 1.594 1.698 1.974 1.925 1.655 1.581 1.324 1.179 0.991 0.794 0.956 0.913 0.785 1.049 1.160 1.245 1.085 0.962 0.742 0.804 0.905 0.674 0.623 0.500 0.000 0.503 0.631 0.817 0.682 0.922 0.990 1.178 1.272 1.260 1.428 1.666 1.581 1.539 1.425 1.498 1.690 1.703 1.751 1.603 1.760 1.773 1.439 1.472 1.727 1.523 1.336 1.561 1.744 1.535 1.703 1.578 1.398 1.236 1.172 0.986 1.042 0.946 1.056 1.088 1.758 2.498 3.787 5.370 6.517 8.421 10.431 12.045
1.016 1.159 1.253 1.463 1.639 1.907 2.191 2.114 1.734 1.356 1.255 1.028 1.057 1.061 1.121 1.255 1.553 1.765 1.865 1.699 1.564 1.365 1.538 1.805 1.845 1.552 1.539 1.314 1.118 0.845 0.676 0.747 0.821 0.872 1.219 1.367 1.552 1.404 1.265 0.984 1.033 1.190 0.973 0.836 0.654 0.505 0.000 0.492 0.623 0.607 0.878 1.029 1.254 1.352 1.352 1.536 1.798 1.771 1.695 1.535 1.606 1.767 1.758 1.810 1.611 1.817 1.887 1.526 1.618 1.877 1.744 1.553 1.849 2.017 1.779 1.949 1.814 1.585 1.420 1.282 1.135 1.124 0.961 1.047 1.076 1.721 2.373 3.727 5.424 6.686 8.573 10.504 12.299
1.224 1.341 1.372 1.554 1.559 1.803 2.036 1.922 1.489 1.217 1.112 0.894 0.874 0.869 0.930 1.079 1.262 1.456 1.563 1.488 1.364 1.240 1.437 1.690 1.625 1.341 1.290 1.093 0.921 0.740 0.600 0.639 0.716 0.770 1.025 1.180 1.394 1.285 1.251 0.990 1.014 1.207 1.107 1.021 0.875 0.656 0.497 0.000 0.514 0.566 0.766 0.917 1.138 1.267 1.257 1.485 1.693 1.609 1.525 1.292 1.384 1.478 1.496 1.491 1.316 1.477 1.550 1.294 1.314 1.586 1.484 1.371 1.562 1.754 1.638 1.771 1.721 1.586 1.393 1.369 1.147 1.161 0.964 1.015 1.047 1.696 2.372 3.741 5.551 6.794 8.769 10.748 12.590
1.554 1.813 1.804 2.145 2.097 2.370 2.540 2.334 1.982 1.642 1.439 1.138 1.099 1.109 1.238 1.386 1.657 1.880 2.081 2.016 1.842 1.632 1.773 2.081 1.988 1.598 1.550 1.221 1.099 0.817 0.668 0.730 0.794 0.914 1.194 1.377 1.684 1.590 1.687 1.340 1.344 1.658 1.561 1.433 1.226 0.888 0.671 0.513 0.000 0.520 0.672 0.947 1.149 1.487 1.661 1.901 2.115 1.971 1.728 1.610 1.429 1.667 1.861 1.952 1.847 2.078 2.137 1.766 1.859 2.176 2.058 1.884 2.155 2.433 2.233 2.511 2.422 2.269 1.925 1.788 1.447 1.306 0.971 0.895 1.008 1.689 2.442 4.079 5.488 6.849 8.625 10.600 12.713
1.093 1.242 1.240 1.483 1.533 1.883 2.131 1.968 1.518 1.224 1.127 0.944 0.906 0.857 0.904 0.957 1.074 1.255 1.431 1.411 1.328 1.219 1.434 1.634 1.511 1.216 1.104 0.847 0.713 0.590 0.615 0.732 0.826 0.870 1.109 1.273 1.486 1.317 1.268 1.046 1.100 1.296 1.140 1.075 0.923 0.723 0.587 0.569 0.502 0.000 0.500 0.596 0.768 0.952 1.061 1.276 1.391 1.304 1.101 0.992 0.974 1.138 1.164 1.238 1.208 1.316 1.295 1.117 1.214 1.372 1.287 1.211 1.448 1.583 1.517 1.705 1.676 1.560 1.313 1.199 0.955 0.909 0.719 0.710 0.861 1.525 2.340 3.724 5.485 6.435 8.390 10.204 12.055
1.226 1.398 1.471 1.802 1.827 2.174 2.413 2.310 1.815 1.519 1.552 1.276 1.220 1.012 1.088 1.134 1.223 1.500 1.666 1.678 1.583 1.379 1.548 1.849 1.816 1.381 1.297 0.933 0.789 0.687 0.757 0.982 1.182 1.254 1.615 1.808 2.033 1.795 1.707 1.403 1.603 1.805 1.589 1.569 1.280 0.982 0.852 0.832 0.676 0.510 0.000 0.511 0.644 0.769 0.886 1.129 1.245 1.097 0.992 0.877 1.014 1.256 1.263 1.401 1.331 1.455 1.329 1.084 1.273 1.419 1.199 1.224 1.490 1.568 1.455 1.733 1.814 1.690 1.336 1.178 0.916 0.837 0.667 0.687 0.817 1.513 2.350 3.753 5.476 6.666 8.708 10.573 12.555
0.891 0.947 1.011 1.193 1.259 1.607 1.885 1.774 1.336 1.059 1.079 0.924 0.892 0.756 0.820 0.812 0.840 0.978 1.145 1.193 1.093 1.113 1.295 1.483 1.343 1.059 0.918 0.703 0.585 0.574 0.645 0.820 0.933 0.950 1.183 1.346 1.498 1.312 1.198 1.014 1.158 1.276 1.153 1.192 0.997 0.840 0.848 0.822 0.770 0.586 0.496 0.000 0.493 0.537 0.629 0.787 0.884 0.783 0.657 0.599 0.707 0.878 0.838 0.935 0.938 1.030 0.941 0.800 0.927 0.997 0.868 0.847 1.061 1.162 1.051 1.253 1.256 1.116 0.922 0.822 0.643 0.584 0.560 0.664 0.934 1.595 2.378 3.795 5.469 6.914 8.614 10.683 12.151
0.915 0.998 1.065 1.290 1.359 1.717 1.942 1.843 1.453 1.218 1.211 1.043 1.024 0.913 0.988 0.978 0.971 1.099 1.301 1.314 1.297 1.272 1.501 1.690 1.524 1.185 1.035 0.846 0.724 0.747 0.782 0.970 1.047 1.069 1.281 1.440 1.571 1.379 1.278 1.117 1.197 1.340 1.205 1.201 1.066 0.873 0.948 0.947 0.886 0.723 0.596 0.490 0.000 0.494 0.590 0.753 0.825 0.670 0.576 0.614 0.720 0.887 0.903 1.049 1.054 1.125 1.013 0.877 1.009 1.097 0.923 0.947 1.148 1.211 1.101 1.307 1.328 1.189 0.959 0.853 0.652 0.571 0.587 0.728 1.010 1.644 2.462 3.945 5.434 6.596 8.641 10.454 12.238
0.858 0.837 0.870 1.018 1.087 1.413 1.688 1.642 1.239 1.017 1.148 1.090 1.133 0.995 1.083 1.042 0.978 1.080 1.266 1.343 1.278 1.330 1.481 1.666 1.452 1.164 1.020 0.866 0.797 0.874 0.898 1.150 1.209 1.199 1.358 1.532 1.555 1.325 1.156 1.054 1.253 1.303 1.165 1.280 1.129 0.974 1.118 1.127 1.084 0.863 0.710 0.544 0.492 0.000 0.488 0.544 0.654 0.566 0.537 0.567 0.682 0.850 0.837 0.986 1.014 1.063 0.894 0.784 0.894 0.917 0.717 0.744 0.902 0.954 0.765 0.971 0.998 0.904 0.677 0.644 0.554 0.570 0.664 0.798 1.061 1.698 2.487 3.917 5.749 7.079 9.007 11.130 12.999
0.815 0.780 0.811 0.971 1.047 1.367 1.626 1.587 1.162 0.954 1.068 1.043 1.052 0.964 1.094 1.059 0.995 1.101 1.264 1.373 1.328 1.399 1.606 1.773 1.567 1.281 1.097 0.933 0.832 0.912 0.901 1.116 1.171 1.106 1.278 1.430 1.457 1.243 1.104 0.998 1.172 1.232 1.097 1.192 1.084 0.972 1.113 1.143 1.134 0.948 0.828 0.615 0.574 0.491 0.000 0.496 0.638 0.541 0.550 0.585 0.747 0.896 0.846 0.985 1.007 1.063 0.899 0.783 0.871 0.885 0.729 0.667 0.857 0.886 0.697 0.908 0.952 0.843 0.650 0.599 0.556 0.622 0.737 0.930 1.200 1.851 2.570 4.016 5.668 6.941 8.905 11.304 13.241
1.091 1.031 1.125 1.247 1.390 1.705 2.075 2.000 1.505 1.299 1.411 1.394 1.432 1.360 1.511 1.546 1.501 1.671 1.921 1.962 1.947 1.929 2.125 2.419 2.236 1.872 1.660 1.423 1.222 1.287 1.314 1.500 1.623 1.527 1.680 1.846 1.929 1.657 1.444 1.379 1.597 1.667 1.537 1.684 1.532 1.385 1.578 1.650 1.622 1.372 1.243 0.959 1.000 0.693 0.512 0.000 0.650 0.615 0.814 0.922 1.206 1.401 1.288 1.468 1.453 1.542 1.292 1.091 1.246 1.260 0.981 0.964 1.225 1.224 0.905 1.168 1.216 1.031 0.774 0.724 0.688 0.913 1.142 1.388 1.694 2.276 3.027 4.289 5.914 7.063 8.966 11.015 12.785
1.437 1.269 1.415 1.460 1.665 2.178 2.555 2.623 2.060 1.804 2.168 2.094 2.394 2.216 2.484 2.418 2.130 2.030 2.448 2.831 2.728 2.924 2.956 3.291 2.900 2.526 2.211 2.013 1.955 2.256 2.167 2.618 2.702 2.429 2.660 2.871 2.688 2.362 1.933 1.913 2.375 2.201 1.956 2.332 2.140 2.029 2.430 2.655 2.578 2.253 1.986 1.617 1.351 0.920 0.691 0.530 0.000 0.540 0.764 1.090 1.402 1.489 1.501 1.897 2.111 2.142 1.686 1.581 1.918 1.722 1.256 1.459 1.781 1.595 1.205 1.430 1.428 1.186 1.033 0.921 1.125 1.376 1.689 2.110 2.478 3.092 3.942 5.135 6.746 7.749 9.228 11.480 13.348
1.182 1.119 1.202 1.364 1.457 1.839 2.117 2.100 1.605 1.406 1.599 1.459 1.448 1.280 1.317 1.251 1.097 1.161 1.358 1.477 1.450 1.575 1.750 1.846 1.616 1.353 1.136 1.039 0.981 1.169 1.220 1.492 1.651 1.669 1.835 2.042 2.059 1.860 1.640 1.438 1.758 1.830 1.676 1.807 1.629 1.366 1.615 1.599 1.492 1.252 1.063 0.821 0.730 0.586 0.579 0.571 0.512 0.000 0.495 0.553 0.698 0.873 0.881 1.085 1.154 1.243 1.002 0.889 1.107 1.107 0.863 0.930 1.170 1.182 0.994 1.197 1.280 1.117 0.905 0.848 0.808 0.896 1.029 1.240 1.558 2.163 2.873 4.299 5.862 7.189 9.097 11.338 13.330
1.141 1.186 1.235 1.477 1.525 1.922 2.156 2.095 1.622 1.398 1.523 1.352 1.343 1.126 1.161 1.042 0.927 1.013 1.218 1.299 1.294 1.371 1.561 1.700 1.516 1.202 1.029 0.896 0.849 1.015 1.087 1.310 1.547 1.502 1.749 1.972 2.036 1.817 1.618 1.376 1.722 1.772 1.575 1.669 1.419 1.266 1.375 1.421 1.276 1.052 0.913 0.717 0.600 0.581 0.612 0.733 0.659 0.493 0.000 0.496 0.555 0.763 0.740 0.930 0.998 1.109 0.918 0.850 1.036 1.054 0.876 0.961 1.196 1.242 1.075 1.365 1.447 1.311 1.073 0.966 0.832 0.853 0.906 1.061 1.300 1.936 2.698 4.118 5.849 7.112 8.913 11.122 13.236
1.317 1.327 1.439 1.655 1.698 2.105 2.321 2.219 1.760 1.548 1.634 1.481 1.346 1.129 1.112 0.986 0.848 0.943 1.159 1.269 1.206 1.351 1.532 1.640 1.419 1.166 0.922 0.831 0.784 1.000 1.156 1.344 1.516 1.630 1.849 2.060 2.230 1.974 1.776 1.605 1.830 1.922 1.783 1.912 1.662 1.429 1.511 1.472 1.318 1.182 0.927 0.793 0.659 0.617 0.713 0.888 0.851 0.582 0.496 0.000 0.517 0.693 0.691 0.837 0.938 1.063 0.911 0.797 1.047 1.080 0.866 1.028 1.273 1.302 1.214 1.472 1.631 1.443 1.207 1.057 0.969 0.954 0.983 1.163 1.445 2.054 2.769 4.164 5.769 6.942 8.794 11.122 13.004
1.850 1.848 1.918 2.080 2.084 2.487 2.703 2.623 2.155 1.965 2.219 2.044 1.991 1.642 1.668 1.429 1.102 1.127 1.450 1.654 1.619 1.882 2.055 2.068 1.688 1.410 1.035 1.055 1.067 1.506 1.698 2.072 2.250 2.296 2.525 2.803 2.985 2.532 2.319 2.138 2.618 2.629 2.422 2.630 2.328 2.067 2.192 2.186 1.978 1.760 1.314 1.048 0.870 0.864 0.982 1.182 1.221 0.878 0.660 0.507 0.000 0.592 0.822 1.114 1.393 1.503 1.264 1.115 1.410 1.442 1.188 1.325 1.546 1.555 1.511 1.786 1.914 1.877 1.557 1.528 1.342 1.363 1.392 1.546 1.974 2.486 3.164 4.619 6.264 7.512 9.394 11.429 13.508
2.094 2.325 2.584 2.918 3.052 3.371 3.644 3.400 2.957 2.622 2.870 2.443 2.319 1.868 1.795 1.471 1.049 0.978 1.245 1.637 1.631 1.957 2.154 2.259 1.900 1.517 1.131 1.170 1.264 1.630 1.874 2.255 2.674 2.753 3.010 3.400 3.584 3.267 3.059 2.763 3.059 3.225 2.880 2.945 2.490 2.282 2.319 2.353 2.093 1.848 1.426 1.311 1.035 1.211 1.543 1.839 1.784 1.425 1.026 0.814 0.540 0.000 0.635 0.882 1.347 1.458 1.301 1.318 1.766 1.777 1.672 1.839 2.258 2.335 2.258 2.931 2.948 2.695 2.298 2.053 1.694 1.458 1.529 1.538 1.901 2.587 3.320 4.731 6.374 7.540 9.283 11.317 13.205
1.691 1.689 1.774 1.905 1.915 2.214 2.381 2.250 1.828 1.645 1.792 1.573 1.366 1.155 1.066 0.893 0.620 0.654 0.806 0.994 1.087 1.297 1.570 1.639 1.426 1.138 0.864 0.871 0.866 1.166 1.304 1.459 1.712 1.835 1.990 2.203 2.369 2.102 1.959 1.836 2.070 2.159 2.069 2.165 1.944 1.706 1.818 1.691 1.564 1.406 1.149 1.025 0.927 0.958 1.084 1.296 1.330 1.003 0.830 0.691 0.688 0.514 0.000 0.496 0.621 0.732 0.680 0.682 0.893 0.976 0.956 1.108 1.280 1.404 1.421 1.701 1.826 1.745 1.516 1.455 1.280 1.233 1.267 1.371 1.671 2.248 2.929 4.295 5.916 7.203 9.032 11.338 13.051
1.539 1.530 1.503 1.597 1.492 1.758 1.890 1.800 1.438 1.272 1.303 1.134 0.982 0.837 0.766 0.695 0.573 0.611 0.678 0.799 0.908 1.017 1.276 1.412 1.254 1.015 0.813 0.835 0.769 0.923 0.999 1.064 1.167 1.291 1.392 1.592 1.752 1.560 1.501 1.412 1.561 1.687 1.671 1.716 1.626 1.378 1.458 1.277 1.253 1.205 1.044 0.971 0.960 1.011 1.024 1.225 1.284 1.021 0.899 0.737 0.790 0.678 0.492 0.000 0.489 0.531 0.540 0.544 0.614 0.747 0.804 0.887 0.974 1.155 1.177 1.464 1.542 1.524 1.314 1.347 1.199 1.245 1.225 1.337 1.542 2.080 2.712 4.138 5.711 6.981 8.976 11.176 12.994
1.431 1.396 1.349 1.452 1.335 1.617 1.811 1.698 1.323 1.146 1.195 1.031 0.934 0.788 0.736 0.630 0.604 0.632 0.662 0.828 0.859 0.972 1.251 1.356 1.185 1.015 0.816 0.832 0.733 0.855 0.959 1.009 1.144 1.249 1.358 1.579 1.690 1.468 1.406 1.293 1.476 1.621 1.553 1.599 1.529 1.305 1.393 1.240 1.186 1.121 0.999 0.914 0.976 0.996 0.949 1.145 1.243 1.019 0.948 0.795 0.891 0.809 0.561 0.488 0.000 0.488 0.514 0.520 0.524 0.621 0.711 0.724 0.811 1.008 1.039 1.256 1.336 1.346 1.167 1.252 1.106 1.178 1.140 1.271 1.481 2.017 2.719 4.124 5.698 7.129 8.778 11.248 13.210
1.845 1.713 1.725 1.682 1.589 1.916 2.093 2.063 1.607 1.501 1.615 1.480 1.202 1.036 0.903 0.847 0.726 0.792 0.816 0.893 0.997 1.118 1.392 1.511 1.367 1.237 1.025 1.070 0.958 1.142 1.263 1.321 1.531 1.701 1.876 2.088 2.182 1.957 1.865 1.799 1.998 2.089 2.082 2.097 2.084 1.761 1.833 1.651 1.540 1.575 1.325 1.203 1.290 1.205 1.108 1.210 1.330 1.100 1.182 0.965 1.122 1.022 0.715 0.534 0.489 0.000 0.491 0.558 0.584 0.578 0.665 0.823 0.842 0.951 1.056 1.302 1.436 1.501 1.337 1.471 1.389 1.533 1.579 1.719 1.945 2.420 3.029 4.361 5.808 7.150 9.017 11.378 13.321
1.237 1.180 1.208 1.294 1.295 1.642 1.846 1.818 1.357 1.172 1.295 1.164 1.062 0.886 0.895 0.797 0.705 0.774 0.801 0.921 1.043 1.155 1.399 1.520 1.381 1.143 0.941 0.931 0.809 0.959 1.027 1.135 1.299 1.368 1.511 1.776 1.815 1.579 1.425 1.326 1.558 1.605 1.499 1.610 1.457 1.304 1.408 1.359 1.297 1.185 1.041 0.869 0.910 0.841 0.785 0.928 1.079 0.841 0.856 0.722 0.864 0.829 0.599 0.526 0.508 0.488 0.000 0.487 0.515 0.533 0.522 0.601 0.703 0.841 0.854 1.109 1.216 1.164 0.979 1.022 0.944 1.049 1.078 1.260 1.487 2.036 2.732 4.070 5.716 7.131 8.957 11.326 13.127
1.204 1.165 1.103 1.220 1.142 1.451 1.716 1.623 1.188 1.002 1.098 1.010 0.925 0.815 0.842 0.796 0.698 0.766 0.832 0.935 1.016 1.106 1.421 1.558 1.378 1.180 0.950 0.919 0.769 0.903 0.930 1.060 1.176 1.179 1.324 1.546 1.581 1.334 1.230 1.141 1.359 1.427 1.365 1.497 1.395 1.200 1.280 1.256 1.249 1.149 1.019 0.855 0.903 0.859 0.788 0.964 1.131 0.912 0.862 0.742 0.865 0.812 0.603 0.544 0.514 0.505 0.487 0.000 0.488 0.515 0.527 0.534 0.616 0.790 0.813 1.084 1.148 1.150 0.948 1.032 0.933 1.047 1.090 1.283 1.470 2.066 2.805 4.189 5.806 7.157 9.011 11.512 13.601
1.340 1.280 1.223 1.277 1.211 1.508 1.712 1.657 1.217 1.098 1.213 1.104 0.997 0.849 0.839 0.786 0.713 0.807 0.881 0.981 1.043 1.118 1.367 1.496 1.323 1.126 0.972 0.888 0.748 0.894 0.977 1.107 1.295 1.334 1.460 1.691 1.725 1.462 1.367 1.320 1.531 1.583 1.551 1.598 1.529 1.331 1.412 1.344 1.261 1.172 1.014 0.876 0.960 0.919 0.838 1.014 1.179 0.973 0.943 0.769 0.916 0.888 0.647 0.598 0.524 0.522 0.509 0.487 0.000 0.489 0.514 0.536 0.562 0.677 0.791 1.021 1.110 1.180 1.009 1.095 1.008 1.114 1.146 1.290 1.516 2.035 2.715 4.086 5.657 6.981 8.901 11.228 13.230
1.570 1.407 1.398 1.444 1.372 1.761 1.939 1.890 1.388 1.313 1.427 1.342 1.152 1.018 1.016 0.989 0.904 1.049 1.026 1.099 1.228 1.314 1.652 1.813 1.644 1.518 1.223 1.186 1.032 1.184 1.233 1.300 1.501 1.604 1.745 1.983 2.067 1.766 1.677 1.595 1.844 1.937 1.902 2.018 1.909 1.667 1.770 1.639 1.564 1.530 1.289 1.138 1.174 1.060 0.911 1.012 1.158 0.943 1.047 0.921 1.139 1.153 0.847 0.747 0.619 0.558 0.556 0.531 0.489 0.000 0.490 0.550 0.596 0.670 0.759 1.030 1.185 1.209 1.074 1.184 1.162 1.311 1.421 1.642 1.895 2.381 3.099 4.359 5.869 7.180 8.925 11.432 13.318
1.096 1.035 1.004 1.093 1.076 1.421 1.716 1.658 1.183 0.996 1.139 1.055 1.016 0.894 0.971 0.948 0.849 0.964 1.028 1.123 1.213 1.280 1.582 1.734 1.545 1.325 1.124 1.019 0.882 0.999 1.002 1.129 1.253 1.241 1.389 1.619 1.637 1.366 1.221 1.147 1.394 1.421 1.310 1.472 1.358 1.173 1.335 1.321 1.305 1.139 1.051 0.863 0.926 0.815 0.672 0.857 1.001 0.823 0.887 0.768 0.964 0.990 0.769 0.705 0.661 0.584 0.526 0.514 0.501 0.488 0.000 0.487 0.529 0.609 0.604 0.909 1.008 0.977 0.811 0.888 0.845 0.984 1.057 1.267 1.481 2.071 2.751 4.123 5.774 7.058 9.056 11.320 13.386
1.107 1.064 1.001 1.095 1.089 1.326 1.604 1.539 1.118 0.932 1.050 0.996 0.995 0.873 0.983 0.987 0.910 1.021 1.135 1.227 1.240 1.361 1.614 1.769 1.584 1.329 1.124 1.027 0.877 0.992 0.966 1.129 1.224 1.193 1.345 1.520 1.545 1.300 1.165 1.117 1.315 1.394 1.333 1.448 1.363 1.194 1.316 1.296 1.289 1.154 1.025 0.846 0.928 0.834 0.692 0.851 1.010 0.823 0.852 0.776 0.959 1.008 0.794 0.771 0.728 0.681 0.586 0.533 0.534 0.512 0.488 0.000 0.491 0.597 0.602 0.915 0.972 0.985 0.849 0.919 0.846 0.971 1.044 1.261 1.494 2.064 2.728 4.204 5.795 7.098 8.936 11.363 12.803
1.498 1.425 1.336 1.427 1.343 1.649 1.875 1.886 1.362 1.221 1.412 1.297 1.250 1.082 1.217 1.216 1.130 1.331 1.412 1.485 1.518 1.572 1.797 1.981 1.868 1.580 1.378 1.216 1.037 1.206 1.217 1.458 1.646 1.636 1.826 2.092 2.120 1.782 1.599 1.559 1.900 1.976 1.880 1.996 1.864 1.608 1.680 1.645 1.554 1.456 1.247 1.044 1.168 1.099 0.928 1.121 1.364 1.131 1.221 0.994 1.221 1.297 1.058 1.024 0.950 0.888 0.813 0.652 0.613 0.586 0.560 0.492 0.000 0.512 0.642 0.979 1.123 1.226 1.057 1.210 1.095 1.307 1.343 1.540 1.774 2.273 2.979 4.254 5.767 6.938 8.822 11.002 12.722
2.290 2.002 1.875 1.885 1.684 2.197 2.380 2.344 1.766 1.739 2.007 1.939 1.643 1.597 1.690 1.744 1.714 2.078 1.941 2.007 2.236 2.304 2.624 2.906 2.820 2.585 2.297 2.114 1.794 1.969 1.944 2.089 2.266 2.368 2.488 2.950 2.977 2.490 2.328 2.242 2.755 2.868 2.778 3.110 2.878 2.507 2.816 2.572 2.568 2.473 2.215 1.944 2.062 1.774 1.360 1.361 1.682 1.577 1.861 1.677 2.098 2.209 1.745 1.535 1.303 1.190 1.258 1.085 0.818 0.807 0.853 0.722 0.535 0.000 0.603 1.011 1.314 1.407 1.313 1.608 1.758 2.153 2.319 2.633 2.993 3.449 4.233 5.416 6.909 7.984 9.687 11.986 13.860
1.795 1.430 1.503 1.461 1.484 2.196 2.537 2.489 1.890 1.582 2.054 2.064 2.147 2.007 2.304 2.411 2.242 2.559 2.475 2.585 2.930 2.940 3.212 3.601 3.456 3.177 2.693 2.425 2.055 2.285 2.151 2.502 2.591 2.388 2.689 2.931 2.940 2.415 2.122 2.051 2.484 2.549 2.204 2.606 2.386 2.241 2.613 2.682 2.731 2.330 2.278 1.900 2.067 1.669 1.307 1.262 1.661 1.613 1.844 1.756 2.305 2.438 2.047 2.081 2.074 1.645 1.596 1.524 1.325 1.103 0.981 0.928 0.821 0.537 0.000 0.795 1.126 1.132 1.027 1.318 1.519 1.794 2.125 2.523 2.789 3.381 4.015 5.359 7.052 7.921 9.704 11.795 13.581
2.086 1.817 1.524 1.116 1.093 1.700 2.144 2.404 1.894 1.764 2.253 2.433 2.727 2.661 3.001 3.105 2.785 2.842 3.173 3.519 3.534 3.813 4.027 4.379 4.028 3.700 3.035 2.905 2.541 2.940 2.790 3.268 3.322 3.026 3.055 3.302 3.067 2.497 2.076 2.279 2.722 2.482 2.402 2.966 2.920 2.703 3.198 3.565 3.616 3.086 2.795 2.351 2.333 1.965 1.458 1.497 1.941 1.634 1.965 1.930 2.466 2.602 2.108 2.337 2.493 2.216 1.809 1.859 1.928 1.482 1.201 1.307 1.262 0.928 0.624 0.000 0.524 0.838 1.115 1.558 1.864 2.238 2.567 3.121 3.630 4.081 4.847 6.138 7.520 8.372 10.198 12.475 14.427
1.511 1.102 1.051 0.826 0.961 1.465 1.980 2.138 1.611 1.515 1.922 2.117 2.457 2.608 2.843 3.035 3.008 3.388 3.452 3.509 3.499 3.511 3.819 4.236 4.162 3.784 3.355 3.016 2.748 2.796 2.609 2.869 2.772 2.471 2.517 2.613 2.424 2.036 1.547 1.750 2.023 1.866 1.664 2.006 2.062 2.112 2.532 2.842 3.070 2.728 2.643 2.289 2.420 2.133 1.614 1.507 2.043 1.999 2.377 2.328 2.822 3.029 2.764 2.820 2.618 2.471 2.301 2.180 2.097 1.799 1.578 1.462 1.452 1.176 0.923 0.522 0.000 0.535 0.912 1.297 1.612 2.065 2.348 2.857 3.012 3.589 4.235 5.518 6.893 7.907 9.582 11.688 13.738
0.950 0.694 0.669 0.661 0.840 1.213 1.601 1.678 1.270 1.060 1.315 1.433 1.680 1.760 1.979 2.108 2.072 2.261 2.498 2.500 2.459 2.450 2.610 2.868 2.768 2.411 2.203 1.901 1.739 1.811 1.663 1.925 1.901 1.633 1.750 1.897 1.816 1.467 1.176 1.195 1.480 1.439 1.299 1.492 1.414 1.353 1.675 1.879 1.935 1.603 1.576 1.358 1.341 1.187 0.974 0.929 1.257 1.330 1.497 1.521 1.751 2.000 1.875 2.057 1.953 1.941 1.773 1.582 1.594 1.568 1.316 1.150 1.279 1.257 0.897 0.753 0.512 0.000 0.518 0.702 0.837 1.096 1.287 1.561 1.875 2.383 3.069 4.455 5.976 7.370 8.971 11.201 13.119
0.707 0.594 0.574 0.624 0.822 1.140 1.449 1.505 1.123 0.898 1.114 1.143 1.301 1.338 1.573 1.604 1.602 1.748 1.924 1.980 1.916 1.942 2.084 2.219 2.086 1.784 1.661 1.393 1.266 1.307 1.212 1.419 1.428 1.264 1.445 1.564 1.537 1.248 1.013 0.993 1.189 1.229 1.082 1.206 1.134 1.066 1.241 1.385 1.420 1.183 1.135 0.949 0.948 0.825 0.690 0.699 0.985 0.999 1.062 1.125 1.295 1.487 1.450 1.589 1.499 1.540 1.374 1.179 1.210 1.193 1.030 0.905 1.024 1.018 0.783 0.765 0.649 0.500 0.000 0.500 0.582 0.763 0.902 1.150 1.368 1.976 2.719 4.215 5.751 6.884 8.934 11.161 13.057
0.619 0.588 0.658 0.818 0.992 1.341 1.657 1.716 1.299 1.018 1.197 1.186 1.317 1.249 1.427 1.403 1.363 1.499 1.703 1.794 1.700 1.724 1.821 2.045 1.875 1.541 1.397 1.177 1.085 1.153 1.092 1.365 1.457 1.274 1.486 1.632 1.608 1.339 1.116 1.036 1.224 1.258 1.073 1.195 1.087 1.020 1.177 1.333 1.262 1.042 0.934 0.785 0.773 0.684 0.585 0.592 0.852 0.832 0.926 0.933 1.080 1.283 1.257 1.386 1.393 1.436 1.263 1.102 1.182 1.198 0.977 0.920 1.076 1.097 0.825 0.895 0.845 0.655 0.494 0.000 0.498 0.615 0.755 0.957 1.221 1.843 2.615 4.061 5.737 7.196 9.066 11.168 12.908
0.574 0.591 0.685 0.875 1.014 1.334 1.666 1.663 1.189 0.943 1.060 1.015 1.070 1.005 1.166 1.165 1.131 1.219 1.407 1.480 1.415 1.452 1.636 1.799 1.617 1.327 1.171 0.991 0.900 0.954 0.930 1.125 1.190 1.092 1.276 1.461 1.482 1.222 1.050 0.934 1.108 1.166 0.997 1.083 0.926 0.862 1.015 1.093 1.096 0.864 0.803 0.614 0.652 0.573 0.555 0.623 0.862 0.781 0.774 0.802 0.907 1.066 1.024 1.105 1.137 1.177 1.054 0.912 1.001 1.047 0.893 0.814 0.993 1.071 0.878 1.002 0.981 0.769 0.593 0.494 0.000 0.497 0.584 0.827 1.083 1.711 2.486 3.830 5.520 6.781 8.693 10.712 12.556
0.733 0.860 1.000 1.240 1.310 1.723 1.974 1.965 1.533 1.241 1.391 1.256 1.329 1.141 1.319 1.274 1.245 1.415 1.581 1.625 1.582 1.596 1.738 1.917 1.771 1.440 1.296 1.060 0.963 1.036 1.034 1.331 1.451 1.414 1.682 1.856 1.875 1.623 1.378 1.208 1.453 1.522 1.274 1.358 1.094 1.008 1.164 1.266 1.164 0.882 0.734 0.594 0.600 0.616 0.634 0.800 0.980 0.902 0.877 0.850 0.981 1.175 1.138 1.308 1.293 1.361 1.253 1.045 1.189 1.225 1.023 0.997 1.216 1.278 1.062 1.255 1.277 1.110 0.830 0.671 0.503 0.000 0.509 0.659 0.985 1.648 2.450 3.918 5.688 7.038 8.817 10.849 12.629
0.908 1.057 1.218 1.534 1.639 2.117 2.425 2.367 1.901 1.497 1.661 1.559 1.578 1.334 1.530 1.422 1.504 1.650 1.954 1.878 1.683 1.666 1.759 1.971 1.885 1.530 1.466 1.173 1.073 1.104 1.130 1.466 1.635 1.752 1.955 2.230 2.253 1.968 1.661 1.471 1.764 1.833 1.560 1.598 1.281 1.071 1.216 1.338 1.140 0.866 0.743 0.665 0.715 0.802 0.877 0.983 1.217 1.160 1.132 1.120 1.203 1.475 1.471 1.603 1.571 1.790 1.566 1.289 1.513 1.625 1.321 1.300 1.602 1.649 1.344 1.591 1.623 1.341 1.094 0.871 0.672 0.512 0.000 0.511 0.879 1.504 2.366 3.861 5.380 6.509 8.530 10.403 12.349
1.450 1.741 1.804 2.210 2.213 2.695 2.885 2.837 2.278 1.931 2.099 1.844 1.863 1.646 1.905 1.835 1.954 2.285 2.541 2.472 2.368 2.259 2.295 2.593 2.586 1.980 1.931 1.462 1.293 1.266 1.332 1.749 1.941 1.926 2.414 2.765 2.833 2.524 2.289 1.908 2.311 2.452 2.069 2.070 1.621 1.344 1.342 1.504 1.263 0.886 0.769 0.802 0.945 1.175 1.273 1.464 1.692 1.616 1.537 1.422 1.511 1.919 1.899 2.134 1.982 2.162 2.044 1.687 1.854 1.976 1.710 1.667 1.968 2.039 1.810 2.176 2.176 2.023 1.625 1.492 1.110 0.909 0.532 0.000 0.544 1.202 2.192 3.893 5.628 6.751 8.818 10.833 12.856
2.769 3.518 4.089 5.168 5.346 5.806 6.454 5.774 5.161 4.370 4.323 3.460 3.631 3.108 3.580 3.478 3.698 4.074 4.765 4.407 4.182 3.727 3.651 4.247 4.245 3.510 3.438 2.571 2.591 2.361 2.368 3.045 3.306 3.288 4.367 4.641 5.057 4.757 4.508 3.579 3.886 4.569 3.669 3.373 2.590 2.354 1.851 2.287 1.868 1.326 1.410 1.909 1.737 2.190 2.887 3.220 3.134 3.183 2.561 2.781 2.515 3.267 3.664 4.073 4.139 4.548 4.185 3.545 4.247 4.519 3.982 3.925 4.956 4.998 4.465 5.397 5.459 4.899 3.895 3.183 2.411 1.805 1.329 0.607 0.000 0.734 1.810 3.208 5.029 6.127 8.199 10.128 12.155
4.240 5.151 5.647 6.763 6.851 8.105 8.962 8.683 7.322 5.970 6.843 5.891 6.101 5.536 6.468 6.555 7.396 8.244 9.571 8.720 7.717 6.919 6.461 7.237 7.786 6.385 6.863 5.008 4.780 4.055 3.760 5.344 6.247 6.223 7.534 8.419 8.866 7.822 6.609 5.739 6.784 7.489 6.151 5.705 4.468 3.299 3.589 4.066 3.285 2.319 2.763 3.269 3.963 4.643 4.597 5.331 6.287 5.813 6.203 5.682 5.778 6.937 7.348 8.343 7.700 8.743 8.316 6.584 7.256 7.609 6.730 6.019 7.306 7.535 6.517 7.360 7.132 6.658 5.229 4.983 3.664 3.596 2.375 1.626 0.748 0.000 0.837 2.241 3.783 4.696 6.751 8.788 10.867
9.481 11.017 11.821 13.617 13.474 14.982 15.689 14.837 13.654 12.000 12.810 10.817 10.913 8.865 9.397 8.870 8.718 9.118 11.181 11.257 9.772 9.557 8.511 9.977 10.154 7.790 7.483 5.573 6.029 6.262 6.972 9.122 10.644 10.726 13.261 13.957 14.789 14.147 12.806 11.380 12.571 13.442 11.619 10.975 9.258 7.612 6.692 7.135 5.734 4.489 3.953 5.010 4.989 6.208 7.739 9.097 9.344 8.097 6.812 6.456 5.790 6.899 7.325 9.215 9.889 10.867 9.473 8.422 10.395 10.251 9.256 9.864 11.761 11.511 11.306 13.003 13.589 13.044 10.947 10.189 7.832 6.583 4.571 3.124 2.298 0.785 0.000 0.786 1.714 2.717 4.711 6.751 8.889
9.779 11.887 12.655 14.568 14.928 16.447 17.195 16.470 15.474 13.670 14.208 12.384 12.604 11.253 11.469 11.283 11.913 12.839 14.258 13.427 12.045 11.380 10.445 11.937 12.179 10.212 10.707 8.621 9.093 8.138 9.028 10.774 12.353 12.412 14.651 15.312 16.303 15.391 14.306 12.456 13.529 14.701 12.810 11.672 9.360 8.262 7.183 8.278 6.118 5.346 5.530 7.096 7.819 9.060 10.060 11.072 11.716 11.056 10.345 10.101 9.094 10.686 11.704 13.279 12.810 14.111 13.252 12.123 13.197 13.506 12.688 12.197 14.066 14.177 13.500 14.622 14.828 14.320 12.343 11.355 9.148 7.729 5.408 4.484 3.130 1.716 0.709 0.001 0.713 1.750 3.132 5.239 7.497
11.584 13.218 14.036 15.647 15.738 17.065 17.852 16.868 15.810 14.355 14.445 12.776 12.856 11.602 12.184 11.850 12.887 13.899 15.236 14.607 12.924 12.442 11.126 12.930 13.340 11.447 11.710 9.682 9.746 8.771 9.777 11.042 12.337 12.786 14.650 15.357 16.779 15.635 14.933 13.078 13.475 15.093 13.667 12.809 10.502 9.388 8.052 8.452 6.352 6.290 6.625 8.831 9.423 10.863 11.987 12.887 13.543 13.092 12.045 11.448 10.827 12.100 13.165 14.492 13.658 15.255 14.613 13.204 14.260 14.799 14.120 13.568 15.236 15.463 14.780 16.179 16.140 15.545 13.692 12.927 10.885 9.789 7.372 5.960 4.239 2.826 1.481 0.716 0.000 0.994 2.359 4.405 6.124
16.772 18.708 19.387 20.259 20.278 21.394 21.970 21.265 20.346 19.145 19.033 17.364 17.008 15.365 14.937 14.311 14.962 15.450 16.911 16.323 14.511 13.899 12.216 13.506 14.526 12.409 13.688 12.015 13.096 12.154 13.295 14.383 16.248 16.709 18.899 19.884 20.442 19.972 19.508 17.997 18.523 19.636 18.801 17.403 15.758 14.035 12.779 12.674 9.923 10.798 10.650 12.961 13.453 15.593 16.988 17.998 18.314 17.790 16.209 15.153 14.275 14.680 15.739 16.755 16.541 18.106 17.663 16.501 18.082 18.888 18.095 18.184 19.890 20.091 19.305 20.553 20.762 20.257 18.923 18.353 15.971 15.058 11.823 9.502 8.039 5.326 4.228 2.907 1.031 0.000 1.360 3.212 4.950
18.931 20.825 21.437 22.576 22.899 23.534 24.451 23.514 23.001 22.009 21.931 20.717 21.011 20.378 19.938 20.223 20.986 21.481 22.531 21.658 20.889 19.393 17.692 19.888 20.654 18.446 19.864 18.261 18.793 16.904 17.726 18.820 20.216 20.045 22.016 22.714 23.217 22.727 22.230 20.505 20.954 22.190 21.089 19.459 17.714 16.756 14.723 16.069 13.487 14.309 15.143 17.427 18.125 19.364 20.033 21.036 21.514 21.243 20.581 19.938 19.566 20.388 21.171 22.008 21.425 22.830 22.471 21.122 22.014 22.809 21.997 21.384 22.699 23.348 22.186 23.395 23.153 22.351 21.329 20.751 18.868 17.557 15.416 12.724 10.247 8.299 6.170 4.351 3.255 1.127 0.002 1.365 2.964
22.259 23.195 24.033 24.990 25.064 25.421 25.802 25.229 24.717 23.924 23.738 22.557 22.900 21.888 21.481 21.397 22.573 22.950 23.711 22.742 21.438 20.395 18.278 19.496 20.977 19.508 21.209 19.993 20.910 19.640 19.758 20.433 21.733 21.827 23.475 23.854 24.475 24.143 24.187 22.897 22.861 23.848 22.931 22.067 20.614 19.658 17.439 17.989 15.727 17.514 18.265 20.336 20.866 22.403 23.248 23.951 24.053 24.113 22.952 22.589 21.695 22.152 23.186 23.765 23.371 24.526 24.417 23.255 24.148 24.673 24.358 23.978 24.920 25.344 24.800 25.484 25.485 25.008 24.237 23.340 22.017 21.130 18.913 17.207 14.261 11.086 8.739 6.833 4.570 3.196 1.221 0.005 1.533
24.535 26.166 26.570 27.312 27.438 27.835 27.960 27.623 27.367 26.837 26.586 25.702 25.757 25.303 24.418 24.342 25.142 25.494 26.271 25.410 24.282 23.183 21.927 22.743 23.764 22.277 23.772 22.728 23.869 23.151 23.606 24.069 25.254 25.042 26.357 26.632 27.007 27.017 26.971 25.936 25.975 26.535 25.987 24.666 23.828 23.619 21.796 22.277 19.991 21.363 21.694 23.509 23.342 24.724 25.407 26.218 25.960 26.032 25.178 24.601 23.775 24.513 25.369 26.110 25.624 26.865 26.579 25.582 26.424 26.944 26.457 26.226 27.174 27.343 26.888 27.498 27.518 27.264 26.560 25.944 24.728 23.737 22.185 20.367 17.768 14.755 11.742 10.119 7.987 5.658 3.809 1.286 0.010
