73.051
85.633
87.623
89.631
90.466
86.903
89.134
90.270
88.556
86.487
87.791
89.364
85.653
83.529
86.539
87.868
87.742
85.611
85.835
81.126
78.595
66.709
58.249
55.777
47.034
44.577
50.041
58.529
74.252
82.161
86.066
89.650
90.212
91.357
89.246
86.096
78.797
79.966
79.226
85.315
91.802
91.856
93.892
94.522
94.477
92.844
90.385
88.996
87.223
87.486
89.549
88.034
86.760
86.875
85.436
84.439
85.428
87.529
88.383
90.848
91.144
92.997
94.286
95.175
94.261
93.034
91.473
88.417
89.491
90.425
91.313
92.109
91.352
89.588
89.692
89.850
90.380
89.786
91.031
88.545
88.489
88.219
89.797
87.667
87.330
90.146
88.326
84.489
87.519
86.652
86.020
81.055
70.083
