86.132
85.049
87.219
89.221
91.046
89.820
88.869
89.537
88.989
89.426
90.850
92.535
90.704
89.768
91.277
88.759
86.612
84.811
80.892
85.032
85.597
88.403
88.899
90.852
92.034
91.268
89.853
91.711
91.023
88.904
88.336
85.511
86.610
86.782
86.068
89.146
90.327
89.597
90.175
92.181
92.187
91.897
90.886
91.109
89.217
84.768
86.171
89.852
89.710
91.457
90.552
89.604
87.869
83.452
78.960
61.465
52.357
51.540
55.297
63.649
74.020
81.602
84.841
87.530
89.542
88.747
89.136
87.749
83.138
77.865
76.655
86.664
87.001
84.078
83.229
82.110
81.610
77.407
71.158
72.572
73.694
70.391
66.315
53.594
55.850
47.172
44.424
42.514
40.634
39.348
38.437
39.815
41.199
