0.001 1.053 2.260 3.834 4.089 5.110 6.117 6.115 7.165 7.813 7.326 8.520 7.995 8.163 9.385 9.869 9.197 8.455 7.224 6.801 6.316 5.298 4.831 3.876 3.984 4.564 6.318 6.631 8.350 8.826 7.265 5.989 4.301 3.325 3.367 4.178 4.818 4.589 5.921 5.900 4.836 5.255 7.303 7.045 7.002 7.948 8.776 9.291 9.544 10.535 10.362 9.815 9.196 7.746 7.376 6.167 6.439 7.590 7.974 10.555 12.554 13.370 15.848 20.362 21.959 26.512 26.591 28.228 28.927 28.587 29.261 28.250 27.742 27.592 27.710 28.211 26.035 23.176 23.747 22.341 21.531 23.879 24.190 24.788 24.825 23.244 21.575 21.705 19.834 20.709 20.751 21.173 22.487
0.609 0.000 0.550 0.871 1.237 1.651 1.840 2.466 2.689 3.115 2.762 2.682 2.292 2.300 2.831 2.600 2.429 2.324 1.678 1.539 1.325 1.217 1.061 0.914 1.073 1.296 1.565 1.697 2.170 2.352 1.970 1.644 1.392 1.325 1.377 1.465 1.420 1.406 1.697 1.740 1.473 1.704 2.084 1.955 1.954 2.424 2.558 2.620 3.081 3.212 2.926 2.541 2.256 1.900 1.760 1.563 1.580 1.958 2.750 3.937 6.901 9.767 13.619 20.057 20.282 26.912 26.350 28.394 28.094 28.641 28.657 28.291 27.797 28.099 27.091 26.496 22.869 24.926 23.084 27.325 26.225 25.357 25.556 24.664 23.355 22.846 22.472 21.688 19.791 19.704 20.049 20.229 21.359
1.044 0.519 0.000 0.520 0.862 1.054 1.202 1.503 1.745 2.119 1.887 2.033 1.656 1.637 2.114 2.056 1.906 1.811 1.377 1.312 1.017 0.998 0.971 0.940 1.138 1.400 1.751 1.896 2.379 2.587 2.179 1.809 1.492 1.386 1.416 1.470 1.487 1.469 1.804 1.741 1.512 1.799 2.109 2.004 2.066 2.325 2.796 2.691 3.156 3.247 3.007 2.509 2.385 1.962 1.903 1.563 1.498 1.843 2.739 4.004 6.875 9.312 13.674 19.629 19.676 26.313 26.428 28.927 28.628 28.792 29.456 28.430 28.022 27.905 27.656 27.558 26.095 26.790 24.833 25.900 26.484 26.195 24.601 26.222 25.822 24.573 23.009 23.291 20.855 20.354 20.559 20.835 21.492
1.171 0.706 0.508 0.000 0.503 0.605 0.806 1.070 1.305 1.508 1.355 1.404 1.115 1.228 1.451 1.407 1.328 1.150 0.942 0.801 0.663 0.687 0.668 0.696 0.793 1.007 1.162 1.187 1.510 1.689 1.490 1.336 1.182 1.230 1.370 1.367 1.363 1.235 1.396 1.439 1.174 1.233 1.476 1.402 1.277 1.540 1.747 1.746 2.075 2.035 1.937 1.558 1.479 1.194 1.203 1.046 1.102 1.336 2.203 3.330 6.373 8.992 13.179 20.053 20.344 26.801 26.512 27.700 28.490 28.698 28.318 27.681 28.628 27.662 27.723 26.778 25.320 27.412 28.047 26.197 23.528 21.729 22.829 25.025 25.184 23.079 22.546 21.968 20.466 20.528 20.750 20.725 21.633
1.444 0.995 0.710 0.501 0.000 0.532 0.864 1.240 1.521 1.830 1.681 1.716 1.432 1.515 1.893 1.750 1.790 1.569 1.169 1.083 0.800 0.872 0.893 0.943 0.966 1.223 1.309 1.386 1.691 1.887 1.677 1.544 1.385 1.436 1.655 1.634 1.747 1.596 1.799 1.728 1.392 1.554 1.846 1.623 1.600 1.903 2.146 2.025 2.495 2.482 2.263 1.856 1.716 1.424 1.410 1.259 1.410 1.643 2.499 3.649 6.478 9.079 12.960 19.235 20.127 27.632 27.409 28.794 28.758 28.995 29.199 28.483 28.726 28.202 27.675 28.024 27.179 24.365 27.721 27.353 25.229 20.205 25.279 24.767 25.115 23.209 22.228 22.430 19.479 20.131 20.100 20.030 21.373
1.785 1.396 1.004 0.761 0.524 0.000 0.501 0.747 1.033 1.286 1.092 1.197 1.015 0.951 1.209 1.302 1.348 1.389 1.159 1.080 0.846 1.103 1.215 1.362 1.505 1.847 2.057 1.916 2.280 2.689 2.486 2.384 2.012 2.122 2.239 2.202 2.085 1.815 2.087 2.296 1.910 1.837 2.255 2.243 1.887 2.189 2.518 2.457 2.681 2.571 2.412 2.160 2.119 1.871 1.973 1.679 1.820 1.913 2.590 3.681 6.491 9.023 12.645 18.915 20.440 26.757 26.950 28.606 28.208 28.905 28.380 27.797 28.402 28.542 27.785 27.942 27.045 25.562 25.324 25.975 24.154 22.834 23.240 24.666 24.975 22.861 22.096 21.750 19.865 20.558 20.538 20.758 21.649
1.868 1.355 1.125 0.817 0.741 0.505 0.000 0.513 0.711 0.998 0.885 0.972 0.801 0.752 1.026 1.062 1.065 1.103 0.913 0.973 0.851 1.098 1.125 1.299 1.288 1.603 1.701 1.529 1.797 2.116 2.076 2.007 1.773 1.946 2.114 2.057 2.087 1.798 1.985 2.050 1.705 1.711 1.970 1.831 1.607 1.818 2.111 1.931 2.189 2.029 1.881 1.629 1.596 1.447 1.584 1.441 1.635 1.700 2.540 3.524 6.554 9.084 13.337 19.296 20.554 27.307 26.679 28.286 28.325 28.770 28.709 28.126 28.161 28.083 27.360 27.094 27.013 27.102 25.754 24.271 25.102 22.253 23.694 24.600 25.993 22.858 21.341 21.557 19.378 20.295 20.581 20.771 21.835
2.187 1.673 1.427 1.050 1.089 0.807 0.517 0.000 0.522 0.706 0.803 1.023 0.890 0.858 1.106 1.267 1.357 1.386 1.148 1.256 1.173 1.448 1.409 1.553 1.663 1.953 2.109 1.948 2.277 2.665 2.555 2.423 2.185 2.292 2.464 2.494 2.543 2.229 2.542 2.536 2.079 2.149 2.463 2.299 2.029 2.291 2.585 2.478 2.654 2.411 2.376 2.032 2.031 1.853 2.000 1.834 1.993 2.094 2.832 3.909 6.668 9.068 12.934 19.790 21.619 27.263 26.905 28.888 28.514 29.136 29.349 28.946 29.162 28.620 28.201 27.759 27.663 25.929 23.965 25.244 22.289 23.632 24.662 24.070 24.845 22.615 21.206 21.252 19.342 20.211 20.700 20.664 22.197
2.761 2.175 1.993 1.446 1.452 1.110 0.819 0.501 0.000 0.570 0.753 1.054 1.087 0.869 1.131 1.417 1.484 1.764 1.480 1.647 1.581 1.954 1.924 2.178 2.137 2.594 2.641 2.364 2.729 3.217 3.102 3.075 2.827 3.019 3.207 3.118 3.037 2.624 2.843 2.909 2.537 2.433 2.807 2.686 2.329 2.556 2.921 2.759 2.975 2.705 2.575 2.398 2.375 2.274 2.536 2.393 2.735 2.732 3.498 4.546 7.174 9.095 12.521 18.494 20.528 26.571 26.864 28.685 28.303 28.659 29.103 28.680 28.384 28.420 28.251 27.998 27.527 26.828 26.088 24.500 24.501 23.439 23.900 23.909 25.156 22.444 21.242 21.051 19.810 20.191 20.797 20.574 21.965
3.607 3.049 2.677 2.149 2.048 1.696 1.260 0.807 0.581 0.000 0.615 0.910 1.197 1.002 1.176 1.517 1.729 1.951 1.893 2.007 2.006 2.501 2.517 2.815 2.802 3.207 3.112 2.870 2.870 3.476 3.539 3.752 3.583 3.934 4.155 4.044 3.969 3.572 3.610 3.532 3.192 3.012 3.202 3.044 2.581 2.741 3.010 2.774 2.769 2.392 2.396 2.332 2.554 2.669 2.908 2.953 3.300 3.340 4.033 5.037 7.651 9.945 13.406 19.712 21.789 26.359 26.619 27.654 28.391 28.567 29.113 28.709 28.355 28.075 27.724 26.745 26.330 26.880 24.115 25.232 23.142 23.259 23.342 24.468 24.471 22.690 22.007 22.077 20.292 20.682 21.033 20.985 21.832
2.920 2.339 2.076 1.718 1.806 1.591 1.118 0.977 0.746 0.583 0.000 0.515 0.675 0.763 0.845 0.876 1.324 1.450 1.360 1.635 1.804 2.200 2.001 2.219 1.977 2.285 2.154 1.868 1.976 2.376 2.461 2.599 2.590 2.851 3.071 2.989 3.043 2.769 2.898 2.806 2.425 2.295 2.577 2.350 2.005 2.188 2.454 2.170 2.301 1.945 1.782 1.604 1.597 1.738 1.982 2.074 2.415 2.645 3.486 4.684 7.421 9.557 13.009 19.446 21.668 26.539 26.486 28.154 28.432 28.395 28.408 28.602 28.350 28.374 27.135 28.055 24.899 25.244 23.779 21.775 21.928 22.294 23.265 23.752 24.609 22.675 21.824 22.278 20.869 20.917 21.111 20.682 22.356
2.275 1.807 1.601 1.304 1.407 1.255 0.944 0.920 0.917 0.769 0.500 0.000 0.495 0.576 0.641 0.614 0.787 0.874 0.913 1.166 1.349 1.572 1.465 1.579 1.540 1.748 1.714 1.632 1.793 2.131 2.105 2.181 2.064 2.242 2.475 2.386 2.444 2.208 2.295 2.294 1.929 1.857 2.070 1.929 1.645 1.822 2.066 1.893 2.062 1.856 1.695 1.460 1.452 1.360 1.521 1.525 1.761 1.964 2.738 3.757 6.407 8.758 12.390 19.366 20.954 25.481 26.947 27.911 29.167 28.119 29.075 26.861 28.163 27.006 26.850 29.091 26.982 24.170 24.936 22.776 24.254 22.839 23.542 23.664 24.559 22.833 21.717 21.918 20.171 20.358 20.712 20.372 22.087
2.144 1.640 1.483 1.116 1.238 1.056 0.769 0.848 0.880 0.819 0.596 0.491 0.000 0.494 0.567 0.637 0.666 0.841 0.870 1.036 1.175 1.418 1.306 1.496 1.395 1.690 1.658 1.495 1.679 2.054 1.966 2.039 1.900 2.087 2.265 2.189 2.205 2.064 2.113 2.064 1.763 1.725 1.891 1.756 1.485 1.658 1.853 1.682 1.859 1.678 1.544 1.413 1.398 1.326 1.550 1.439 1.669 1.810 2.590 3.645 6.455 8.995 13.036 19.429 20.966 26.758 27.629 28.198 29.433 28.135 28.236 27.845 27.808 27.100 26.962 28.729 25.967 25.240 23.664 23.957 19.999 22.496 23.622 23.837 24.320 21.055 20.330 20.969 19.661 20.406 20.807 20.682 22.085
1.965 1.547 1.382 1.107 1.186 1.019 0.775 0.833 0.832 0.789 0.598 0.546 0.490 0.000 0.496 0.577 0.709 0.869 0.871 1.077 1.158 1.373 1.238 1.408 1.377 1.580 1.613 1.494 1.661 1.953 1.922 1.893 1.792 1.928 2.117 2.010 2.042 1.846 1.987 1.948 1.710 1.694 1.878 1.720 1.527 1.700 1.903 1.740 1.923 1.719 1.603 1.383 1.425 1.334 1.502 1.448 1.662 1.755 2.496 3.601 6.510 8.760 12.732 18.934 20.754 27.385 26.951 28.599 28.798 29.211 29.172 28.726 28.395 27.988 28.559 26.304 26.672 25.352 24.891 23.574 23.459 24.007 24.472 24.882 24.609 22.706 21.519 21.765 19.983 20.466 20.905 20.529 21.896
2.424 1.982 1.754 1.369 1.341 1.155 0.909 0.907 0.949 0.864 0.682 0.632 0.566 0.495 0.000 0.504 0.654 0.888 0.988 1.229 1.350 1.602 1.589 1.789 1.691 1.953 1.991 1.767 1.898 2.308 2.250 2.366 2.176 2.401 2.621 2.507 2.540 2.204 2.341 2.399 2.061 1.963 2.240 2.101 1.782 1.985 2.302 2.044 2.189 1.899 1.785 1.579 1.604 1.522 1.803 1.728 1.948 2.074 2.802 3.952 6.830 9.123 12.662 19.180 20.928 26.748 26.904 28.580 28.449 28.754 29.002 28.482 28.767 28.181 28.210 25.976 24.267 24.922 24.739 26.247 23.752 23.490 23.417 24.299 24.417 22.770 21.573 21.658 19.875 20.357 20.476 20.443 21.951
2.395 1.856 1.734 1.409 1.476 1.339 1.100 1.102 1.114 1.016 0.770 0.694 0.652 0.606 0.507 0.000 0.586 0.675 0.826 1.159 1.349 1.540 1.411 1.604 1.550 1.795 1.743 1.650 1.807 2.187 2.163 2.189 2.126 2.241 2.529 2.430 2.483 2.300 2.400 2.344 2.082 1.999 2.257 2.077 1.753 1.937 2.228 1.954 2.185 1.902 1.681 1.575 1.423 1.372 1.519 1.573 1.745 1.895 2.678 3.765 6.698 8.895 13.490 19.246 21.720 26.819 27.593 28.382 29.780 27.851 28.826 28.451 27.534 27.557 26.967 27.711 25.065 24.363 23.983 23.810 23.571 22.298 23.655 24.442 24.110 23.006 21.776 21.542 19.680 20.673 20.607 20.442 21.771
2.963 2.365 2.089 1.731 1.946 1.821 1.411 1.536 1.484 1.337 1.144 0.948 0.872 0.841 0.692 0.545 0.000 0.550 0.739 1.168 1.522 1.713 1.534 1.875 1.963 2.251 2.289 2.058 2.284 2.806 2.765 2.931 2.785 2.835 3.335 3.262 3.417 3.178 3.270 3.243 2.759 2.693 2.969 2.754 2.344 2.586 2.818 2.447 2.638 2.182 2.026 1.875 1.890 1.786 1.959 1.801 1.945 1.927 2.651 3.667 6.690 9.300 13.589 19.137 20.866 27.082 27.068 29.061 28.494 28.847 28.640 28.191 28.322 27.443 26.652 28.056 26.768 27.501 23.518 25.540 23.987 22.881 23.656 24.490 24.500 22.587 21.825 21.956 20.071 20.291 20.999 20.956 22.117
1.974 1.556 1.277 1.113 1.350 1.363 1.160 1.371 1.430 1.376 1.278 1.143 0.878 0.873 0.861 0.634 0.524 0.000 0.525 0.803 1.081 1.168 0.968 1.142 1.277 1.483 1.587 1.644 1.862 2.187 2.076 1.992 1.836 1.832 2.103 2.207 2.324 2.193 2.382 2.300 1.981 2.101 2.336 2.105 1.899 2.227 2.482 2.203 2.491 2.318 2.072 1.687 1.587 1.264 1.328 1.179 1.305 1.563 2.336 3.544 6.667 9.143 13.487 19.907 21.239 26.862 27.798 28.302 28.707 28.700 28.495 28.090 28.813 27.716 27.017 27.266 25.617 25.730 25.100 24.409 23.877 23.866 23.574 24.732 25.239 22.997 22.136 21.650 20.012 20.214 20.821 20.801 22.032
1.702 1.265 1.039 0.823 0.966 0.943 0.838 1.118 1.225 1.306 1.142 1.044 0.816 0.870 0.969 0.769 0.685 0.507 0.000 0.506 0.640 0.856 0.724 0.952 1.007 1.195 1.271 1.265 1.509 1.743 1.609 1.573 1.475 1.548 1.788 1.758 1.819 1.678 1.867 1.837 1.525 1.581 1.806 1.590 1.441 1.668 1.862 1.684 2.020 1.863 1.651 1.377 1.231 1.086 1.124 1.001 1.134 1.350 2.197 3.285 6.457 9.260 13.545 19.617 21.750 26.767 27.622 28.193 29.701 28.616 28.517 27.493 28.054 26.718 27.005 26.424 24.540 26.685 22.533 22.052 21.311 22.687 23.988 24.649 24.845 22.284 21.762 22.006 19.587 20.299 20.847 20.718 21.907
1.852 1.333 1.015 0.752 0.830 0.900 0.967 1.374 1.547 1.750 1.572 1.424 1.106 1.171 1.334 1.090 0.942 0.717 0.511 0.000 0.498 0.681 0.676 0.977 1.128 1.423 1.503 1.509 1.783 2.091 2.058 1.985 1.787 1.857 2.068 2.123 2.113 1.954 2.151 2.236 1.799 1.968 2.210 2.060 1.819 2.158 2.384 2.177 2.468 2.293 2.038 1.724 1.516 1.333 1.361 1.169 1.237 1.338 2.387 3.549 6.562 9.065 13.418 18.541 20.592 26.703 27.234 28.808 27.972 29.051 28.692 28.072 28.358 27.055 26.678 27.317 24.943 24.653 23.445 24.023 22.297 22.735 24.534 25.254 25.779 22.499 21.920 22.035 20.089 20.268 20.689 20.508 21.737
1.588 1.096 0.893 0.668 0.727 0.800 0.918 1.228 1.416 1.652 1.490 1.462 1.163 1.176 1.379 1.248 1.155 0.971 0.724 0.510 0.000 0.522 0.612 0.851 1.024 1.285 1.485 1.496 1.784 2.000 1.910 1.794 1.571 1.631 1.724 1.771 1.790 1.650 1.858 1.887 1.599 1.701 1.965 1.876 1.748 2.018 2.200 2.116 2.358 2.265 2.094 1.866 1.717 1.424 1.396 1.159 1.209 1.360 2.184 3.268 6.468 9.198 13.301 18.725 19.947 27.025 27.067 29.044 28.270 29.102 29.293 28.839 28.575 27.937 27.732 27.134 26.180 26.063 23.408 24.190 22.194 22.755 23.726 25.381 25.297 23.039 22.241 22.712 20.434 20.551 20.981 21.029 22.075
1.689 1.226 0.916 0.750 0.794 0.888 1.035 1.387 1.607 1.926 1.750 1.814 1.453 1.504 1.842 1.667 1.587 1.322 0.952 0.707 0.526 0.000 0.549 0.704 0.992 1.250 1.593 1.790 2.074 2.310 2.197 1.943 1.794 1.582 1.844 2.081 2.175 2.048 2.365 2.424 1.984 2.123 2.509 2.395 2.241 2.453 2.744 2.593 2.965 2.870 2.666 2.210 1.978 1.643 1.490 1.107 1.053 1.295 2.210 3.471 6.702 9.184 12.999 18.511 19.334 26.684 26.587 28.512 28.507 28.373 28.956 28.362 28.103 27.606 27.964 27.554 25.353 25.907 24.647 24.847 22.128 23.202 22.947 25.261 25.141 22.158 22.378 22.128 19.752 19.589 20.042 20.052 21.454
1.338 0.866 0.747 0.726 0.826 0.958 1.031 1.307 1.533 1.775 1.580 1.539 1.275 1.296 1.528 1.391 1.309 1.098 0.840 0.674 0.625 0.519 0.000 0.508 0.645 0.863 1.080 1.189 1.492 1.626 1.531 1.270 1.139 1.135 1.335 1.398 1.477 1.416 1.581 1.582 1.328 1.478 1.680 1.541 1.486 1.791 1.947 1.885 2.281 2.262 2.107 1.650 1.487 1.174 1.109 0.865 0.951 1.167 2.104 3.281 6.232 8.888 12.585 19.036 20.079 26.181 26.986 27.677 28.573 28.938 28.413 28.697 27.951 27.809 27.092 26.826 24.607 25.283 25.344 23.460 24.925 23.409 22.129 25.503 25.146 23.176 21.688 22.172 20.152 19.619 20.272 20.391 21.016
1.345 0.867 0.775 0.785 1.042 1.242 1.315 1.724 1.911 2.198 1.858 1.783 1.470 1.639 1.845 1.621 1.581 1.289 1.019 0.908 0.865 0.717 0.510 0.000 0.508 0.663 0.818 0.961 1.215 1.377 1.217 1.098 0.966 1.099 1.353 1.408 1.477 1.370 1.523 1.481 1.184 1.367 1.539 1.365 1.359 1.652 1.761 1.707 2.127 2.135 1.925 1.519 1.258 0.999 0.878 0.738 0.808 1.089 2.072 3.200 6.140 8.600 12.950 19.441 19.502 26.867 27.125 28.114 28.323 28.582 28.945 27.961 27.866 27.804 27.737 27.578 25.003 25.996 24.788 24.681 22.504 22.369 23.783 24.540 24.721 22.997 22.770 22.997 20.922 20.152 20.357 20.489 21.216
1.236 0.741 0.756 0.736 0.948 1.088 1.104 1.414 1.570 1.778 1.510 1.396 1.184 1.316 1.470 1.333 1.361 1.097 0.905 0.919 0.914 0.852 0.620 0.497 0.000 0.497 0.559 0.695 0.909 1.008 0.881 0.743 0.696 0.822 1.012 1.022 1.123 1.153 1.224 1.153 0.968 1.114 1.181 1.031 1.029 1.287 1.377 1.297 1.651 1.610 1.432 1.106 0.942 0.736 0.713 0.672 0.786 1.170 2.185 3.263 6.532 9.510 13.268 20.425 20.227 26.677 27.036 28.040 28.603 28.358 27.913 28.193 28.158 27.685 25.684 27.139 23.532 24.936 23.349 25.941 22.292 22.058 22.506 24.951 24.265 23.288 23.206 22.712 20.508 20.834 21.248 21.104 22.172
1.398 0.934 0.911 0.890 1.133 1.231 1.258 1.572 1.754 1.894 1.656 1.542 1.339 1.415 1.609 1.407 1.410 1.203 0.961 1.047 1.063 0.989 0.795 0.633 0.492 0.000 0.500 0.643 0.867 0.932 0.758 0.629 0.713 0.857 1.010 1.109 1.288 1.302 1.367 1.265 1.078 1.255 1.318 1.121 1.159 1.387 1.461 1.404 1.772 1.762 1.562 1.227 0.961 0.758 0.656 0.662 0.855 1.244 2.084 3.339 6.248 9.098 12.922 19.730 20.132 26.648 27.173 27.798 28.089 29.026 28.708 28.348 28.218 27.971 27.987 27.002 25.844 23.081 24.648 26.536 22.696 23.261 24.881 24.822 24.707 22.965 22.109 21.681 19.924 20.257 20.412 20.632 21.589
1.450 1.008 1.078 1.039 1.339 1.446 1.442 1.680 1.870 1.889 1.619 1.416 1.276 1.483 1.590 1.364 1.498 1.265 1.093 1.242 1.290 1.226 0.977 0.791 0.600 0.497 0.000 0.491 0.595 0.728 0.630 0.580 0.629 0.799 0.956 0.984 1.138 1.195 1.258 1.070 0.921 1.060 1.087 0.846 0.892 1.084 1.120 1.021 1.381 1.319 1.173 0.845 0.740 0.625 0.677 0.849 0.915 1.299 2.105 3.228 6.343 9.387 13.676 20.357 20.463 27.118 27.050 28.035 28.069 27.665 27.942 27.850 27.515 27.157 27.046 26.535 24.422 23.804 23.740 23.597 22.013 21.942 21.989 24.490 25.356 23.269 21.641 21.654 19.683 19.709 20.413 20.590 21.929
1.462 1.073 1.142 1.091 1.343 1.452 1.357 1.581 1.785 1.826 1.524 1.380 1.240 1.442 1.503 1.360 1.463 1.282 1.139 1.300 1.363 1.318 1.092 0.959 0.708 0.622 0.497 0.000 0.507 0.733 0.603 0.609 0.665 0.851 1.024 1.021 1.203 1.228 1.305 1.120 0.942 1.070 1.084 0.880 0.804 1.043 1.081 0.942 1.335 1.331 1.100 0.820 0.753 0.646 0.746 0.889 1.095 1.496 2.340 3.427 6.252 9.068 13.399 20.027 20.292 26.578 26.615 27.731 27.826 27.392 28.638 26.856 27.945 26.957 26.406 27.939 22.518 25.709 20.562 23.632 19.791 20.854 23.985 24.890 24.310 22.677 22.170 21.779 19.671 20.710 21.162 21.014 22.135
2.009 1.550 1.561 1.585 1.835 2.008 1.918 2.199 2.340 2.485 2.072 1.915 1.746 1.964 2.099 1.911 2.077 1.820 1.675 1.886 1.956 1.935 1.622 1.461 1.119 1.169 0.815 0.548 0.000 0.814 0.722 0.949 1.111 1.472 1.667 1.586 1.830 1.756 1.923 1.624 1.380 1.555 1.601 1.234 1.207 1.598 1.542 1.273 1.738 1.707 1.423 1.023 0.921 0.869 1.144 1.407 1.688 2.161 2.976 4.028 6.821 9.320 13.325 19.736 20.569 26.520 26.770 28.027 28.718 28.659 29.264 27.992 28.746 28.482 26.868 28.577 24.414 23.944 25.510 23.573 24.168 24.583 24.968 25.844 24.703 23.250 22.686 22.071 20.288 20.425 20.539 20.681 22.037
2.592 2.286 2.580 2.558 3.066 3.336 2.943 3.196 3.479 3.234 2.741 2.312 2.322 2.784 2.680 2.350 2.797 2.497 2.362 2.788 3.114 2.963 2.519 2.210 1.754 1.486 1.043 0.753 0.566 0.000 0.577 0.830 1.218 1.576 1.636 1.720 2.285 2.478 2.528 1.983 1.799 2.204 2.061 1.484 1.683 2.106 1.899 1.530 1.944 1.948 1.570 1.270 1.122 1.313 1.627 1.989 2.344 2.911 3.813 5.185 7.440 10.295 14.644 20.438 21.673 27.422 26.249 29.041 27.717 28.829 29.000 28.822 28.631 27.547 28.067 27.675 26.031 25.974 24.146 26.184 22.814 23.642 24.678 25.711 24.534 22.569 21.703 21.841 19.643 20.610 20.461 20.596 22.063
1.546 1.284 1.463 1.490 1.869 2.093 2.144 2.335 2.567 2.610 2.285 2.051 1.908 2.179 2.270 2.118 2.246 2.015 1.660 1.957 1.912 1.828 1.482 1.255 0.950 0.835 0.654 0.632 0.648 0.528 0.000 0.502 0.603 0.775 0.993 1.066 1.337 1.437 1.537 1.262 1.102 1.353 1.378 1.051 1.121 1.425 1.435 1.297 1.683 1.746 1.533 1.158 1.006 0.967 1.121 1.284 1.534 1.968 2.784 3.953 6.719 9.248 13.102 19.733 20.693 27.223 26.387 28.924 28.271 29.048 28.951 28.884 28.476 27.953 27.671 27.320 26.373 23.467 24.391 24.113 22.123 22.705 23.316 24.622 24.601 22.628 21.538 21.363 19.343 19.876 20.475 20.529 21.913
1.419 1.154 1.301 1.333 1.623 1.906 1.873 2.160 2.362 2.444 2.132 1.921 1.725 2.011 2.087 1.863 2.032 1.730 1.483 1.682 1.670 1.480 1.240 1.077 0.849 0.674 0.639 0.695 0.864 0.722 0.502 0.000 0.504 0.586 0.875 0.919 1.166 1.233 1.356 1.172 1.031 1.254 1.279 1.050 1.144 1.427 1.480 1.362 1.823 1.888 1.707 1.283 1.151 1.021 1.078 1.104 1.284 1.640 2.403 3.589 6.491 9.173 13.265 18.881 20.117 27.498 26.771 28.871 28.178 28.702 29.265 28.454 28.393 27.716 27.981 27.498 26.044 22.846 23.574 23.635 22.763 22.746 24.387 25.608 24.261 23.239 21.799 20.946 19.815 20.243 20.017 20.269 21.044
1.411 1.061 1.275 1.374 1.635 1.811 1.911 2.228 2.450 2.615 2.261 2.114 1.965 2.112 2.284 2.071 2.268 1.891 1.637 1.739 1.668 1.526 1.355 1.113 0.931 0.766 0.682 0.813 1.025 0.950 0.654 0.505 0.000 0.535 0.749 0.848 0.993 1.138 1.275 1.105 0.952 1.259 1.326 1.036 1.231 1.552 1.551 1.504 1.985 2.094 1.855 1.454 1.258 1.175 1.159 1.195 1.368 1.793 2.552 3.525 6.430 9.399 13.478 19.944 20.117 26.905 26.688 29.032 27.712 29.342 28.763 28.402 28.130 27.636 27.030 26.844 24.933 23.655 21.836 23.984 21.539 21.561 23.082 24.430 24.656 23.367 22.787 22.115 20.056 20.214 21.089 21.225 22.050
1.504 1.289 1.572 1.765 2.165 2.387 2.436 2.691 2.954 3.104 2.597 2.424 2.278 2.671 2.681 2.469 2.677 2.324 2.048 2.202 2.198 1.948 1.743 1.358 1.104 0.937 0.907 0.998 1.317 1.271 0.941 0.686 0.514 0.000 0.618 0.918 1.229 1.369 1.538 1.320 1.157 1.475 1.479 1.257 1.367 1.631 1.663 1.690 2.118 2.184 2.100 1.685 1.634 1.402 1.441 1.477 1.598 2.076 2.800 3.900 6.718 9.310 13.128 19.389 19.591 26.460 26.215 29.044 28.396 28.971 29.308 28.619 28.769 28.060 28.009 27.831 25.796 22.878 24.178 25.767 22.385 24.224 24.616 25.148 25.015 22.875 23.180 22.151 20.225 20.420 20.980 20.783 22.041
1.838 1.736 2.048 2.336 2.970 3.463 3.552 3.934 4.216 4.404 4.064 3.703 3.378 3.689 3.852 3.330 3.465 2.836 2.647 2.738 2.847 2.507 2.198 1.743 1.554 1.219 1.417 1.744 2.169 2.098 1.698 1.172 0.977 0.582 0.000 0.738 1.092 1.650 1.718 1.586 1.564 2.141 2.193 2.013 2.227 2.776 2.904 2.872 3.734 3.762 3.449 2.809 2.401 2.018 1.795 1.811 1.871 2.312 3.291 4.448 7.029 9.595 13.577 19.749 21.129 27.188 26.775 27.984 27.939 28.554 28.526 28.425 28.559 27.724 28.124 27.654 25.791 24.785 24.553 25.067 23.272 24.777 25.059 25.668 25.419 23.983 22.723 21.639 19.818 19.989 20.457 20.357 21.644
1.490 1.320 1.724 1.859 2.196 2.533 2.585 2.805 3.099 3.151 2.882 2.678 2.563 2.761 2.899 2.732 2.873 2.629 2.402 2.487 2.397 2.185 1.985 1.615 1.425 1.271 1.309 1.512 1.806 1.781 1.321 1.079 0.889 0.841 0.543 0.000 0.535 0.758 0.954 0.886 0.849 1.242 1.365 1.293 1.506 1.746 1.909 2.026 2.495 2.687 2.658 2.229 2.059 1.884 1.834 1.863 1.976 2.414 3.195 4.225 6.704 9.333 12.940 19.769 20.804 27.176 26.672 28.356 28.597 28.494 29.045 27.975 28.265 27.417 27.832 27.472 25.276 23.846 23.065 22.900 22.591 21.427 24.045 23.188 24.306 22.730 21.135 21.212 19.290 19.448 20.111 20.239 21.445
1.428 1.150 1.333 1.351 1.545 1.708 1.818 2.051 2.268 2.407 2.173 2.105 1.942 2.113 2.318 2.254 2.341 2.169 1.829 1.957 1.795 1.744 1.621 1.488 1.301 1.291 1.332 1.328 1.598 1.660 1.357 1.144 0.966 0.973 0.771 0.511 0.000 0.502 0.617 0.655 0.639 0.779 0.973 1.037 1.161 1.283 1.498 1.544 2.098 2.281 2.227 1.790 1.810 1.604 1.760 1.702 1.892 2.150 2.904 3.970 6.442 8.720 12.130 18.826 19.650 26.550 26.127 27.353 27.442 28.012 28.148 27.347 27.966 27.344 26.914 26.337 24.369 23.314 22.196 23.470 22.688 22.203 25.405 25.892 25.255 22.928 21.896 21.015 18.895 18.870 19.783 20.046 21.490
1.380 1.020 1.170 1.232 1.356 1.539 1.639 1.859 2.186 2.355 1.907 1.865 1.638 1.899 2.082 1.907 2.076 1.911 1.599 1.769 1.617 1.534 1.434 1.265 1.155 1.191 1.206 1.147 1.412 1.518 1.251 1.143 0.966 1.061 0.961 0.653 0.493 0.000 0.497 0.556 0.562 0.563 0.716 0.816 0.825 0.941 1.156 1.243 1.681 1.829 1.781 1.445 1.521 1.364 1.502 1.463 1.657 1.970 2.640 3.792 6.402 8.789 12.445 19.439 20.542 26.830 26.873 27.779 28.051 28.470 29.048 28.004 27.786 27.567 26.865 27.361 23.141 22.975 24.689 25.414 24.567 23.367 22.893 24.606 27.738 23.514 22.100 22.368 19.165 20.003 20.474 20.582 21.334
1.600 1.271 1.460 1.524 1.613 1.899 2.071 2.347 2.637 2.815 2.422 2.313 2.219 2.412 2.590 2.451 2.537 2.416 2.094 2.180 1.958 1.884 1.812 1.602 1.423 1.481 1.396 1.271 1.476 1.614 1.320 1.375 1.126 1.315 1.248 0.857 0.576 0.493 0.000 0.498 0.598 0.643 0.640 0.735 0.925 0.962 1.102 1.262 1.763 1.988 1.999 1.640 1.770 1.621 1.857 1.883 2.077 2.339 3.046 3.961 6.332 8.713 12.650 19.314 20.276 26.835 26.360 27.681 28.417 28.508 29.117 27.889 28.160 27.771 27.454 26.300 25.258 22.172 22.251 26.272 22.775 22.426 23.545 24.755 23.554 22.062 21.813 21.531 19.191 19.411 20.510 20.476 22.230
1.611 1.137 1.327 1.322 1.510 1.728 1.773 1.966 2.272 2.321 1.985 1.825 1.698 1.945 2.054 1.907 1.996 1.812 1.620 1.779 1.725 1.658 1.502 1.336 1.125 1.140 1.012 0.932 1.132 1.302 1.032 1.033 0.865 1.038 0.983 0.714 0.567 0.525 0.491 0.000 0.490 0.541 0.577 0.556 0.674 0.788 0.974 1.050 1.538 1.696 1.590 1.242 1.241 1.171 1.318 1.366 1.626 1.940 2.679 3.701 6.205 8.761 12.327 19.990 19.986 27.220 26.558 28.335 28.246 28.408 28.680 28.181 27.863 27.808 26.799 26.724 26.387 22.140 23.618 23.691 23.119 21.921 22.870 22.419 24.148 24.010 21.738 21.651 19.321 19.849 20.567 20.337 21.832
1.448 1.075 1.190 1.194 1.391 1.509 1.497 1.731 2.020 2.095 1.751 1.576 1.438 1.716 1.831 1.708 1.884 1.700 1.477 1.597 1.557 1.539 1.431 1.274 1.082 1.073 0.991 0.933 1.181 1.351 1.107 1.012 0.882 1.034 0.953 0.710 0.590 0.532 0.520 0.490 0.000 0.490 0.545 0.567 0.566 0.689 0.904 0.989 1.487 1.556 1.521 1.186 1.268 1.151 1.388 1.397 1.637 1.922 2.632 3.801 6.391 9.093 13.181 19.870 20.872 27.369 26.579 28.656 27.514 28.781 28.359 27.768 27.690 27.238 25.782 27.508 21.999 22.666 24.006 27.761 21.235 22.260 24.025 22.622 23.839 22.670 22.580 22.674 20.661 20.165 21.162 20.971 22.271
1.404 1.055 1.206 1.227 1.391 1.589 1.622 1.800 2.147 2.213 1.799 1.721 1.630 1.842 2.013 1.917 1.995 1.837 1.574 1.711 1.639 1.574 1.449 1.273 1.080 1.150 1.086 0.986 1.212 1.383 1.170 1.107 0.922 1.088 1.030 0.773 0.681 0.564 0.566 0.540 0.490 0.000 0.497 0.545 0.583 0.616 0.775 0.951 1.424 1.552 1.572 1.246 1.320 1.235 1.356 1.406 1.589 1.900 2.614 3.662 6.284 8.894 12.842 19.654 20.810 27.114 26.692 28.678 27.141 28.769 29.233 27.299 28.352 27.973 27.932 27.757 24.035 23.594 24.030 26.255 21.308 20.784 22.047 25.307 24.561 22.878 21.860 21.971 19.848 19.595 20.631 20.571 21.899
1.645 1.298 1.433 1.466 1.590 1.802 1.937 2.132 2.433 2.534 2.127 2.012 1.922 2.191 2.332 2.222 2.377 2.187 1.908 2.083 1.893 1.827 1.762 1.537 1.314 1.361 1.248 1.062 1.239 1.418 1.146 1.251 1.091 1.324 1.349 1.024 0.871 0.708 0.628 0.614 0.560 0.493 0.000 0.497 0.592 0.651 0.729 0.923 1.420 1.617 1.616 1.308 1.433 1.363 1.577 1.667 1.913 2.243 2.929 3.917 6.376 8.754 12.905 19.909 20.702 26.857 26.804 28.589 28.273 28.902 29.219 28.291 28.293 28.123 27.294 27.826 24.522 24.071 22.971 25.205 22.453 21.553 23.240 24.547 25.159 23.113 21.845 21.612 19.093 19.986 20.823 20.876 22.360
1.559 1.196 1.278 1.258 1.401 1.552 1.556 1.773 2.010 2.013 1.716 1.551 1.433 1.707 1.769 1.627 1.799 1.635 1.392 1.637 1.607 1.607 1.376 1.313 1.039 1.100 0.944 0.805 1.051 1.210 0.982 1.040 0.922 1.127 1.145 0.908 0.791 0.730 0.638 0.564 0.530 0.507 0.491 0.000 0.490 0.543 0.674 0.727 1.292 1.363 1.296 1.037 1.092 1.052 1.256 1.345 1.550 1.918 2.603 3.648 6.309 8.813 12.871 20.002 20.735 26.693 26.064 28.333 27.689 28.273 29.019 26.525 27.479 26.977 26.018 28.200 23.506 22.204 23.042 23.487 19.894 20.040 21.246 23.197 23.289 23.220 22.040 21.899 19.306 20.409 21.051 20.706 22.417
1.533 1.203 1.251 1.188 1.404 1.532 1.496 1.783 1.938 1.989 1.710 1.542 1.434 1.622 1.747 1.675 1.821 1.667 1.438 1.602 1.563 1.554 1.395 1.280 1.042 1.088 0.953 0.824 1.047 1.184 0.987 0.987 0.943 1.147 1.157 0.914 0.862 0.797 0.755 0.638 0.561 0.571 0.528 0.491 0.000 0.501 0.651 0.744 1.339 1.365 1.348 1.073 1.104 1.097 1.223 1.282 1.538 1.868 2.668 3.807 6.631 9.251 13.710 20.232 21.267 26.904 27.013 28.446 28.259 28.727 28.752 28.250 27.318 27.248 27.230 27.244 24.838 23.783 23.576 25.669 22.532 22.528 23.469 24.775 24.680 23.067 22.512 21.997 19.575 20.787 21.058 21.137 21.950
1.792 1.319 1.456 1.470 1.720 1.875 1.918 2.107 2.487 2.516 2.065 1.917 1.894 2.170 2.321 2.215 2.395 2.121 1.830 1.979 1.894 1.895 1.703 1.503 1.230 1.351 1.259 1.067 1.329 1.567 1.314 1.414 1.156 1.417 1.570 1.275 1.254 1.108 1.045 0.961 0.722 0.680 0.649 0.599 0.500 0.000 0.529 0.760 1.376 1.584 1.584 1.297 1.408 1.290 1.523 1.576 1.807 2.145 2.838 3.861 6.428 8.764 13.006 19.436 20.567 27.062 26.506 28.475 28.381 28.442 29.528 28.677 28.771 28.260 28.273 28.493 24.313 25.520 22.541 25.821 22.425 22.762 22.994 26.002 24.937 23.347 22.109 21.758 19.853 20.273 20.581 20.649 22.128
2.859 2.424 2.546 2.462 2.723 2.822 2.997 3.159 3.551 3.692 3.086 2.902 2.897 3.403 3.624 3.626 3.885 3.557 2.974 3.453 3.186 3.205 3.099 2.808 2.434 2.501 2.212 1.613 1.759 2.082 1.916 2.289 2.079 2.549 2.652 2.250 2.034 1.704 1.529 1.535 1.291 0.957 0.965 0.959 0.822 0.553 0.000 0.646 1.403 1.820 1.898 1.618 2.083 2.214 2.775 2.934 3.289 3.654 4.522 5.521 7.591 9.759 13.592 20.731 21.267 27.217 26.394 28.578 27.986 28.380 29.663 27.923 28.164 27.945 27.886 27.753 24.165 23.504 23.607 22.167 24.086 22.637 23.712 25.503 25.078 23.397 21.721 21.501 19.497 20.284 20.995 21.102 22.529
3.718 3.356 3.640 3.406 3.914 3.980 3.776 4.089 4.200 4.187 3.463 3.011 3.122 3.610 3.608 3.218 3.709 3.449 3.228 3.702 3.932 3.948 3.508 3.489 2.890 3.054 2.437 1.928 1.791 2.347 2.281 2.721 2.682 3.332 3.557 3.057 3.206 3.084 2.464 2.399 2.257 2.103 1.577 1.443 1.286 1.121 0.572 0.000 1.074 1.629 1.752 1.609 1.950 2.398 2.785 3.164 3.722 4.228 4.995 6.018 8.020 9.944 13.412 20.061 21.235 26.232 26.398 27.949 27.916 27.850 29.626 27.925 27.854 27.045 28.031 28.922 25.481 25.679 24.256 25.841 24.301 23.864 25.158 25.325 25.875 23.623 21.682 21.744 20.307 20.634 21.082 21.160 22.422
4.826 4.523 5.020 4.859 5.958 5.913 5.335 5.287 5.290 5.134 4.062 3.320 3.679 4.601 4.122 3.959 4.990 4.781 4.403 5.325 5.807 5.917 5.197 4.685 3.789 3.585 3.030 2.324 2.351 3.030 2.527 3.039 3.051 3.925 4.242 3.357 3.968 4.465 3.849 2.885 2.923 3.203 2.327 1.745 1.931 1.990 1.314 0.896 0.000 0.675 1.238 1.764 2.453 2.946 3.573 4.085 4.840 5.648 6.563 7.921 10.232 12.053 15.168 21.138 22.488 26.936 25.985 28.777 27.751 28.465 29.731 28.247 28.308 27.281 27.859 28.523 25.110 24.580 23.649 25.929 23.912 23.037 24.530 23.853 25.362 23.001 22.173 22.597 20.892 21.839 21.970 22.419 23.412
5.068 4.599 4.685 4.411 5.307 5.060 4.512 4.349 4.540 4.140 3.446 2.848 2.923 3.456 3.322 2.883 3.464 3.287 3.391 4.397 4.829 5.040 4.551 4.243 3.575 3.745 3.227 2.386 2.228 2.998 2.990 3.661 3.599 4.325 4.942 4.415 4.477 4.298 4.076 3.756 3.294 3.166 2.710 2.352 2.069 2.175 1.665 1.269 0.596 0.000 0.690 1.291 1.800 2.370 3.124 3.579 4.385 4.813 5.639 6.783 8.938 10.977 14.087 20.761 21.995 26.930 26.441 28.634 28.063 28.938 29.855 28.832 28.539 28.315 28.331 28.501 25.210 24.083 24.313 25.039 23.272 23.391 25.052 24.399 25.531 23.318 22.029 22.069 20.381 21.095 21.219 21.365 22.549
3.484 3.014 3.101 2.853 3.570 3.592 3.100 3.334 3.551 3.202 2.533 2.091 2.138 2.761 2.587 2.369 2.780 2.510 2.327 3.024 3.449 3.507 2.792 2.695 2.166 2.115 1.770 1.388 1.385 1.910 2.045 2.314 2.407 2.747 3.327 3.121 3.453 3.294 3.243 2.897 2.462 2.495 2.394 1.955 1.708 1.936 1.804 1.321 1.020 0.563 0.000 0.574 0.941 1.201 1.737 2.134 2.646 3.229 4.037 5.008 7.560 9.740 13.781 20.177 21.412 27.106 27.032 29.229 29.531 29.146 29.206 28.743 28.368 27.280 27.625 28.423 24.243 23.434 25.368 25.727 23.490 23.624 24.806 24.698 25.275 23.488 21.754 21.875 20.225 20.703 20.996 20.964 22.087
2.534 2.176 2.201 2.063 2.513 2.624 2.203 2.470 2.712 2.665 2.114 1.690 1.677 2.013 2.010 1.709 1.971 1.758 1.646 2.004 2.253 2.175 1.819 1.750 1.493 1.424 1.162 1.012 1.075 1.415 1.517 1.644 1.817 2.024 2.360 2.280 2.612 2.485 2.454 2.159 1.886 1.930 1.884 1.551 1.342 1.528 1.469 1.174 1.149 0.865 0.540 0.000 0.533 0.745 1.049 1.310 1.595 2.030 2.843 3.955 6.705 9.075 13.406 19.543 21.382 26.585 27.325 27.971 29.276 29.280 29.041 28.195 27.936 26.660 26.737 28.954 24.324 24.886 21.223 23.830 22.674 23.332 23.910 24.271 24.577 22.023 21.244 21.504 19.941 20.596 20.636 20.717 21.799
1.898 1.425 1.469 1.403 1.822 1.917 1.695 2.031 2.191 2.157 1.816 1.552 1.385 1.651 1.690 1.472 1.643 1.400 1.267 1.471 1.696 1.561 1.289 1.116 0.972 0.939 0.781 0.676 0.710 1.033 1.031 1.127 1.155 1.340 1.581 1.574 1.803 1.804 1.865 1.601 1.398 1.480 1.499 1.230 1.157 1.402 1.350 1.118 1.282 1.133 0.837 0.511 0.000 0.509 0.717 0.898 1.197 1.583 2.416 3.680 6.735 9.348 13.895 19.742 21.507 27.448 27.704 28.320 28.554 28.430 28.881 27.514 28.899 27.804 25.732 28.118 23.016 23.701 24.861 24.396 23.787 22.915 24.327 24.646 24.847 22.862 21.402 21.610 19.890 20.293 20.608 20.892 22.032
1.731 1.246 1.321 1.248 1.492 1.572 1.501 1.784 1.958 2.008 1.643 1.444 1.284 1.499 1.567 1.435 1.478 1.287 1.090 1.287 1.349 1.352 1.112 0.964 0.748 0.778 0.642 0.645 0.763 1.054 0.920 0.930 1.013 1.152 1.274 1.302 1.346 1.414 1.427 1.316 1.116 1.248 1.297 1.073 1.018 1.247 1.308 1.167 1.381 1.294 1.015 0.702 0.501 0.000 0.508 0.680 0.999 1.415 2.179 3.278 6.611 9.946 13.951 20.865 22.588 27.022 27.566 29.431 29.035 29.203 28.731 27.854 28.589 27.304 26.806 27.942 25.464 24.956 23.566 22.957 20.843 21.825 23.457 25.202 25.206 22.605 21.442 21.455 19.274 20.225 21.080 21.129 22.161
1.858 1.276 1.344 1.263 1.646 1.796 1.745 2.070 2.305 2.295 1.974 1.755 1.505 1.748 1.821 1.530 1.604 1.262 1.159 1.358 1.482 1.346 1.040 0.844 0.672 0.703 0.693 0.747 0.934 1.163 1.074 1.063 1.072 1.181 1.420 1.441 1.630 1.596 1.683 1.562 1.302 1.431 1.483 1.246 1.223 1.461 1.546 1.360 1.701 1.661 1.344 0.946 0.714 0.511 0.000 0.519 0.771 1.174 2.052 3.394 6.559 9.661 14.100 20.489 22.423 27.914 27.355 28.671 28.724 28.814 29.092 28.932 28.540 28.122 28.365 27.193 26.328 24.127 24.395 24.436 24.156 22.574 24.191 26.340 25.384 23.919 22.326 21.490 19.999 20.493 20.751 21.017 22.049
1.813 1.412 1.363 1.380 1.811 1.977 2.142 2.443 2.727 2.786 2.374 2.054 1.801 2.048 2.207 1.900 1.960 1.496 1.252 1.503 1.606 1.399 0.999 0.848 0.813 0.852 0.903 1.010 1.185 1.429 1.380 1.302 1.306 1.419 1.732 1.775 1.950 1.892 2.066 1.919 1.554 1.808 1.948 1.574 1.539 1.896 1.923 1.617 2.031 2.033 1.599 1.241 0.961 0.724 0.527 0.000 0.527 1.022 1.937 3.086 6.217 9.314 13.552 19.822 21.415 27.877 27.740 28.696 28.901 29.006 28.550 28.735 28.558 27.855 27.841 27.857 25.400 26.910 22.882 24.952 21.917 22.246 23.164 26.091 26.085 23.439 22.616 22.002 19.952 19.911 20.492 20.551 21.524
2.457 1.791 1.852 1.861 2.396 2.772 2.605 3.259 3.704 3.656 3.181 2.918 2.449 2.934 3.122 2.637 2.754 2.048 1.726 1.733 1.980 1.715 1.236 0.890 0.997 1.070 1.327 1.479 1.765 2.031 1.984 1.822 1.820 1.875 2.238 2.409 2.715 2.520 2.669 2.563 2.123 2.337 2.451 2.139 2.086 2.439 2.543 2.299 2.801 2.783 2.613 1.917 1.755 1.239 0.997 0.561 0.000 0.586 1.493 2.644 6.553 9.153 13.181 19.382 20.440 27.420 26.602 28.870 29.192 29.045 29.322 28.807 28.625 27.973 28.057 28.054 27.244 25.528 25.560 25.576 23.716 22.761 23.883 26.175 25.494 23.171 22.387 21.893 20.417 20.547 20.404 20.721 21.524
4.320 3.824 3.622 3.589 4.782 4.983 4.743 6.163 6.582 7.319 6.676 6.361 5.161 5.455 6.102 5.303 4.826 3.655 3.355 2.737 3.119 2.860 1.776 1.892 2.525 2.240 2.741 3.687 4.230 4.115 4.159 3.270 3.651 3.411 4.399 4.990 5.654 5.997 6.124 5.511 5.010 5.925 6.097 5.317 5.415 6.481 6.510 5.970 7.046 7.395 6.731 5.244 4.051 2.983 2.112 1.592 0.665 0.000 1.024 2.407 6.334 9.230 13.442 18.953 21.165 27.118 27.236 28.893 28.713 29.216 29.575 28.997 28.526 27.978 28.297 28.641 26.471 27.029 25.012 25.626 23.872 24.348 25.027 26.248 26.845 24.156 22.758 22.527 20.648 20.637 20.652 21.229 21.882
9.961 8.511 7.258 6.653 9.421 10.367 9.625 11.859 12.513 13.258 11.612 9.268 8.325 10.148 10.570 8.951 9.074 6.548 4.586 5.589 6.817 5.208 3.536 4.450 5.018 6.539 7.694 6.684 7.525 9.757 10.541 10.623 9.629 10.209 12.753 13.073 14.628 13.755 14.843 13.830 11.224 11.767 12.815 10.813 8.849 11.064 11.515 9.561 10.638 10.160 9.099 7.717 6.973 4.896 5.199 3.257 2.550 1.042 0.000 1.614 5.541 9.466 13.392 17.732 19.737 26.520 26.333 28.510 28.900 28.885 29.392 28.717 28.569 28.230 28.552 28.997 27.270 27.033 26.251 26.466 25.596 25.727 26.084 26.869 26.527 25.779 25.068 24.949 23.323 22.349 21.753 21.688 22.284
12.046 12.004 10.746 12.983 16.471 20.260 20.225 23.992 25.219 25.769 24.959 24.438 21.964 24.077 24.669 23.316 22.376 18.872 15.448 12.946 13.452 9.141 8.351 7.608 10.937 12.273 15.554 16.759 19.253 19.609 18.650 17.528 14.945 13.989 15.646 16.030 17.070 16.152 18.169 17.594 15.621 17.329 18.810 18.420 18.477 20.733 21.805 21.416 23.714 24.655 23.836 21.677 20.202 16.572 15.683 10.626 7.849 4.867 1.481 0.000 2.585 7.816 11.022 17.366 19.490 25.931 26.579 28.531 28.549 29.035 29.088 29.092 29.277 28.825 28.853 28.690 28.034 27.246 26.299 25.922 25.283 25.067 26.098 26.219 26.289 25.641 24.828 25.116 24.282 24.231 24.139 23.798 24.321
20.491 20.406 16.461 17.650 18.896 21.775 23.102 25.873 26.697 27.157 26.803 26.973 24.853 25.248 26.821 25.731 24.433 21.440 18.996 14.499 14.660 10.657 12.819 15.041 20.256 23.037 25.339 26.179 26.548 26.890 26.889 27.059 25.661 24.556 25.790 25.910 25.827 25.075 26.296 26.505 25.131 25.165 26.957 26.650 26.191 26.464 27.416 26.978 27.759 27.444 27.411 27.258 25.853 24.462 23.095 17.188 13.360 8.490 4.947 1.735 0.000 1.506 4.008 7.496 12.018 16.867 21.055 22.988 24.679 25.712 26.282 27.061 27.529 27.121 27.076 26.190 26.159 25.405 25.543 24.011 24.063 23.080 24.174 24.461 25.075 24.687 23.773 24.023 22.953 22.677 22.541 22.799 23.583
23.464 22.812 20.230 21.113 21.665 23.613 24.602 26.917 27.522 28.252 27.947 28.395 26.837 26.603 27.807 27.529 25.574 23.430 22.063 17.804 16.789 14.588 16.737 17.679 22.831 24.421 27.694 28.070 28.443 28.483 28.426 28.824 27.112 26.694 27.513 27.578 27.571 27.054 27.978 28.269 27.048 27.660 28.392 28.123 27.909 28.357 28.738 28.756 28.867 28.944 29.216 28.739 28.830 27.263 26.626 21.472 15.138 10.951 7.666 4.292 1.316 0.001 1.321 4.136 7.762 11.214 13.735 16.235 17.851 19.974 21.065 22.108 23.052 22.768 22.868 21.498 21.843 20.795 21.324 20.112 20.860 20.881 20.955 22.764 22.724 22.199 22.002 22.246 21.567 21.327 21.146 21.555 22.570
24.954 24.554 22.455 22.557 22.657 23.823 24.929 26.349 27.292 27.796 27.488 28.104 26.750 26.548 27.956 27.784 26.036 24.694 24.153 19.497 18.905 16.219 18.891 19.498 25.339 25.654 27.865 28.508 29.226 28.655 28.996 28.350 27.664 27.118 27.436 27.712 27.509 26.880 28.006 28.345 27.768 27.436 28.386 28.740 28.402 28.316 29.094 28.989 29.192 29.289 29.153 29.375 28.522 27.464 26.414 22.590 17.441 11.566 8.907 5.790 3.575 0.954 0.000 1.157 3.491 4.495 6.269 7.958 9.212 11.773 12.528 12.659 13.738 14.299 13.930 12.986 15.009 15.739 15.069 14.826 15.619 17.195 17.442 17.416 18.288 18.113 18.008 18.696 18.318 19.444 19.805 20.621 21.922
24.906 25.099 23.166 24.131 24.227 23.683 24.951 26.433 26.770 27.923 27.652 28.275 26.929 26.567 27.915 27.717 26.211 25.772 25.008 19.393 18.775 16.272 19.633 20.009 25.739 27.003 28.859 28.904 28.865 28.882 28.946 29.117 28.329 28.143 27.347 27.477 27.416 26.207 27.957 28.259 27.470 27.133 28.465 28.651 28.199 28.407 29.061 29.310 29.525 29.710 29.610 29.157 29.053 27.354 27.566 23.832 18.574 12.875 9.607 7.113 4.545 2.871 0.802 0.001 0.860 1.605 2.566 3.190 4.570 5.637 6.898 6.635 7.865 7.638 6.847 7.518 8.296 10.842 9.137 9.847 9.670 12.174 12.024 11.850 12.777 12.219 12.782 13.815 13.633 15.648 17.331 18.836 20.352
24.892 24.580 23.581 22.975 22.418 22.471 23.025 26.323 26.087 27.186 27.016 27.353 26.182 25.898 27.227 27.460 25.511 25.273 24.965 19.407 19.290 17.070 20.442 19.842 25.329 27.018 28.210 28.394 28.134 28.416 28.875 28.412 26.814 27.424 28.280 27.494 27.658 26.538 27.380 28.282 27.184 27.328 28.409 28.204 27.991 28.434 29.130 28.999 29.410 29.340 28.885 28.755 28.118 28.181 27.518 24.745 18.448 14.082 10.175 7.852 5.344 3.330 1.506 0.606 0.000 0.587 0.990 1.456 1.821 2.462 2.545 3.648 4.401 4.128 3.572 3.071 3.739 3.812 4.298 4.114 5.347 6.758 6.649 7.525 8.265 8.368 9.730 11.066 11.661 14.214 16.185 17.818 19.986
25.694 26.489 23.783 24.274 23.477 22.923 24.839 26.867 26.066 27.362 27.719 27.080 26.974 26.631 27.357 27.736 26.436 25.712 25.343 19.019 19.104 16.850 20.014 20.465 26.472 27.492 28.741 28.917 28.394 28.438 29.250 28.933 27.837 27.558 27.313 27.772 26.434 26.511 27.377 28.358 27.765 27.416 28.699 28.440 27.718 28.934 29.165 29.101 28.716 28.904 29.333 29.077 29.100 29.031 27.733 24.915 19.780 14.815 11.057 8.077 5.722 4.068 2.171 1.101 0.558 0.000 0.544 0.801 1.096 1.491 1.826 2.465 3.112 3.284 2.492 1.931 2.241 2.304 2.589 2.683 3.741 5.991 6.422 6.073 6.176 7.025 8.635 10.413 10.945 13.907 15.849 17.876 19.585
25.949 25.616 24.521 24.249 22.552 22.149 24.707 25.595 26.062 27.043 27.004 27.566 27.544 26.129 26.825 27.900 24.528 25.416 25.821 19.352 19.503 16.879 21.277 20.895 25.915 26.874 28.352 28.139 28.633 28.453 28.201 28.706 26.977 27.751 27.880 26.959 25.991 25.392 26.630 27.874 26.291 26.885 28.385 27.871 26.349 28.600 29.036 28.607 28.973 29.114 29.098 28.260 27.595 28.385 27.790 25.011 19.473 14.809 10.646 7.821 5.708 4.034 2.108 1.395 0.821 0.519 0.000 0.532 0.708 1.031 1.276 1.859 2.518 2.695 1.914 1.612 1.677 1.937 2.233 2.148 3.371 3.991 4.371 5.542 6.426 6.357 8.247 9.721 10.526 13.250 15.478 17.596 19.765
25.968 26.153 24.505 24.780 23.326 22.699 24.775 25.988 25.657 26.766 26.778 27.606 26.788 25.638 27.039 27.868 26.164 25.671 25.241 18.557 19.203 16.994 19.902 20.741 26.190 26.272 28.623 29.041 28.641 28.859 29.088 28.532 27.508 27.816 26.531 27.584 26.346 26.275 26.774 27.827 28.098 28.213 28.839 28.555 27.903 28.713 28.996 29.563 29.011 29.350 29.790 29.669 28.877 28.815 27.445 25.488 19.211 15.283 10.764 7.891 6.186 4.640 2.635 1.634 1.096 0.798 0.510 0.000 0.518 0.778 1.050 1.518 2.146 2.258 1.582 1.257 1.372 1.564 1.806 1.793 2.448 3.225 4.053 4.536 5.081 5.948 7.768 9.652 10.461 13.125 15.166 16.956 18.865
26.158 25.234 23.951 23.969 21.671 21.341 24.205 25.036 24.292 26.660 26.771 27.460 27.632 26.148 26.574 28.185 24.295 26.005 25.112 19.474 19.403 17.211 20.663 20.412 26.359 26.199 28.501 27.674 28.118 28.518 28.214 28.252 26.234 26.571 26.947 26.516 25.440 25.628 26.153 27.680 26.107 25.169 27.937 28.377 27.933 27.504 28.676 28.973 28.528 27.628 28.735 29.379 29.310 28.544 28.032 25.562 19.262 15.190 10.343 7.868 6.255 4.562 2.876 2.021 1.343 1.001 0.763 0.514 0.000 0.534 0.869 1.390 1.958 2.187 1.578 1.278 1.588 1.750 1.993 1.977 2.991 3.381 3.955 5.039 6.383 6.588 8.312 9.950 10.597 13.243 15.206 17.368 19.422
25.234 25.792 23.955 24.653 22.593 22.206 23.796 24.968 25.176 26.634 27.399 28.353 27.373 26.493 27.236 27.771 25.359 26.099 25.599 18.988 19.325 16.989 20.204 20.215 26.484 27.257 27.875 28.769 29.337 29.076 28.808 28.548 27.825 26.791 26.369 26.713 26.308 26.164 27.091 27.840 27.832 27.067 28.591 27.982 27.525 28.071 28.816 29.407 29.118 29.505 29.689 29.551 29.054 28.126 27.342 25.508 19.357 14.784 11.050 8.401 6.418 5.515 4.022 3.265 2.177 1.699 1.195 0.919 0.545 0.000 0.558 1.053 1.753 2.040 1.422 1.366 1.634 1.905 2.461 2.414 3.334 4.321 4.693 5.311 6.256 7.100 8.597 9.952 10.737 13.363 15.312 17.128 18.952
25.539 26.176 25.084 24.003 22.928 22.705 23.400 25.403 25.923 27.154 26.938 27.791 25.721 26.155 27.330 27.477 25.321 26.239 25.247 20.911 21.461 18.298 22.206 21.598 25.955 27.338 28.125 29.182 29.151 29.131 28.762 28.850 27.549 27.765 26.733 27.488 26.927 27.021 27.593 28.375 27.161 26.936 28.298 28.763 28.673 28.705 29.363 29.450 29.026 29.521 29.576 29.152 29.115 27.747 27.721 25.436 19.989 15.795 11.878 11.840 8.493 6.955 5.485 4.344 3.292 2.501 1.922 1.428 0.988 0.586 0.000 0.668 1.327 1.783 1.662 1.608 2.309 2.950 3.229 3.792 5.564 6.457 7.998 8.849 10.166 9.269 10.574 11.468 12.340 14.387 16.391 18.454 20.008
25.161 25.424 23.831 24.438 21.893 22.338 23.890 25.743 25.598 26.864 27.256 28.442 26.675 25.892 26.706 27.548 25.005 25.810 25.233 20.487 20.687 18.302 21.679 21.520 27.136 26.283 28.535 29.273 29.357 29.061 28.716 28.731 27.980 27.015 26.805 27.441 27.140 26.482 26.900 27.758 27.896 27.300 27.824 28.724 28.657 28.634 28.401 29.491 29.702 29.281 29.073 28.959 29.329 28.396 27.387 25.816 20.781 17.391 15.014 14.580 11.845 9.253 7.756 5.964 5.308 3.992 3.528 2.501 1.861 1.424 0.814 0.000 0.727 1.319 1.721 1.999 3.156 3.823 4.736 5.192 6.872 8.016 8.213 8.932 10.225 10.826 11.535 12.246 12.999 15.102 17.370 19.048 20.715
25.412 25.721 24.396 24.572 23.024 23.166 23.763 24.906 26.215 27.177 27.199 27.957 26.599 26.430 27.844 27.247 26.487 25.865 25.275 20.709 21.108 19.042 21.801 21.722 27.037 26.468 28.162 28.963 29.176 28.785 28.372 28.521 27.896 27.541 27.247 26.796 26.760 26.431 27.636 27.350 28.030 27.549 27.900 28.481 28.112 28.673 28.441 28.816 28.841 29.304 29.161 29.040 29.312 28.363 27.430 25.840 21.758 17.768 17.638 16.795 13.480 11.407 10.068 8.348 7.549 5.701 5.554 3.901 3.056 2.049 1.383 0.638 0.000 0.783 1.508 2.430 3.111 3.949 4.642 5.686 6.851 8.973 9.670 9.966 11.216 11.008 12.114 12.839 13.256 15.720 17.422 18.912 21.069
25.176 25.657 24.385 23.563 22.330 22.333 23.708 24.433 25.036 26.111 25.878 27.214 26.248 25.724 27.058 26.973 25.068 24.839 24.604 20.130 20.600 18.351 21.173 21.564 26.170 26.158 27.788 28.355 29.095 28.844 28.494 28.319 27.931 26.965 27.480 27.400 27.361 26.745 27.168 27.376 27.609 26.856 27.814 28.605 28.183 28.803 28.412 29.154 29.367 29.405 29.117 28.685 28.825 27.758 26.515 25.505 21.532 18.527 17.530 16.600 13.901 11.431 10.574 9.203 8.668 7.622 6.809 5.579 4.333 3.417 2.372 1.453 0.683 0.000 0.975 1.877 2.848 3.521 4.207 4.581 6.284 8.432 8.989 9.173 10.791 10.329 10.948 12.176 13.017 15.324 17.130 18.620 20.511
24.695 25.554 23.402 23.590 21.713 22.366 23.485 24.238 24.981 26.282 26.510 27.490 23.987 26.359 27.567 27.750 24.330 24.261 24.558 18.911 19.904 17.312 20.473 20.598 25.748 26.374 28.338 28.258 28.618 29.144 28.632 28.128 27.860 26.741 25.842 27.394 26.311 26.899 27.583 27.882 27.577 27.227 28.047 28.746 27.869 28.330 28.744 28.571 28.671 28.832 29.054 28.261 28.879 28.034 26.858 25.078 19.106 15.480 13.531 12.285 10.118 7.838 5.862 5.119 3.995 3.597 3.150 2.690 2.404 2.363 1.801 2.107 1.706 1.128 0.000 0.699 1.699 2.514 3.774 4.206 5.691 6.262 7.380 8.355 9.217 9.767 10.450 11.787 12.498 14.693 16.708 18.254 19.874
25.419 24.528 23.355 23.127 22.706 22.631 22.769 24.190 26.706 26.719 26.218 28.001 28.114 26.114 25.694 25.512 24.716 25.006 24.348 17.500 18.514 17.059 19.954 20.343 25.288 24.857 27.146 28.027 27.942 28.425 28.110 27.704 26.656 25.712 25.841 25.927 26.592 25.247 26.622 26.516 27.701 26.716 28.253 28.932 28.195 28.259 28.529 28.228 27.557 27.965 26.787 28.571 26.425 28.668 24.640 24.713 20.001 15.021 10.666 9.010 7.181 5.574 4.192 3.590 2.914 2.454 2.254 1.964 1.799 1.612 1.534 1.724 1.870 1.413 0.544 0.000 0.542 0.823 1.303 1.609 2.256 2.646 3.090 4.015 5.049 5.748 7.540 9.068 10.336 12.638 14.668 16.572 18.882
24.764 24.896 23.890 23.461 23.771 22.543 23.717 25.228 25.339 26.960 24.935 28.068 26.160 26.333 27.127 26.882 24.735 23.965 24.373 17.343 18.651 16.470 19.712 20.826 24.730 25.554 26.840 25.588 28.321 28.113 27.978 27.046 25.752 25.414 25.336 25.829 25.936 24.319 26.098 27.256 25.344 26.102 27.009 27.253 26.139 28.145 27.626 28.357 28.826 29.140 28.067 28.911 26.848 27.836 25.414 24.347 19.558 15.556 11.200 9.606 7.409 5.978 5.098 4.253 3.717 3.102 2.984 2.585 2.242 2.050 1.723 2.109 2.265 2.100 1.026 0.603 0.000 0.589 1.116 1.661 2.143 2.883 3.384 4.386 5.296 5.819 7.310 8.755 9.819 12.476 14.496 16.069 18.107
24.608 25.138 24.065 26.208 23.061 24.159 25.147 25.249 25.763 27.851 26.821 28.039 27.187 26.742 27.705 26.424 25.117 24.489 26.569 18.919 21.018 17.016 20.883 20.440 26.891 24.554 25.636 26.789 27.081 28.688 27.754 27.651 25.646 26.201 26.958 25.496 26.146 25.764 25.555 26.977 26.751 27.780 28.007 28.148 28.918 28.341 28.250 27.967 27.935 28.517 28.503 28.239 26.330 27.743 24.088 23.698 19.294 14.861 12.051 8.895 6.781 5.286 4.291 3.637 3.085 3.087 3.262 2.310 2.282 1.921 1.768 2.044 2.328 2.037 1.341 0.946 0.540 0.000 0.521 0.747 1.039 1.321 1.777 2.343 3.347 3.947 6.530 8.198 10.002 12.148 14.073 16.070 18.132
22.481 25.204 24.094 24.033 24.322 24.060 25.578 26.317 25.914 26.703 27.897 26.824 26.199 27.156 27.747 27.739 25.860 24.174 24.474 18.396 19.990 17.146 20.112 20.644 24.412 24.389 26.323 24.644 28.092 27.613 27.945 27.695 25.007 26.027 25.986 25.087 26.697 25.903 26.749 26.921 27.113 26.447 27.796 26.307 26.211 27.298 27.670 26.812 27.453 27.766 28.642 27.335 27.675 26.412 25.456 24.237 19.615 15.466 11.867 8.465 6.371 4.997 3.852 3.430 2.903 2.672 2.401 2.109 2.012 1.935 1.695 2.265 2.595 2.271 1.412 1.193 0.773 0.509 0.000 0.510 0.775 1.191 1.543 2.022 3.352 4.246 6.647 8.760 10.185 12.518 14.403 16.254 18.361
23.897 25.194 24.588 25.018 22.201 24.071 24.086 27.175 26.240 28.232 27.649 27.599 26.961 26.819 28.404 27.876 26.117 25.904 25.651 19.189 21.918 17.588 21.221 21.235 26.173 25.038 25.889 27.796 27.341 28.558 28.225 27.569 25.474 25.245 26.423 25.049 25.830 27.818 26.482 27.290 27.976 27.934 28.145 28.288 28.777 28.897 28.897 28.568 27.905 28.975 28.457 27.953 27.208 27.503 24.779 25.025 19.144 14.753 11.469 8.518 6.694 5.684 4.371 4.085 3.454 3.138 2.930 2.672 2.352 2.247 2.052 2.330 2.680 2.365 1.581 1.292 1.057 0.783 0.519 0.000 0.519 0.943 1.714 2.100 3.129 3.922 6.371 7.944 10.163 12.154 14.084 15.938 17.465
23.907 25.226 24.972 24.437 22.270 22.370 24.417 25.405 24.721 26.208 26.246 27.581 25.397 25.882 25.795 27.407 25.245 24.199 23.917 19.077 19.990 17.159 19.538 21.152 24.752 24.363 26.132 26.772 28.118 27.754 27.210 27.105 26.327 24.569 25.397 25.390 26.479 26.030 26.139 26.537 26.262 25.679 26.630 27.408 26.495 27.183 28.239 27.289 28.058 27.649 27.857 27.225 27.742 26.238 25.291 23.812 19.221 15.918 13.111 10.275 8.098 6.743 5.054 4.427 3.933 3.748 3.282 3.114 2.488 3.037 2.622 2.988 3.258 2.834 2.106 1.850 1.505 1.160 0.842 0.527 0.000 0.581 1.708 2.116 3.541 3.950 6.654 8.288 9.277 11.851 13.694 15.497 17.476
25.536 25.992 23.571 21.864 21.131 22.677 24.129 25.511 24.016 26.468 26.191 26.156 27.082 25.580 25.716 26.552 24.029 24.644 24.724 19.851 19.571 17.621 20.078 21.397 24.373 24.069 26.038 27.968 28.417 28.512 28.326 27.577 24.888 25.535 24.607 23.519 25.169 27.203 25.930 26.431 26.925 26.024 26.726 28.229 26.585 27.180 27.880 28.333 27.606 27.423 27.872 28.147 28.010 27.021 24.674 23.633 20.022 16.895 15.057 12.368 10.471 8.581 7.426 7.597 7.044 6.575 6.630 5.678 5.999 5.702 5.356 5.177 5.461 4.820 3.867 3.841 3.247 2.930 2.039 1.605 0.717 0.000 0.853 1.748 3.554 4.323 6.843 8.565 9.488 11.678 13.570 15.254 17.549
26.543 24.328 24.106 22.982 22.064 22.069 23.939 24.200 24.913 26.134 26.803 27.530 26.583 25.644 26.142 27.221 24.459 24.973 25.089 20.012 20.187 17.477 19.970 21.965 24.857 25.566 25.562 28.106 28.341 28.687 28.445 27.823 26.644 26.752 24.817 26.793 27.536 26.440 26.893 27.518 27.198 25.903 27.950 28.120 27.467 27.126 28.314 28.519 28.525 28.184 28.588 28.610 28.953 27.069 25.436 24.434 20.448 17.134 15.812 14.695 12.737 10.745 9.396 8.849 8.566 7.779 7.982 7.155 7.728 7.705 7.521 7.392 8.037 7.051 6.299 5.655 5.253 3.960 3.179 2.355 1.397 0.893 0.000 0.696 1.890 3.461 5.236 7.363 8.894 10.880 12.409 14.210 16.517
24.824 23.993 23.317 22.996 22.434 21.792 23.065 23.397 23.934 26.135 25.398 26.176 25.982 24.465 26.729 26.280 24.067 24.756 24.816 19.629 19.589 17.847 20.766 21.995 24.931 25.487 26.834 27.290 28.512 28.906 28.481 28.569 26.382 26.392 26.581 29.453 27.801 23.506 26.069 26.550 27.065 26.434 28.216 28.499 26.834 27.667 28.640 28.881 28.454 28.142 28.302 28.341 28.132 27.402 26.230 24.971 20.665 16.467 15.947 15.146 13.863 12.192 11.328 10.386 10.584 9.754 9.334 8.965 8.234 8.940 8.622 8.319 9.307 8.145 7.729 6.651 6.187 5.419 4.747 2.964 2.227 1.439 0.595 0.000 0.977 1.983 4.486 6.209 8.286 10.852 13.026 15.032 16.795
24.427 22.427 23.104 22.310 22.926 23.036 23.144 24.571 24.471 26.464 26.336 26.649 25.812 24.752 26.476 26.372 25.063 24.958 24.727 20.566 20.747 19.299 20.708 22.099 25.261 25.311 27.387 27.935 27.901 27.869 28.335 28.237 25.994 25.918 24.944 25.819 28.039 24.671 25.395 27.239 26.361 26.084 27.887 27.800 27.507 27.924 28.055 28.099 27.768 27.459 27.847 28.513 27.922 27.038 26.377 24.940 20.923 18.469 18.563 18.255 17.641 15.956 15.753 15.457 16.070 15.532 15.902 15.739 15.926 16.258 15.649 16.408 16.025 15.531 14.916 13.976 13.260 12.533 10.246 7.880 6.101 4.311 2.275 0.717 0.000 1.202 3.806 5.293 6.796 9.531 11.558 13.287 15.878
22.669 22.987 22.510 22.268 21.913 22.833 23.620 24.649 25.948 27.130 27.009 27.234 25.846 25.935 26.893 26.996 25.834 25.385 24.614 21.865 20.985 20.549 21.391 22.360 25.200 25.758 27.157 26.899 27.895 27.911 27.624 27.594 25.813 25.715 25.625 25.755 23.762 21.353 25.595 26.882 25.472 24.881 26.373 25.972 26.600 27.350 27.876 27.757 28.734 28.383 28.494 28.361 28.859 27.320 27.206 25.318 22.913 21.764 21.389 20.662 20.433 19.688 20.254 19.725 20.463 20.148 20.155 20.095 20.176 20.205 19.116 20.137 19.561 18.950 18.838 17.989 17.638 15.700 12.821 10.685 7.997 5.548 3.737 2.491 0.965 0.000 1.129 3.274 4.786 7.097 9.340 11.105 13.618
21.738 23.250 22.176 23.017 21.874 22.854 23.659 25.164 25.907 27.476 27.337 27.603 26.026 25.727 27.296 26.952 25.773 25.551 24.539 22.324 21.703 21.065 21.857 23.072 25.377 25.513 27.164 27.438 27.781 27.900 27.854 27.596 25.566 25.775 24.816 24.849 23.161 22.422 24.931 25.638 24.845 25.134 27.588 27.377 27.071 28.190 28.251 28.244 28.730 28.616 28.549 28.258 28.016 26.755 26.806 24.766 23.017 21.815 21.444 21.299 21.423 20.795 21.912 20.942 21.801 22.110 21.518 21.563 21.336 22.124 21.158 22.216 21.935 21.294 20.949 19.937 19.829 17.735 15.876 12.296 9.809 7.029 5.739 5.162 2.888 0.917 0.000 1.912 4.186 6.060 7.606 9.899 12.106
22.439 22.532 21.707 21.959 21.474 23.152 24.787 26.029 27.065 27.886 27.573 27.862 26.725 26.810 27.786 27.661 26.730 26.450 25.232 23.669 22.723 21.346 22.832 23.013 25.009 25.464 26.682 27.011 27.791 27.992 27.530 27.370 25.636 25.888 25.222 24.195 24.197 22.471 24.945 26.136 24.732 24.867 26.943 26.972 26.183 27.431 28.092 27.860 28.523 28.679 28.682 28.147 28.128 26.951 26.857 25.310 24.279 23.837 23.203 23.178 23.995 23.577 24.547 24.733 25.070 25.753 25.461 26.247 25.870 26.643 26.403 26.753 26.878 26.138 25.333 24.525 24.179 21.749 19.712 16.524 12.429 9.360 7.781 6.023 4.702 3.833 1.180 0.001 1.496 4.328 6.342 8.663 11.920
22.391 22.502 20.859 22.693 20.782 23.342 25.138 26.152 27.243 28.135 27.970 28.302 26.850 26.963 27.938 27.714 26.993 26.822 25.149 24.367 22.684 21.080 23.335 23.232 25.122 25.740 27.131 27.339 28.321 28.470 27.818 27.574 25.527 26.340 25.817 25.120 24.809 22.738 25.596 26.124 24.701 25.208 27.032 26.999 27.128 27.932 28.381 28.380 29.027 29.058 28.982 28.642 28.554 27.150 27.361 25.514 24.965 24.207 23.067 23.559 24.394 24.372 25.691 25.921 26.395 27.071 26.862 27.370 26.986 27.698 27.111 27.495 27.472 26.692 26.195 25.488 25.105 22.538 19.409 16.449 12.266 10.726 10.575 9.966 9.276 5.888 3.985 1.534 0.000 1.961 4.430 6.428 9.023
22.895 22.991 20.880 22.917 20.896 23.621 25.531 26.721 27.500 28.308 28.034 28.412 27.173 27.502 28.504 28.290 27.564 27.334 25.912 24.849 23.229 21.020 23.691 23.259 25.362 26.144 27.077 27.157 28.360 28.510 27.705 27.297 25.945 26.073 25.887 25.275 24.460 22.778 25.113 26.045 25.451 25.509 26.913 26.770 27.150 27.828 28.340 28.179 28.871 29.124 29.010 28.235 28.518 27.543 27.446 26.217 25.508 24.632 23.498 24.102 24.779 24.768 25.967 26.124 26.693 27.379 27.122 27.784 27.498 28.214 27.760 28.071 28.095 27.348 26.558 26.078 25.131 22.857 19.815 16.094 12.419 11.137 11.693 13.095 11.397 7.662 6.489 4.444 1.775 0.000 1.768 4.389 6.663
21.950 22.184 20.269 22.081 20.187 22.647 24.779 25.743 26.893 27.925 27.529 28.047 26.697 26.952 28.011 27.496 26.670 26.149 25.221 23.612 22.220 20.183 22.848 22.529 24.350 25.430 26.625 26.819 27.788 28.127 27.477 27.047 25.598 25.258 25.147 24.978 24.279 22.702 25.085 25.945 25.057 25.498 26.824 26.849 26.804 27.504 28.249 28.013 28.601 28.839 28.706 27.840 28.043 26.986 26.665 25.451 24.299 23.705 22.698 23.177 24.366 24.322 25.538 25.667 26.308 26.991 26.654 27.430 27.057 28.038 27.806 28.014 28.064 27.413 26.586 25.933 24.882 22.518 20.806 18.101 13.925 12.768 13.948 15.380 14.529 11.452 8.761 6.491 4.011 1.613 0.001 1.630 4.023
22.343 22.435 21.083 22.408 21.054 23.309 25.080 26.326 27.403 28.074 27.730 28.336 27.076 27.212 28.152 27.832 27.178 26.687 25.656 23.779 22.230 20.538 22.759 22.527 24.760 25.639 26.886 27.336 28.183 28.341 27.763 27.196 25.970 25.235 25.372 25.277 24.839 23.532 25.737 26.467 25.414 25.997 27.391 27.388 26.961 28.034 28.652 28.291 28.960 29.098 28.868 28.428 28.292 27.453 27.022 25.545 24.324 23.705 22.633 23.173 24.294 24.126 25.393 25.878 26.787 27.524 27.347 27.789 27.635 28.449 28.412 28.464 28.652 27.899 27.331 26.830 25.717 23.454 21.099 18.848 15.767 14.231 15.602 16.819 16.537 13.238 9.996 8.002 6.231 3.938 1.481 0.002 1.169
23.130 23.284 20.923 23.071 21.040 23.460 25.224 26.502 27.161 28.365 28.051 28.540 27.335 27.463 28.409 28.058 27.346 26.846 26.236 24.099 22.648 20.622 23.276 22.883 25.449 25.819 27.437 27.638 28.616 28.695 28.466 27.860 26.516 25.352 25.775 25.900 25.643 24.193 26.250 27.008 25.950 26.157 27.931 27.693 27.256 28.231 29.090 28.819 29.398 29.441 29.197 28.557 28.351 27.666 27.349 25.745 24.814 23.838 22.936 23.289 24.240 24.161 25.291 25.843 26.636 27.776 27.546 28.144 28.150 28.746 28.668 28.502 28.709 27.994 27.643 27.018 25.113 23.554 21.479 19.830 15.977 15.350 16.617 17.734 17.085 14.323 11.667 8.974 7.030 4.876 3.235 1.423 0.013
