33.717
46.863
43.264
45.302
46.853
54.774
60.698
72.291
78.585
83.928
87.944
87.331
89.801
88.173
90.677
92.313
93.060
92.009
90.603
91.225
90.428
91.785
92.679
93.310
91.128
90.269
91.001
90.124
87.253
87.211
83.775
86.841
87.935
90.760
90.788
92.640
93.331
91.778
89.996
92.613
92.226
90.663
88.441
85.918
88.322
87.799
88.219
90.918
91.891
91.972
92.600
93.842
93.119
93.330
92.115
91.737
89.431
84.796
86.624
89.915
90.489
92.043
92.340
91.215
89.378
85.046
80.511
65.321
54.575
49.807
52.983
61.356
76.338
82.047
86.655
88.593
90.453
90.478
90.201
88.856
84.469
79.038
78.363
88.240
89.813
88.948
88.480
88.952
88.544
86.062
82.360
78.254
77.993
