57.400
84.905
93.756
94.185
95.389
95.653
96.046
95.766
95.528
95.625
95.429
95.618
94.950
93.546
91.604
89.001
88.213
91.630
92.042
93.827
94.320
95.441
94.610
94.997
94.941
95.224
94.773
94.212
93.062
91.596
92.791
92.812
94.011
94.096
93.534
92.766
92.165
92.444
92.723
91.847
92.405
91.218
93.071
93.689
95.289
94.611
95.171
95.346
93.592
92.102
94.716
95.471
95.555
94.389
94.503
96.193
96.226
96.082
95.967
96.110
96.306
95.792
95.520
95.427
95.498
93.381
92.361
91.976
88.184
90.141
92.116
93.236
94.504
95.085
93.901
93.240
92.056
86.189
71.578
68.928
67.599
70.665
82.694
85.288
87.607
87.741
87.987
89.706
89.221
89.639
85.441
75.235
56.585
